0.0
0.0
97321.02731896316
99392.17583351162
99382.19722591693
103633.77536760452
99188.93334656948
101904.27587168761
103096.03047804667
102560.64235905698
104312.47446657327
107976.46844195233
98724.89366877127
98382.23704996225
99101.04934387562
96135.06156891499
97467.11639875341
108665.2032075152
106820.6683798926
101029.10899233932
108403.80589986507
99495.47828460846
93974.63650974748
106065.16382665731
100973.00440148238
99934.79111017405
101822.7651901618
97408.04036352519
99218.90314155568
103317.38923718949
103232.0476248062
105006.26769116442
105242.06314724343
108227.33304197881
106014.40665637534
103774.0250125626
93702.50667041239
105428.86275523664
107454.59917659918
102316.67918535216
105124.92536045675
110734.83928551356
107248.24370105303
111018.4494550921
112658.91326449427
103066.35831663781
104855.5507526416
106246.74404875358
115461.41730868205
114991.54639580997
115985.94933746695
113572.71895924497
108141.46596672098
117911.33695072231
113349.55717354789
117762.0536974625
125206.572936028
105435.07986975153
111807.82639294042
128280.2694907326
128574.75865815353
116424.79720352252
129875.4159568639
131991.5831651843
130212.30884827585
130686.58928037705
130877.51898292304
128240.7257888445
109227.98622320015
112930.69176891775
118022.46458145812
129822.80562115907
126575.2696651685
101880.22249086689
124459.90774848656
110928.90673803954
124191.54413537089
108682.85694910647
109331.9789143854
102614.07134946944
97096.25707648655
118988.78894283013
125455.09337593027
132247.59196638552
134800.8089717799
128773.40372971735
112524.6614943838
124213.49533958021
105133.55124344483
127697.74662811824
99592.12862654595
104330.95077184719
107812.95429642174
108337.42306237189
101894.17099354518
104758.61966275371
91563.88968255481
101936.87755614257
128910.8217799598
130381.20322988504
126142.35201081424
113154.3469904895
126338.19187200753
132927.8422858831
130553.6227835378
132918.6792183683
131115.24731439128
137597.352500319
128037.2819311571
97098.58294179395
133640.73637265505
128458.08295669209
101740.39427738721
133048.00266854928
126382.17482660511
105283.48533573862
130534.72120097921
111045.3986137868
110560.31035942551
129617.26122303303
129361.35086710559
132216.43699883478
105712.60068468162
130692.90268006477
120651.56556368328
133844.10527946128
130027.55225384732
105457.53938331167
117037.37032014939
131109.7827015094
131125.04556094267
140014.8918595153
137906.56966820624
135783.20576422242
108273.64725977938
104816.85321972014
105638.3888751593
132296.56343891256
123180.08176865242
104160.46577634379
123096.36310116145
126538.03230863017
131055.5805876899
126808.39185614587
113675.68653263571
113116.93513087116
132950.6777100748
136559.13138168203
138803.9048947482
134747.7191284481
116668.70224469724
116611.79554361182
135558.08126924993
136128.56943896733
138584.82276464623
133015.50896430915
110793.21785248532
137120.2456421187
115194.95826555855
106431.79578483438
106740.42946528639
124435.6960451074
137440.7682718047
115160.27154033525
110323.54367901971
125630.15486518668
131586.83227887345
137543.76093745267
139554.8407456532
138825.5762269261
138836.68725799356
141545.4438040407
142107.2913980205
138657.66767314373
117604.54005203958
130001.40992320007
119121.0820443405
133807.28219466237
115527.9661944818
125119.65484938337
138099.41853333262
139099.8317088005
138983.392780368
140496.02779854683
140743.8478739582
115333.74444231237
131206.01254184556
139860.0300924249
117953.0454709732
134268.06685893028
139961.72660917832
116535.42875084386
134990.36923600023
114107.29615603617
102438.96962378513
132469.19831803106
113376.09672188503
126400.5282894231
114294.95004533118
124950.4637147797
139828.65770833517
135600.8775945908
119090.62983372263
114951.42936974889
131907.897190876
139411.92047164455
117538.72786739362
133466.61681619086
143163.79942248468
144519.59241208644
145762.31294932665
143597.00398796675
114808.56292569666
136149.65188602955
140568.4276053886
123093.88350618802
135671.30165587526
113578.9220626496
104921.35522799117
131195.93493308098
118924.34599868103
129254.89223001101
136331.91629571168
120666.13648718355
106469.03304766108
109911.89011263459
129579.60025003033
116845.42003568435
106135.75086927971
106546.15099062685
98927.45993035745
119847.30970373658
131549.88383412358
124206.05393944228
134796.77403810964
112793.43795437277
110358.36907126592
109318.54701324979
118367.24375713477
129154.51417808689
138720.41527180478
142842.94924047278
143100.46797342686
123542.38801261815
136600.0727066197
119965.85191749127
135977.05780519432
141809.472650671
144604.33785917505
142484.04462777547
119928.50458441472
136543.80550759917
138321.18781080673
122253.73658021558
131579.14999443275
138695.40856422563
140613.40999136522
117557.23461347833
133018.01035511814
140768.6841773572
140317.78118344827
143216.41336940948
126709.10398342012
106347.17694658939
131241.5568456687
140808.32917137066
122321.10237730166
119684.91568212173
134328.63970657904
118286.84072349984
111050.8830349992
132064.5116910893
141640.4004469877
137438.41256725675
140459.74113958864
116557.5523765365
117844.68925279807
114024.09400187334
105671.80577749442
133063.6573532611
139561.85665441945
140087.3561812061
142333.75923469476
115800.41297145555
114619.16254693913
133142.43517250486
114692.74905370585
135545.22994772997
142991.58222112205
143719.8867527324
116082.36603866125
137050.53813434523
142726.686735159
123295.47617500255
106780.51183160064
130973.26636258252
141311.0118062995
141160.0566167793
142668.4531391553
141432.2848807465
117721.51358913672
132090.2171689969
121291.4056436998
139326.831346103
111640.33867314663
125869.14405166436
140688.4370219053
140798.9019464043
145805.2633688509
113487.96981471725
113459.6951004958
138458.48513607116
141247.7267643665
120908.32429294
137656.65800227312
142807.40414706952
116585.05999396132
136245.13479408837
140636.51976218642
116740.99808630567
110324.05699876249
131691.25747620602
143331.0955513125
142407.70968187708
146052.8099702891
111481.72186833862
133629.67259830172
120865.17087564062
136041.72277311792
140769.19284469652
142662.27215491424
145069.22420672543
115706.19280267696
98352.58673214991
105373.99163862893
105554.10726805172
109182.01132117257
106549.61236054383
131269.13861343887
118143.7266857648
135330.2508798834
139858.1321383521
118451.3431623053
133454.77023442183
143309.4274887025
136276.5925826652
143366.41334287543
141388.11430268994
114806.7229266117
109752.74467940998
129195.75391790003
137725.0969909383
142607.91057743
122107.05304603647
135708.09034458187
142383.58892444597
141495.03208235308
144878.88417649598
116341.72776790574
107729.16279640587
101741.6579666421
134326.43205234536
140270.63020969537
142344.30012169413
143371.2848393605
141692.07003775175
139843.97214319868
141729.55168701103
101916.40154263748
131643.83826649364
141266.69636520764
112114.64720153477
111324.32140480225
114432.47797201556
132409.49225652814
108478.83252184813
134725.524982836
115698.48744577802
135076.98705435285
114146.9425838747
134988.344350497
139902.09273842032
120689.88452223923
135978.47538047688
142539.3166912739
139968.1592629437
143528.90102511068
144313.9540493486
142163.68412581697
110654.74648976854
115059.39133559323
133707.75547187834
142823.22874297772
114392.62531656194
108713.59785940484
137387.70342975282
117532.5420954602
138424.1401209662
115935.47836540008
137392.1646001434
137358.89204854702
121949.56052267837
133153.01663539096
134968.36863092484
139381.2478699111
113152.65086021904
117500.40737408896
101541.43877915593
110434.90366671007
128724.5332673002
138453.12593900206
104018.79580212364
104271.34628629967
109456.42705862403
130791.33871909243
112097.53973839294
113049.86191992798
111588.97302414436
132668.6218072911
112780.64941452409
128523.54296787169
138814.88694636378
119160.77382529782
112667.80790933588
130668.0289260973
133952.8152236057
110835.12929731346
118605.25839485675
113536.31598175663
132714.3981165039
137989.24206055095
141329.31216815606
141723.87529923778
137551.05550800727
139352.37286078781
117758.62153627204
128977.8070625758
128040.85275178243
135531.0798039454
133015.5973115297
107057.58105954227
133903.53548358718
137065.4349586818
139621.47842670995
140069.6449621475
140459.63150167032
139637.9867402546
137331.10821752602
137100.64772140252
103381.4159943679
135459.2126669603
139527.4558951146
141368.09644803594
144788.33392300905
103389.4941781794
133753.53658501373
139262.49545924764
142713.71558449487
144527.49092588722
144942.21777425043
107893.41678678997
131375.40322251248
136543.0136620457
137141.92988497697
136116.99453493019
113440.82364125412
133473.47223113646
119553.11423738884
135661.25652660342
137644.3187666769
113953.92016356863
134606.23780473246
138768.01951008922
137722.7980514414
137796.43321111432
141106.00551357624
138883.55668673676
119768.02949028209
135828.6652279913
116333.4061484038
129935.3069603852
110500.15530290108
134679.73458023812
139875.60713710458
142336.65837638755
117787.76537596759
135579.43724904428
133909.68743747502
134452.98574889122
127021.62277511673
112822.06691172808
103250.5181703407
125347.55043654398
134544.69352073007
136289.41862746267
113931.93883697868
132276.9959761681
110813.21986464786
133784.74702174403
140158.05780390848
111056.58741395311
134725.91020147
140922.2089962033
116786.55049602444
102445.12569142444
133221.29709454285
139394.6700434197
141615.4526266156
113685.70578823987
135611.2322953166
142497.00410442383
143811.79579759733
142451.66822301512
144199.91502121318
139672.14046730832
141681.45474487185
139706.8132038633
107719.48146611828
131723.38585116208
105815.83511338574
127973.64236065086
138652.17715550822
140772.77704153152
113407.31333423937
130371.10388951532
138045.63408079636
107933.62966413726
127403.70850614847
140334.93477505536
141513.3350951613
142354.30802288844
112928.6035704331
102698.65968866233
134196.2339212575
138324.08859031842
140619.92528894125
109388.66084413158
125165.68153186662
128708.35864605532
117669.22275577947
127948.56089656915
115239.73767720691
132137.62681573408
136359.4716172366
117976.17085434093
137127.11829190596
141778.90447020438
143993.4887013795
143310.03948259927
115489.26332426975
101303.97999729784
127923.05266506749
105641.73047722723
129941.22307819783
140703.6999519762
106550.95906180605
110374.94420001749
130888.68610040608
136837.87039123426
142510.06568553366
139455.33204260428
138603.4685160536
138483.38201921395
137664.23888604445
113946.20469124508
105862.51337599315
125434.57431010336
111083.09908776356
134157.24699972093
140596.01271234846
143943.50279267068
136809.4363384473
111219.29625629274
105921.55907835097
130578.60437524904
138483.83711314734
114309.51031254981
136249.3837401587
138868.6863657742
138651.95678852827
101401.53938974619
97542.82719895004
135442.9988458606
112791.2578938454
137217.48809285474
107786.77081611077
134429.42228101252
108711.7647589361
108813.89431556778
137679.44952863152
141996.4823244234
138481.80493901175
144020.93970179107
112463.44669350714
135740.35389876342
116249.44347318752
128385.90766725365
142065.16618474104
143459.62824888714
140124.47430963276
121817.42682005967
145681.41490113703
143878.9121821825
139872.9685237677
106545.1342706705
125797.00828049496
115352.48096610178
103696.51132732723
130916.16593413765
136957.31184627564
134301.00529793138
136374.41322274393
138150.75212567122
107717.50635989103
129166.2529976939
135110.31672481305
137085.6146026742
109984.4695392269
97837.6453949044
124646.74285609538
107903.23417814271
126938.51408747374
135991.8167365805
138692.89794303634
139498.21813015832
139473.47732351415
141842.93363205742
141700.25179359698
106154.57242611343
128984.22083650685
101745.46757267413
134654.02400398548
107518.68563329028
131506.69486706046
140141.08014234898
141204.65474701926
139555.91192095258
142119.55975749824
140144.55586282778
139102.88187885526
140859.9281751271
140478.98281277265
139517.5902411548
139069.09670813347
139649.96247893316
138976.09308538772
142711.6798632435
99971.86309611257
133877.2583207673
138558.73929580662
135576.2691552416
140316.74852087072
138186.9540185842
138281.02981233058
131401.92049340002
94886.6122538978
119028.79405154909
129484.04441642335
128766.54257273275
131715.81004145835
131852.17075544831
134246.39477880797
140477.83136893684
139285.43776570182
140654.66549650332
142469.73464703775
112460.25441417731
106642.37307477718
130388.01045367266
101342.42820541908
131782.00358280342
137197.84008910818
137202.11987176214
136489.16515015755
137005.04149024351
138070.512392826
138287.10572679865
137927.70501215025
115088.15626618321
108814.34430829466
97205.1525282074
124671.60209172417
135022.31177579734
134952.68367055283
136609.65229177705
134924.85086976158
137850.37353834332
139099.505934392
140783.9788852353
143953.65330590677
141320.4327862833
141222.7636370745
115111.15175185134
135944.85908211058
136464.598711116
135652.71049100047
140067.27028948657
140391.4617084008
140951.1262037588
141540.5078946411
96418.06824668004
127007.82490653807
135949.27804598992
103148.3713595313
126708.94114984793
133954.59020369477
135978.83723006648
137776.78286459798
138089.19744637626
138749.0194669801
140349.52020967894
142888.1550302449
108394.59585629495
135494.07453379652
139180.3259493255
142201.44703023203
140320.0133271938
140677.21034839842
142760.21677102635
143608.80882453677
111980.57204481174
135084.11353741412
137273.4944835167
141543.8424705557
139465.38078301397
103888.61357968999
126352.3092703249
140133.8530887504
138489.97140462697
139321.417409294
139465.8674450455
138957.77933393387
113160.19346370011
137041.08857502602
140607.73992312598
108594.6565978483
135214.5685481286
136021.31748027372
137367.10501342017
137627.93688548423
137220.9209999372
139296.78423921828
138146.71256543745
112550.65251161245
131423.81182047265
138963.5530769378
142260.28347871665
141629.4956984915
141313.37348577968
142220.74376414693
111831.80871463347
107379.28194959932
126303.76099377361
96504.37049779178
124269.5770967091
136180.29932133228
140801.13986791813
142867.0896673283
145263.6096084245
143931.43458402524
98291.11700042867
126739.13222708342
139585.26518246246
137694.43176405772
138337.81937642442
137477.28041960706
135608.82400566753
137847.94253372363
139142.7547281604
137230.01653544823
138668.9376842571
134788.21567621364
138136.77967679597
137438.54458460567
140054.43537976936
138933.72590290566
141325.03071442718
141084.98984030966
139553.70913597045
139866.02463625144
140612.8882642589
109803.87296361252
131296.53350451382
137762.77658382867
143815.29879298262
143621.97285889645
147504.00067270396
146041.88657718454
99569.99129182828
105610.9209427409
129210.09582085189
139111.47967310483
137544.93092591927
138990.12708944705
140679.39686596347
143672.17243221815
140559.3446141943
106603.20820337537
133665.032412627
91426.44879218438
123758.90952638502
138995.40712987274
150682.23760893245
143734.5999871981
102793.3641503209
105509.54201247798
129169.23165535617
138992.3400100295
138234.9629670088
134578.30444009378
101792.5605707761
127405.35746556212
99098.03023374145
129979.92411304222
138167.56496366812
136495.02348880557
137315.96566470282
96210.59163232718
126491.94634690668
136248.28861655213
135958.3595884876
135814.0855791514
133394.10194781816
137504.27992389424
137333.6810692813
133278.2435273869
134387.4055780488
129123.215450442
131483.00761715314
129691.53016546252
132121.67128880805
135209.28377483922
138823.53542744648
135870.7850016609
137156.36100061267
135806.7249721498
138579.05634949735
139141.68139510744
137967.66930951085
107438.7063807114
128995.58194616406
136027.12155144257
102094.7226625389
129599.76339054178
134637.7219158681
138664.05129498235
138469.56073378722
139998.82623581166
107088.12673115346
128057.83519209185
136840.74404940737
131989.97453750984
138671.69606728604
141398.17468634222
143717.43358377815
117543.02410387277
99300.92196008918
132649.11792222966
141044.71403535534
139812.55021953565
140059.81846313382
144156.63274193782
94253.80818133347
128589.63617162986
137435.91342490565
139078.64051335657
138742.77932274083
141101.53411173238
137781.49566163353
101380.49209854362
128124.75262983097
135996.24873160876
137247.5640506438
137334.14786427622
139863.6204745538
138942.1764556053
134289.67141953894
134127.4491426144
136916.5119124539
132570.2325975073
135622.26832908796
129209.23594632123
97913.1085753988
119508.41316183493
133559.61011683475
139897.88531637544
137411.57678507437
104897.39360854506
129882.34081790285
135314.60262773072
137349.1825393689
139651.42682540827
138951.65638614516
140720.94397840524
139991.9432158838
140762.44273495727
141319.41931765145
141152.35085450805
138155.08424841074
139027.62951793164
136981.53207331098
137765.53249216964
137241.08234297333
102412.94939517521
131177.40338304464
126776.65229417483
136933.84051892482
138938.69590538947
113240.46269118282
131868.04422562642
133645.7192484959
138751.24267067417
140571.26692420262
110034.29250260757
136133.69857584912
93018.99361904261
131051.58892036599
136797.9199593743
135448.5384266091
136944.50789463066
134753.9925984899
94148.04408809695
113978.700295156
127462.11196188479
124796.14080154734
122869.77037696738
123609.78054549487
124287.761263505
128830.43112459805
132519.1890765927
134076.56207364055
133153.9648658372
137872.14556642543
136915.5266752094
136753.0311737883
109983.38289094945
128841.71768805638
139058.36806628882
137040.46216777636
140173.0284537483
138566.5594989687
138508.66321211954
139186.61386151193
137735.99430786932
140930.55263543583
98226.62364243824
128984.956340631
134776.18330075048
136477.01164222887
136441.9717359628
137094.35067961112
138295.23443480747
135321.89560459662
135658.39250194983
137230.7538707343
135270.18442097493
136358.79570750304
135101.27509126114
137606.92341352967
141320.23329554772
127955.38153068474
110349.69460555627
123440.57088147308
126815.18100225255
135846.00729670396
141138.18837080817
142750.56820750452
144710.8494436567
141535.1564470988
138318.6510699608
133312.97497245477
129855.69491924816
123611.61729927768
117857.33470234297
123140.77127196248
138098.0926074845
141140.359200774
124989.40539865698
123881.30434524911
116874.51328497655
123379.2003143273
129766.42498574531
137766.03583494676
139373.74197530796
134781.46849585715
132493.93555001947
137224.18871127482
138776.92807245714
142224.32486785215
129539.1017199137
132350.41951247843
136264.167676565
140071.21486461372
137760.04079457305
141181.5003680935
124707.91347618421
103180.4596839522
122237.98934509313
128868.02058412555
135210.38675127606
136758.36055375004
141283.20922181313
140460.1375110906
148752.39921078956
141411.992706318
135916.01813532607
116794.44805640461
117928.20181026927
124422.96640380385
130579.50215418634
129786.34814291717
134991.13582374319
134352.0503346108
140607.22732502915
123164.61821637297
122297.42861396438
127271.008875743
138088.41574537556
137306.96003653927
137585.801052758
137427.16848890597
139577.37457530675
138135.60667201877
138550.92456593277
136934.66004439734
135156.27615020302
121788.99963816912
126578.83985251962
128238.0548727647
134232.2983802632
136221.6941504813
138437.9889345998
140693.13315431253
140251.82884113418
141981.46416632898
141196.4000285574
145254.088356604
140647.38969315175
138770.06221959437
139315.84880230547
137636.58268109043
134054.20220162364
133190.77263203345
133207.85073760457
134491.78533454306
140503.88784225492
140175.19476857418
136968.51764646286
133207.03940211778
135131.65757670335
132894.25187790042
133397.56817996904
136459.63185815254
134612.1558864577
134674.46932806773
133311.71263783262
141800.147551509
140406.64382644126
143724.5164634588
140637.85689363457
138672.83920307131
139114.4807845806
121073.17649477345
136950.39606913395
137053.22998546416
136983.73109347076
138438.38656501836
136790.84257756043
137202.10811009127
135798.83869268894
135044.3600938761
132954.01546049814
133327.22580681287
139457.03494547796
136206.12495655782
133428.90752789058
131211.09397770226
119716.50565949552
95452.3237121534
123660.97070176285
135159.36953614067
105583.09419939955
109079.0043693634
123852.1981686562
127436.7976114827
130315.2139316953
130259.86325787668
133811.1426526444
134016.25853789333
137129.87596036098
138960.9949563633
139116.46801876306
138973.9502928849
117819.96867467412
127079.98807951914
137986.04703756323
140989.52979322022
109620.07249315888
111919.77637780522
97437.37329203304
121893.96960439562
135629.28223941175
139556.87316595123
139988.73908950036
141054.78307608626
139917.28774333434
138935.27346133033
139045.13313939798
138621.94715372898
138324.20940776725
138775.09132785074
137106.57741548482
137157.27300505264
137262.18822319
139517.0961905986
138977.64474877735
141549.67030702851
141206.91499732254
138744.6036829163
142087.93442317183
139381.22947835753
136547.26850750283
137470.1932668237
137047.52851007835
138298.58145047302
138386.75117438057
140760.15266460986
141285.9543399326
141632.46834001632
141032.67855430994
137365.9876138251
138484.3923539769
139400.80698271553
140943.421351197
139436.9290855469
137630.3011022967
139604.6025551775
137999.54700725517
137191.58204787446
138789.52370799915
137901.90079105238
138467.90014278036
134979.77104682362
138007.2148050793
137208.45391910014
141042.4207286674
141182.25239327407
138492.21287321355
139460.5201373164
137722.72770895596
137185.71729729173
142231.17536729848
139160.36220231312
140001.76340286626
141262.03612745582
141861.32778664524
108574.40057180657
124246.67171110881
138559.59381077974
139288.8714694711
114889.97370559956
129134.81303313354
134030.5560077522
127617.23181989841
128092.61854186303
129341.34695819761
130954.93078964068
117505.02003732721
126694.76378859337
131055.89391655926
133225.5804955529
138928.9555200802
138351.8414314802
138179.45590205892
138521.75169797055
139091.221027105
139064.78686122174
141140.50244473998
140371.4748267127
142704.17675489478
141900.85569963363
140741.94070050964
107915.50766392417
128971.84791856792
136277.9320262067
137469.77363163664
111362.15962739507
118751.03329197029
131823.25298216473
135221.52203934215
139526.49943990068
140097.14360994849
140240.53126605932
139741.67439557298
137050.40527509706
137480.785861269
138103.14263075363
137571.67996958233
137574.86515007992
138237.02266138516
137548.67147025006
131033.23000804636
132207.49146840692
148167.438821198
144313.16934017005
139616.39532127077
135737.45305506318
132787.61672146458
136875.4113962957
141045.0425431614
139140.27834698706
140932.08897211013
138574.68937926
136177.94831910043
130954.30158010054
131950.0100754363
131152.94341843127
132238.52433922852
133673.92061309502
133545.0311698586
134238.36557950763
140672.73996404884
139734.09270999
141729.1633189424
137730.45017930062
139087.5435109529
141070.9519027579
141457.90268414255
141570.7296782703
139130.77166321027
136544.8554970411
136325.26137302822
137393.5971655793
138298.54886358613
140755.1503310588
140446.82137026783
112730.88367319277
126973.15399588544
134198.7738629828
143172.526888857
140584.12164371694
140172.53610171296
144493.55413113025
141556.84975851967
143641.2874071779
141322.06332813398
143004.0886886738
108213.78585992532
126059.72150654542
122616.95658305875
127124.62312940789
127891.7372813178
127641.73325710578
131513.8689191969
137535.11972701724
141549.51185380347
140143.86080563042
139495.1777509086
134893.35310238125
139715.77013158676
140474.47408510186
136325.39927250965
136464.5877154981
133283.43172391548
130837.38700199018
134972.70404159027
114400.29574534742
130418.4158020408
135062.12128601363
138022.99102073855
140979.55239563828
139280.13994723966
138743.82062190401
141446.3872420601
144493.65783159237
141327.17932196282
142814.47102355107
140681.82668795425
138552.31979042446
134434.11228235182
129663.00420018386
133658.0932133042
137750.5123288112
137652.0967187252
142099.95294433978
142885.57374959372
139924.7710058421
143482.10085975134
144376.86693147197
142695.39404507974
145354.64583684673
143012.12397617393
143205.73843940004
141233.47716493916
139822.1910014904
142939.94346659287
137623.46547726338
133838.0962535439
138487.96868677018
142569.46879172974
140436.6417881046
142778.39872894547
140962.0872534063
140397.0878500349
140247.66821341394
139719.89915411596
141776.32924386294
141316.9594964694
143663.5495035308
142063.27448947835
139838.71660467537
140923.2053086227
143244.82622913353
142911.7496710622
141897.85337850903
142420.5257369848
139518.89720899554
140263.62145139385
141273.45395725674
138962.83175377836
142765.1310447325
141954.9056853606
140174.0871829251
140361.10423161957
141631.6435473731
98878.73939604347
126405.815523123
135720.9996049093
132368.70398798236
133192.95859491697
141363.9115973066
141015.97048379426
141654.5185252907
103492.34603069225
126390.86694749541
114000.87139508515
132222.39418624574
138418.67457819244
140982.1456763754
140551.88813506174
137531.3856548031
136910.4164236157
137277.35035263404
136906.96357539177
140245.43134049283
138429.50060683588
139694.7630444002
136787.41187475107
142412.60335895757
142345.35724144493
103516.86126097443
135207.94130876483
140441.71208131948
141200.7600192353
142380.6743216634
141298.34091978773
143270.73871735772
143257.46388350247
141137.62082617276
140228.74771874136
142552.0637378859
144797.12881635266
139889.01445977596
143431.00432342922
139822.9028281552
140667.2208758344
131415.23048171087
131215.83028729004
95239.53440941877
121163.49713647213
131755.89989204347
134302.86714994867
137099.85015661572
105196.06704780398
127607.71556489829
137086.27649761477
138290.4007353598
138044.56946226876
139344.8492725842
140108.2863835198
142746.91274285398
135358.29007266858
142724.39187802532
110005.12783171148
122463.37736509553
105918.98271298925
127353.9416794929
131904.1892468728
135495.83503928303
136136.83062870963
133118.81656229155
138712.56705747984
138319.19783054868
98313.02859575335
126366.32332715599
133566.48793669257
140806.3247620194
142350.22231272928
140760.67803161545
139305.1867469668
138794.4489049762
138170.2855157642
137145.62024138766
141801.66183179128
150851.21368887747
137763.77957100628
134763.48837019535
133574.92643805096
129412.3520126289
128502.61957801772
130477.73494866198
130293.9672482583
134091.73736511345
88621.68512921482
111869.48204533747
115332.49542128642
81886.61449188124
114748.43322895898
134715.52614548063
134287.75129837
133814.98441177898
95111.9878457089
122146.66223751527
136584.1236606867
130246.33287386822
133869.50774438368
137948.5568305162
136857.18636548938
137890.7855848735
133538.8313225074
131701.27198083216
135249.46029976924
137797.266950958
137501.3133979823
135915.89727610908
135806.24433829868
134466.8243636659
135494.47624141342
138470.4123173227
136309.11172542666
133624.3622545857
137811.56357993145
138934.4262753617
136975.64296057573
138412.44911073922
139005.54055181114
135167.2977030824
132525.1383807411
133785.4138342821
131956.00688260247
133419.6992641721
135416.583774852
134541.25881131852
136615.87329145015
140276.6396418407
93368.51643210961
119802.88087300997
123372.43917227865
127759.68226419995
92874.63611539765
115593.97851240654
135564.81517231348
133790.5485003462
138784.7153356943
140822.57146015138
88443.34480431712
127811.68377118667
134066.08609942746
132462.42380706454
130189.38025647427
135862.132559484
133909.04758246083
123853.6813320835
98010.64550414037
117421.0431965404
125452.80316800124
127208.54324964824
125386.21396453271
129264.45777122928
132666.3161882086
133698.63841291284
130568.01758910883
130460.5858481016
133640.54875768567
103383.1522600169
122280.10222217001
112413.27000652351
107607.52485737835
124621.92607698296
135935.20007573444
137145.1776354645
138946.893036323
134591.59129215553
139406.91772817352
136956.81889763352
138304.44423415948
136869.0545581501
137390.44732346485
137078.10250669692
138790.69164576087
137949.46815848292
137729.11272114166
136565.86767161178
135247.4885982191
138332.3475770845
108242.41394143103
129570.29623196619
136667.9527163134
134930.01596676093
136200.85813135502
136425.153285514
136802.89250849248
133933.94613088583
133784.20518619582
127788.40740750117
123382.31656733886
125476.69388881768
123176.25683068964
135036.95544974628
133610.94626336126
133431.91493207394
127374.67364872832
128443.74632558445
122637.20653346242
125442.83683646185
126166.4090661101
132647.58914599312
133957.9035102549
133953.36973834518
133831.6635850097
134023.09053215734
137193.58370806117
137907.860224011
135621.35741549384
136896.21897815488
139814.56447064315
136907.8950840318
136652.85808901777
138161.06230843242
140174.92530143834
135720.37198402773
139700.81460864947
137037.5569802479
137197.91301931802
138098.73953048745
136632.58873974378
135343.7525492291
105445.31609989572
123694.90373729698
94147.08501060045
119460.50237037426
133647.83446685984
136631.86227294602
134125.37114713335
131410.2721355005
134206.78548473798
137743.0064549994
134703.74668458413
135887.81038548308
138980.95749098735
136928.2724684763
137270.69407741365
135401.23401774297
134744.32836505267
130923.01034438846
137318.30873324798
138646.02337503675
132919.4719273258
135370.42249028245
139380.08447721167
139197.372369777
136577.56407647757
137627.31566921042
137458.23180281091
137195.00701874634
140177.54993126183
137717.8072123313
136510.25976250842
132451.37856059743
136811.96014688598
128229.9460399755
127282.97801900681
135436.1845635424
134900.06208297558
135028.38543908065
138792.39366384965
140407.24614077318
102242.02312518346
119933.13780620122
132893.25711715798
130603.78519945606
131225.64938149182
131572.8362813425
132862.95781232195
124298.46137964945
127001.74578612852
95696.70951737027
127415.96557371305
132694.0016971498
131977.58754362166
128062.01459644896
136448.03498770075
87657.78282442201
121101.66967223157
132392.27185816443
140239.49498188595
140734.3456787463
97780.03716507897
121794.19781836646
135948.74146784106
90324.58013023021
126726.36266448187
135937.63442186333
138711.8957088474
138032.19260041023
139610.80000611706
139636.70841853955
139993.18957429967
133408.15252598198
137566.70562751414
139204.59036697706
138838.01641326264
135086.52421074014
132072.99353547685
135802.18028437966
137678.1988285147
135883.84003773818
135910.38767189745
138928.6088987639
140618.0844356325
138928.18610117093
140751.04779367635
139223.21999073765
136973.48529249418
141142.50702888385
137626.47574423312
139970.50594956154
139862.90411195843
139529.61225685442
138072.50144750494
138745.45508084394
138396.81649420428
137442.42590537842
136382.36095904597
135492.89896990248
137091.16345300863
139715.79621278614
92741.40105299596
122200.70441477984
136159.75141210065
138312.88326805714
131506.54070451978
135193.60402402116
138681.8716556897
134343.04157139992
138094.04375105796
135437.0706469655
135868.21600239395
138147.04461367865
137371.05437591448
138403.10045441432
135368.31255708466
139675.75692926705
140590.61431079323
134685.03310999527
136369.2076296
121309.42277662676
116892.54634215924
111190.02962475053
114787.70148174524
111617.4345927673
106083.6673499269
108906.6015971506
110972.55461287081
116874.57522514414
117237.1693475953
121702.04770735948
121043.8304476295
125070.82313011406
125350.88048793477
120548.19160183604
117206.43557166753
117955.8571465721
118685.32750740224
123174.82286014587
124336.34896612607
123941.54320673438
129526.15830477724
127119.48539219571
129848.02516331004
125211.64360624301
128122.48167262027
132021.3238704576
128594.82948084417
129288.41298066499
130245.68101854874
129767.44194056554
132541.1349546625
134368.90283274435
136919.13923310494
137071.27500665217
133461.94870756278
132931.3425067462
131323.8806837349
132053.48417285096
86306.758342627
116276.70295172579
131963.12202464818
132388.10529999065
135331.85082408582
138291.46723793077
138518.97907304298
139405.0660818257
137274.0946916767
133977.35935428386
132418.33658416703
132823.2181000664
130688.98610953042
132928.00871611768
136230.37785204005
101911.44650101606
118526.57737279846
122453.40818868199
123136.7316580716
127571.77242542278
132081.84255214717
137454.20191472094
137623.80418125857
137451.6977333684
138856.50210798392
125809.36800054154
124293.74736288162
116373.4015338606
115041.10311118508
115098.23284397047
117010.61704509784
115896.87698006374
116939.47490296152
116794.55784709437
78536.97472537601
84045.66586195213
117540.14948431651
126952.96545382554
127499.90205802511
125552.95246675989
124952.07662000948
125593.1605268153
120588.4292570104
117521.07673978392
119429.54577314208
121629.397131779
121718.93512773307
126388.97668917885
131562.7518759133
138995.74991416966
136368.59103659994
138845.95305210253
141195.55621080368
139348.1432794369
139575.62076231508
141072.90291400635
141492.432898346
138717.04041350228
132329.5705735569
129098.35952553569
129279.76044442807
128542.72930981133
133660.10170611183
135252.5856068275
99467.46716459852
121504.9770465077
135198.99169411787
135372.70972715633
134720.9246035165
129412.54707702041
129831.92961135968
127761.54929641777
131625.17198757725
133147.81612283192
129502.85541498689
137403.28833619747
136369.62950432888
135601.29541587856
137795.332057492
137026.76196016153
138155.00539060586
135915.47269429342
140015.63359649642
140764.3655354764
141403.1526080257
140533.1025429518
135511.62907950304
133041.22141018035
132452.3463545625
133821.66427831203
133583.34883391918
132099.85790250226
132131.39102816067
126001.31310826223
127423.67711470253
128365.64483233215
127581.05542887624
130468.60453461223
135757.06412876226
138068.69581936038
139382.73055497004
151152.8536691873
141473.56393001135
138355.98649257925
136479.67814144
136515.40674122694
131476.8512981741
125385.28455261177
131333.82332023885
126779.80733211529
130231.30923665393
132752.4867892766
132640.9232538877
134968.11567046578
133468.804934018
135225.84145588698
134542.25729785365
134388.47495021045
135352.66950458288
126652.90052721607
121363.88151178208
118940.15714058276
121395.21162692094
125873.14815836026
80087.01874178197
117167.40159272148
132735.10022212382
136480.702538434
134534.6453674632
135682.53307920092
134910.52874995786
99753.29641363003
117023.5972094498
127861.4928420858
97965.07323954816
123594.50814723923
129619.62069914202
124564.62727087802
122067.36645383127
123837.11987504388
126806.52672591033
131413.11511503722
132758.4883472277
131317.89329351802
131182.85336161102
127402.75758915592
124119.50156959934
128184.81023831478
128284.55155361038
126893.86611383766
125611.4910432415
136401.18277749344
139671.45387966905
127195.01600110592
126648.83965690498
117895.68714135203
119661.95508051208
109949.08015028821
105519.8345629317
103754.70676312431
105061.79861831534
97619.89987681374
100809.60375946917
106240.4906962917
111467.56377185104
110683.28344877345
109062.4696212849
110447.07154450243
107605.95972289624
113142.35620519338
123515.7818273565
128205.86983647449
124671.78887255181
130598.7202992056
130540.00995488626
135880.95885194404
136038.39099538338
137605.16816536925
136218.89365646057
137010.23315776113
138499.15191261424
139095.39148274492
136999.28235783865
137338.2594423477
133171.69981961482
133791.03584296253
129518.65729755544
127419.1924980167
122865.34459553756
127068.985290427
124993.98019047875
131913.05910010214
133203.0085938006
135750.28547126875
135666.33059571328
137654.95736857946
140031.76548913025
137739.2718026067
134176.26309971663
138806.2676560843
138305.06933407174
136061.9191497359
139241.827347831
136482.89644165567
134785.41446528226
136925.21225796844
131554.9855860556
137606.61278775946
134168.12082209377
132554.1267650624
132066.10023091212
131893.16961181964
133403.68962981773
132155.8609449407
131085.28951594475
138645.63455360793
131592.60841328822
137037.98051355462
140118.34590073992
141567.5657389743
138986.1226859632
138194.0184267639
139216.67442208753
138886.07247144147
137622.18450555886
139998.74682516305
136144.82406736555
131594.23686721674
132478.6114101372
136490.1556284889
135705.9482169109
138958.95768473254
140100.46724412212
135043.03953342058
138391.25858159448
139042.01560049146
138568.08264139463
134987.83206224124
131468.65638035623
130864.50320166194
125361.98226035904
128078.09430135289
133021.26618599473
136049.25043230102
140212.75805977508
139182.2804912036
141950.17271882173
141842.87884799266
141620.8108795834
140121.97442178332
141498.94123569826
141412.2976084989
139496.00731220364
138011.33936127916
138216.32661947163
135783.21992508127
135791.03095463605
135190.49463763618
137879.40278495417
142744.07856740968
138601.7019572815
135227.92804040454
135294.8317699119
136150.6788097103
133059.70175753228
136334.06173236083
139863.1979220312
139649.42908236565
138592.6909234831
139065.6970042787
138569.2932391053
137227.05681269057
138939.7435928591
137974.21014334518
137442.39509409564
138220.8981006351
138941.01526278458
138901.40152918393
142749.0508597177
141928.6939988193
136027.60564414403
136464.03632790118
136199.1805688545
137633.3933156942
138144.84020650454
136089.23435185198
134296.45371567854
136087.96446173856
135378.18653221676
136476.12771586483
138294.33014788336
133797.1221597414
136938.10750350606
131898.85157464034
136309.8756631322
131699.82703116603
133356.00458480124
134504.26990308636
139649.50360680642
137144.8759767446
139718.040471764
144357.49480265388
150564.46640767637
141694.49579352303
141215.80409472418
141019.30392646196
139695.7598003287
139781.53124113017
141692.12757540945
143608.45400689173
141713.19997401143
142163.34216786618
140248.42905584388
137739.8944795817
130848.14838635211
133698.36698859875
132942.21783235075
134926.3181700254
138926.26115811983
137574.2470428513
134793.21223653576
133717.26644868063
134267.5954013357
133292.01954387856
134514.80922578662
132946.78709631655
133053.86541759403
132152.30152040682
131100.00087343738
133559.89323774114
140424.65056900695
140552.12194310056
141904.70601371914
142353.36632436325
139716.9723475226
139192.23136818924
136563.81278580177
137323.3662658923
136947.75717481412
138803.03314053157
138642.41364145916
135153.7648314412
135872.2936311048
142643.09057788525
142261.11068494368
142746.95349685266
142014.41599640955
139868.00878913706
138756.65108074874
140706.91450808293
138652.79332306067
138498.59960623345
136528.23946230015
139398.19519947283
139524.5808750343
141007.04465433164
141274.12955940812
138684.67622560446
140424.75870532112
140218.77707657425
141914.9657987012
140930.83261667128
143146.74539014633
141949.8523491121
141790.0573148505
142375.75586995148
137942.717287071
137977.31751501237
135805.69079607888
134026.01355619106
135830.48200191386
134851.5742835781
135231.34620527597
135676.45258674354
137996.28650824592
137434.60733493423
138055.32314978036
137413.77961193604
137379.53398613952
141021.06957564413
139719.0065129192
142710.37160032077
141564.16626161043
141807.95283610985
140079.1303477804
142714.72165314213
141237.416431127
142915.10663714982
137268.13380968737
131105.4008410616
129453.60883822704
128339.80589879895
134588.99547031353
138946.04736448615
134076.0205235421
133589.95436809747
134853.20169635804
134031.67692550895
134931.43130388425
135734.46284062986
133589.1900830141
137849.30960085813
138432.90445600962
138285.069197327
137149.10565201947
138435.55401939727
141952.57028925308
139463.4567783434
137934.76318266144
129386.66000857645
133039.03474090234
131658.20061429116
134397.98483796712
137328.53996999728
143010.61227272757
142196.87143433807
141401.08161456615
141549.10118745806
138118.10767460222
137113.57807376
135117.626880961
114117.35270303316
120637.64980253001
130964.32123645543
135521.63371946895
135379.03831947787
138033.67719829228
135525.2021512835
133801.29310330498
136816.109785199
136244.41450467284
138999.5732969931
138873.49007423734
140956.9633352809
142884.84370323087
141372.42096173778
139703.91050566657
140657.3101782524
139527.62965019274
141767.8942775684
140313.88126965502
137616.05505707083
136793.66690382973
133815.09511597574
136398.3688346469
141721.24040917493
142437.67165983943
142719.17084577912
140096.42823579584
140892.7630986455
142740.6499564613
139265.39190755962
135401.82907612296
135803.32633546073
135519.43083539102
138018.76941810027
137035.41633567255
137945.66377644907
138880.14890026688
139986.2889439003
139646.2882614307
142684.68291623332
142505.64638337158
141085.10945284445
141184.06539934952
139885.2973660088
140760.10475432282
140600.14082215322
137556.78307064585
137648.56008676408
134566.90422389543
131244.80684769232
131587.0683864503
143058.69188541616
141789.91712933415
137382.98312033844
135480.98449115024
137426.0804164365
142022.06513527696
140178.5293244107
142414.82395848856
141764.22161475717
142520.19741366216
140617.74891139724
139831.76773692752
139761.22164968835
140009.9451117772
138132.08575975598
138605.06836558777
141580.66485467882
140056.80901182754
141211.94647185717
143211.64503614025
143263.88065083488
139824.00010842312
141585.18979886302
142051.1558344189
141823.80955260654
141957.83940412145
139203.6072057214
141447.6416938712
140688.18585908113
151445.04482807824
146636.34572664314
146721.28143937225
141665.9898372797
143795.84124770082
142185.70171514922
139386.40321603994
141884.75124049102
137947.80968799943
137935.85365626364
142483.40077964912
142232.6036885101
141243.579919726
139175.1852870192
141690.15843753482
140719.89581050753
140468.22459655776
139729.69901084976
141339.49371844076
142415.77550684623
142798.0176199679
142109.4780224411
136434.52251599153
130026.05240361631
130816.44782460957
131143.64946036055
130307.42775585344
135369.89255439403
136518.81462439982
132462.06930089055
130250.69601157447
134815.3135176261
138506.5199446059
135562.53556280196
137554.94378290538
143960.0283476242
142828.27239365468
143742.44760252046
144174.20391868628
144315.93620666183
142182.21335195197
145266.22884676087
143474.6813758736
142240.2630045683
140940.6382161795
140207.30136190308
142401.77569936242
141323.98816195823
144604.270588723
142328.98085491156
140649.23513575693
141096.21442960232
139803.1783230983
141091.90528296665
141485.73089022253
141245.85375793083
143005.58471607714
139953.44600964093
140332.08923444594
141140.52811088235
141249.9662945281
140144.43756080378
140460.79635211529
139040.26323542735
141154.51808377658
139050.48520030378
137856.7800674506
133167.93105989601
136518.7717007419
140100.2627429167
144108.02547871348
145232.65677421307
144128.1278228666
142405.29150889762
139631.66780645918
139479.80124664528
137873.68090074084
136890.00584478898
138221.88561472457
139910.62543219316
139835.52055939919
138937.47125059
138314.50915773062
138388.53043265635
136924.64613303245
136989.9029862176
140632.30036660214
137200.17142832023
139634.63009342362
136737.00219364883
139345.21517210832
136566.02956714536
136772.49036196712
136905.42896889144
142417.08960202427
142765.37710421882
141163.03623551474
140045.68631066347
137299.4938411139
143207.1747723063
141020.57429372292
139986.86455163153
141405.2523883435
145080.40122241701
141614.71325480018
140780.13599047574
139634.77530802583
138152.1055207672
141890.38362737076
142309.38940159956
143769.4214919741
140392.51884273184
141476.91339875618
141547.9391522873
143240.23087907155
139400.0591634474
141404.25159918223
139524.51062974834
140184.69780584634
140648.03715282044
144215.7208823264
140915.55677439788
141466.47851862587
141502.16098722766
142218.28609218652
140970.7863706068
142099.86555284137
144941.97262174747
144536.05860898198
144230.13672613903
144708.56161520045
144034.52165811506
143450.75301919028
143547.11129087117
142296.116853588
143747.01281542928
143700.97809638263
142538.19790349476
144470.54749454986
142691.59621194724
142530.3975131853
140493.06513415632
139831.22174246932
143007.61043126043
143897.60157069334
141022.53886707377
140429.12732673838
144450.3065004228
140536.6179348236
143808.34616629203
141876.0940424693
132130.6033519942
132315.6087935295
131896.02896045172
131280.8974248378
129536.5461801212
133360.8034985939
132316.41123370046
131209.39618518978
127081.71657626404
121791.765972826
129078.93418807753
141281.0439026215
132868.5716611833
133126.63304806402
137345.3388816128
132560.41465049135
140357.27123661214
142416.05895149353
141620.53955238475
143507.52962798794
140497.0788116453
142282.0013006697
143019.46086370948
142429.04432414146
140307.68075849354
141453.86963051138
141167.78301435118
139467.7673527145
142095.79018617191
141199.741677908
143155.22124438992
141738.47143426858
139156.88404061663
139488.25030353924
141859.68251551266
141204.2372715616
142435.86712436608
139095.91711074338
143882.68010236032
141685.65338325262
142792.62874990262
141693.2707205754
141272.7405369453
139571.63428585458
141622.41849392696
143520.94199529773
143406.91928945913
145477.31843228143
142735.50910069837
145056.78515635562
151300.09142352222
145483.3536888303
140568.78254289963
139460.08500389004
142692.39651459607
141625.70103905778
140006.24818635194
142849.92991970247
141555.02912150725
141711.34165149674
140283.80370518545
139998.98170978465
137177.26716359408
138909.67843754342
140005.0580674555
142276.5102228307
140568.08117152995
143165.4798522384
138425.25145349966
139648.1913590643
139778.42894208175
140817.25739366325
142350.41140560125
140158.22182093942
137215.76632888385
140452.34061133486
141101.4383681877
137949.9329306746
139990.24514822263
143110.84495013938
140804.84908037342
143710.5668698468
142843.34605764406
143279.81531200936
141585.0039089378
141748.93352587317
144112.70951890663
142035.52435474546
141315.48439688535
140041.71742705398
142887.79771921254
139944.07555291525
141833.41359583198
145906.25250389596
138482.46522834073
140844.10388140572
141390.30149313685
138039.90563264827
141208.83353838077
139496.71812107437
140603.69918336236
135255.1743371114
133194.6645816423
129880.62788429818
127626.71812631095
132671.90846779305
139144.6228236607
139312.81739745167
143360.2473582503
143066.57348309233
144601.05542673235
145471.3907856454
141407.9283037518
140702.79191518892
142080.5896267676
141823.8789538669
99158.5086735908
130746.24325618776
138040.2821300972
141209.73141709386
142491.23320734338
145041.7161157844
142796.88775038446
145231.53385477004
143307.55716115353
142965.0251869792
146524.6183584309
144669.1365717412
142200.26830160947
144081.47113524383
144598.06748180115
143587.86562282103
143938.29895190723
144466.92401192532
141805.610874072
142838.02338481072
141296.27845610777
140973.93661445027
138903.46549180642
141906.4888603626
139116.65326377522
140100.4651987133
141618.29899167886
144248.51841029612
141112.90533824524
100741.47450505948
128398.31087219321
134304.949846626
138195.05833994088
139472.47502187995
142674.01042691618
139816.3841674072
141763.9135228422
139792.7145232114
142190.7614123317
143477.27753816318
143088.0047601951
140039.41036271956
141306.22872789772
142640.40955544883
142918.3419318027
142911.60674592265
139150.39988736698
143952.21721611242
146058.85048362915
143843.63697328835
139826.9507386703
144750.02975105942
140641.15273189102
141324.03020277637
139303.86075257207
139490.45255260382
139967.11467190858
139600.78370288017
141344.2922557392
139857.85745851867
145711.8024703306
143352.58664864523
143760.11495399498
105173.07074126422
129096.12392731692
137819.85628626953
141238.37987256728
143003.12070511476
143638.91855534475
143348.3801955076
143384.07520498664
141114.55316826695
139283.40200310448
143387.75269577024
140085.95176109788
139998.27491891812
142075.64990946482
142168.68218054232
138569.50600090265
143308.35892161922
140364.65522863207
141333.91033630096
141720.75311333546
142353.53517300164
140102.45289112115
140581.0160491889
140951.1885364883
142346.3066992165
138088.3025798543
144386.34453009546
143176.30964289
138010.09850310694
139821.78841170436
139597.5037832151
140288.99991496222
140688.5659756748
143328.74251135625
142121.22065907955
142388.64747641786
142504.0473404269
141711.90042924936
142244.3775240334
144605.62710954263
145144.61978839096
143055.4234988932
143469.5715999355
142940.3744876171
143138.39843699508
144614.71731576574
143632.36090022398
141439.92833320177
144577.21859196117
142834.73266231912
144829.8857169949
141333.3332695582
143407.51449678486
141697.5679019848
144744.60882985248
142398.54528766096
144333.03748121875
146319.60617251124
142101.02356798874
142537.44512915055
139785.57449980927
142542.3399164391
138860.4552414386
136742.43355436242
138533.94349060263
136822.40226772064
141769.7963191227
144902.00892909465
141463.69014461583
141258.37635832993
143671.61314120732
144382.05234117032
150527.50942043154
146624.49205505222
143763.48025317778
142233.42379436566
143526.15835325274
142128.0666970342
145091.36380046708
144401.12347097325
141338.34163887153
141471.5038094579
143004.36925799056
143032.84593658487
138083.82549594107
141764.08864747488
142102.13409836392
143225.72517734926
144001.9071944515
142117.3547321601
144183.69471736086
144089.40338587272
140316.09402106307
142363.20327746394
143526.4401875355
145388.84338781625
141581.41333503032
143388.29970447696
141748.90337995224
140146.24714626622
142353.9693660417
141100.49736093366
140676.78981884263
140816.19307928008
139939.25107281093
139033.56553441117
142313.06657248578
139977.6564074702
141634.73884154976
141768.2762245759
141048.9990244132
136945.28968157517
139180.87682144437
136619.22503301775
135991.6468796809
136218.22035771175
137325.21962791463
140820.7089404536
141238.29372617652
142226.14250103378
139669.17946592113
138266.09201986488
136396.614786813
137383.87777365508
137955.34076054348
139666.77257599268
136574.03816774965
136658.62130510854
141097.4068169481
144446.1810127028
144397.00434115686
144563.8210463359
145331.2229971585
143932.2530467979
146152.05453947015
143684.6943895846
142058.93388617795
145238.84266940184
142248.33672500917
141409.09387573713
142174.88015417982
140117.83467245704
144385.46401826717
144306.79822328596
142949.6073297707
145439.08745768006
144404.40290200274
145992.15157082127
145625.7008038395
146308.81276969783
141339.9429443249
141422.86884733138
138898.31137698877
137926.97930239234
141035.43724577458
143091.19157531677
144316.602954328
145144.57561024712
144526.88144882635
147065.33789814927
144298.15302347825
142691.42488048004
118328.83574541262
135973.4693042519
136586.66524999365
137805.83945703803
140636.0746527412
138069.6999834828
138510.0303714065
141006.41431244832
140819.24540037624
140404.82385171132
142203.47971693485
138740.86627871473
142880.04161005188
145110.90919700536
143267.40853868367
142257.36736045274
143334.18587092054
140987.08515763158
140808.3526393411
139844.93596428403
142122.94037616055
140350.21314062882
141073.85052419524
142237.7842000916
141588.44929925527
143988.53836544158
142127.2399714081
141509.81305134867
141525.55078454406
145278.4018214579
146185.1044099507
142329.40563158566
144778.80845533413
142709.76895168854
142724.64828015657
146210.6800204736
143434.86255337638
143302.07287794424
143303.52033474357
142778.08530035085
142755.4108330207
144814.2138652747
144006.14364596645
146237.6574537108
145888.21797721082
145543.7486899942
145023.11401871435
146635.69874946462
140866.00305194015
139237.26301882113
141210.21513283206
140106.71069907196
140221.41463998528
139562.11423740108
141075.38077305467
140454.4108412981
140416.59628617123
141865.36762462984
140217.5677155418
141960.26919093047
140751.5293952489
139367.40421114804
140760.52558894455
141696.54839221988
136776.89136211263
134934.90555451583
133764.16758225273
133846.13001189646
140821.0147554121
143660.6941387273
144740.51523979925
144784.86883014964
146888.9515679505
146872.5241013082
145340.062863773
143283.04278211348
145970.8011967087
144179.33754189382
145620.34704310523
146518.18373089307
146902.98024407765
144672.53966360347
143568.96696381716
143800.5582029197
145024.64438565177
146549.6692843885
143201.55949529272
144037.4429244521
142516.91993238893
140269.68930492018
143101.77894928557
143736.51069500504
143942.3609711866
144362.45205276035
145918.7028914436
144564.1369700329
143222.701424028
143123.8045195917
142913.63275837665
141630.90865598063
142621.9671383227
144603.2655022023
145069.10712234932
143049.2446734179
143772.2434806598
140348.57961867904
137539.27010746804
135673.58742931558
134906.774267742
134419.96690511206
135112.32586630614
148564.24695852996
143223.11185041507
142207.06183180743
139599.75872840907
141900.05133264847
141688.23311122018
140411.410646997
118113.32805489293
133682.94492761945
140939.97933266748
140287.59423768448
146643.12267322815
145221.417075197
145322.18338600663
144148.57986076997
101510.1455585544
132120.36031721678
140402.56871101315
143546.62221415137
143294.30760811162
142328.64614922926
143653.13315525136
144677.30780415636
145247.8750347156
144460.7687497119
143882.6444854587
143871.02186688854
145109.9004717513
144301.07959809032
143644.2050017753
142166.9283271807
143146.7023812104
142847.40007942446
144348.2598410796
142475.18590639438
144831.54244581854
144175.6101358076
145540.37178364032
144969.65746982876
146129.6406238719
146602.28988400567
144671.10976693456
144961.59341393856
145904.758957012
146259.52812463214
145471.9226000454
144360.8164498621
145393.0769760236
143730.46767702771
143400.45116970025
144092.10429514892
145227.9180585433
145571.6259048257
143810.7453840536
147300.6134011706
145490.65520107286
145408.44793488804
145375.5836000657
144917.5237595749
144980.17681783793
146407.3719554681
144665.10249942684
147959.31012698836
148235.50068636125
144335.83709966118
144123.83528042378
146132.8841928746
145918.02753955388
146880.1951313616
147688.04358795536
147929.33327058546
145584.88433415748
144786.05378089307
143286.82987056795
143533.5609546803
144671.88128873508
144436.02612298916
145541.48826108463
144323.3754850271
142353.6866153919
143146.92333690723
143089.8381703501
144653.2992084574
143514.02070482002
145884.37965040357
146786.58197256768
147688.7609981488
146923.5463098605
145443.17263533175
145061.91958509074
141002.55218499375
144178.41818776497
143626.60500083587
144810.82477502094
144474.0496564175
146130.72583283833
146351.26021727288
146003.74361216466
145075.38279620884
146518.94681477605
144136.09304712195
144124.61627303078
141556.11114881787
143611.19457952207
144924.00316322228
145947.30732197253
144748.22312237445
145149.9886798071
143226.9365783558
142062.00655373334
145099.32289237622
143229.10524355588
145434.4367744981
143858.04234507575
144847.34353761817
145386.7792070377
145105.66250776278
145172.34085721898
146142.84591504125
146702.5454179236
146558.78055579084
144345.46507308062
144853.46106727462
144205.17939803313
143958.13584150828
145191.53362665817
145042.98540860403
144823.62699476644
145053.23564974492
144906.96042912613
144433.930039307
142040.76696705612
142271.14043227886
144270.8355265643
145626.37875782006
144352.29003738178
142418.33526943994
144709.43448349985
145927.3856260582
142765.90798825223
142267.9216469173
141573.32953889904
141574.39573886854
145583.22694977213
143927.34647623944
143144.65337740388
145516.09678203746
145024.93513886098
142822.59920393873
143100.6681288009
142236.0434718967
140961.27889115972
145056.07482606432
146083.83613209406
145117.63830365113
144791.75070511206
146144.3537014791
145618.2855534603
144232.7033992568
145872.58246897173
144490.57855532318
93644.32207719104
128802.15953080117
140242.0064703729
140841.06796556443
142219.9165420981
143569.75052015242
141181.6977111721
140589.76329253774
139458.37106719197
140080.07885296133
143167.30452758036
140076.1917526619
143150.33159016105
142054.16733687764
144522.66745926105
143416.37884916837
145413.20574872423
143274.1906419303
144205.18430044662
141867.49463617682
144027.62373816845
141206.4370392544
138659.40713465665
140487.49426522045
139669.9559849454
143769.7892030288
140904.40272353127
140145.8020807059
