0
0
25058
25055
27551
30675
27874
28486
28625
28236
29693
29992
25544
27641
28532
26676
27377
29859
28556
26944
30519
27954
24097
28477
28617
27707
28492
29491
28029
29312
24991
28068
26862
27668
27930
29437
26674
26750
29603
27500
29147
29873
30287
29483
28984
29311
26219
28307
29387
30597
30941
30215
29894
30139
28323
30674
33456
27744
29198
33913
34324
30986
32680
34722
33623
33553
33513
33499
28078
29674
32525
32291
34935
25936
34216
30909
32901
27621
29763
28019
26063
32897
35012
37738
38794
37475
29103
35771
26924
35539
26360
26741
27761
30269
24921
29183
23399
29221
36963
35921
34783
28898
32680
37675
34852
36693
37862
39187
39490
22436
36714
37855
27884
37042
34083
29519
38475
29562
30632
36760
35781
38632
29267
35962
31304
37818
38911
29655
27633
37589
36467
38851
40295
41319
30968
27460
28287
36301
34875
28428
34638
35657
36053
36939
29893
28442
36820
37430
39874
40718
28874
31500
37103
37546
39165
39992
29482
40204
28005
26932
27551
37699
39937
26833
27938
38322
38546
37549
40412
39853
40889
41592
40907
40386
29681
38263
29902
40331
28286
37398
41320
41669
41254
40506
40891
28462
40689
43051
30715
41988
42082
28437
42487
28789
27623
40690
28699
37402
29641
36648
41709
38548
27296
28465
37913
41851
29138
39682
42941
44061
44565
44560
31338
41233
42557
31294
40936
29503
28727
39092
31693
37474
40361
34115
27334
27430
37478
27233
25279
28265
25728
35279
39144
32333
38986
27120
28227
30576
32378
38622
42774
42565
43522
32084
40996
27189
39460
43645
43494
42340
30172
41807
41517
32153
39016
40838
41599
30683
40336
41883
42128
43156
34093
26327
41737
43091
29163
30433
40062
29804
27973
39962
44119
38942
41127
30813
30242
30643
29287
41167
42854
40985
43395
26289
29080
40907
29166
41749
42591
43623
28494
43013
44760
31818
26797
42355
41334
42138
41468
41368
28122
38787
32784
42154
28105
38155
42725
41560
45253
27708
29584
43857
43134
28116
41890
43284
30567
41746
42272
29201
28649
39789
44136
43459
44993
29517
41252
28069
41850
42991
43652
45090
30103
25711
29685
27632
28493
29150
42375
29143
41378
42816
30669
39907
44095
39538
43181
42855
29403
30395
37307
41373
41407
30812
41840
44845
42454
45148
29869
28213
25915
41188
42792
43670
43144
43043
42941
43054
29218
41703
43405
28457
29173
31533
40219
30108
41724
28851
41767
28791
42397
43873
34244
42350
42502
42459
43633
43776
44111
29158
30229
41503
42404
28346
27852
42786
30080
43826
30442
44690
39253
31198
40844
39370
40419
28380
29802
23772
29625
38130
39104
27715
25699
32398
43679
28003
30698
27111
40363
29897
36605
40387
32037
30191
38920
39874
27907
31011
29920
41867
41058
42477
42727
40446
40208
30489
39449
36461
39726
39691
30355
42103
40102
41583
40865
41200
40606
40287
41168
26301
41205
42111
42916
45366
29094
43551
42780
42488
45200
44741
27725
41687
39773
38912
39129
29604
38746
30824
39667
40011
28898
40767
38860
40187
40652
42116
40650
30809
40739
28282
39720
28715
41608
42621
42859
30824
43184
40441
38853
38222
29890
28434
38533
38976
39221
30567
40335
27659
41116
42294
28017
40819
41969
29560
24042
41218
42630
42829
30685
42217
42674
44628
44238
44777
41916
42558
42874
28601
42313
27451
39352
40337
40382
30202
40242
39436
28839
38005
41157
42581
42934
27816
26706
41127
42539
41939
27907
39621
39328
32079
39783
29311
41546
40333
29211
42523
43127
44165
44003
27159
28041
38987
25288
36766
40251
29197
28781
39611
41303
42335
39230
40290
38519
37923
30208
26432
36650
28193
39312
40395
42753
40785
28439
28639
39315
40048
28898
41604
41107
41667
27431
24470
42492
27505
42966
28649
41427
29394
30367
42363
44269
41500
43656
29998
41838
30952
38355
41595
42913
40702
32314
49470
43572
40848
31106
37637
30323
26785
39719
39556
36969
39312
39524
27188
38672
38452
39485
26386
26188
37647
29212
37271
39181
40427
42826
42067
41559
41483
28520
40278
26417
42325
28031
39346
42153
41820
42737
42533
42065
42406
41574
41323
40284
40601
41274
41448
43128
26321
41710
39403
37390
41179
40089
40153
38252
23714
35398
34780
37791
37513
38535
39441
39322
40062
41243
42147
29087
28308
37515
24809
41095
39634
39359
40847
38720
40105
38929
40387
27287
30308
25459
37861
38665
37671
37727
37214
38517
40072
41650
43583
44216
44004
29107
41343
38175
38671
42489
42639
41802
41901
26080
38245
38728
25221
37153
37628
36708
40076
40814
39914
42636
43471
28335
43191
41332
43113
41726
41966
42698
44596
28427
41744
41105
42148
42233
27187
38147
40440
39890
41731
42252
41567
31471
42431
42437
27612
41606
38762
39151
39203
39879
40599
39871
28346
40518
41252
42626
42246
40955
41769
28774
29552
37893
25464
36975
40791
41421
45069
44121
44896
25449
37905
40403
41003
38480
37302
36485
38438
39246
39996
40330
39823
41534
40370
41820
41816
42641
41216
42306
42947
41675
28278
41475
41991
43513
45365
46304
45410
26577
25622
38108
40893
41691
40037
43719
43598
41819
26014
42725
25506
39715
43548
49482
45244
26987
27270
37969
39620
39579
39808
27811
37447
23602
36768
38709
39235
39340
24359
37303
40078
38985
37412
35942
39637
38418
37590
38327
37362
38067
37249
38129
40616
41326
39452
39837
39551
40367
39775
39516
25838
38804
38521
26435
39511
37793
39882
40187
41258
28851
36389
38544
38886
42308
43593
44163
29703
25198
41974
42100
41375
42897
43256
23478
40545
38815
39610
41686
43236
41212
28921
41977
38344
40095
39183
40602
39752
38739
40704
41940
40644
40264
37778
26084
34803
37812
40954
41986
30488
39735
37400
39595
39847
40422
42599
42249
41757
42036
40792
40439
40040
39832
40262
40254
26746
39237
35272
39974
41605
29576
38464
37030
39877
41650
28754
43387
24494
40914
41475
40252
40554
38532
25641
29861
31798
29611
29401
30801
32356
37095
36835
37897
37920
41033
40696
39612
28537
37911
41048
40200
41530
40691
41178
40984
40166
40619
24683
39940
37756
38352
37941
38006
38831
37665
37751
39206
38385
38206
39475
39931
42743
33471
29128
38399
36884
39342
41930
43620
44479
43467
42611
34012
38586
36768
31134
32448
39763
41692
31467
35476
31244
38568
41167
41301
40839
40259
39612
39935
40781
43722
33457
40306
41804
40555
40211
41807
31257
26281
38752
40293
39875
40036
40163
39260
48519
41485
36709
30205
33549
38561
40515
39381
40628
41212
41719
32054
35675
35874
38876
39589
38705
40551
40314
40264
41433
39759
39143
31610
38178
38066
39095
40828
39534
41118
41791
42381
43669
44888
42881
41048
41070
40536
39248
41092
41143
41338
42162
43734
42261
41103
42132
39584
40917
41557
41500
41434
40973
41908
42187
43440
42114
41087
41057
32932
39901
40007
39964
40836
40810
41409
41209
40862
40275
40331
41153
39957
37422
35730
34950
25581
34393
39021
30282
29310
36072
37242
36479
36353
38116
38293
38921
40763
39926
39868
29563
39297
42165
41996
27373
28151
28593
40041
39788
40556
40988
41715
40737
39745
41214
39984
39619
38874
37448
39423
40958
41075
41037
42513
42110
41705
41588
41570
39465
39939
39626
39447
40053
42077
42209
42317
41907
40755
40416
41306
42111
42668
42449
41318
40136
40217
41853
41156
41771
39413
40850
41308
44127
43148
41450
41265
40434
40729
41950
40887
41274
41842
41792
26877
38778
40036
40511
26788
39897
38214
35260
36148
37660
39360
29993
35932
36071
37241
40600
39908
40802
41656
40897
41372
42225
42069
43425
43022
42696
24765
38411
38859
40097
30933
36074
39344
42277
40611
41033
39697
39294
38893
39206
40276
40495
39214
40875
37969
38553
39830
49567
43114
39560
40495
39328
42093
42291
40645
41887
41215
40439
36626
37527
35823
36798
36439
38862
38770
42510
42719
41763
41342
40093
43032
42527
41343
41926
38585
38060
39909
39586
40898
41877
27710
38212
38431
43096
42990
41508
43293
42448
44380
43930
42500
28167
37036
33429
34755
35608
35365
38665
39881
41290
41396
40657
37432
39199
40772
38746
38450
37459
38209
39837
27042
38692
39457
38166
40784
41864
41882
43082
44104
43265
43417
42890
41950
38217
38084
38894
39486
39660
43088
43572
43256
45680
45947
45317
45682
45555
44625
44899
42105
43017
42530
41477
40487
43154
43323
42502
41601
41149
42226
42696
42592
44147
44821
44642
44137
41600
42694
44003
42902
41877
41791
40962
41315
41687
43748
41736
42266
44023
43783
27069
39605
40217
38967
40694
42867
43186
42961
26449
40184
29492
41070
41947
42038
41283
39827
39005
38886
38513
41299
40723
41816
39971
42505
42930
26378
42526
43716
41791
43611
44314
44555
44723
42364
42091
44899
44487
44443
44246
43143
42075
39493
37892
25423
37278
35600
37764
37762
26912
36846
39479
40450
42146
41218
41642
42140
40834
44109
28286
38531
24778
39099
39102
37336
38123
37359
39444
39777
25453
40718
37967
42669
44024
42448
42306
42028
39794
39052
42150
49651
40882
37941
39087
35158
33585
36215
34322
35180
26158
33670
31942
21756
33002
38999
37242
37422
24624
37904
38503
36840
41468
40655
39635
40558
37270
37630
38758
38987
39935
39110
38892
38993
37565
39913
40662
39868
40173
40952
37774
40864
41944
38550
37927
38364
34632
35959
36782
38286
39915
40950
26449
38876
33794
36710
23587
35161
39668
36630
40463
40065
23943
40242
38625
37342
37531
40168
37679
34575
24725
33032
35660
33632
33850
36606
35512
35044
31750
33292
35736
25411
33722
32553
31325
38406
39015
39856
39776
39053
39107
39504
40104
40064
40248
39626
39876
40501
39229
39655
38928
40183
26749
38206
39154
38239
38238
38038
40475
37547
35836
35760
35764
34863
34840
37938
38233
38157
34844
34535
30878
31813
32079
36693
37706
38966
40137
39804
40246
39447
38393
38955
39495
39348
39088
40043
39690
40115
41266
39041
38627
38978
37344
37791
26239
36701
26438
36573
36083
39491
38187
36376
36855
39069
37547
38877
38694
39375
39510
38883
36962
34285
38245
37953
37113
38575
40272
41193
40143
39651
40817
39638
40545
38377
38115
36354
38373
36855
36682
40115
38002
39427
41670
41916
27913
36225
40766
34201
35182
36300
38274
35518
36754
27306
37920
37362
39073
35695
37574
23015
37198
38372
39039
42301
23829
35565
38800
25336
37881
38688
39629
39329
41369
42189
41230
40302
41129
40759
40230
38857
39149
42000
40799
40793
39079
41258
41092
42567
42331
41445
41256
42099
40412
41542
41634
41449
40479
40625
39075
39982
38665
38194
38744
40164
24378
35464
39679
39713
37003
38144
41179
42932
44162
40385
40454
39848
40602
39590
37903
40195
41408
38283
37331
34169
31305
29970
32344
30146
28736
28700
28934
31903
31085
33904
34484
36854
36339
35666
34440
33995
34667
34685
35608
35049
36924
36155
36786
36248
36345
37331
35993
36540
36278
37763
36964
38221
38835
40994
39458
38619
37539
35906
23955
33857
35601
38487
40242
40884
41312
41707
40629
37172
38310
36309
38643
37625
40204
28119
35088
34555
35051
37713
37981
40928
39985
41136
39589
31763
31542
30823
30803
30940
33965
33704
34256
32003
21359
24387
35013
35096
34702
34925
35380
35249
33362
33557
33613
33567
33629
36667
36614
39861
41369
44222
41560
41941
42494
40804
41161
41467
39509
36833
35192
34278
38551
38238
27256
35282
37036
39135
37622
36729
37867
36341
37458
37371
37663
39898
41755
41049
41858
41630
41400
41210
40920
43168
43170
43436
39834
38676
38549
39111
38826
38949
37403
36469
37630
37871
37175
38479
38896
39881
41879
49952
43066
38635
38178
37320
36525
34734
36633
34610
35792
36913
35242
38108
38552
39377
39279
37769
37978
36445
34693
34623
36439
38325
22409
39601
39876
42104
39536
39783
39501
24175
35173
33604
23068
36244
33832
34196
35376
35794
35310
35233
37350
36156
37183
36209
35329
36658
37471
34713
34700
39873
40706
38076
36269
32777
31479
29529
28110
28564
29102
27088
29645
30967
33776
34558
32086
33032
32809
35776
34676
38870
39464
40013
38030
41685
39582
38957
38294
38779
39696
40805
40402
40225
40412
39455
37539
36269
33886
34558
34275
35438
37687
38900
39570
40116
40473
39395
38455
40395
40266
39905
41241
40854
40279
39912
39082
41527
39754
39570
38693
37924
39856
38280
38917
39744
38201
40498
42560
41826
39499
39621
41247
41462
41084
41091
39771
39750
38895
39981
38509
40399
42177
40986
41451
40995
41311
39827
36818
36311
34807
35055
37699
38412
40847
41363
42554
43718
43351
42144
43234
42671
41607
40613
39771
38808
37381
37295
41173
41896
41566
38782
37700
37619
37260
38734
40797
40483
39876
41003
41291
39694
41262
41031
40388
39162
39516
40419
41826
40765
40310
39683
39305
38477
40011
39015
39182
39960
38450
39918
39711
35457
37923
37825
39278
39074
38413
38508
40681
38158
42576
43157
49364
45076
42473
42568
39483
42319
43272
44952
43685
44019
43185
41022
38918
38680
39949
41138
42322
41429
41616
40793
39012
39712
40203
39460
39577
38446
37932
38540
39981
40490
41858
41185
41650
41636
39592
38720
38860
40471
40080
39070
39706
43767
43349
42012
42413
42278
41192
41312
39713
40518
39481
40777
41280
43026
42987
41860
41245
42174
42744
42201
43582
43513
43200
42963
40070
38801
37773
36076
35990
37310
38217
37704
38902
38453
38904
39382
39225
41395
42241
43469
42678
42826
42756
43542
42373
42303
42084
39918
40202
38492
38544
40992
39842
39536
38720
38036
37753
38105
36590
39251
39902
40363
40307
40206
41336
41386
38675
39818
39455
39145
39789
40585
43079
42296
43473
43122
40615
39977
40119
32401
36371
37129
38768
37660
40241
40413
37473
39627
38725
40277
39557
42195
43559
42403
42487
42110
42502
41471
41274
40945
40928
40355
39502
42360
43066
43297
43588
43387
43123
39678
38645
38775
38523
39183
37907
41154
41843
40627
41905
43105
43395
42699
42501
42678
43307
43342
40187
41194
41260
39426
39771
43574
42236
41281
42180
42626
42519
43777
42282
41639
42236
42855
41236
41332
41817
39962
40986
45009
43566
44157
44496
44003
42991
43370
43394
43155
42706
41648
41958
43095
50245
45436
45521
43782
43958
42932
43018
43343
40814
41067
43240
42606
42295
42282
42599
42083
41698
41531
43115
43092
42776
42154
38884
36921
37251
38138
38281
39726
41046
39148
39254
41561
42617
41886
43281
43753
44148
44324
43866
44006
44444
44389
44793
43707
43301
43202
43060
43291
43730
42529
42391
43028
42821
42538
41903
43496
43020
42331
40684
40672
42017
41223
41192
41050
42877
40227
41027
39089
40944
43046
44209
45325
44719
43123
41218
40144
39030
40025
40791
40752
40845
41729
41235
40963
41134
40668
41339
40628
43142
41867
41122
39945
40315
40812
43726
42465
43317
43682
39801
43056
42706
42629
43680
43896
43894
42667
42591
41964
42470
42896
43480
43887
43699
42801
43208
40798
41171
41645
41204
42667
43025
42793
41763
42268
43050
42462
42431
45520
45680
45618
45868
45339
44702
43770
43770
44003
44261
44017
44400
44397
44079
43567
43671
43842
44161
43949
42683
44062
43796
43847
42658
39765
39552
38192
38027
38714
39721
39993
39395
38983
37375
38061
42680
39657
39062
41870
41314
44662
43494
43759
42918
43208
43072
42958
42685
42219
41641
41961
42247
43138
42959
43566
42479
42772
40986
42794
42774
42301
40761
43051
43006
44019
42929
41800
41776
43102
43962
45185
44277
45156
45097
50100
44283
42636
42805
43031
42447
41764
41833
41805
41857
41631
40624
39411
40545
40844
41105
42621
42775
41122
41956
41733
41781
42128
40496
41149
42930
41763
40803
41055
43041
42786
43794
43402
43445
43733
43433
43718
43493
43884
43571
43600
42400
43632
44706
42730
42605
43350
41708
43112
42689
42217
40460
40633
37515
36735
39722
40056
40146
44063
43693
44740
44323
42398
41858
42869
43436
28650
42467
41123
44414
44872
44247
44437
44047
44880
45018
45459
45957
45483
45149
45278
45789
45013
44056
42861
42475
41816
42450
40559
42017
42118
41909
42198
43119
42773
27512
39336
37327
39135
41107
42472
41135
41543
41931
42642
42601
43666
42920
42774
43400
44510
44747
43290
44683
44868
44790
42344
43635
42163
41873
41069
41578
39942
42285
42308
44009
44566
45790
44831
27528
40901
42233
43323
42774
43650
44580
43405
42648
42056
42429
41727
41997
42658
41510
40554
43405
42708
43036
42670
43073
41193
41072
41563
41146
41820
43214
43756
40936
41182
41258
41963
43057
43342
43928
43280
43984
44229
43959
44780
45042
43651
44618
44420
44886
45296
44428
44154
44776
44473
43646
42752
43484
43773
43740
44530
45493
45119
45368
44005
43471
42481
40246
39508
39642
39385
42451
44755
44811
43710
43786
44538
49327
45424
43957
44344
45630
46633
47053
44659
43779
43478
42775
41832
39569
40834
41225
43809
45096
44189
43708
43173
42255
44309
44634
45159
44597
44372
43069
42223
42362
42304
41595
41129
40521
41398
42492
41123
42181
42367
42490
40224
40698
41011
40748
42182
42536
44873
44932
45116
43207
41447
40697
40657
40704
40731
39991
40595
42575
44764
45224
44655
44626
44681
45679
44370
44573
45338
43658
43603
42940
42717
44174
44622
44563
44966
44951
45935
45718
45997
44497
42882
40412
39608
40576
43692
45706
45878
46171
47220
44332
43516
29911
39772
39206
38934
41085
40919
39739
41259
41091
42625
42793
42478
44192
45122
46760
46507
46273
44492
42588
42330
42201
41412
42732
43114
43492
43703
43290
43204
43365
45209
45393
44119
44632
43734
44536
45253
43621
44213
43867
45098
45373
46289
45641
45037
46068
46266
45246
46006
41931
41357
41627
41726
41520
40891
41335
40062
39942
42590
41690
41832
42223
41975
42036
42448
41895
42488
40928
40121
44406
44379
45655
45447
46296
46662
45647
44993
45097
45112
46357
45888
46273
45252
45366
44952
45033
45349
45042
44794
43753
43934
44821
44862
45207
45525
45526
45181
44609
42887
42692
44021
43538
44332
45126
43716
43415
41015
39526
39416
39349
39700
40680
49562
44895
41819
40778
43080
41537
43095
32547
41599
41828
43650
45446
45906
45101
44726
26211
41712
42240
44243
43984
43574
44728
45498
46005
46106
45126
46099
45716
44876
43690
43313
43808
43838
43793
44224
46139
45641
46119
46779
46958
46293
46348
46188
46481
46031
44997
45508
45007
44871
44889
45169
45640
46073
45623
46833
46551
46241
46043
46246
46049
46742
46555
47082
47035
46280
46164
46143
46551
47548
47380
46729
46809
46182
45504
44779
45253
45300
45076
44208
44504
44298
44560
45590
46115
46311
46613
47132
46693
46031
43861
44274
45221
44289
44620
45700
45659
46784
46663
45773
45328
45358
44881
44501
45165
44988
44757
45245
46131
45824
44878
45355
45257
44885
45240
44780
45970
46085
46970
46950
47362
46900
46702
46171
45678
45517
45925
46350
45402
45161
45557
45171
43592
44412
44692
45072
45010
45142
45311
44727
43077
42623
42123
42167
44454
44802
44629
44972
44957
43838
43358
42769
43782
45319
45531
45706
46433
46850
46194
46049
45646
45068
26608
40996
41088
40212
44523
44896
42017
41625
41181
41357
41973
42618
43897
44189
45753
45101
44213
44034
44348
44000
43405
41628
41227
41882
42097
42591
42137
41482
