None
None
None
None
None
None
None
None
None
None
None
None
None
None
None
None
None
None
None
None
None
None
None
None
None
None
None
None
None
None
None
None
None
None
None
3.341273069381714
3.483280658721924
3.49631404876709
3.2662672996520996
3.261503219604492
3.2150917053222656
3.1443958282470703
3.1952362060546875
3.0377161502838135
2.8852877616882324
2.9282968044281006
2.7380709648132324
2.4237616062164307
2.569824695587158
2.2174646854400635
2.416290760040283
2.336270332336426
2.336991310119629
2.3347220420837402
2.3665637969970703
2.1057984828948975
2.2185282707214355
2.058786630630493
1.6746412515640259
1.9776122570037842
1.880281686782837
5.018868446350098
4.6418232917785645
4.531051158905029
3.8161461353302
3.8289856910705566
3.741229295730591
3.097093105316162
3.5686492919921875
3.0092756748199463
2.7677674293518066
2.469118118286133
3.1937150955200195
2.9561140537261963
2.5418548583984375
2.6482627391815186
2.6326797008514404
2.3497402667999268
2.5189144611358643
2.158141851425171
1.5733429193496704
1.902593970298767
2.3838160037994385
2.039429187774658
1.9276684522628784
2.2058916091918945
1.8299643993377686
1.5260463953018188
1.984106421470642
1.5574554204940796
1.6831839084625244
7.022299766540527
6.179118633270264
5.300525188446045
4.7749199867248535
3.960476875305176
3.051642894744873
2.273066520690918
3.5252926349639893
4.211244583129883
3.555603504180908
3.560197591781616
4.243536949157715
2.492448329925537
2.5087890625
1.90610933303833
2.152289390563965
2.9738197326660156
2.337482452392578
3.250190258026123
3.543165922164917
3.0003082752227783
2.0535547733306885
2.6222331523895264
2.2771964073181152
1.8966137170791626
1.9698797464370728
2.314802646636963
2.080817222595215
1.9886775016784668
1.853716492652893
7.9894280433654785
5.337484359741211
4.977406024932861
4.342069625854492
2.9154155254364014
3.51837158203125
2.6520254611968994
3.1291158199310303
3.970996618270874
3.7929625511169434
3.506577491760254
2.500601053237915
2.748422145843506
2.5162835121154785
1.7100836038589478
2.223020553588867
2.255261182785034
2.0540733337402344
2.861055374145508
1.7463552951812744
3.1088600158691406
2.4441001415252686
1.7710572481155396
3.605860710144043
2.2642931938171387
1.939416527748108
2.1276919841766357
3.8120548725128174
2.5803046226501465
3.2393977642059326
6.6151652336120605
7.397342681884766
5.0744194984436035
6.505532264709473
3.084489345550537
4.471441268920898
3.071638584136963
4.9053473472595215
4.075189590454102
5.3433518409729
4.466614246368408
3.8915445804595947
4.7267045974731445
4.104970932006836
3.3893909454345703
3.3226022720336914
3.1376004219055176
3.651996374130249
2.952810287475586
3.7745871543884277
3.5714991092681885
4.2184343338012695
4.677077770233154
4.754946708679199
2.312223196029663
3.8200767040252686
2.563349962234497
4.504867076873779
2.631185531616211
3.0579493045806885
7.354496479034424
8.503301620483398
7.201507091522217
4.2201361656188965
2.754633903503418
4.563003063201904
5.368627071380615
5.431527137756348
4.327641487121582
3.5076725482940674
4.71317195892334
2.9011452198028564
3.9776811599731445
4.604870796203613
3.8055193424224854
3.6887259483337402
4.8827738761901855
3.8464674949645996
6.983279228210449
2.522274971008301
3.4669926166534424
3.495262384414673
3.3642208576202393
4.213510513305664
2.782341718673706
2.776374578475952
3.3383007049560547
2.9616317749023438
3.5233242511749268
2.497034788131714
4.696521759033203
8.976217269897461
6.449716091156006
4.0908894538879395
5.392672538757324
4.192330360412598
4.993163108825684
6.985346794128418
5.945925235748291
13.244599342346191
5.421185493469238
10.15744400024414
8.972014427185059
3.678821325302124
3.3421618938446045
3.6382880210876465
7.133936405181885
6.746430397033691
7.655229091644287
4.801193714141846
5.254339694976807
5.3428239822387695
4.022268295288086
4.489924430847168
5.4758477210998535
6.106141090393066
3.575728416442871
4.48528528213501
6.313708782196045
3.6349434852600098
7.646233081817627
6.9944915771484375
5.615789890289307
6.616964817047119
4.0175957679748535
4.742992401123047
5.576268196105957
6.190557479858398
5.715662956237793
7.769432544708252
5.725392818450928
6.584805011749268
3.2601723670959473
3.7911105155944824
10.635810852050781
4.568543434143066
3.594977617263794
6.907341480255127
4.669798374176025
5.352483749389648
7.515196800231934
9.53819751739502
5.064580917358398
10.606021881103516
7.141119480133057
5.413919925689697
8.477770805358887
6.2827582359313965
5.838573932647705
3.1737751960754395
6.157188892364502
5.70770263671875
8.834738731384277
7.037353515625
7.758652210235596
4.447168827056885
5.753273963928223
5.758541584014893
7.540022850036621
5.980076789855957
9.235428810119629
7.859692096710205
5.308475971221924
4.7210693359375
5.441015243530273
3.8022680282592773
2.533846855163574
10.896289825439453
5.193474292755127
3.7400360107421875
3.902193546295166
5.413623809814453
9.766085624694824
3.6755964756011963
4.443058967590332
6.834384918212891
4.145559787750244
5.912385940551758
6.896489143371582
2.569535255432129
14.427533149719238
12.828821182250977
5.406843662261963
5.175894260406494
4.912644863128662
3.8335933685302734
6.574431419372559
5.719914436340332
4.479178428649902
3.670217990875244
5.102423191070557
8.408393859863281
6.0757341384887695
10.247244834899902
4.002520561218262
5.667538642883301
4.343490123748779
6.482614040374756
9.974220275878906
5.826141357421875
11.843263626098633
8.892290115356445
6.719405651092529
4.1108927726745605
5.907347679138184
3.978841781616211
5.9493937492370605
3.858933448791504
9.786998748779297
7.4937615394592285
8.786825180053711
12.381926536560059
12.419644355773926
10.317689895629883
7.239349842071533
6.3553032875061035
7.013240814208984
3.4136478900909424
2.8882219791412354
6.647671222686768
7.090322494506836
7.816044807434082
5.489427089691162
7.5182108879089355
4.968727111816406
5.056711673736572
5.586111545562744
5.589081764221191
4.291013717651367
4.898036479949951
4.128499507904053
4.221276760101318
4.921069622039795
2.4845707416534424
3.863943338394165
4.163913726806641
4.370388507843018
3.179678440093994
12.380400657653809
10.885931968688965
12.732644081115723
5.457777976989746
13.425552368164062
6.125502109527588
3.4114959239959717
6.4366374015808105
8.724350929260254
3.0325675010681152
8.85619068145752
12.337922096252441
12.607550621032715
3.244772434234619
4.084875106811523
11.436092376708984
7.689009666442871
14.17348861694336
8.000641822814941
15.119669914245605
5.115320682525635
11.912338256835938
5.67850399017334
9.040745735168457
3.075563669204712
14.765782356262207
3.4422848224639893
10.38577938079834
8.95316219329834
6.121220588684082
12.785177230834961
17.225505828857422
9.425007820129395
4.778400897979736
8.3541841506958
11.599966049194336
10.291267395019531
12.384160041809082
10.719786643981934
22.288408279418945
7.886578559875488
5.256440162658691
6.30678129196167
6.690241813659668
10.707850456237793
20.61282730102539
13.006839752197266
17.048559188842773
9.975181579589844
14.613965034484863
12.273341178894043
6.055134296417236
4.737273693084717
9.119601249694824
7.4366455078125
12.694284439086914
14.196857452392578
5.349640846252441
9.275598526000977
15.297124862670898
7.544159412384033
3.978907346725464
15.984963417053223
10.386837005615234
9.024964332580566
16.371606826782227
12.492350578308105
7.725147724151611
15.323204040527344
5.962540149688721
6.257610321044922
7.708141326904297
7.2107648849487305
9.809798240661621
9.107860565185547
8.13011646270752
18.830663681030273
12.419427871704102
16.783802032470703
10.344573020935059
4.496027946472168
12.515697479248047
9.137994766235352
8.468114852905273
4.916149139404297
11.260141372680664
7.277049541473389
5.670839309692383
7.607649326324463
8.661970138549805
8.421113967895508
12.442479133605957
11.731727600097656
8.571795463562012
10.114347457885742
9.566425323486328
8.58964729309082
10.191574096679688
9.837618827819824
9.917412757873535
7.8062849044799805
7.40531063079834
6.8049235343933105
5.542341709136963
14.833422660827637
7.082845211029053
10.008492469787598
7.7879557609558105
11.348995208740234
7.890555381774902
7.076668739318848
6.741612911224365
7.7192792892456055
5.327756881713867
10.026674270629883
15.366418838500977
7.533698558807373
8.92349624633789
8.114837646484375
5.451877117156982
11.155792236328125
13.252704620361328
7.137475490570068
8.189766883850098
16.30597496032715
9.397705078125
17.96401596069336
6.43975830078125
8.856088638305664
8.22935676574707
8.497416496276855
17.000640869140625
5.757940292358398
11.663290023803711
12.338176727294922
15.800071716308594
9.227469444274902
7.816120147705078
6.72775936126709
13.724666595458984
8.779348373413086
7.246361255645752
6.82710599899292
16.28270721435547
8.246338844299316
6.737736701965332
8.0807523727417
7.381974697113037
6.095691680908203
8.541789054870605
11.980789184570312
11.655442237854004
5.975959777832031
9.123796463012695
13.741255760192871
7.025325298309326
5.980138778686523
5.6682353019714355
6.728485107421875
14.697897911071777
9.667520523071289
8.006875991821289
7.888969898223877
7.681805610656738
9.550692558288574
9.48805046081543
12.880514144897461
6.125639915466309
6.069229602813721
5.900111675262451
13.514513969421387
4.784518241882324
8.23742389678955
4.421982288360596
10.392992973327637
7.111749649047852
7.931216239929199
5.8040947914123535
9.475963592529297
12.362536430358887
4.389473915100098
8.480934143066406
11.748842239379883
12.377732276916504
9.819676399230957
10.865365028381348
6.427548885345459
5.536022186279297
7.372930526733398
5.745194911956787
7.929143905639648
7.260234832763672
9.986459732055664
11.497390747070312
7.946365833282471
10.258084297180176
10.309329986572266
10.758296966552734
8.898892402648926
12.052330017089844
8.207058906555176
7.10206413269043
7.330155372619629
7.1152663230896
5.022558689117432
7.688034534454346
5.581788063049316
8.842432975769043
5.877473831176758
8.398880004882812
7.663137912750244
5.1346282958984375
9.333067893981934
5.201427459716797
6.050417900085449
5.343031406402588
5.318984031677246
13.174115180969238
9.035411834716797
11.18696403503418
6.955739974975586
11.811129570007324
5.197597503662109
9.354475975036621
4.3560357093811035
13.03118896484375
9.192307472229004
6.933015823364258
6.222478866577148
6.213304042816162
4.774857997894287
5.915316581726074
9.365251541137695
4.52388334274292
6.990468502044678
6.611506938934326
9.814299583435059
7.903704643249512
11.103863716125488
6.917614459991455
5.969481468200684
5.430976867675781
7.4940290451049805
8.045129776000977
6.933651447296143
5.346643924713135
5.622992515563965
7.129980087280273
5.981337070465088
5.578553676605225
5.51093864440918
6.595981121063232
5.817073345184326
4.670942783355713
6.698705673217773
7.785661220550537
12.631181716918945
6.351318359375
4.129486083984375
5.13310432434082
10.251537322998047
4.282799243927002
8.197789192199707
4.66476583480835
6.424633026123047
3.708710193634033
6.3539958000183105
4.160157680511475
5.2696428298950195
4.05991268157959
10.381364822387695
5.434289455413818
6.3713884353637695
5.424631118774414
6.480190753936768
4.236014366149902
4.163286209106445
5.0859198570251465
4.025856971740723
4.618529319763184
8.3009614944458
4.05757999420166
7.8916850090026855
5.136142730712891
5.07204008102417
6.690211296081543
7.259780406951904
8.195475578308105
4.65643835067749
5.770303726196289
7.17687463760376
5.614996433258057
7.406710624694824
5.889922142028809
7.143517971038818
8.407889366149902
5.97711706161499
4.567208766937256
6.830132961273193
3.774296283721924
5.992822170257568
4.352999210357666
6.19042444229126
9.109304428100586
5.190643310546875
6.41402006149292
6.1690802574157715
5.0799641609191895
8.496465682983398
6.33572244644165
5.363595008850098
6.311491966247559
9.409472465515137
6.813170433044434
2.172822952270508
5.403335094451904
4.38134241104126
8.799540519714355
6.715497970581055
3.612229824066162
5.667057991027832
5.339338779449463
8.113930702209473
3.603360176086426
7.062968730926514
6.009704113006592
3.758033275604248
4.992752552032471
6.903841495513916
7.793072700500488
5.738950729370117
6.227707386016846
7.1761393547058105
4.1514153480529785
8.501978874206543
6.798840522766113
6.277310848236084
4.022032737731934
6.461794853210449
5.952203273773193
5.164516448974609
6.222575664520264
4.868291854858398
3.9444732666015625
4.385158061981201
5.201874256134033
6.057427883148193
4.5169525146484375
6.115695953369141
6.7587080001831055
7.55336332321167
6.607379913330078
3.363790512084961
8.21137523651123
6.364656925201416
5.299699306488037
7.024408340454102
6.926047325134277
5.295629501342773
6.346836090087891
5.231473922729492
4.568575859069824
6.19586706161499
5.403347015380859
5.16115140914917
6.076157093048096
3.3592047691345215
4.071621417999268
3.974388360977173
5.572655200958252
6.159640312194824
6.447032928466797
6.737762451171875
7.24871301651001
4.732685565948486
5.006138801574707
6.629777431488037
3.530407190322876
5.339808464050293
10.109318733215332
7.65655517578125
4.682490348815918
5.096441268920898
4.033302307128906
7.740478515625
6.340304374694824
6.0867791175842285
4.506657600402832
6.891957759857178
3.164365768432617
8.03730583190918
4.635643482208252
10.35438060760498
5.506936073303223
5.249811172485352
7.390923976898193
4.306159019470215
4.58293342590332
3.760744571685791
4.671853542327881
4.344085693359375
5.433309555053711
8.584046363830566
7.346523284912109
7.584574222564697
3.860583543777466
6.339873313903809
6.1691999435424805
3.9535982608795166
7.159653663635254
5.042731285095215
4.352787494659424
3.8851990699768066
3.4459826946258545
10.31413745880127
5.31888484954834
3.9495716094970703
3.220494508743286
4.948565483093262
7.878129482269287
8.510224342346191
4.751898765563965
6.626657962799072
6.4993977546691895
5.117778778076172
4.476357936859131
4.41709041595459
4.3787031173706055
3.911526679992676
3.4465606212615967
4.74178409576416
3.5864217281341553
6.225520610809326
3.0514230728149414
3.7864699363708496
3.3793094158172607
3.5212316513061523
2.9570279121398926
2.909423589706421
8.409979820251465
5.856328010559082
5.897040367126465
4.7261528968811035
4.5395097732543945
5.674911975860596
6.703481674194336
4.102745532989502
5.015080451965332
6.9863080978393555
6.490990161895752
5.475030899047852
3.241826057434082
5.9466328620910645
5.417208671569824
7.448844909667969
5.112636566162109
4.709352493286133
7.779197692871094
4.330745220184326
4.303452014923096
7.071842670440674
7.109556198120117
3.7657601833343506
6.402084827423096
7.1289801597595215
5.95178747177124
4.20109224319458
4.3982439041137695
4.387750625610352
5.519087314605713
6.6297831535339355
6.946691513061523
3.5709569454193115
4.916356086730957
9.151735305786133
5.189228057861328
3.775984525680542
7.455300807952881
4.862399101257324
7.446286678314209
5.716411113739014
3.5767979621887207
7.685232162475586
3.3524739742279053
7.428603649139404
5.976290702819824
3.201176881790161
4.745922088623047
4.989707946777344
3.5953612327575684
4.412600517272949
7.554555892944336
7.6924309730529785
4.149288654327393
5.085768222808838
7.7005791664123535
6.676852226257324
5.402281761169434
5.758547782897949
5.091615676879883
2.6653430461883545
8.88127326965332
9.801942825317383
6.832772254943848
4.16105318069458
5.3807878494262695
4.497398853302002
5.789309978485107
3.770101547241211
5.762435436248779
4.1177825927734375
3.8820440769195557
6.244457721710205
4.614190101623535
4.638187408447266
4.797005653381348
6.291757583618164
3.2897496223449707
3.807156562805176
3.823223829269409
3.1788017749786377
3.0779733657836914
4.190932273864746
4.817798614501953
4.478217124938965
5.664673328399658
3.6458921432495117
4.792624473571777
5.318819999694824
6.349819183349609
2.3983776569366455
4.914584636688232
3.0048670768737793
4.732887268066406
3.991433620452881
4.330118179321289
6.038786888122559
5.8309736251831055
3.024732828140259
3.731407642364502
4.97003698348999
3.170900583267212
7.27581787109375
3.254984140396118
3.5006885528564453
6.787845134735107
5.784719944000244
3.176927328109741
3.8205485343933105
4.086493968963623
5.687674045562744
5.124255657196045
3.4802639484405518
3.3131749629974365
6.433617115020752
5.7663254737854
3.9657866954803467
8.569966316223145
3.813311815261841
5.234212398529053
6.405951976776123
4.725296497344971
4.103665828704834
4.154655933380127
5.924256324768066
4.674952030181885
4.832123279571533
3.7990214824676514
4.3709821701049805
4.185615539550781
4.959791660308838
3.5284807682037354
6.058695316314697
8.406994819641113
3.0528440475463867
3.368793487548828
6.709829807281494
5.241790771484375
5.543670654296875
5.710516929626465
3.762270450592041
4.356650352478027
5.440584182739258
3.720792531967163
3.5042717456817627
3.177670955657959
6.5658979415893555
3.8882646560668945
5.931726932525635
4.816415786743164
6.517430305480957
4.700920581817627
4.0033183097839355
5.5581889152526855
4.206649303436279
8.58047866821289
6.624199390411377
3.3962655067443848
4.900008678436279
4.058919906616211
5.876128673553467
4.574621200561523
4.022101879119873
7.6899824142456055
5.279267311096191
5.263535976409912
8.45412540435791
5.111364364624023
5.877954006195068
10.320778846740723
11.237399101257324
6.176586151123047
7.585091590881348
7.2265801429748535
4.977387428283691
5.967029571533203
4.6243696212768555
5.509990215301514
5.72210693359375
8.453287124633789
7.548584938049316
4.461404800415039
13.684906959533691
4.632640838623047
4.764608860015869
4.095693588256836
15.082310676574707
7.528931617736816
6.454809188842773
7.2161865234375
16.045196533203125
11.139059066772461
7.870487689971924
5.139647483825684
6.575619697570801
6.970296859741211
16.08966636657715
9.958048820495605
3.477844476699829
4.8879075050354
8.945651054382324
7.8675408363342285
6.531266689300537
4.447951793670654
5.069757461547852
11.110934257507324
8.351424217224121
4.94205379486084
11.352470397949219
5.287476062774658
6.828943729400635
4.710362911224365
6.977738380432129
6.651133060455322
16.294313430786133
4.2365851402282715
5.051133155822754
8.066244125366211
5.705067157745361
5.299386024475098
6.587732315063477
7.191751003265381
5.026429653167725
6.90541410446167
8.929217338562012
5.61391019821167
6.804672718048096
4.99981689453125
6.202305793762207
5.5344414710998535
9.038676261901855
4.858492851257324
4.922422885894775
5.512358665466309
5.271608829498291
4.724079132080078
4.151303291320801
7.583615303039551
5.488382339477539
4.312366008758545
5.9971113204956055
4.8267621994018555
3.5948288440704346
9.570274353027344
4.9250593185424805
5.309603691101074
3.7693302631378174
5.993274211883545
5.90602970123291
6.138953685760498
7.187018394470215
3.182697057723999
4.430140972137451
4.330678462982178
4.647101402282715
3.236077308654785
4.879005432128906
6.315974235534668
4.5418219566345215
3.4502248764038086
6.278728485107422
3.1555967330932617
5.5830535888671875
3.482628583908081
5.383724689483643
4.287307262420654
7.014631271362305
4.783783912658691
4.464890956878662
3.814931631088257
3.8589768409729004
5.102845191955566
13.078296661376953
7.854795932769775
4.4802374839782715
6.976778984069824
4.35296106338501
10.368388175964355
13.145843505859375
3.3734209537506104
7.679499626159668
4.40248441696167
6.75428581237793
12.266644477844238
3.4248785972595215
6.5314154624938965
8.987353324890137
6.602185249328613
7.3823347091674805
5.173954963684082
3.8491036891937256
6.0080437660217285
5.146156311035156
4.999034881591797
7.345337390899658
6.593961715698242
4.504167079925537
11.560173988342285
4.410512447357178
5.452627658843994
9.60398006439209
9.532119750976562
4.330398082733154
5.81611442565918
3.362495183944702
11.98685073852539
3.604066848754883
7.730515956878662
3.911472797393799
5.916347026824951
4.296779155731201
5.360311031341553
6.091797351837158
4.6475324630737305
5.988879680633545
4.06183385848999
5.263725280761719
4.601604461669922
4.252063274383545
6.09971809387207
6.654548645019531
4.122607707977295
8.434488296508789
5.232705116271973
3.976687431335449
4.450425624847412
2.8851406574249268
5.023417949676514
4.689924240112305
6.585592746734619
4.513625144958496
6.411549091339111
6.199926376342773
3.0938453674316406
3.955641746520996
5.608465671539307
3.7003562450408936
3.378141164779663
4.912352561950684
4.86897611618042
4.96234130859375
4.374403476715088
5.367315292358398
4.32705020904541
5.7741265296936035
6.1744256019592285
6.308117389678955
4.757962226867676
5.144467830657959
7.128126621246338
4.9351630210876465
4.24216890335083
3.6761863231658936
4.9282097816467285
3.5429699420928955
5.083623886108398
4.750330924987793
4.905175685882568
5.317724704742432
3.5263266563415527
4.374394416809082
5.097305774688721
5.057730674743652
5.695939064025879
3.2183237075805664
3.5678975582122803
3.795740842819214
4.053313255310059
4.345963001251221
4.70517635345459
3.3569650650024414
3.7525289058685303
3.731184959411621
3.792426109313965
4.240983486175537
5.295612335205078
5.229631423950195
2.9171459674835205
5.5373029708862305
4.2420454025268555
5.3069257736206055
4.500006675720215
3.9067633152008057
4.029839992523193
4.854776382446289
6.8422417640686035
3.78129506111145
4.557895660400391
4.846994400024414
5.025783061981201
3.6031644344329834
4.63604211807251
9.04269027709961
5.438930034637451
6.590060234069824
3.4681529998779297
6.980439186096191
4.123654365539551
6.427204608917236
3.684295654296875
3.603426933288574
5.559835433959961
5.852928638458252
2.4641904830932617
3.055868148803711
3.394045829772949
3.185711622238159
6.291942596435547
5.313215732574463
5.407185077667236
4.466799736022949
5.065488338470459
3.7725892066955566
4.236881256103516
5.581400394439697
6.640168190002441
4.592319965362549
4.475161075592041
5.011850833892822
3.5834906101226807
2.4913671016693115
5.363085746765137
2.4621763229370117
3.246157646179199
5.210468769073486
6.421754837036133
2.964203357696533
3.3273391723632812
6.126092433929443
3.964247703552246
9.665926933288574
4.184399127960205
4.873895168304443
3.8117709159851074
3.6050024032592773
3.7518796920776367
3.538344144821167
4.056211948394775
3.3497135639190674
5.274601936340332
6.906238555908203
5.042019367218018
4.0233283042907715
3.2340903282165527
6.138866424560547
4.178934097290039
4.199634552001953
3.0600507259368896
4.526587963104248
3.7196600437164307
4.866311073303223
3.552635908126831
3.978649377822876
3.8892688751220703
3.60835599899292
3.6354777812957764
3.9467456340789795
3.122375726699829
4.026448726654053
5.900046348571777
4.694770812988281
3.0460076332092285
5.781652450561523
3.839280605316162
4.936197280883789
4.839020729064941
3.9072861671447754
4.786159515380859
4.517094612121582
3.9114344120025635
4.315130233764648
3.4062414169311523
2.8557286262512207
3.7833104133605957
4.399647235870361
3.068180561065674
4.540743827819824
2.697502374649048
4.575473785400391
5.861011028289795
5.391141891479492
4.265110015869141
4.5191850662231445
5.311212539672852
4.990938186645508
3.757167339324951
3.542022705078125
2.912283182144165
3.136162281036377
5.832571506500244
3.1065545082092285
5.411233425140381
3.5035336017608643
2.4040536880493164
2.5092711448669434
6.100517749786377
3.5173468589782715
4.386467933654785
4.5838541984558105
5.057728290557861
3.50998854637146
5.21548318862915
3.785393714904785
3.324383497238159
7.135992050170898
4.401008129119873
2.9238855838775635
4.333818435668945
5.186789035797119
4.049262046813965
5.499598503112793
3.521556854248047
4.236998558044434
4.887923717498779
3.7753870487213135
3.81538724899292
4.773375034332275
3.906202793121338
2.8832170963287354
3.263181686401367
3.9243202209472656
3.9170949459075928
2.9656827449798584
3.957993507385254
3.8766541481018066
2.5689141750335693
3.6954033374786377
4.27222204208374
2.981497287750244
4.423703670501709
4.281126976013184
5.531445503234863
3.854721784591675
3.8132896423339844
5.557542324066162
3.4212276935577393
4.542191028594971
4.755914688110352
3.2400999069213867
3.5396931171417236
4.114173412322998
3.759084701538086
3.699728012084961
3.6243255138397217
3.4156851768493652
3.458834171295166
5.773825168609619
3.9594316482543945
3.3788414001464844
4.095493316650391
5.312057971954346
4.306257724761963
3.8558876514434814
4.812256813049316
3.6935925483703613
3.568331241607666
3.441751003265381
4.365610122680664
3.7249207496643066
2.7880616188049316
3.1796040534973145
3.338366985321045
4.3038249015808105
3.8419225215911865
5.725473403930664
3.4321210384368896
3.3899497985839844
4.804841995239258
2.724242925643921
4.218509674072266
4.120832920074463
4.956018924713135
3.7088124752044678
4.952287673950195
2.967468023300171
3.513155460357666
3.9688472747802734
3.6419684886932373
4.711550712585449
3.171164035797119
2.6012930870056152
4.495883941650391
4.63052225112915
3.6445071697235107
4.168003082275391
3.920304536819458
5.182619094848633
3.5413765907287598
5.532617568969727
4.399276256561279
3.683466911315918
3.6162753105163574
3.6198251247406006
3.138110399246216
3.975623607635498
3.0406200885772705
3.8490583896636963
4.172826766967773
3.057130813598633
3.9993863105773926
3.3776326179504395
2.3735127449035645
2.910691738128662
5.815664768218994
3.6843514442443848
4.701666831970215
5.182699680328369
2.5417563915252686
3.218705892562866
3.2756197452545166
3.2516305446624756
4.629892349243164
3.4181807041168213
4.053677082061768
4.347358703613281
3.3889124393463135
4.6157636642456055
2.507847785949707
3.302910089492798
3.243847608566284
3.848695755004883
3.6042356491088867
2.495002508163452
4.723525047302246
2.3552403450012207
2.4227585792541504
3.1220061779022217
3.3216450214385986
2.9434988498687744
3.134351968765259
2.7605741024017334
2.9969642162323
3.1594154834747314
3.342805862426758
2.2103610038757324
5.063723087310791
2.4418392181396484
5.350826263427734
4.361048698425293
2.7366394996643066
4.115750312805176
3.5840630531311035
4.1038713455200195
1.8551400899887085
2.605222463607788
2.8425424098968506
5.41138219833374
3.968442678451538
2.8545212745666504
2.8860273361206055
2.911552667617798
3.4558026790618896
3.1382522583007812
3.725905418395996
4.947909832000732
3.4049201011657715
5.175775051116943
3.3758366107940674
4.709434509277344
2.563627004623413
5.162996292114258
3.217435598373413
3.5946409702301025
2.871610403060913
4.498958587646484
5.027236461639404
3.3712284564971924
3.831019639968872
4.222159385681152
3.673703908920288
4.765474319458008
3.4749655723571777
3.9940147399902344
4.595233917236328
2.3685503005981445
3.327723503112793
5.375863075256348
12.10752010345459
5.025593280792236
3.609588623046875
3.632984161376953
4.687474727630615
4.395559310913086
2.677698850631714
3.5469534397125244
3.719374895095825
3.912417411804199
2.7723047733306885
4.304471969604492
4.116262912750244
4.046419620513916
3.7985711097717285
3.529372453689575
2.7107460498809814
3.6024131774902344
3.2257137298583984
4.5600152015686035
2.3711228370666504
3.4624741077423096
3.2759008407592773
5.134999752044678
4.884085178375244
4.100348949432373
2.636165142059326
4.296335220336914
2.8107869625091553
3.5205652713775635
6.858248710632324
2.812765598297119
2.8977010250091553
2.9304134845733643
3.876875162124634
3.5145199298858643
3.248379945755005
3.1164205074310303
3.6781933307647705
3.317899227142334
10.857779502868652
3.3845701217651367
3.5918853282928467
4.044342041015625
3.134904384613037
3.120846748352051
4.455242156982422
3.09665846824646
2.5521795749664307
3.7175331115722656
2.322244882583618
5.011682033538818
4.822403430938721
3.609245538711548
3.0708372592926025
2.6953420639038086
2.6782009601593018
3.3316516876220703
2.9094021320343018
3.150998830795288
3.0644633769989014
3.3915958404541016
4.723482131958008
2.8250529766082764
4.25068998336792
6.138937473297119
2.8677194118499756
5.195534706115723
6.486664772033691
5.268799781799316
5.281126976013184
5.191728115081787
3.498546600341797
4.0824360847473145
5.035012245178223
2.7267229557037354
6.076549530029297
6.1832804679870605
4.393373966217041
4.9739861488342285
4.218819618225098
3.1825108528137207
4.007748126983643
6.161977767944336
5.040531158447266
3.3047494888305664
2.756838083267212
2.8568854331970215
3.7731828689575195
3.5880465507507324
5.300749778747559
3.6322336196899414
5.748270034790039
2.494508743286133
3.627347946166992
6.162683963775635
10.795580863952637
3.2213478088378906
3.1232616901397705
4.2421393394470215
2.8245203495025635
6.6428399085998535
3.9814584255218506
4.266932964324951
5.667423248291016
3.6610093116760254
3.677299976348877
3.1977124214172363
8.490880012512207
5.967357635498047
5.674890041351318
4.888575077056885
3.200546979904175
3.0879738330841064
7.182928562164307
3.0800676345825195
3.726034641265869
3.870712995529175
3.251858949661255
3.2642388343811035
3.824685573577881
4.7654337882995605
3.8467204570770264
5.686071395874023
3.006958484649658
5.659704208374023
3.2798497676849365
3.4105308055877686
6.340890884399414
4.239960670471191
3.2537004947662354
4.380706787109375
3.521852731704712
3.349712610244751
6.675075054168701
5.248808860778809
2.9288275241851807
4.334234237670898
3.634333372116089
4.484752655029297
3.2746753692626953
2.8027806282043457
3.432704448699951
2.941509246826172
3.327850818634033
3.089606523513794
4.516107082366943
3.207428216934204
3.211665391921997
4.6776838302612305
6.0134453773498535
3.470346450805664
4.848363876342773
3.42364501953125
5.029413223266602
5.723137378692627
2.747764825820923
4.052154064178467
4.422091007232666
5.930140018463135
4.7858967781066895
3.762777328491211
3.0671114921569824
4.775518417358398
3.4008727073669434
7.091041088104248
7.343194484710693
4.751916885375977
4.108863353729248
5.354933738708496
4.1112260818481445
3.3361618518829346
3.4237725734710693
4.381086826324463
3.429711103439331
2.703817129135132
3.6614668369293213
2.693875312805176
2.6315271854400635
2.9781694412231445
2.5318868160247803
5.193544387817383
2.978914260864258
2.423560380935669
5.35502290725708
2.6550567150115967
4.784928798675537
2.766655683517456
2.5024359226226807
2.8054258823394775
4.860362529754639
3.742276906967163
4.034299850463867
2.8005809783935547
3.8153233528137207
4.052075386047363
4.727422714233398
2.998868703842163
2.4432239532470703
2.51330304145813
4.476219177246094
2.8661997318267822
3.2479512691497803
2.6812403202056885
4.6597371101379395
2.191072940826416
3.127474308013916
6.89107608795166
4.8225507736206055
4.591179370880127
4.539828777313232
5.020907402038574
3.1532464027404785
4.810610771179199
3.7063169479370117
3.6300063133239746
3.616158962249756
2.5878427028656006
3.5183701515197754
2.6897294521331787
2.5850045680999756
3.5386197566986084
2.4138846397399902
4.892536640167236
3.7515604496002197
3.1495349407196045
4.436160564422607
2.0208580493927
3.12837553024292
2.9092490673065186
4.372349739074707
2.9555859565734863
5.647834777832031
4.777955055236816
3.2473978996276855
2.898383855819702
4.625597953796387
2.638214588165283
6.9999613761901855
3.081760883331299
4.359028339385986
3.758195400238037
3.89452862739563
3.2978224754333496
2.2803595066070557
3.793369770050049
3.727696657180786
3.86043381690979
4.163990497589111
3.6495792865753174
2.2760820388793945
3.1415600776672363
3.2192342281341553
3.4766407012939453
5.131123065948486
2.3652184009552
2.191690444946289
3.3662161827087402
4.060089588165283
3.1911609172821045
3.421342372894287
4.997108459472656
3.2199606895446777
3.0857274532318115
2.950688600540161
3.3641154766082764
3.797231674194336
5.600916385650635
5.817387580871582
4.101902484893799
2.697322368621826
4.116244792938232
3.267016649246216
3.727564811706543
4.061461448669434
3.464776039123535
3.2382705211639404
5.021236419677734
3.318934202194214
4.516757965087891
3.166189432144165
2.856300115585327
3.6967999935150146
3.204312562942505
5.001972675323486
4.008046627044678
4.005796432495117
2.7547528743743896
3.193220376968384
4.8643412590026855
2.4495391845703125
3.5601072311401367
2.5213160514831543
5.2513532638549805
3.9185421466827393
4.601823329925537
4.19507360458374
3.604377508163452
3.973118543624878
3.8117058277130127
3.3372201919555664
5.39646053314209
3.3578832149505615
4.899407863616943
3.0289132595062256
4.547788143157959
2.9099459648132324
3.9237189292907715
3.5727779865264893
3.5930633544921875
3.576606512069702
4.9800639152526855
4.0312089920043945
2.3154139518737793
3.2647485733032227
4.0563273429870605
3.81466007232666
4.045779705047607
2.8800432682037354
4.115082263946533
4.018290042877197
3.06299090385437
2.5559020042419434
4.014154434204102
5.393820762634277
2.716841697692871
4.785121440887451
2.7509894371032715
3.4999561309814453
3.123833417892456
2.6576552391052246
1.8504465818405151
5.707831859588623
3.8015966415405273
3.2705628871917725
3.699376106262207
3.8637521266937256
2.6337289810180664
3.758098840713501
3.5692245960235596
5.041126251220703
3.789738893508911
3.4740090370178223
3.981800079345703
3.038684844970703
2.585947275161743
3.3341658115386963
2.690960168838501
2.743312358856201
2.7890570163726807
3.2017245292663574
5.2061638832092285
3.749934434890747
3.8416202068328857
2.9505772590637207
1.8012820482254028
2.6710205078125
3.962750196456909
3.2730655670166016
3.734884738922119
2.481067180633545
2.615060567855835
2.389342784881592
3.3480324745178223
3.1389946937561035
2.881633996963501
3.189387083053589
2.7877585887908936
3.0980677604675293
4.153344631195068
1.9550453424453735
5.12589168548584
2.4786603450775146
2.697232484817505
3.3792383670806885
2.7717580795288086
3.156520128250122
3.925551414489746
3.4209697246551514
2.7246291637420654
4.411818981170654
3.9175379276275635
2.5010907649993896
2.3046135902404785
2.3703839778900146
3.1042325496673584
3.1885359287261963
4.584501266479492
3.712702751159668
3.8371288776397705
4.661386489868164
2.672548770904541
2.63612961769104
3.091743230819702
2.8202311992645264
2.7187654972076416
2.3212077617645264
3.535290002822876
4.625089645385742
3.1894757747650146
4.669654369354248
3.16933536529541
3.514568567276001
3.2728710174560547
2.6514177322387695
2.9565865993499756
3.2020649909973145
3.3173398971557617
5.263397693634033
3.57192325592041
4.105195999145508
3.097177267074585
4.028265953063965
2.9885823726654053
4.3302741050720215
2.3160955905914307
3.74953031539917
2.981780529022217
4.251452922821045
2.6115922927856445
3.763326644897461
2.7820661067962646
3.94519305229187
5.6514434814453125
1.781278371810913
3.903071641921997
2.1856915950775146
4.562919616699219
3.6095333099365234
4.16914176940918
3.2932467460632324
4.825751304626465
4.079957485198975
3.9402952194213867
2.919792890548706
2.956364393234253
3.500401020050049
2.095221996307373
2.9803712368011475
2.144829034805298
3.9885129928588867
3.416102647781372
2.9714550971984863
4.330452919006348
3.4454004764556885
2.276268720626831
3.592111825942993
7.080413818359375
6.8184099197387695
2.6241567134857178
4.294200420379639
2.1071693897247314
4.324761390686035
5.199308395385742
2.4154794216156006
3.7636160850524902
3.0260066986083984
2.6607136726379395
3.977195978164673
2.663224220275879
3.6207592487335205
3.3386943340301514
4.113777160644531
1.962306022644043
3.0614681243896484
5.1261396408081055
3.3408865928649902
3.524927854537964
3.4686977863311768
2.332749605178833
2.8783953189849854
2.8104357719421387
2.784039258956909
4.098735332489014
3.71824312210083
3.977092981338501
3.5096521377563477
3.492595672607422
2.8926243782043457
2.5957448482513428
3.116231918334961
2.5039799213409424
2.866863489151001
3.484117031097412
2.9898455142974854
3.3765766620635986
3.956993341445923
4.286333084106445
2.7797040939331055
2.5535805225372314
4.580036163330078
3.2663426399230957
2.4988820552825928
3.9846224784851074
4.13246488571167
3.804133653640747
4.229658603668213
3.077944755554199
4.3469157218933105
3.798293352127075
4.089808940887451
2.750490665435791
3.499683380126953
2.5811281204223633
3.7335638999938965
3.983044385910034
3.27437162399292
3.6334054470062256
2.524589776992798
4.052168846130371
2.1552000045776367
4.706413745880127
2.9769058227539062
3.4356701374053955
3.274275064468384
3.315361261367798
2.410447120666504
4.2808356285095215
2.846606731414795
3.490356206893921
3.2631688117980957
1.974602222442627
2.8230843544006348
3.000056505203247
3.8792591094970703
3.6972391605377197
3.340252161026001
3.314199209213257
2.9614665508270264
3.2820653915405273
2.0362417697906494
3.576904296875
2.696122884750366
2.263172149658203
2.2743923664093018
2.628547430038452
2.4565069675445557
1.793768048286438
3.060581684112549
3.143848419189453
2.5434913635253906
4.056051731109619
3.9860823154449463
2.5308284759521484
3.6225874423980713
3.930039405822754
2.410076379776001
1.6980469226837158
2.797163248062134
3.3694329261779785
2.841917037963867
3.172457218170166
3.6885197162628174
2.7952094078063965
4.178547382354736
2.4626433849334717
2.891923427581787
3.119722843170166
2.4243414402008057
5.324878692626953
3.7653069496154785
6.58790922164917
3.1000964641571045
3.2885613441467285
3.4018654823303223
3.4931960105895996
2.4391911029815674
4.1623358726501465
2.6279754638671875
2.334806203842163
2.3494536876678467
2.8565526008605957
2.981959819793701
3.360734701156616
2.442368507385254
3.443235397338867
3.001612424850464
3.59379506111145
2.1389198303222656
2.66577410697937
3.0738022327423096
3.1346311569213867
2.771453857421875
3.728851079940796
2.841700553894043
2.218418598175049
4.286396503448486
1.920499324798584
2.4951491355895996
2.940828323364258
2.963454246520996
2.2715530395507812
2.800963878631592
2.928534507751465
3.4861607551574707
2.637446880340576
2.544490098953247
3.2984981536865234
4.315633773803711
2.3399949073791504
2.517369270324707
3.276714563369751
2.893805503845215
3.371567726135254
2.6538538932800293
2.9126906394958496
4.73644495010376
3.6472678184509277
4.635664939880371
3.5505311489105225
2.200570821762085
2.996607542037964
2.2049102783203125
2.3483614921569824
2.0169122219085693
2.4384677410125732
2.052459239959717
3.0498335361480713
3.2140350341796875
3.4220025539398193
4.519804954528809
3.5625972747802734
3.0595662593841553
3.641483783721924
5.635923862457275
5.836795806884766
2.452129602432251
3.274844169616699
2.7773938179016113
3.9757232666015625
2.272873878479004
3.874757766723633
4.448416233062744
4.0479536056518555
3.896479845046997
3.999300718307495
3.8388848304748535
4.524733066558838
3.568892002105713
3.446655035018921
2.8311805725097656
2.5886924266815186
2.9616196155548096
3.095304012298584
3.452385187149048
4.0000128746032715
3.9378528594970703
3.359099864959717
3.318830728530884
3.1196701526641846
3.159616231918335
2.8794748783111572
3.1257643699645996
2.0928516387939453
2.956763505935669
5.041441917419434
3.1675682067871094
2.4983139038085938
3.9101128578186035
4.035335540771484
3.8478190898895264
4.827317714691162
3.106027364730835
2.427703857421875
1.9177974462509155
3.4120354652404785
4.2280659675598145
1.9247342348098755
3.2403247356414795
7.412353992462158
2.64209246635437
3.6403980255126953
2.9636452198028564
3.1982011795043945
2.009690999984741
3.4280247688293457
3.4925241470336914
2.1190967559814453
3.6674652099609375
4.803908824920654
2.2104363441467285
3.105072021484375
4.002785682678223
4.8764801025390625
4.1444878578186035
4.873900413513184
3.188244104385376
3.3309972286224365
1.8860645294189453
2.11574649810791
4.141139507293701
3.360466241836548
2.4141948223114014
2.4196033477783203
2.9161972999572754
3.1356215476989746
3.0633976459503174
4.173796653747559
4.049914836883545
3.0107266902923584
4.399353981018066
4.289395332336426
4.261722564697266
2.793790578842163
5.151549339294434
3.160209894180298
3.023648500442505
3.2165093421936035
4.616018772125244
3.8164618015289307
3.3445887565612793
7.156895637512207
2.507690668106079
5.7004547119140625
3.0249581336975098
3.66914701461792
3.8434457778930664
4.534639358520508
7.373126029968262
2.7108497619628906
4.6085004806518555
2.9338929653167725
3.472903251647949
2.516831159591675
3.0608835220336914
2.8203656673431396
2.741868019104004
3.454092025756836
3.794267177581787
5.1313581466674805
7.7886433601379395
4.140084266662598
3.58500599861145
2.78961181640625
5.590474605560303
4.846886157989502
2.2450058460235596
2.533120632171631
2.6105868816375732
4.21738338470459
3.4938416481018066
3.048421859741211
4.26521635055542
2.9502334594726562
2.6128287315368652
2.7793991565704346
3.0492842197418213
2.6834585666656494
3.617501974105835
3.9981207847595215
3.3326282501220703
8.169787406921387
4.445137023925781
4.414405822753906
2.430518388748169
6.112244129180908
3.225475549697876
3.7056567668914795
3.5301880836486816
2.7160167694091797
5.255002975463867
3.7590084075927734
3.0646893978118896
5.022953510284424
2.9847917556762695
5.098879814147949
2.996861219406128
3.112516164779663
4.344405174255371
2.639500141143799
4.137630939483643
4.357488632202148
3.477094888687134
4.900359630584717
3.396178960800171
2.0010337829589844
4.403892517089844
4.323831081390381
2.975482225418091
3.230072021484375
3.0625526905059814
4.665303707122803
6.231129169464111
2.644991159439087
2.5498435497283936
3.2160191535949707
2.717214584350586
2.874835729598999
3.595541477203369
7.376638412475586
4.368671894073486
3.8319108486175537
5.540679931640625
4.3676371574401855
3.3320844173431396
3.1146297454833984
4.375307083129883
3.041778564453125
2.6772923469543457
2.731125831604004
4.853059768676758
4.620888710021973
5.381815433502197
2.0407371520996094
3.7180662155151367
3.035385847091675
4.564525604248047
2.9448680877685547
4.6816840171813965
3.6332895755767822
4.116142272949219
6.083035469055176
5.089662551879883
3.764359951019287
4.129855155944824
4.205574989318848
4.614778518676758
3.766645669937134
4.671390056610107
4.243978023529053
4.949203014373779
4.182592868804932
3.0723354816436768
2.785322427749634
3.9743049144744873
2.9191110134124756
4.096192836761475
2.539283514022827
3.8680074214935303
2.6237599849700928
3.1881191730499268
3.545356035232544
3.482503652572632
2.0783464908599854
3.022404670715332
3.6780617237091064
2.8174822330474854
3.944234848022461
4.552789211273193
3.5336925983428955
3.454829692840576
4.678450107574463
2.7720272541046143
3.2640299797058105
5.200359344482422
2.591848373413086
3.6229326725006104
3.8157451152801514
4.090212345123291
2.4674465656280518
4.2730536460876465
2.4929561614990234
5.802398204803467
2.7577157020568848
2.3540091514587402
2.920182466506958
2.7612111568450928
3.242591381072998
4.733218669891357
2.9456441402435303
2.7632269859313965
2.541412830352783
4.235432147979736
2.3366177082061768
6.267172813415527
4.188253879547119
4.768599033355713
2.86624813079834
2.0701956748962402
3.7051994800567627
3.0252811908721924
5.356888294219971
4.235036373138428
4.406721591949463
3.2308578491210938
2.925976514816284
2.3388829231262207
3.4336376190185547
3.244999885559082
2.6533467769622803
4.754673480987549
6.352198123931885
2.9611170291900635
5.974796295166016
4.59041166305542
2.7698700428009033
3.535097599029541
2.9978175163269043
3.9891440868377686
4.994029998779297
3.3117995262145996
2.307267427444458
3.643120288848877
4.773623943328857
4.83251953125
2.5079498291015625
4.743974208831787
3.514749765396118
3.7836921215057373
3.284318447113037
4.852574825286865
2.7684898376464844
1.9017035961151123
3.931469202041626
4.446122646331787
3.4331274032592773
3.488069772720337
5.003986835479736
5.452343463897705
3.455904006958008
3.294501304626465
3.270556926727295
4.357232093811035
2.8593719005584717
4.373475074768066
4.5665974617004395
5.661549091339111
3.0312912464141846
2.9588515758514404
3.64737868309021
2.7601511478424072
3.396090269088745
2.8725175857543945
4.150115013122559
4.396611213684082
3.2394473552703857
2.3823843002319336
3.825129747390747
4.8596320152282715
3.704310178756714
4.292505741119385
4.650179386138916
3.3228282928466797
3.9659762382507324
3.3400912284851074
5.913120269775391
3.0965287685394287
2.6060028076171875
3.118598222732544
2.5019118785858154
2.827603578567505
5.24432373046875
4.2480902671813965
4.348723888397217
3.6857926845550537
2.733567714691162
4.017261505126953
4.355648994445801
4.286281108856201
2.7682852745056152
2.4620954990386963
3.3947269916534424
2.946748733520508
3.8010170459747314
4.983181476593018
2.97403883934021
5.7561564445495605
2.834383487701416
4.445384979248047
3.238821029663086
3.125458240509033
3.544752597808838
4.883055686950684
3.7375595569610596
5.168328762054443
3.5328657627105713
4.5924248695373535
3.029085159301758
3.5650298595428467
2.6880156993865967
2.6693828105926514
3.2697482109069824
3.376918077468872
4.343739986419678
2.950150489807129
2.123220682144165
4.0024189949035645
5.064845561981201
4.122556209564209
3.980865478515625
4.5721435546875
5.367126941680908
2.750540018081665
4.103816509246826
2.866091251373291
3.115156888961792
2.300952911376953
4.698241710662842
4.831081390380859
4.081366539001465
4.343008518218994
5.403879165649414
4.167138576507568
3.3716073036193848
3.7685916423797607
3.8075783252716064
3.736764907836914
3.3081555366516113
3.533586263656616
3.6806769371032715
3.0131165981292725
3.486839771270752
3.8231449127197266
3.707810401916504
4.146063804626465
2.545006513595581
5.0403642654418945
3.4537367820739746
3.5318763256073
1.6948672533035278
4.604988098144531
5.272900104522705
4.996103286743164
2.9505014419555664
2.4542131423950195
3.2932889461517334
2.7456207275390625
4.874256610870361
2.7576451301574707
5.931644916534424
4.464512825012207
3.632176160812378
5.585415840148926
3.2388675212860107
3.6306304931640625
4.909032821655273
4.719213485717773
3.8977370262145996
3.4278085231781006
2.65624737739563
4.681083679199219
3.504564046859741
3.890303611755371
5.640200614929199
2.7367515563964844
4.178763389587402
5.476038932800293
3.4713213443756104
3.2380285263061523
2.4020516872406006
3.7242536544799805
4.3252387046813965
3.7284486293792725
3.683889389038086
2.239802598953247
2.8841865062713623
3.746480703353882
3.2023797035217285
4.657188892364502
3.4752068519592285
2.6781136989593506
5.118921279907227
3.45521879196167
3.1227879524230957
4.511723518371582
3.826009750366211
4.540079116821289
3.6197316646575928
2.502220630645752
3.3660426139831543
5.183716297149658
5.218559265136719
5.036726474761963
3.1592748165130615
5.72971773147583
2.6552350521087646
2.7647206783294678
3.6605069637298584
3.5119781494140625
3.6697323322296143
2.6340932846069336
2.745126962661743
3.9045932292938232
4.748558521270752
3.0589396953582764
2.7928130626678467
3.3283069133758545
2.3072829246520996
3.6662182807922363
3.3499398231506348
11.503681182861328
3.162468194961548
3.319129705429077
7.372538089752197
4.343712329864502
2.6400840282440186
4.221407890319824
5.472373008728027
3.9919416904449463
3.4927031993865967
4.0252299308776855
4.656656265258789
5.0384650230407715
5.2825422286987305
4.572859287261963
4.305897235870361
4.057839870452881
4.2522196769714355
3.51959228515625
4.824923992156982
4.5057196617126465
7.160431861877441
4.07906436920166
3.761478900909424
3.851381540298462
2.5220086574554443
2.9712114334106445
5.867972373962402
2.835127830505371
4.408539772033691
2.2305333614349365
2.413661241531372
3.940764904022217
2.467730760574341
4.538156509399414
3.4688773155212402
3.574864625930786
4.9266533851623535
3.4748127460479736
7.043861389160156
2.719787836074829
3.06852650642395
6.814587593078613
5.049488067626953
3.4765403270721436
5.119408130645752
3.127298593521118
4.678669452667236
2.706483840942383
3.443821430206299
2.614816427230835
3.8137035369873047
5.756805419921875
2.9663026332855225
3.540813684463501
3.5108652114868164
4.966564655303955
5.576290607452393
2.993673801422119
3.5522897243499756
4.2200446128845215
3.4017107486724854
3.1663670539855957
5.309311389923096
3.0224783420562744
3.455620527267456
3.457022190093994
3.83133602142334
2.885028839111328
4.164499282836914
5.696150302886963
3.5590765476226807
5.3766632080078125
3.688572406768799
5.898358345031738
3.042452812194824
3.0606629848480225
4.2903571128845215
4.327446937561035
3.1001129150390625
2.4569923877716064
2.8077805042266846
3.646113157272339
2.591069459915161
3.039942502975464
2.437154531478882
4.605783462524414
3.9196600914001465
4.227107048034668
3.9318459033966064
3.7001888751983643
4.143365383148193
4.147671222686768
4.861310005187988
3.485017776489258
2.6397862434387207
4.360276699066162
2.889080762863159
3.228572130203247
5.542021751403809
3.008883476257324
3.4734079837799072
3.3014118671417236
4.716063499450684
5.225052833557129
1.988208293914795
4.458023548126221
4.365055561065674
3.557908058166504
3.120360851287842
2.8200979232788086
5.662994384765625
3.970424175262451
2.8072619438171387
4.4383649826049805
2.496495008468628
3.277914524078369
5.049663543701172
5.435209274291992
3.740183115005493
5.207630157470703
3.13110089302063
1.711084008216858
2.6905364990234375
3.4491686820983887
2.558967351913452
2.816789150238037
3.3164548873901367
2.5142641067504883
5.1751790046691895
6.2219953536987305
2.1568777561187744
3.0466370582580566
3.9682345390319824
3.064762830734253
3.0779776573181152
3.0402731895446777
3.1596009731292725
4.242541790008545
3.2906484603881836
1.9357675313949585
3.7960073947906494
2.597471237182617
3.9014101028442383
4.0100579261779785
4.274419784545898
4.451611518859863
3.4182817935943604
3.3175196647644043
3.963083267211914
2.422499179840088
4.053955078125
3.0373165607452393
2.5375919342041016
4.076863765716553
3.8428192138671875
3.9930830001831055
2.190056800842285
3.2788758277893066
3.52817702293396
4.632643222808838
6.036895751953125
2.6418404579162598
4.871718883514404
3.3589353561401367
2.6806905269622803
3.3596253395080566
4.162250518798828
2.771852731704712
3.4326436519622803
3.8228039741516113
3.2051219940185547
1.873788595199585
3.2680909633636475
4.317456245422363
2.923661470413208
3.4556450843811035
4.1052751541137695
4.9951171875
5.054611682891846
3.4756853580474854
5.174252033233643
2.4667916297912598
3.179711103439331
4.7555437088012695
2.351363182067871
3.499293565750122
2.7095530033111572
4.254432678222656
3.183445453643799
3.5167617797851562
3.789492130279541
2.9979965686798096
2.9172441959381104
3.7622931003570557
3.016486644744873
3.279324531555176
5.373868942260742
2.938239812850952
6.383357524871826
3.76126766204834
2.485727548599243
5.24763822555542
3.4100100994110107
3.2161006927490234
2.613124132156372
2.442844867706299
4.344736099243164
3.9786484241485596
3.32446551322937
3.096082925796509
5.151539325714111
3.723804473876953
3.5194685459136963
3.8767552375793457
2.6670801639556885
4.228245735168457
2.7811269760131836
2.9391603469848633
2.5570921897888184
4.063621997833252
3.129385471343994
3.102158546447754
5.581037521362305
5.413651943206787
3.0072453022003174
4.04133415222168
5.2467570304870605
3.3515331745147705
6.754567623138428
5.673094749450684
3.3364171981811523
4.54265022277832
4.475771427154541
4.017652988433838
4.137452602386475
3.0886127948760986
3.750196695327759
3.7142202854156494
3.8784332275390625
6.109076499938965
3.0222227573394775
2.2525439262390137
2.193690061569214
3.297490119934082
2.7199103832244873
2.9678807258605957
4.124560356140137
3.008419990539551
4.784012317657471
2.110597848892212
3.253016710281372
4.631760120391846
2.869333267211914
2.727797508239746
3.676987886428833
2.4595186710357666
3.4186768531799316
3.9124789237976074
3.5823373794555664
4.957022190093994
3.8167166709899902
4.0073957443237305
5.6687116622924805
2.9119184017181396
2.47123122215271
2.8186097145080566
4.597588539123535
2.9074785709381104
2.1602063179016113
2.5309619903564453
2.8427670001983643
3.7379417419433594
3.9246723651885986
3.85343337059021
3.7799947261810303
5.817918300628662
3.654557943344116
3.469198703765869
3.671250343322754
3.9267585277557373
4.2547125816345215
2.6902518272399902
3.3196637630462646
3.109312057495117
3.2291154861450195
2.069885492324829
5.267252445220947
2.5512311458587646
6.724974632263184
3.6228442192077637
2.4756383895874023
3.6520073413848877
4.1737871170043945
3.6752490997314453
2.493802547454834
3.0095410346984863
4.502037048339844
2.416018486022949
2.4081509113311768
3.676995038986206
3.2266478538513184
3.518563985824585
2.419109344482422
2.3553855419158936
1.722520351409912
2.3919568061828613
4.948947906494141
2.8015027046203613
4.049113750457764
2.946910858154297
2.698729991912842
1.7225979566574097
2.9030234813690186
3.0690999031066895
3.2507362365722656
4.030185699462891
3.6773316860198975
3.3934435844421387
3.139047145843506
2.3627121448516846
3.797428607940674
4.888228416442871
2.9203834533691406
1.95198655128479
1.9721397161483765
2.2141993045806885
2.4411191940307617
2.5086004734039307
6.592800617218018
2.182013750076294
6.190863609313965
4.008660316467285
4.588588714599609
3.0635275840759277
3.382798194885254
3.4041831493377686
4.8166608810424805
3.0054919719696045
2.5955629348754883
3.9487051963806152
2.546381711959839
4.428882122039795
3.445115804672241
3.4292476177215576
4.354403972625732
3.302568197250366
2.499549150466919
4.868519306182861
2.7971160411834717
5.17221212387085
2.2890899181365967
2.121272563934326
3.6170661449432373
2.216914653778076
3.3422622680664062
3.674003839492798
3.795614242553711
2.3882808685302734
1.6535727977752686
3.0945370197296143
2.397233486175537
2.0799965858459473
1.9628506898880005
2.1006920337677
2.5918145179748535
2.318408489227295
2.6518218517303467
3.335474729537964
2.9806950092315674
2.8341338634490967
2.0907399654388428
3.8519697189331055
2.1751933097839355
3.2718067169189453
1.735214352607727
3.224640369415283
2.6401219367980957
2.889554262161255
3.008542776107788
2.1557602882385254
2.456610918045044
3.409996271133423
2.983381509780884
4.79449462890625
2.0036542415618896
2.792572021484375
1.9136343002319336
4.437534332275391
4.482325077056885
3.1458075046539307
2.924349308013916
3.1907761096954346
3.49489164352417
4.97939395904541
3.246246576309204
3.6050374507904053
2.283456802368164
2.934349775314331
3.749760150909424
2.926706075668335
4.032249450683594
2.5215694904327393
2.4881136417388916
2.7246806621551514
3.5040979385375977
4.427644729614258
2.5778961181640625
4.766133785247803
4.364838600158691
3.421360969543457
2.308190107345581
3.8021185398101807
2.483502149581909
2.131957530975342
2.249422550201416
2.1170806884765625
3.656895399093628
3.1878504753112793
4.844522953033447
2.145984411239624
4.477987766265869
3.0523147583007812
2.8068721294403076
3.273344039916992
5.501530647277832
3.6104588508605957
3.831342935562134
2.416743516921997
2.7749764919281006
3.075911045074463
3.970022201538086
2.219770908355713
2.850069522857666
1.9960660934448242
3.2618610858917236
3.199373722076416
4.560186386108398
2.2012529373168945
4.852877616882324
3.7272067070007324
2.0087718963623047
3.021613597869873
4.748843669891357
3.731679916381836
2.34277081489563
2.926483631134033
2.3624749183654785
3.159846067428589
2.736781358718872
2.6916675567626953
2.196065902709961
2.7801408767700195
2.297821044921875
4.2421979904174805
