0.0
0.0
148069.5556115855
104116.35797107534
81457.8916368689
96021.35997666104
92947.99291149627
103742.90627057223
78697.2762000273
92053.99967202498
94622.18300042479
93467.13999880826
83899.51446478847
79660.37483802492
95379.50919011633
93999.62504864491
94980.94897401315
78897.34403804719
92598.47913013445
101980.77811199064
100630.2484394356
105792.80539492107
92072.1694522273
102670.05034322066
82872.50057030264
100952.93173805714
87586.2077592431
75955.08310183023
85628.777804278
92798.17713011437
81047.0632204189
88087.08346219733
78399.64548642695
155140.81358902992
157404.67374696306
296792.79057190986
107361.77131118697
83843.31204903313
104698.82755083985
89963.35154215475
103476.70822273317
93105.8083528224
97191.11009489487
94021.42474652447
104373.72747797714
107842.05894657306
120442.58396975654
134486.38374366466
133054.00897963298
115870.78348283297
100919.6574470311
147453.85994578886
181283.20111480428
119839.99658032792
86591.47501571328
100121.18086907879
149069.55139090796
157169.33451855145
150081.61277025158
170147.81231110587
139869.15877960116
163841.99808447674
153266.77553256697
168927.9556782451
155042.47932488218
99590.57356039902
154795.20309711434
147526.9790095588
162370.85187727647
212222.4124096251
297313.66246005346
297311.3487826328
160168.93998337898
66891.6476799822
84128.07534554577
148627.53810060598
137489.73712148558
155470.76776477264
131301.49749307262
143096.43172221078
137218.92918505022
67484.33870627912
64262.010093701676
53832.26639935852
147419.32879067466
146543.97584696845
90629.63995427344
196854.31659571832
173090.93955776124
77360.65687932125
174831.95611433985
194124.539553779
181214.2287939518
185943.80179404665
185302.47823423706
180846.76743833776
185639.98402802504
94483.4960330526
202985.1434557914
223474.9925544451
190140.2456796526
192383.33122326812
191691.28315900321
94584.21135937558
179685.6126813565
225962.2782180627
297311.09622083936
111521.02672388447
95538.32550977445
216530.038097847
117475.48367625408
217500.79893683098
220834.52644935204
216340.2360492924
113742.53681699057
217401.57677946068
211265.63828750738
105812.15074037827
221162.56723984983
85525.31350587626
103105.47569097711
211495.44926160589
231039.81924502633
257097.33310034306
243222.80533516294
239494.1473087218
114627.59900181164
229676.4898044947
103632.96382010025
236660.7849488566
221359.96980730997
237589.18830900738
235026.75377930625
122406.1772602696
231406.61568161866
221969.08637043694
117037.6780080135
239244.5606391919
243873.19972934728
240624.50869845736
88396.97074746461
151969.57095960266
297298.6672007642
183238.64547258965
68987.34819761316
68251.89520189361
70423.05513790851
72010.85501749502
193328.99343115895
180740.88577051848
77177.61593928235
193149.52666498296
74600.69243123136
97453.21450295269
211996.6629092559
208252.70333685787
196317.32022456013
83664.59095999175
84500.16368145916
223159.88336561332
210650.37760619563
210728.44471189147
213742.45984476074
211501.18558915905
204341.8749259584
173974.48548948043
75712.96067391132
168303.63846392755
169188.85136876642
171436.29069048367
170754.52114088592
86868.95095170976
54029.6067358108
55855.21454547817
52798.959242230514
66683.96531301185
185453.94735755704
197431.43277018284
268729.7142819965
230168.4649200873
149617.20656039484
70829.04258253414
97717.57471549152
181132.60239357405
97660.32319137843
101676.42751909031
170813.75387714748
86954.22309341721
204961.67785377058
80519.65094098132
61540.073415317034
98202.92181158121
204878.3545237696
180912.3103355291
98685.8458997695
151917.11289129377
94653.08344324472
201165.30881782575
185065.4272947651
170239.67026285297
195997.80694209653
195148.09069548617
190551.83203701547
185554.21964322447
158711.43298868043
84530.04394439457
173681.02272535904
215628.48973739697
209984.18522543227
212933.21370993805
213343.54456390144
202111.52222719885
96285.28189858698
73705.76279139437
255928.56297008033
259991.0121265241
219532.45819182164
120946.66603389195
201984.4245082296
87604.94277747796
174764.4485709157
218794.47120455134
98831.68677535691
172281.32675759925
209167.8067190266
82192.11165399963
169790.00391835236
180272.63785074942
86795.9667760944
147184.84411930115
97030.63019002721
158526.4699148254
94960.42950420496
80814.54612406218
76495.43152615515
64545.12729919451
195359.82789521303
94779.15427274456
73214.52609916763
182100.32997520594
219115.41917944726
216982.01633045054
241434.34023694464
231102.02656930895
224840.32035745712
217718.19618896337
104784.31852575447
72306.38360084617
213129.05567829538
227936.21188867738
295696.5332412575
269828.16409037483
245689.31127285128
244892.91182197674
241307.23921121526
242091.9493733557
130746.66428467362
77937.4509039366
193341.18511333168
236872.62829278965
242180.43541440257
232809.76670988006
243578.77969087948
241829.0558073424
246405.95687380838
100126.754960148
212164.45255408838
225237.73622504785
223355.9895248458
107314.94000314061
171605.46407739882
197865.73582827917
116421.56529610694
68083.9369075148
135838.53993974617
123774.885391954
71565.40052620081
153212.88760982748
162883.61976434727
171867.85908177565
98247.94633763483
193649.8283108079
101264.50854015922
206029.32972935168
230525.55677335832
198043.33892158608
278300.4273180753
233932.9994534205
219546.52921731485
235593.23083582558
118736.39391149678
176028.90407597512
232919.97486258837
141550.79429036562
96006.34730651704
78648.92820073327
216970.3183681356
251607.06633245156
112846.65635806191
221113.16284373688
110961.61472560391
212682.52507422565
250384.30683328543
244004.1797754395
253846.25031226783
252269.6317014438
240522.2171888782
100382.23685740231
221182.69694414595
241516.63573763103
251050.05421355163
248333.26469730586
127146.86245501647
87245.68258052823
96948.35053952037
104419.79157994702
89234.48673373429
230791.7525648882
239438.00871716544
235559.38383029317
236061.25497460103
239471.64017227196
297535.1739643065
265643.26854299626
209257.52669088615
219591.3001399191
211509.1251055941
189564.40848030237
98934.21169282659
64442.516067583165
71790.37299754425
162038.77823951162
167211.21605783032
158604.10508043348
64099.140485597054
68680.82196480436
63257.95374624257
164992.33103443024
178809.18868085905
183712.12840655344
93022.71833303508
65673.2379001281
152994.50043988484
80342.60515361904
182026.75842652447
214284.42378574557
80469.57324509621
164505.5190833543
203500.26470049177
86485.66545611511
73574.90858982969
142285.25354076244
167139.8735195625
172852.63832383772
171812.5521637157
182659.40766582816
79346.43514943775
164357.19253617132
272767.0626895326
199818.1210462891
75776.86742315133
204119.82087512917
87868.50795777088
82429.85343819679
203241.67512639167
93487.1879248292
73465.29267722512
199466.9269226656
89381.21050363957
199068.23881372888
241942.71423968492
216114.2251222732
208578.97750362207
90149.21564669142
190894.7448958973
84420.20054913744
174793.55339269608
234293.1931472276
92188.93474445208
175765.7867928512
189495.6451963386
195250.36021394786
81282.78166381162
149659.2377838219
147452.17077174384
150876.48035818353
124741.86529919047
125513.88611781136
129585.35382158624
115140.23079149611
118116.18648227197
72301.46270013737
131774.15095939173
55626.44076529692
233333.96179091095
213855.45491447163
118699.45463660988
44137.66245420609
40185.65298921215
129951.72896627295
130147.61253289417
36329.12994735947
42968.23264061125
112069.76370952181
43118.13052118479
79698.94114243983
129388.30599321025
55385.59877589147
36391.588377752174
41861.25771197146
88568.40078729467
106603.73493345942
108836.21014805402
102886.19356937715
88845.05338565784
92961.10206385537
36476.00429479619
85226.85138679275
39146.50155967244
49660.34596668329
50625.08582543459
87677.98617060734
36303.488689153404
87565.94314228743
105617.17785657769
94560.70246907219
96168.09265530512
49146.00331060775
52038.3885450295
34649.02547402218
209959.4871535048
229562.58949639852
119780.48070316644
111234.90006189042
119235.60597865815
50593.56862940962
103492.83948481853
88058.55749017913
39803.479907270645
44607.813956966325
47741.6018486011
62519.88316743137
77352.18286361547
39390.321046421435
71294.05928277773
75797.21069667468
71380.8929457438
36913.88869889187
35071.11761394387
73244.23837608227
83638.58230788812
49068.78989611337
90862.16876393491
50651.91755149662
96998.1702767854
46868.9417035977
103303.33955843528
116900.6678677039
101279.55332453552
122816.07449829525
153972.66106334582
147871.96581507276
118956.73287907655
99561.26389615904
95463.61609927009
52080.753374837695
243583.7236813548
163407.4049586725
151741.31641291996
52094.32437280342
57498.4603907102
107417.46889100703
113163.26337443324
114983.32031209666
115979.16867286767
64835.615922511395
54240.826814164546
108889.30639611666
55402.65847359051
96687.78822487681
105365.6498484882
96881.52620045353
80418.81363331956
110126.26410591291
115244.03612728928
55905.84322689556
100131.6734797757
117056.43014546552
61019.70652329339
120373.53925491667
131091.48039103003
140862.93473503916
62604.643666653676
127812.19518125842
63355.16667308312
121108.76925459236
148385.51281695368
155737.09589695945
130721.50225655551
57254.95569707368
130391.97247494725
49620.04456354259
219146.7357692544
271031.8844525686
77654.59343251522
146422.8039709837
174648.13955730177
174418.66080026672
160640.7115689335
152064.78142918984
58627.13727491644
131587.82945910734
173299.8707883205
47724.22194630894
148492.0438006818
47179.92899643483
168175.6970788138
188604.56253371105
190329.95336159284
184273.98841857014
177848.8599097829
193507.4522343403
179492.7290322456
67168.0472256983
52433.31703571849
53012.885589099846
134472.2520044183
156108.1694937712
54444.14224300251
135057.4663236812
45904.046437217476
52236.001740549924
142227.29029301173
69708.0083146822
53045.55527723621
149137.24390519515
146162.355985977
160757.70336679873
263850.3700352708
172689.04373577496
222598.77227545244
232525.92146292113
83070.7379314022
72195.23978071981
179190.32903332548
193597.6169888863
56088.06871203101
145684.3466136422
177069.2954376736
193835.35987034906
182692.8401462174
190814.74922456898
186812.34342664614
183950.95996105895
99737.98014114004
63059.063817639675
194736.8316523179
228693.44840829558
243786.23633613242
240870.1849483861
224376.3932511153
213469.51329630584
95858.95516085901
212542.22940332565
224053.2469953726
221037.94472380064
221545.1236792437
239436.3106962943
242031.52685093027
78535.60786532897
204891.69472824878
89640.77992399286
218455.21685189757
88693.20879335795
226874.68436874126
275141.4898105043
242399.69299569182
252120.52822357047
258219.38238422733
88255.73602355058
206103.08689361234
221018.90597259195
218953.3795353922
214350.92633150687
93388.93031591605
185659.8009018739
77168.19781367175
176816.54832052244
208161.45927967716
201147.64973684947
233824.63716444236
99599.85215221078
99919.89258221976
216034.93756675607
222943.91700574307
240395.27670995257
267240.2165950597
104925.5159495642
230050.71257979758
263700.4155135197
260527.4179744639
249090.06220497706
247051.52295614444
108949.92890034559
229885.7494524231
253385.0401208594
240112.24797264606
236271.561943901
239618.24012408324
82073.2193658995
265073.2184640078
172801.53991920495
247736.98881754387
97651.63354174908
65576.52859975013
234995.94909968696
259792.7559731585
241375.21819606263
245038.09544248786
249623.68179165927
249365.42904248426
246039.5066365522
231765.12771393394
232426.71388880184
224787.65023290613
212571.56558365733
201100.41074224096
100833.84227732224
188976.73081047504
239889.74602709306
233991.46800061894
216845.53356876728
210490.2174095374
210951.6245127501
76146.97653129642
212284.48845443636
224574.09778143745
219244.92442902195
236399.3786956401
255982.6141669662
94559.86005812071
229864.20309379365
227922.36654713153
225166.93806255696
239470.92112226723
238193.58477722298
288691.34449043614
275806.8686153043
240383.78837794217
227776.1627009817
199874.05607239285
206782.83296465527
64005.235479220835
178213.63363526296
221433.01276101574
203591.15897604192
205463.15653699436
71876.90285757184
192779.5639817072
194603.60687127642
200742.35625410965
207131.28885881143
207262.40336257018
210410.91770912617
182774.76360161832
57855.472261838986
174485.53345184957
196492.86078168705
204423.14018771402
206851.55066594656
221828.64095996707
228042.05069072498
226935.5346498967
241890.70548197697
224101.09603822138
225264.08335401327
210305.6947667506
230388.3668085773
227662.96329678159
226880.05666464847
198432.39574381543
193669.54942291748
268278.33215683576
258800.20921556026
202241.73290489728
186427.2550061054
186888.50270022888
190942.50731840884
202796.5953868099
200543.35004151825
204677.4902150697
77013.76580151112
181375.78178268534
201921.08672512154
204407.56289146724
82534.36879536795
176382.31298721707
193958.0155429438
199249.66489179013
192040.18520042297
198058.70583932337
203358.12082872345
225387.61479331617
231307.71289327746
232861.61318427062
233440.995536964
241722.12904613506
246601.54512058393
238126.19106033933
239080.14726874873
97944.69327116723
234231.29238345163
106756.46515696376
189395.96251022033
209924.88209785163
224892.0656285352
227259.28135024014
219396.06952000994
282237.67266881966
255998.73224402993
207946.06824110128
212871.37662636882
212859.35695990236
195591.17023138475
200689.14691249
197080.30410259473
186137.07895078402
170581.3295336447
191621.11699854684
92269.52230760672
204953.33187233028
197026.44151772387
215541.4300294817
225171.4382029723
222368.63956348973
227603.5403757845
215331.0986652904
70452.23109831169
67052.79270964411
182344.63151228076
183051.7115402544
50231.191024997206
52116.1629263005
58124.80642054408
125680.60325870162
157413.2429914909
170671.59630748347
191037.6690766001
86711.16470692487
203167.84011183327
203035.07282874448
190520.75988742462
217699.76717286912
237797.43552388786
287312.70895638334
254083.04434982516
240571.88466165742
236996.00726506123
95557.43667677927
230498.32185472205
245415.6922698165
244057.63686587635
251290.07053023638
254556.528327189
256536.2871263684
252656.53592135056
252707.45714923745
258847.02090797492
259041.7807815647
253698.69291784533
248704.81785971596
84599.4487066128
84117.05356404938
229454.4559740349
213832.4736527753
79890.7159568578
218583.98397618844
219832.59733085553
205570.44467091069
217889.35414204493
225603.3337257734
226104.10711805534
216915.6972675684
244285.9371498622
246249.68824570335
252212.70921837993
105800.62601068743
222639.55063628906
224683.47704016673
89279.26635859735
222585.59078085652
257355.14760228535
82506.01689014028
204219.91787016508
212178.66358022703
212990.9839634973
219239.05939144336
234014.29111256733
239130.25173378224
250657.72855934693
253322.26187983764
245691.13191396042
253088.34068273395
255042.251507647
246703.7735521955
241999.09567817554
233492.91438046997
235710.33012224053
246022.49935954364
248378.30090235415
93139.2333532516
223377.16871637944
240822.19217360317
68865.8530191459
201274.26380302265
220790.28059174595
192686.48636225346
195095.03985998896
221374.91431961668
200386.5814758708
209197.8046500021
204688.5516413693
200805.66443401165
70532.08137018068
203632.68802297558
194609.7591668627
245084.31103260574
150100.96248191744
209098.01541656832
243398.88340074068
239229.2472242352
241822.0464815259
220715.073095638
228540.29859949296
230887.52025493674
244822.60367549467
220955.39124572068
230858.27106812695
233370.3339331526
249794.84013186084
107928.66169007124
224781.0944688659
215428.39790766832
218863.62501245056
217318.15427661577
220642.702300648
239631.24580590287
95458.55269131078
216436.61275260246
93444.64405914188
210995.19378781703
226905.77059370815
235327.80848252025
245095.6554977666
229076.25102564273
232797.34175503263
238964.56971275763
245941.6482195721
236289.95287257674
106148.4782300492
235360.5447387253
250631.23016938567
291766.3938902553
276385.42193295003
256368.384347647
253133.08954459254
245949.1061618509
79316.03841554062
174431.25974735912
204724.9199371164
218124.7548137567
220412.12835711864
232877.2678994516
216496.6941467204
215972.43406369883
217179.12740709787
218449.7765296993
220680.49271119077
77436.83708772836
212107.215253151
89721.93367688495
196768.30291041653
222899.2944140082
224204.5133381596
219434.75212647722
224869.54012547687
220565.44366441638
220261.6842073206
233811.08548284823
239765.25369104862
254819.12783231205
263405.7440469354
264350.50012310385
105376.56432675578
243843.21811641564
261507.22896199586
265595.5818565162
258659.04986241902
290747.18072378036
265483.5005299129
209084.9135553559
214430.5648418236
202467.35839919827
190074.92098299993
63403.59178113286
158821.10287428705
188571.02178895936
167304.82831649535
155551.37421618766
145699.28566251733
50653.52654195654
137048.88132272047
135299.0793806675
188468.77386656418
195848.2529549828
74050.19360719324
163367.80458514724
181920.0931169727
188917.2394215937
191462.83779354827
188084.55822816023
198652.8383953668
203323.5918151565
216315.29004274134
209577.01036229206
215227.8016487153
203447.01363017602
208429.43652872607
62904.49176756398
194201.67050197985
76342.85217243267
196857.94137769187
221281.97298449298
58351.77405881823
249465.47343728915
219790.50932902924
63017.789895881135
147682.28615005364
155161.08632649557
190750.65848430365
172526.93264826623
192142.34515060994
163245.17466486554
170063.19070912126
174924.15554916786
167016.08477932337
170911.65438232306
156952.47420887553
176765.9699600745
180341.81389204858
159383.0244809662
121159.99983897584
115022.14146314179
121736.01513082269
136633.39118242858
151260.672216599
183791.7799043776
184693.96380419444
166926.98436349517
174772.90357048996
176481.38586043718
51363.77766454915
124819.4469148138
152054.23039554848
158304.44863202126
166827.1812175037
171028.5783328825
187248.50664413796
162965.20534408034
140596.15330361636
239675.3388805498
204039.59281844203
135302.2018053386
154498.56164631882
166918.77785718156
166851.4153636976
174954.99442298745
193317.31023384776
173281.78857451546
188832.48183810158
142201.93290735362
132063.00928846764
135424.90252554824
125891.49216819869
169406.14564645535
194986.12436882817
183024.5424838177
164023.93931963877
143085.80445540612
130602.55228176246
125115.31139884266
135705.0816589196
165300.1743707358
150188.3172055153
148706.25710867325
108602.39403345241
130463.39720156277
120458.38888622327
124505.81098542754
111980.79672192057
123738.2851448574
132365.5479457598
121067.32320160286
108801.01949498913
106454.65887354953
96878.9862519536
221524.22718854458
177372.0197306542
138658.75839540485
95840.94083507278
71647.83860202262
62507.21693414405
91825.41919373178
101345.18780706255
107509.426970121
122522.10635257655
125216.84108931092
120357.82330917665
118405.60672025921
118516.02176908107
112062.71289437191
141384.87066377656
104619.39766494997
109269.52315013186
124267.68215030378
133430.30657546438
133955.38384674396
130787.68852788075
114176.5226939655
156941.39677794164
162515.03980793408
138303.7915862918
171051.39166824936
194929.59457794155
188680.48654039492
191076.81136058696
190151.52274378584
168938.24594223057
174952.83671018758
184947.3093272123
200469.71254487932
184502.98182710022
258668.3099715035
222721.0227675458
173402.27761915224
141760.56467086734
144950.78282254643
85891.64452290343
110516.32294580808
125959.77318118226
124040.86920610622
113708.87547085111
122727.41517450604
141568.46329643624
144055.38725543834
139541.06768087647
133557.60223504005
116229.37597359442
131600.92917160067
137180.52867334805
57934.60059795707
117637.71129860112
117798.23959729413
120676.54977592018
117651.97498610492
118505.78680933829
136422.70146902208
88437.36152048262
109699.50009974136
129021.66498532613
147740.16550134114
139841.76299320484
170372.1709713881
165780.41889618643
58769.35444817455
120535.75510426267
133076.38507940818
125797.55020375446
234014.7325057584
279233.4099564638
218055.85081463776
240981.63761361496
253216.2684172027
241866.43009806928
253487.26631581242
256634.29715268957
251478.89552461414
249511.27095293757
240517.78720775023
245271.75866947108
237848.24225143634
239710.26486550452
260102.22989064822
259411.37765985145
262105.94650976238
261005.05350758394
257119.16037947318
256913.02285795676
258845.6325790495
259819.9917097783
261216.8603140854
262566.3488657931
254020.81217286203
256063.4813019248
256274.79372408663
197409.52691505008
226059.89750185848
249404.51140162168
256796.72876508464
247416.50081362386
239994.3739409751
241172.59644682004
238914.8043588219
248955.89398246116
289857.8083448399
281856.89604209876
264319.2492757323
239616.93891345288
241561.02070534733
257145.89529897133
260014.17356123083
262756.5811108175
257704.91434704707
264053.7129212819
260221.83053753953
251417.37760421666
217628.61281189544
250836.87822321683
262327.45454848633
258448.5858753339
248956.3945568376
257007.9987101587
205651.23935436533
240261.85423136942
249111.07726221014
249683.11305682553
258852.1449498093
263443.9335850777
265202.0076131859
257191.21987232097
93676.82859645844
192057.02837548286
232595.16112650995
246052.49266620007
241515.84576099695
246940.76416502715
235914.02135084986
236492.83354400328
238018.3604647206
291272.2958760211
291413.06297834945
234979.3175086047
234876.77779430753
212441.23508047656
165284.73191464678
200751.4067647723
231365.89871511297
213228.0618914293
234718.95144583087
247295.05352133123
230833.08631263935
237343.41762706643
234863.11542323604
225801.97341787972
228335.41502163498
211668.11604790477
191560.45742523554
220541.83850890773
220343.58055285248
236982.88135224069
239084.576956345
202305.27921750833
188819.07174892878
207517.17667924176
228730.07910920068
213302.2408182913
221602.23510580018
239369.57474022466
223310.46817471067
253968.38740630803
246787.06235561913
239644.41256590548
242817.48515872782
234525.67604244122
232866.595198967
284195.1321217216
273614.4638485223
237476.17109159526
242533.16403128183
243505.47195326877
251405.5790127073
251678.47631807913
251457.94511006458
252560.8975789972
247311.2288238763
242935.54083759573
245027.31424862923
244366.6546809266
255751.94724327972
250912.5081202093
254110.61601116267
249004.73318377224
253618.51708787974
247747.40781975928
253762.82848215336
250465.11731176564
243713.95993972797
240786.47308938883
249609.83082364927
238085.84652554768
92351.59491557625
248715.2547740294
250190.53603661267
251757.26538858205
254738.48841967748
255315.9135672502
251915.5160320188
252593.18928853614
259964.57919843664
255268.17240526652
253140.94019317438
289715.99523903546
265828.07775708556
238371.56658758744
242387.95862355214
238530.49438573432
234673.2982740854
226899.7820529471
214220.27631514426
231786.87664688757
244458.07305467484
230076.13732252727
237682.13823779576
240804.1790702934
248459.16721959083
251580.45892406855
258276.62189318563
256781.99819124912
260774.99768733082
259658.34362357273
265001.7191235777
263708.77391036093
254813.5493633479
252470.97509229486
248192.8599402437
244901.87043129856
243530.78199155958
226820.2078204422
227431.34751149654
219535.9664805871
201894.2814487681
96173.2614129175
207807.10832476232
221724.6365409589
219664.88200155253
204489.88335918562
212876.01029043808
257944.88217847963
237236.04014464456
104600.93286267936
234342.1525873627
209353.04337100708
208484.8009388185
220097.55724023495
217643.357505944
213770.35341193323
234018.29689323052
244373.0978831816
248157.8371920864
210282.65917038269
134491.194674413
240723.3489247759
259039.0704869634
247023.01694679636
258862.56534962595
262331.61936105695
255127.01457799663
258228.37908432083
260061.6055460458
259579.28458275268
255282.8266252457
254816.03091267572
258381.89391379195
258077.0808700944
257736.8911890923
248457.3373339505
244602.29165876182
243056.08555487668
248550.86073172183
250087.25238853443
246363.82782967042
242922.87091468193
249418.36769562366
281728.81215439487
281833.41839063494
264336.35999598104
260056.92830354307
262914.2869904479
262335.73396060214
265043.3258058215
263001.7711877624
254769.1337945321
259273.35865785688
246483.59326186558
242271.50623563773
230979.79234271916
240599.11069829276
246959.59046535974
243647.5372647439
238872.7047197255
240886.4484953089
237784.99096291175
237313.76364670636
245318.17956054208
249651.45478456363
247330.59036064707
241231.59779720748
238791.37074987838
241127.6868146245
232025.70251647124
227450.02617551
227743.06841623114
230705.855081841
244396.02848526146
243607.78852449806
241723.27879671947
242834.08643486552
256793.41776303897
254866.76507161185
284252.9890196616
282517.62103367463
260828.27989202173
249054.21988710194
245297.872423248
241834.08935781743
240541.57165204894
244355.14835933977
240981.72909416148
245189.43266741207
244598.5956374939
247563.60449768906
255160.18203582807
262972.8907716663
268107.8169138364
113974.89216275343
241142.9227584326
254616.93854780475
246108.3437451909
261355.5495525252
255245.58541968037
251362.8013015143
242858.98159905613
239419.40719936456
234708.09897041673
240563.49013323477
250137.41412114794
250708.17535941178
242020.29221734472
245583.71539030672
256911.46334371137
256445.93480612748
252417.90242518132
236441.02120876886
233938.84641039942
243381.92133013383
285130.20546949026
284432.651283984
101987.02466900901
233271.2635316387
251251.50796730333
242196.96780096355
247614.37611085628
250139.5484915035
129172.3784300012
245322.38818412964
260911.10087756213
248939.21750202778
262455.2838544624
266385.78030523524
264713.20078485715
265872.0534944581
257860.13939231416
248697.30796267095
243027.28431936153
256465.94099309298
263035.2479801036
264476.0059746455
268521.66951099853
266656.0060945903
264218.69250413
262547.11349098035
261559.49116198055
263673.7273247429
264017.6326834817
263190.15518098744
267936.42878493445
269421.45475540083
268559.3682309535
268046.75132504286
262888.72879828425
263263.3928339731
287897.1059922325
282085.0622840091
243571.0350969424
242377.5656374861
244603.82764987188
224065.54942279312
214852.68462502066
231194.3468738063
256517.82437598173
261289.56534441665
264432.623490188
264026.71478164184
260988.46779106956
257319.8361846038
260870.90571613132
262804.5581295166
264375.1746100304
105700.92696545947
239955.49294773795
124853.41602171189
232380.73158882064
260322.65529148869
89631.64210648641
62507.65979204832
209021.26889409506
229603.96756553894
241776.62889861345
251704.95145377272
242562.49123455028
243076.95197147556
250192.9134974813
256774.04501480047
259401.9280495308
260280.63906899345
256394.2077763282
256645.55203948435
290237.99138473294
280135.28655500006
196668.58229340753
174300.10235561084
205074.48254123522
197239.7173078489
189423.80045003377
210080.84822302917
180301.74810365
204264.4554096306
193598.5410911008
194898.52620428923
208005.53801475491
204659.8617276026
48524.00590640788
166927.75995875147
170779.31041135968
161440.55750097573
170758.49585673882
204721.97335592887
212932.0089390723
227612.13946853354
215303.70256382588
223473.589058286
221755.18172796577
229029.41355061403
223245.6663832061
221104.6802053248
202550.70258604837
200221.31761081738
210513.65761004493
172915.20261157074
194246.61572442087
196378.0772066789
191320.88145771413
195929.50759899686
253645.41941289068
285340.6885772933
194827.41652578244
203652.33726312214
198434.0663662211
194332.39179243436
188737.01580022706
175525.2041589447
168208.71472239224
171345.80349306963
166116.8779365247
177786.83152265564
190954.92815176662
140070.70464933518
148752.19085912014
132639.79270924482
142945.07076905697
121681.33799829725
100598.4799693043
58616.63318278725
91578.19519271221
122732.15583679845
138530.21324658403
167075.62018285465
159755.07956222186
168263.79452776394
154267.6554919112
169375.50413260172
170501.1311036753
140652.83150197563
145788.86711024377
141628.36052920663
163485.31967063813
170711.6063440919
158167.2903333371
143574.0069347058
195970.20720780102
283672.641632194
197188.0275673947
204060.43012465799
207450.44915839992
177677.87347217803
193175.1548806784
209153.76243337983
81636.93716647479
170236.0537183738
171884.50485122565
165138.3163092922
168644.82559358043
130030.84565627921
132373.168953449
140122.02613423788
154662.33469528108
184385.62794116378
162369.77825942318
148884.54008863008
179815.74105661007
218408.2209273832
206648.79152277022
190192.29327577274
60798.785138892206
181888.9803771605
168142.19486993365
155663.39870675653
189887.02763079674
185517.93280036614
64647.3444458423
181553.85429328727
49587.881847563054
167403.88294254942
157605.98060433235
154190.09967294123
247420.09355340293
282058.14992041356
182946.5550708146
151628.30305353284
150019.41040582076
153147.7496101149
158404.0327578274
157999.35216026966
166607.01393597433
178990.4492455334
173201.99192094302
182379.8907149175
180727.73907688036
156408.97663024563
170290.789465416
166913.28942174537
62682.78310555773
162918.7059947973
153075.52947164318
149682.0192874326
189604.5500865896
193604.43052676358
179920.24012919684
190323.10297140668
201746.05938657647
49199.97950994749
156531.62114630776
160020.76727183073
159466.2683136561
191057.01819610174
172464.82129495827
168409.34484373216
195636.14506645888
199226.56089109712
204126.8062122051
210553.80214624663
213508.2838807827
287991.18024601956
258202.0774541137
252477.28980218864
257097.88439278345
265026.54872520705
266416.211502529
256739.98643738645
264304.67526542395
262376.5836012183
256893.71433659596
258004.62910401935
255542.67574975546
257303.875534448
262323.92792881595
264843.4750144487
265842.1482016829
267779.4682879583
271594.5417756845
272491.30061532336
115422.06788681602
242199.4387726907
262339.092839787
252131.94452944738
255815.86250485355
249853.28786102397
249704.68661584533
251345.83624881785
259742.16869706672
269155.5442434593
273057.6696748233
270130.67798357696
266166.79858524574
266784.3262444302
270525.7189323931
267926.7706935176
290187.69050928927
287599.5042860752
254128.7307311034
257275.0831914189
239930.2661925762
235818.94733361082
87276.69688052368
202274.73027629373
219354.2436641861
234041.18073182707
248639.3587017241
254375.3285214044
261222.2128204669
91530.56018310638
239650.3853066392
228564.95039463643
236115.06353063136
246414.861979928
251804.28111020845
248038.48358472032
256025.36557011268
255012.93301798627
252032.2719703836
233465.48246989778
242091.30750486493
243626.79167374468
249301.7723907454
228377.5228128945
222510.9020583143
225510.69164484015
233951.48476049383
240162.8289963953
238146.17038323972
245907.00687460956
254971.17059327624
248926.88448734823
284165.8515489608
288591.0331526278
266707.30700839823
268289.4068254534
266965.2070660344
263368.3773123139
261852.33649357615
260366.7263733119
254051.89525436505
251152.69129594736
247986.5387249124
240641.35043454636
234779.45350878243
235246.5197503366
242992.64408434302
247118.79147023225
241000.94683024645
233990.6511325463
237513.25452355391
232163.79757527856
235543.30603069358
251084.210444165
258586.18248795372
104481.73145838299
226433.67842512095
248606.405576004
258455.2541972177
263109.9219341317
261438.3968283445
261556.32030099208
255793.18369218684
255523.96950747393
258340.20400025113
259695.4909681873
257435.2577885097
261753.40065009263
290048.87517238426
287313.6946072407
250909.56503357567
246751.48633101382
253501.36789772866
94333.49539732048
235674.9875313949
252490.6362173839
238214.04356151915
244672.47799467074
239895.87182202705
249170.6203101559
264441.3519825428
262953.49739369116
254987.5149879393
253686.5651634218
244209.92557556677
248309.98702381723
242387.8286826129
247038.83428647107
72098.15681804372
76954.80588741193
216315.6397280907
244845.8878021468
264997.6384969549
233429.9549755154
232897.1730168525
240159.9943290012
241678.24138994564
247101.3560672186
109542.43223527077
231352.04203842444
257904.00345334687
74041.58515244872
228436.85418686055
260025.6534057651
286059.4452700339
286817.76099016867
233061.50594874108
240006.8308205083
232228.3921107592
218401.96154767915
219986.56748930918
229852.44278186117
241820.05790622372
234498.06235376367
238012.45322142416
86590.4789981231
55531.99010838411
202440.2823612708
211139.25288072607
223295.6904970054
233128.90170214127
234261.63582278293
226695.3247320765
231326.9605506243
237182.67601498068
242238.0198649618
235313.25552541786
222305.38057916335
222530.8406394663
230680.72989108032
229042.9954288921
195532.35584099469
202673.12543383625
210400.35899766136
207055.02475350155
217500.90051368123
205095.1072750989
198488.71054198468
210129.29627474595
198457.7876400664
254320.99649903993
285102.6252124783
244741.58878704906
237441.29375193836
239762.36492752895
252051.4480299101
259245.38178092366
260142.90343335478
260307.39486443822
255960.979246386
263624.85813596327
250475.62503175324
243675.93222272192
253726.82366442482
250889.19096529938
249218.96020928628
256098.9528468654
250718.41391426735
255871.16601645216
264103.25939116464
253752.91138672104
256918.32331791287
261500.5841988358
255736.42846815582
243943.11955010632
243371.53585841056
245021.99452891888
251358.6304361154
251328.24161460914
257078.55599056935
247839.56792693152
254227.90480416044
259597.97324641925
260114.06319509205
266216.00523657486
262000.54287997834
288042.19312868995
286226.5212723836
228273.02562651102
223295.6990506988
213623.7159269963
224241.3941603693
232940.41090542224
242553.85365153025
236615.74059206338
244484.87716222092
233619.87241390604
226642.79711092697
230189.91696794247
220865.6596831899
237022.54737554272
246679.4584609025
247833.09836137842
216401.45287742204
206409.08214910253
226018.5023737724
235790.346886235
244569.90952030834
228893.3115684934
233533.11402109155
248117.28106558425
250341.15872299357
244093.98419704073
233190.99055072348
230423.8865955358
242212.10954767518
240650.43606395644
244738.40724495173
222552.6400625581
224693.77370526275
233268.8061745002
229026.59754568897
278285.4572657425
289066.8652822684
252155.66257399457
245845.05051003862
257941.7803483036
82179.9807881121
231048.34887826483
250244.07537073563
250684.98053996963
256500.69178905975
259129.42746501582
246133.72147448425
95387.9248598943
233781.69917136338
227720.07919302664
216814.05746475916
241370.40917610345
103901.4421112889
230918.71672019613
233940.60444100396
246118.28217453734
261368.46771079497
259897.04023138472
264748.36718605075
265607.6938110472
255642.729200567
246893.9177131403
249540.50666281657
243844.2066059043
231504.68363000962
234732.02269040613
220036.85629245802
237661.96543213812
255281.64180036035
257734.33160197313
268640.88286183856
289819.3158322524
289201.84715322766
232175.36192522058
96738.08750934218
231595.74043840778
241835.2334123239
238143.20315460043
231900.9329084856
248173.7415046055
256091.10787716025
253558.01093626436
262554.74274165847
262053.74355609764
262949.1474046508
257809.26650787043
267909.5244765644
263651.16281388
259603.63176065768
263964.7866873782
268508.9198556129
268347.57261780644
263447.6523478863
262426.7567767876
261648.66407148197
265507.96338747744
266049.56969495566
261464.99699175358
255966.93205712608
259849.00674611208
254493.54629850588
255414.08343203296
254304.46651112832
251627.27852404234
252486.2930359794
255728.8712008642
262937.81764826
284840.83837439
289957.48307634797
266629.1296833191
270033.1867854639
269815.98129526316
267295.4140167514
270940.18199718185
270520.95861897967
269988.36088062485
268333.55994249036
267175.4402909597
266760.2575463509
266906.4079231577
266340.96454224654
263878.7102646699
264716.23891568725
267393.5554093269
259966.3123266761
262383.83483412385
258058.90655493512
266244.05282075435
266343.6797819383
269128.3074107602
266005.3723341821
265473.0427850956
261440.00896671266
258844.5016094521
256741.5227353291
254072.0148975455
257520.99440596672
252626.485939273
101795.52379261602
231964.3348663704
243806.11013186804
252401.02187166197
257740.6852696244
286622.8724955555
288655.5514574112
245532.9787728927
239960.67729775337
230818.69609024396
243428.65084338654
245736.20760257012
240016.71792926078
245001.39441277753
249578.85740924135
243700.17543615977
247808.1738585186
253717.46269998339
262027.5141597557
266099.2591148769
266969.00413965975
267554.7212658012
265101.7929187885
265005.22043801437
245591.61870230717
79198.33623389245
236195.46462432714
255189.698653151
262136.48211816628
255395.35264139652
253291.8495328705
253672.76044306916
258171.58907726745
254787.22571258727
259406.4782006411
228245.86724787235
237623.74697502312
251702.2188840525
253548.42827488823
258448.01634730367
259123.77619851584
284418.4637019016
289093.7579465401
264823.6572021649
261937.9404226472
262724.0311089402
252678.07512177946
238150.98403807945
240962.95648779665
245447.37139738843
253949.38022267906
241527.43780224246
242437.1492144028
234763.11661598703
247441.65835320676
232438.69985623902
231609.94787021898
225749.3578427022
236074.5303957119
236508.84465021308
248767.2055098168
257085.38782014415
264547.6805141159
264203.75582387677
260117.88545706627
253110.26629195586
245234.06245702336
255099.4599648787
259080.78517036652
263105.89987822523
262712.8636953035
257514.73891237323
250986.35872736573
252519.75652696425
239631.6420301519
238805.48603507716
259878.4486962279
285800.57228353503
290897.41668564326
252080.09528758787
250987.17774544147
229013.73673587403
214766.80283347575
210862.87760688335
218615.17079404515
220565.36585073592
227268.91633110784
223735.78631313346
229982.58573513397
233437.38184401923
243677.39416773643
244951.2955539365
224239.29378893992
230152.33946233647
201473.31237507172
192509.77155600055
204857.1749645053
199246.4259337728
221713.91448798665
194356.5296484357
215380.23785924635
246720.3806083669
262613.2529291178
254948.35768984072
238937.23484714582
249370.2600867868
254387.78692549185
246632.14609870355
220491.18964234221
204983.64761650574
204391.83233929638
197521.08321888352
190820.90666269575
262706.2387486621
282056.95662704867
202978.29275237126
198890.81434054417
196118.92512846683
211591.37762913058
202865.17489007852
214376.4364467861
231189.133525898
223869.80786319837
228706.47006199838
235016.42219809364
233985.24355469682
212351.15263829567
210114.29789998443
231232.57725727782
197486.2707241539
221226.5779819086
225697.67079436145
214031.3282577085
201477.28122775082
208425.39195936458
225361.16165679347
227543.4966468721
233941.38572553074
226783.49363410423
230880.09382744902
202919.86012953424
209659.5023599433
193275.40665191933
202493.76506356918
208104.31607059002
209152.59803965103
215532.67235186792
201028.43035498934
189706.88123079936
249498.7984674082
270400.0595658113
181858.9784545069
177984.36751176408
167827.98436616574
161524.4266576047
147765.0304577022
160594.91874862084
175158.253440013
174106.5909289608
173590.7628340696
167045.75410914276
181689.34034375308
166244.0592781723
173161.89885741696
197856.12372143668
186819.91791803305
204113.99400965954
198951.19081214492
202333.45172843809
192784.60384907693
192135.9334377365
183111.56899877224
174274.00329767127
188656.31142588457
189469.60133953058
194122.29182628012
190839.99438765922
191707.8780873261
170299.1070342308
168083.9586509208
178110.21905119854
206656.91821461404
200431.49556598824
177240.48335619638
182194.8210231965
244972.45897974918
275363.6003641529
177840.93618288805
155921.03712084194
108075.44371177786
105664.98231114559
127852.32398074391
131513.8185586812
139286.1131543812
149204.12728385118
186222.43246111192
177821.7267546066
185147.27835901937
163244.7480697088
175586.3269431517
190393.8123358388
168499.66411573146
177178.0473109819
172984.58079948576
188314.2872355671
170952.77968538483
172945.040900687
176037.11234164936
147270.63691192653
131834.569883643
158790.50276527106
149748.17198126664
167309.48846577667
179815.11411165365
173460.44436326588
175061.90647842022
173973.07170191995
197182.10478371775
177339.20686955852
164889.21458068272
179918.27805878647
248384.10019794398
284485.58199487533
200037.00011135617
175676.90953994403
172237.4728828839
179117.02008335167
159484.71627312488
162000.09576595656
194323.1407768763
183442.25920989367
178591.73489855428
171443.6676365093
176133.0795875545
170440.36856682715
195583.38198835103
204776.20993613944
223883.7761336343
223045.59783711733
203639.2646324027
203721.26238277263
200553.7089710022
205014.33620788087
156470.74425841626
109691.99423235407
167782.87823354534
181927.90381894863
180898.84024913944
183721.67771384632
178637.1864551631
177244.9340544378
182514.13288883847
193671.53579288415
195601.2111252362
195273.59973446623
170593.5948126817
161843.72244312213
243195.03547813243
289383.2884971972
237894.85740792693
208652.83411950973
220546.82299477656
246136.40611426547
255922.81974500418
229871.32132587876
240308.57381001778
262185.38730135816
261091.762438736
248166.59603800363
244340.50256223846
242785.72491728785
254609.3595123009
259506.9968135353
251770.64341129063
248880.61606165927
254216.42946346212
254079.6080520995
243989.76734556642
254796.51514816456
250345.01262019356
245173.25369254377
248026.5209094819
253215.7337519685
236694.16730913793
239894.65131344626
253587.81081686437
248948.5080597994
235140.64660193725
250396.11487306026
247537.66400952617
242456.8974084582
259956.37858578254
251940.16815209272
285839.31013588037
291625.04037939245
270791.18833154417
259038.54620117397
242756.7591339707
245090.78806125114
248506.87529386312
259997.37224066874
263795.35306303285
266594.3580774353
265320.3702646055
263110.79952460196
253816.9293658899
253862.4877345805
255160.41631212202
256745.66970980164
261750.20615049452
257922.19503330064
255497.86257856133
240155.40651117923
243813.03694381894
242250.79660989958
240211.95966529488
229132.91171009035
235966.13228096007
242831.5571104481
245549.2822863012
252939.58087908692
256477.09064549877
254130.1501419786
249988.95556914818
250644.30531998642
245491.80752749936
252121.91431648843
247500.71051982202
284291.46175902267
279883.8372130227
279208.81155105407
222525.600126329
240501.5613965375
235269.01647782774
238794.30260597158
241499.05810572006
247930.34692793153
246783.84146576814
249847.41747950212
246847.49213725378
248744.06671988903
256743.96238462845
253278.98781468024
248917.56346593003
245422.43354365416
251514.50177776278
245419.99367834657
234448.55806629884
242088.4978607903
250698.91584831098
234522.25075182997
231811.4938969403
236517.13294743322
238135.2389403738
221375.9048991343
217520.0256653295
222871.22401163384
215359.07794140046
214121.23371711487
199778.54634566835
209171.1307430474
189091.45381019716
185478.0890854388
190357.61338728372
268284.19519308326
272714.63950722065
227721.93194040193
228990.2392230456
234834.96736876518
249645.9263958667
250483.07504292493
257581.92165996577
248564.85073784
250982.40842779644
257788.8827051922
264636.46561981575
262307.5585941687
254395.38192179668
255505.12150349093
257053.02872490822
251394.1601311418
247825.3925657302
238673.0377661267
229706.74768074387
218552.46194520887
225414.94351182107
243119.3963531752
220798.61493412394
234917.83325146578
241569.45196079806
237248.79071018222
257653.09697968053
258439.25931175452
253307.22015112205
249540.65810228835
250527.214182902
248160.36853154845
251687.55144898372
245605.00765106548
245763.84241933597
268724.5036284454
285838.0280418483
242478.8896739904
241963.73014275744
250822.2683024129
250856.51786543772
247137.12580417676
258669.43784365559
262344.97267833515
260567.58015580903
263825.394963094
259973.87735927946
261873.195748569
258768.3801987249
254674.6398135197
247348.299127625
238785.44794987724
240031.76709109562
244949.5359667443
253110.5491242095
253459.78193694723
254406.8667079981
247553.2324314614
250414.0285014167
250371.28144296448
254841.7167421845
239260.23673239612
252602.98939762215
253790.8342658394
246998.96201215012
248302.8278682976
249142.7104263379
247192.50357315433
247118.54306141334
245908.86578588182
247312.52873824385
283261.0965755014
291993.12506504013
252826.54081998032
253220.41814482017
259168.0690950098
262395.36561528535
256253.1812109663
253497.15170851105
256599.3197672626
231012.15609018522
219124.56373557477
239538.8603017464
228812.68395444026
230886.689794037
249782.68366251537
244197.08373399416
243664.13518716456
246676.20821204124
249680.12892812706
256615.3068360444
76824.56973036456
221620.71289871604
250723.10426113295
227971.79709089763
236079.98244270842
224218.00773158114
210036.50721182956
229753.330546842
240587.27250904578
237956.47400468643
229887.7123947817
245118.4222552407
264947.66913689993
252988.58574648775
260203.8311387567
254772.04321192525
273767.44667280116
289776.97402891034
234151.22648350094
215306.27505427302
222270.58266428363
209045.65983454534
203906.2870963817
210077.75419001305
210115.31881599186
231529.88083059888
233991.2658740612
239140.39660177525
227958.32389960834
219491.65569437123
231633.4008191113
228523.82815755258
221872.8601262893
206282.6548277902
206212.40058491292
215673.88973104695
202401.97793629777
207723.19388650657
205631.27347489647
217362.98486072218
209507.66667561576
204986.0812563266
202327.68531295628
198245.55456464548
208273.32305809017
211835.4309249382
200980.78222451388
211830.18270869518
213942.4153860623
232713.185960392
240401.08012474512
218435.0244276116
265423.49007282214
285909.7310144815
197430.30335481054
175607.6232034976
172411.93978988528
181371.2689116936
213146.57901203475
204211.30382753856
211810.82841177157
189781.36608480514
198887.4923823373
197084.15172904823
174748.4140448795
191504.0878345776
216353.64349911088
222237.03765796102
223769.3110050139
223390.85000476046
228367.7512657882
217575.2987592384
229680.09773672937
240932.2387517193
233100.7576380481
232878.12518657598
208585.81111044416
197894.9037628291
175727.11071949106
164527.3565171756
160430.11440853451
162987.0513980946
188558.8820319648
184599.16952113656
191523.96432402526
170360.40503725185
175728.09620539105
170832.08747005797
240029.15721920592
277328.44784788776
159157.83728517202
134421.6949695587
109063.94974981502
124648.2005807125
135659.02072598855
138063.25529418202
132052.38138133808
171396.78455527886
150840.3368812231
148077.26053239196
160781.7166657856
151874.7740563136
133365.42841690144
118835.88375179292
137845.8111749187
149669.45853839885
146555.82024155292
129122.24831426977
130672.55388345353
119528.37900212282
139714.74498640117
139666.0459542024
126756.28237493683
97240.3175183952
97733.52555036425
94245.54117622961
86608.9368884219
76026.72211612941
64685.60240680872
79379.5113692206
80885.12227257746
86903.78442157667
90717.65806793219
92775.59677275598
143017.5731686925
228611.93183698624
128294.06018649871
118599.37546213977
132061.37959480795
127346.97938314587
113641.76471637351
113399.13110202136
110265.47941239057
120076.79417148507
123953.73958411416
140960.0973815318
154153.9568431308
173942.64830301102
196787.5495656905
216862.8302982829
209695.66840230083
218784.14531723005
221131.61925059994
197170.54556504948
208596.49888501194
176926.39735433398
178705.388069211
179068.0225244584
176205.71575747905
202631.93975972323
189173.44431582157
188761.17332134498
186053.18059163017
173424.08946682006
193658.03081064997
178907.85354350109
175919.24749769567
175973.25430379956
163349.39578008163
157011.59411265815
183286.6749633473
255768.30552448652
140356.3068523596
102515.60109909347
92649.25358162586
123573.60896942431
123868.76386705377
136996.83226505344
133102.72844253702
124286.20026439815
105483.42416242906
125380.96607947796
146909.8053300974
143245.85104544897
140857.22867456105
154364.11397322328
141569.6589986064
123794.50507388843
118013.52924432649
111457.74032468423
102947.7522816965
122651.1107900996
152308.11906429956
137249.32459420807
136465.45357605565
136740.2474241143
144527.34258798574
122985.56310364579
143009.28968092494
138507.47885926557
145077.3571275171
158971.4976504691
157207.60036502802
143865.93807810568
154967.7885431049
147886.7548499686
204944.09386924838
266559.2931299824
210535.16361020907
192620.4625792797
186757.52230413133
199472.96556849143
193940.4327164613
202749.81069965474
209797.47479457385
233972.1752229224
219633.22572794175
223982.23634965444
230995.35593724897
207438.4392997642
203662.48767808353
222645.51778978357
203815.03346083892
205948.06073127233
197514.97467695875
202465.25618870105
186288.44700814824
172120.06702945195
136731.08409376413
142622.90756400648
128291.22877954807
129461.41535179439
110660.39810628637
99210.85688883791
96990.78761654897
96919.29567181846
135889.01882100178
153861.8348617829
171251.68195891488
145754.6971750208
145791.24326568036
141656.879079528
183306.53189175684
246082.61687029683
158837.81328214987
137136.04095136462
151497.69446277458
174349.57575284241
179138.7964191679
190647.86051425964
207566.43847930498
205595.41828863617
206838.49717587497
212891.07110589487
218191.1944016451
215635.14868444923
236262.83694445144
239324.87162649093
237072.35221244345
233591.07619681503
233064.8045540396
241181.46276060928
246572.42019422285
229492.19567741628
213105.7951986013
236999.27016323124
240306.3431664325
242614.97955685414
244783.66418866866
247373.1024354148
233386.80659657193
234325.37822390912
240841.25242075708
220929.0042432565
198571.57080027022
203643.8423677452
183452.41734929054
201401.6615954831
242125.0968092883
287214.3664232869
247600.30372325605
229019.70415004456
234490.1530263588
224221.56443515027
233026.76654654287
244294.65685663107
229722.9346034566
194363.77557706044
199275.35018298254
224385.29390928164
220334.6443840382
235248.21383512937
232817.1797304112
194461.72165969983
213686.22797172537
233396.7205551788
202408.83227405525
226260.08731700128
216741.12121983533
204876.35049347137
209616.14541451848
212262.96486866055
220743.87916709168
227221.48171279207
224728.0933829806
244415.43522814655
244681.63538127736
240748.41853242915
218980.4635153001
219214.80113896768
234910.8083919695
246437.00737661094
250663.51717331764
253465.2647221931
269874.7481071454
290620.463233949
263722.36543566064
265341.0021845987
264180.434577844
259342.96786807416
261408.79377255592
263735.05203575885
255508.38520217658
254789.15657792534
256657.91552899498
250294.79169386075
248056.3017147907
244587.624943199
248232.83815581963
255782.30372385914
251139.79159341083
259796.0203754409
265926.2903458829
264003.8703114561
257823.0105783137
251332.98463865725
242033.23174786003
257251.0796255836
259333.53576582417
256597.75150724375
258200.19699625982
251589.45884018316
247290.12247723047
254931.68566163097
259524.6076744664
255983.9266619748
249425.8908038789
242719.9193234916
235534.38952146514
228187.83380503824
253424.09925825972
285015.26991968165
253641.08941613536
241654.78900011847
240920.74891415884
250386.6049119493
254744.07982530116
261006.79138115977
261762.0680707239
263481.96045225946
263785.6209600756
264280.63820815284
260338.1463575349
252768.9303145407
259728.69278710286
262022.50762488975
263328.0917426256
266034.6492710229
264381.28800505993
263362.0819032861
235085.3179829711
244205.73166983176
250936.5378340785
241314.7621482247
239693.52253201284
258540.5451634722
266596.8799658457
266440.67198042833
267178.5634198863
267391.42592248885
263943.04602730955
259740.23202891965
254655.1152359386
254828.6771479922
256900.227869465
258454.36717371823
276830.76465846784
292883.9971285777
223289.73097266437
218574.80143051594
218257.62973041364
215070.88157626166
233086.68973738546
217941.7879023425
222707.54304094834
247570.13128841316
252350.27629750886
249988.38869200615
205792.53418692978
202411.5643682393
180103.45794069362
187273.0124559305
206465.5822673663
226326.7359674845
239752.90947076117
218579.6219314671
215953.16137195672
217947.52200864715
228602.6309746629
232693.75469657476
250332.19131202236
231892.5142567279
239478.4781204804
234852.30398642353
224130.21522506626
230890.71503560265
231514.45660002306
201589.40887342577
209399.1957774821
227141.7978484169
208834.2894449052
184952.9339489885
218848.57533483225
278298.739904201
248218.49859055606
238218.55541030603
212712.43926956307
211385.493142377
231570.19111812045
253756.56534463054
259948.62395808476
235761.1120533499
224656.4516458341
232842.1286312658
251477.46655838838
228158.23323139577
227511.22405813998
218489.30659841286
200403.79789817776
193982.88258421756
204472.2930439228
223166.78049726135
213454.8606464106
208275.88606534433
211944.24124440542
219243.9188919148
234922.8607510793
241468.65711601631
248977.66036328007
240565.0154424628
223107.4815106939
226152.34975041135
223205.4552523281
234565.85906089842
244406.10294117098
262741.68357757526
256925.81610511217
262036.91437704058
278500.0653907382
294676.1961028559
271037.28943980153
262719.8352055434
264729.2805187071
244854.7176388708
238091.96976597977
221626.21670758686
221124.8202715052
230491.5758152294
229536.97682314712
225394.2208582716
221130.72876426473
214391.31823366781
221083.43301543768
227570.36588603497
221806.74752930942
226942.7927963522
239853.32808402836
228064.915837981
218418.31692740394
216390.47992674378
203593.36007335337
203661.11933146132
215942.1023600492
227893.60566445842
226449.65214921877
220640.86061737183
233807.9178804136
242771.5240559309
227896.75558459217
83946.63805658069
215514.51084358175
246097.03914399524
251731.28857628783
222709.57903630813
251529.3183957601
285794.6433973182
240753.49162782027
210026.66854697108
232101.2597436907
232934.28813909154
232994.8022609824
246561.87041995756
250525.68827610643
248618.99817519615
224013.0254554211
225113.42801602074
241986.94389490888
242775.22359761797
238302.90071513437
102428.20272769025
213980.27946396437
248859.87601266368
230890.64943904337
237461.75113210088
245888.0666217009
241776.49770834908
245540.70566686676
239276.89999846334
238589.53806804706
98880.22408293083
208419.9371159998
243750.50997541007
250378.59921087572
228287.7171388742
216479.91869832412
223139.43605446612
238474.1092221776
243256.1473223213
246063.867051641
239776.20812372016
260091.069962641
290965.91499763646
262550.5871414998
249818.00126305284
248930.7770434153
259007.28146988284
252528.7337918283
251991.43233939304
249608.99476066427
252174.1280290719
251248.99203251564
252137.40147917392
248959.95738906183
228635.2991635255
217331.39391906842
229245.92237743692
250778.6809328933
250625.18233188402
237816.9779871251
233642.28795949378
238369.8119215652
250523.71273280558
242071.42221598412
244230.42408657257
248293.6552447424
229228.7549408688
217233.13407462908
251572.2315179462
242455.87796041265
248734.28335190876
258617.35207402037
246330.24391258278
244658.83462319238
249687.4714207065
255212.00891519617
254720.38201043708
266922.00338385033
295445.75184183364
238517.67945939282
242566.63503242136
250792.48305303892
242574.62766912216
244241.09867701877
245457.70959765714
254000.86290235186
250072.17746135444
250385.67651627655
252212.74329813753
236895.35096248693
233463.46050980804
238471.0015199231
236876.59338805536
238807.46266858143
235406.81435301687
212988.52932002617
195616.3163438026
223464.9320584819
212332.1172741101
216765.26992848242
231252.02318470195
215213.3595746724
206410.65812465778
199284.08298162778
216570.37293586732
219614.53653547293
225219.38398733974
225428.5901206025
227536.6108755194
228890.7479703854
221129.50389813702
230770.60704393254
202294.63327808137
235929.88966651005
294487.47150549595
180736.94887738014
186917.5686519738
224240.4329052456
225976.7870471131
222535.58606422757
206472.9704652382
208236.6816789465
231217.29108636134
215253.37798993898
205240.33983990768
197133.5086799464
194499.85174924074
183632.30122528982
203503.67841588875
210939.7884454938
228944.88588055046
202129.55909777293
180140.95582465548
155145.45844718232
153661.20865002036
181242.4206357983
189822.18486616496
180169.15292861525
