0
0
45619
23858
18614
22467
22222
22946
18025
21192
20314
17106
17614
17362
21690
20717
20553
17982
18311
21214
22508
21821
20598
21631
16439
21481
21130
16722
20588
20650
18475
18404
18537
26931
27494
98392
34104
20443
21794
20214
19882
20930
23146
20125
23620
24978
23232
26647
29415
27937
23302
30036
39359
28345
20373
21572
36868
37587
30812
41450
34556
40790
36701
35786
33072
25531
36301
37171
44407
47367
98913
98911
52728
19129
16415
39570
36830
44258
34077
29153
27939
20899
20406
13398
43679
37563
20425
54755
38895
21964
48180
41332
39512
42425
39253
40827
40334
22817
50546
53261
40080
39423
42357
26399
43443
50644
98911
37029
20353
50743
29385
53305
49914
53967
21582
53109
50140
24575
59532
23743
21269
52164
53261
65068
60124
59618
22996
61995
24933
59897
54957
55399
54828
23952
56644
51497
28813
55713
58875
60617
25386
24522
98898
58413
20971
16885
18201
14494
49195
42825
18646
55253
21428
16729
54172
50348
56616
23623
13021
54691
48707
50998
49596
47483
46882
46488
17777
43567
37840
40669
41934
24338
15446
14282
12924
14305
41542
47321
99019
65161
37420
16800
17761
49089
24939
17915
48770
18411
49006
24641
14276
15893
46927
48708
20222
38592
18747
45419
46432
37785
40980
41791
44583
43066
47296
18333
51813
47757
49897
51321
48573
48119
17902
16922
99123
61591
49337
24516
56291
19528
48380
51430
20303
47491
49008
18253
43639
41816
20253
41270
18017
41719
19761
20742
19171
16603
53800
20547
18312
52632
48509
48858
57393
53912
51947
48391
21450
18375
56812
53830
99196
71428
59036
58445
58954
60240
28397
20132
50182
53083
52344
53542
52250
52881
56046
21860
57889
56469
51524
25230
44065
41568
24126
16428
33821
22379
18195
39932
36943
40782
22389
48334
19903
52914
52143
38698
98898
50003
51373
57131
26202
45123
58128
23703
20484
18568
59994
63088
23432
64908
24606
58965
64274
53751
63408
61040
59722
22676
62488
59765
62019
64069
26874
19418
25015
26569
19316
58923
57560
53086
56685
55978
99135
67243
48290
47684
47862
39696
23700
15800
18523
41713
39640
35650
17675
16609
15206
43202
40620
43915
21421
14127
42761
19726
49339
52718
17269
41778
44709
17930
16526
38416
37212
37836
39776
43162
21201
45902
98563
43036
18653
53003
21099
19299
53104
24291
15788
56254
21385
53411
57258
48825
46296
24122
48957
18857
44912
54069
20391
43881
45407
42935
21297
37783
31332
33209
27282
24241
28333
25218
26101
18395
31572
14051
97527
55123
26233
12234
10302
37883
33349
14169
11965
31636
12583
24921
36445
14808
10412
11360
27218
26911
27029
24874
20835
23967
11923
26899
11716
13074
13190
23342
10592
26552
26900
22973
24768
13948
14807
10517
96657
59862
28900
25650
28314
12507
29799
22647
12439
12388
15156
17123
18349
10909
19140
18356
20112
12203
11277
21962
22944
13548
24899
14881
25031
11549
28223
27561
26261
33999
39602
33537
32773
26518
26950
13265
97075
43065
37718
13333
16097
26677
27552
25394
30094
18248
14262
30135
14674
26805
25937
24037
22802
28124
24690
14640
28488
28161
12966
30577
31368
33495
17317
33410
16380
31158
37368
37521
36222
15550
35058
14141
95931
72631
18626
39849
40806
35367
39443
32807
15273
37709
42410
15616
44208
14033
46580
46303
42869
46528
44674
48224
41106
19842
14248
12628
38163
34157
14915
36959
14573
14416
40359
19118
12990
42319
35853
41177
97342
47158
61243
51364
17580
16625
46842
47081
15298
38496
42546
48000
44901
46885
41925
42989
20192
12860
54444
55206
60822
57105
53839
49590
22003
53011
56634
52311
50352
52711
52389
19724
54276
21740
59523
21214
94970
76741
57309
63188
63118
22294
57593
53074
50561
47561
20610
49571
18052
43728
43732
43767
55318
21023
22443
54415
50502
57056
68843
22342
63060
65310
62130
61832
59699
25095
63442
61255
59569
58666
58985
23269
96868
49390
65834
27790
14006
60080
61392
56509
60194
60538
60721
57392
53268
48976
44918
45505
44073
23125
45286
56547
55093
48669
45577
45574
16865
54228
52702
53522
56769
61481
23871
61821
54118
52642
57127
59014
96789
81243
57031
55416
46384
48902
18595
49399
52077
49158
51372
18018
49576
45703
48867
47374
46891
43119
38481
15911
49724
46438
45646
47483
49639
51469
54466
55187
50387
49561
49242
54949
51025
48673
47714
46497
96171
71174
44460
43906
41455
43059
47112
48299
49290
18494
50406
48127
47914
17567
48664
49661
48170
47327
44481
51145
54466
56527
55539
56016
57644
56564
55886
55812
23923
62720
25296
50051
52376
54740
56376
48686
96436
74980
44696
46458
42620
46504
46386
45699
45613
41995
47403
20970
53185
43933
53325
59250
55074
56814
52295
16889
15476
47373
41383
13260
13622
14124
29130
35423
42310
48455
20690
53784
48021
47674
53237
54324
96311
78439
58692
60599
21910
62743
56138
54028
59507
62545
64704
66388
65651
69113
63415
61076
60359
19673
17401
60146
54450
22267
66274
58034
50913
56444
55520
56679
52569
59876
59356
60705
26037
58077
54764
20066
92278
73682
18958
59721
55138
57619
54273
53914
51852
58711
58742
56633
59925
59821
58861
57542
57462
57606
58383
58339
22679
60240
58547
16434
55568
54225
42379
49597
51437
48012
48442
47372
49260
20963
57253
45628
93167
53114
56932
57664
56353
57950
53993
54385
53018
55788
55085
57447
58461
59189
27448
60733
55564
56125
54268
55446
56519
22585
62330
24292
54045
56851
59355
62234
55759
57102
60887
61474
62182
25202
62621
61717
96066
83158
62744
59388
58605
20051
48687
45675
49562
49818
51696
52757
50266
49152
51989
48504
20536
55861
18952
56828
55000
53284
55484
54749
51663
54803
59097
58290
63916
65103
65950
23640
68847
66122
67195
66868
96044
81687
45800
53781
46839
42546
17884
45111
46239
40981
37533
33955
14182
41748
36366
49084
50548
20199
42331
43385
47623
47478
46411
46586
47367
45508
49753
51500
48964
48885
19232
57611
18983
53131
47165
18273
94760
72665
15932
37940
42698
39142
42585
46741
42147
39686
40268
42617
38940
34998
41009
43683
34741
36160
32354
32684
38270
38770
43403
45973
41115
37109
33899
18097
35701
39876
38411
38178
40876
43636
36461
41914
94845
71346
41750
46861
43646
43950
48404
50226
41703
47333
36154
43239
37866
33294
45292
47232
43040
39572
37207
34568
38716
39215
41701
37600
42249
29899
36780
35034
36318
34804
36206
36141
29388
26435
29646
26303
92518
67596
32326
17869
18004
14842
24036
26948
27524
30342
30558
29344
29638
28066
27523
34959
26251
26275
32882
35909
32627
31056
34793
40939
36311
36003
42012
46000
43780
47155
46438
39409
45975
44302
43949
40009
93651
76717
40094
38530
35654
27385
31823
30417
30296
31210
32034
37603
37917
37100
30769
36231
39264
33939
17946
29890
33432
34533
29180
32664
37680
19967
36256
38791
38093
35885
47722
35854
16297
37095
42290
32934
93378
80833
56990
64801
63980
60287
66565
64924
63045
61090
56850
59019
58947
53077
64399
61011
63705
62605
58719
58513
60448
61419
62820
64166
64974
66619
67624
55290
66323
65045
63229
64124
62892
63091
61172
60225
94257
86913
65919
58539
59877
65583
68181
67854
66095
68981
61854
59055
60119
67108
64035
67263
64514
62440
58630
68035
63749
63806
67200
65094
66802
61690
26321
55891
59045
59078
54832
60221
56742
56449
57101
92872
93013
56884
57378
53530
47570
57941
59854
53295
62550
60201
57295
59145
55508
56211
57890
54628
53141
61748
51292
58647
59846
53207
52347
55141
54172
53437
54939
55845
52201
61539
59641
56912
59113
57762
57106
93891
85562
59065
63497
63790
59390
59467
59443
62981
59662
61252
61043
60975
63720
65271
66056
62529
65041
60077
63079
61733
60388
56816
63747
61253
22044
65784
61779
61346
63410
62090
60899
64394
67535
68040
66295
94614
81573
50518
54577
54570
54633
53971
50522
57111
58195
56285
58813
57177
64603
64942
63555
64234
67353
65986
66601
65359
64282
64509
61510
61711
58272
51568
52521
53869
53012
20752
53793
53872
53907
50408
48170
91660
83663
19785
58257
46858
48590
47022
49815
52410
53773
56224
60179
57821
24361
55380
64572
61372
63261
65694
65485
66874
67034
66152
65538
61402
65160
62140
61398
61154
60341
60115
58917
58859
60104
58022
62108
93162
85728
65959
61656
64514
63979
66643
64601
61549
63927
59634
58583
55191
59715
60901
60480
58006
60011
60982
60193
59457
62407
64317
62872
64142
60465
55728
54744
52917
54821
59240
56710
61547
62243
63768
61751
94029
86517
66806
62091
56470
56428
58625
60491
62062
58401
65472
63032
62291
64579
69707
23088
64266
57702
58468
65564
59601
58665
56532
59132
52024
50646
57703
58112
56148
55456
58517
58045
57342
53685
54623
56128
92022
86032
21939
65796
59230
52699
63729
63359
26798
68520
62514
55456
67791
67985
66313
67472
64002
63019
60600
66700
68930
66079
70121
68256
65821
64157
63165
65273
65617
64819
69536
71062
70159
69646
64488
64869
93094
83685
61041
59391
57962
52461
49442
62152
61611
66239
66032
65626
65586
64881
65368
64404
66001
25876
67953
27908
63450
67298
25184
15972
53846
49333
59340
62152
56968
58607
61061
63085
61001
64790
63963
63601
91837
81735
44000
41962
48667
44406
46086
52127
43444
50724
47794
49797
55054
53664
16463
47706
44459
38703
46996
49903
49261
59495
47851
52071
47898
49975
47169
47488
47293
45155
48425
39804
45210
42960
42984
45435
89929
86940
47792
52611
45333
48618
42758
42822
39217
38832
38421
38369
41518
30766
36845
31611
32942
33163
27138
17575
24494
29838
39779
39336
38144
36509
39756
40708
42911
38687
36712
37591
40810
40984
39850
36982
86636
85272
40230
54017
50449
40180
49975
52259
22539
44555
41137
35980
40200
33704
32317
40447
40299
44419
42577
34452
45342
53270
46447
47083
17430
53504
40766
37742
50380
44463
17478
49770
13733
44207
36968
39290
90408
83658
47483
38904
41224
42020
40384
39653
38031
45308
41528
42614
44165
38399
42003
41378
14960
46033
40748
38355
50473
44845
47458
45814
46819
14303
44539
41010
38896
46241
43352
42244
46484
45387
51711
51110
85988
89591
64787
66116
63682
66652
68016
63918
65904
70146
63867
65351
63897
61925
63927
66443
67458
69379
73194
74206
24630
69397
63939
61492
64091
60619
62456
64080
64440
70755
74657
71730
71937
70076
72125
69526
91787
89199
64726
62659
56459
56496
19667
56777
50952
55000
61170
61111
62822
23019
67309
57417
56559
56318
56527
56894
60749
56665
59002
56626
57835
55448
55406
52696
48040
47808
54689
55008
60380
58893
59883
62299
91165
90191
68307
69931
68565
64968
63455
61966
60494
56498
57150
54579
56080
55169
57528
58524
57044
55854
58643
55985
58881
64868
65768
26069
64944
57811
60055
64709
63041
63156
64756
64093
65711
67265
65204
66266
91648
88913
65245
63449
60997
22488
64871
56929
51988
58637
59019
58068
66041
64553
63550
62451
57361
57075
58715
58724
19728
18267
57564
54532
66597
58911
54720
56415
57609
59961
26640
66999
63601
19257
65131
65500
91750
88417
55862
59319
55776
51982
52392
53631
59553
56054
56108
23699
12555
53727
49405
51067
59550
57769
55422
55164
56920
55978
57416
54613
54840
55444
53329
45780
48683
49844
47754
47252
42747
47399
50762
47884
86713
86702
56119
59599
60275
64001
65544
61742
65887
63536
65272
63221
60798
67373
62839
60375
63266
64450
63858
68512
67148
68184
69468
64105
62454
63696
61155
65508
63287
63677
59536
60227
61201
61714
67819
63600
89642
89274
58941
57011
52385
52255
53110
57663
63123
61337
56281
58476
58256
55845
60540
62348
59887
52124
48812
55403
59492
59854
56965
60274
59407
62884
60137
58662
55294
58851
59164
60182
53919
53966
60278
59420
88967
90666
59937
62979
65342
20286
61252
64386
67323
63008
60729
59687
24950
63721
51579
51964
63390
24545
67932
57177
59983
65759
65486
66836
67214
57242
55553
54825
53215
54167
54780
55083
62621
61620
59538
70240
91419
90801
57546
27170
61899
59760
58691
62048
63231
66400
64525
70124
70233
69129
65437
69519
65251
66374
68161
70108
69947
65047
64029
63248
67137
67649
63463
64933
64879
63448
64380
59736
61385
64048
64294
68257
89537
91557
68229
71633
71415
68895
72540
72150
71588
69933
68775
68379
68506
67940
65488
66316
68993
68135
67380
66821
71040
67943
70728
67605
67073
63040
60450
61923
59854
60820
61389
24921
64540
58018
64023
62852
88222
90255
58054
59955
54766
54468
55530
60736
60726
61508
59834
60580
63676
67526
69465
68572
72537
70482
70386
60930
19433
68673
63647
67119
63738
64839
65419
64553
62139
64658
53438
56853
59619
60322
62533
64103
87917
90693
66433
63708
64324
60847
58268
60886
59484
61447
55740
55778
57982
61093
58167
58488
54236
58770
58806
63454
62079
66147
65813
66307
65656
62529
64780
63571
66893
66522
67329
61553
61696
59278
55745
66775
87400
92497
60465
55598
54903
53596
54102
48848
56965
56156
54561
56131
57721
59079
58344
54598
56650
50194
46080
53504
48590
57007
45610
53712
59913
64244
62781
60251
62550
65466
61139
50067
50476
49629
46911
45732
83800
90004
46447
47852
45434
53921
47106
53840
57026
54997
54397
55033
56164
49230
54440
55878
50359
54826
52525
48699
47891
51468
60558
51083
54643
57693
54161
49617
44855
48617
49463
49740
51887
48519
46170
46641
82786
90556
44120
44277
41394
38083
39257
38437
43250
43154
42913
43421
41821
39867
42377
49219
46088
47996
48062
50472
48929
45516
50227
46809
46849
48697
51804
49739
49405
44586
43292
47361
53004
52559
44148
47181
83861
89694
45102
39544
27463
32249
40985
38404
41831
40189
51969
43326
46148
40469
43495
42856
40314
49079
46025
44394
46927
43262
46648
35296
45153
50733
35028
46003
47465
45036
44617
44675
49283
44411
41989
44984
84458
92044
46586
43385
40165
40946
40597
42380
51110
46413
43482
40665
40293
42032
46664
50976
56584
54576
52278
52079
51543
45933
34876
33778
50681
45852
48563
52017
48796
45800
47727
50337
53187
46616
44116
42334
84222
93413
57932
50990
54098
61068
63133
54358
58563
63788
66035
64909
62816
60214
62497
67870
66300
61135
62372
61253
64612
68099
63527
62507
64055
62714
54668
55665
58733
58666
54988
58576
58580
56374
61556
64203
87439
93225
72407
63037
59064
61818
62330
65577
67384
68194
66942
67637
66760
67603
68903
67107
71262
65691
65712
62338
58786
59393
59925
57150
59586
59357
60474
59600
66090
66079
66004
62860
58029
63030
63020
85891
93070
93054
56843
61044
61099
57293
59002
59316
61438
61196
63285
63665
62324
63633
61698
59255
60354
59350
58463
58734
57192
58394
55313
58387
58009
52582
53318
54935
57163
49484
50230
48608
44971
44943
47696
84773
91607
58791
57860
58708
60085
59258
62966
60790
60671
66799
66236
65693
61342
60521
61767
62754
59187
58202
54279
53458
54978
56798
55376
54196
60417
55323
63262
64259
61041
60490
59582
62091
64225
62005
61015
84409
91537
57389
60615
59759
61589
61260
65866
63944
63274
65428
61573
63473
60368
60383
59092
59288
57672
63184
65261
63326
66154
63181
66647
64381
65720
62555
62417
59209
56914
57206
58782
61510
63976
62427
61624
86359
93593
64767
64950
65220
63995
62616
59674
60297
53506
49777
50123
54319
55327
58945
59912
58787
54465
61096
64622
17677
65575
64319
59167
57652
54033
47039
54007
56375
55014
53776
61888
66547
60866
65602
62015
83441
94074
52929
48577
52144
50614
47751
49831
50760
53703
50154
59631
57177
54052
55465
57408
52724
45433
51763
52096
51243
47821
44954
51099
49949
46719
46444
45005
48803
46605
48280
51589
52203
55933
55348
52795
81480
91308
41768
40299
42482
42264
51384
49369
51845
43335
47124
46273
40188
48543
49604
52446
50955
49883
52973
48707
54589
55361
53610
55445
51162
49649
40500
35515
34876
39969
47843
43000
49796
39451
42576
42532
79088
91827
39847
34559
30065
36163
35446
32733
33015
46060
35921
39786
39848
36245
31758
30840
35973
36851
38280
34297
34041
30633
37567
33680
32303
24975
29786
23527
22783
19916
16025
20529
20404
22139
23175
25288
69721
89207
28198
27799
33730
33110
30136
31500
29237
31043
30871
37765
38470
41715
49766
50891
50830
52338
56565
48379
47880
44457
45060
45281
45759
51502
48981
48807
46710
43507
48277
42911
39690
40347
42347
39275
72759
92362
32471
22211
22551
33532
32603
33388
31092
33156
28906
32221
35882
38774
37928
39096
38096
31238
32775
31315
27443
32517
37066
35435
35838
34984
36966
33486
37413
36416
36805
40359
38956
38805
34587
36751
78957
92857
46903
47420
42041
46289
43135
48178
49677
52671
48307
54360
56573
46804
46365
52546
48285
49933
46349
51035
46396
42415
32605
33870
31788
30075
20556
22942
21667
23990
33324
37482
39085
33880
33314
35412
71148
90675
34960
31748
39051
44464
43825
46068
47837
51193
51518
51131
53334
54115
60758
57466
58761
53406
57732
59531
59387
53445
49480
58413
57940
58943
60995
59905
55443
56813
57486
52552
47630
46747
43913
49099
77061
94413
61357
55776
55209
53645
59754
57572
52939
41606
41643
50084
50606
55569
54224
44825
50110
53030
49329
51674
50812
44724
50024
52338
52831
52531
52612
58871
55853
55466
49446
51732
54385
58806
55814
55236
79239
95320
65322
66941
65780
63861
66203
65335
63864
68492
63034
64629
65792
63049
60715
64147
64471
67194
67526
65617
62663
60495
55456
62353
60983
60995
59830
57713
61644
64296
69083
65330
61578
56752
53054
52833
75321
94413
61608
57587
53280
59751
60046
62659
63388
65081
65385
65915
66085
65629
64627
63622
64928
67634
66002
64965
58184
59264
61284
60625
59586
64734
68200
68040
68778
68991
65546
61340
56255
56431
58500
60054
78430
94483
52823
52611
51838
52836
55416
49188
53566
61775
60563
54785
48626
47713
44618
46399
47537
59078
56282
55087
49460
49206
55547
54267
58646
54667
55838
51114
53770
52700
49645
46825
50055
54074
48879
43483
73112
95696
60366
57923
54982
49741
52641
62138
64228
57785
55735
57906
60192
55622
49568
46287
45409
47255
49889
52991
52364
47430
49590
52693
61823
60274
60948
57286
53577
54639
58410
61902
64366
68648
62489
67417
81598
96276
72637
68508
68228
60434
59788
54449
54319
53776
54150
53710
50598
50751
48430
49887
50279
51817
53541
51162
48690
50850
48787
50633
50570
56959
56819
54036
59318
57704
54888
19564
61942
63944
66255
58284
77027
95991
57198
55922
56120
54663
56981
57947
60681
59462
56657
58608
64887
63100
60912
24660
59754
69476
61478
58400
60626
57560
56425
55117
57595
24135
55364
63208
58853
53607
47570
50559
57392
56935
55104
54312
72030
96265
64150
59678
65966
66500
65465
65732
64742
65318
63997
59432
59525
58210
54556
55411
60737
61987
59511
50742
51910
57324
58772
59904
58586
56653
53268
67564
62186
63390
64216
62455
59603
63881
64574
63485
77642
97045
61485
59786
61459
59126
58293
58464
63685
63475
59703
58987
58485
57782
55981
53020
56150
54923
53209
48602
55570
46144
51017
52380
43431
47546
50903
54531
55735
55889
54027
58010
57184
53337
51064
45546
63422
96087
48187
45485
51682
52849
52892
52398
51670
57576
54705
49773
45810
47399
43577
45163
50645
52909
47344
41001
36195
36285
44020
45697
46285
