0.72944681277
0.9630781309199999
0.9630018174499999
0.99665739793
1.0
1.0
1.0
0.9999890411000001
1.0
1.0
1.0
1.0
0.9999730274299999
1.0
1.0
1.0
1.0
1.0
1.0
1.0
1.0
0.99999983965
1.0
0.9999816800000001
1.0
1.0
1.0
0.9999796427500001
1.0
1.0
1.0
1.0
1.0
0.9509366942999999
0.9509366942999999
0.018115011479999957
0.95087763456
1.0
1.0
1.0
1.0
1.0
1.0
1.0
1.0
1.0
1.0
1.0
1.0
1.0
1.0
1.0
1.0
1.0
1.0
1.0
1.0
1.0
1.0
1.0
1.0
1.0
1.0
1.0
0.99996665331
0.9999766959299999
1.0
1.0
0.99998848115
0.95209645129
0.00789446655000007
0.00789446655000007
0.89687392658
0.99771941855
1.0
1.0
0.99999422129
0.99999318774
0.9976316705
1.0
1.0
1.0
1.0
1.0
1.0
0.99637232553
0.99958868566
0.99999105878
1.0
0.9984972389
0.9984972389
1.0
1.0
1.0
1.0
1.0
1.0
0.99779627637
0.99732067284
1.0
1.0
1.0
1.0
0.99533365481
0.9995714857799999
0.96502421105
0.010128513609999936
0.92235630083
1.0
0.98975246082
0.98272323861
0.99556175657
1.0
1.0
0.99767540984
0.99592028754
1.0
1.0
0.99999935859
1.0
1.0
0.98547312214
1.0
0.9945374924999999
0.9999293670599999
1.0
0.9950021652000001
0.9696354455599999
0.99650913462
0.99670198227
0.99489830678
0.99870625501
0.99997981249
0.99426182839
0.9735482329499999
0.9661338679
0.99711652835
0.9776980294100001
0.9587815372299999
0.96780564791
0.99813984782
0.98120401841
0.009630375700000004
0.89563241531
1.0
0.9999992419
1.0
1.0
0.99995914792
1.0
1.0
1.0
1.0
1.0
0.99997144571
1.0
0.99999848409
0.9965163023900001
1.0
1.0
0.99999392607
1.0
0.99995983565
0.99972859425
1.0
1.0
0.99831839679
1.0
1.0
1.0
1.0
0.9999969566500001
1.0
1.0
1.0
1.0
1.0
0.9834449380700001
0.00454567916
0.8410399600499999
1.0
1.0
1.0
1.0
0.99996530082
1.0
1.0
0.9999753289800001
0.9948574395800001
0.99537638236
1.0
1.0
0.99998029124
0.9999936685999999
0.9967232166
1.0
0.99748232465
1.0
0.98925267046
0.9987348727199999
0.9999785557099999
1.0
1.0
1.0
1.0
1.0
0.99972667931
0.9999573632500001
0.9999613368
0.99364719528
1.0
1.0
0.99995206082
0.99603214692
0.0036127968000000694
0.82898016377
0.9947882423500001
0.9936237505000001
1.0
1.0
0.98232609608
0.99764253367
1.0
1.0
1.0
1.0
1.0
1.0
0.9999732959100001
1.0
1.0
1.0
0.9998407988000001
1.0
1.0
1.0
0.99824249077
1.0
1.0
0.99997916376
0.99998384323
0.9999262326199999
1.0
1.0
1.0
1.0
0.9929557047
1.0
0.9788919215099999
0.99900763666
0.00034463814000002457
0.8140487935299999
1.0
1.0
0.99996722766
1.0
0.9935325416599999
1.0
0.9567116
0.99996528332
0.99998970984
0.99891994376
0.99767282891
0.99995007501
0.96894046289
0.9978723729200001
0.98301037274
1.0
0.99995585271
0.99357274003
0.99854229154
1.0
0.99980488388
1.0
1.0
0.9999944284200001
0.9999965499900001
1.0
1.0
1.0
0.99955811897
0.9999811539200001
1.0
1.0
0.9962273464900001
0.99997994384
0.013099378489999945
0.8810988155
0.99998670791
1.0
0.9999610260499999
1.0
0.99998642985
0.9984541504000001
1.0
1.0
0.99316734694
0.99993202039
0.99660979689
0.94610715861
0.9953795852899999
0.98869187898
0.93070911096
0.97491809448
1.0
0.9999593478
1.0
0.99565772659
0.9999692553399999
1.0
1.0
0.99996998696
0.99487531247
1.0
1.0
1.0
1.0
0.94303242812
0.99968638272
1.0
0.9999699350300001
0.9762814415500001
0.0026925297800000406
0.83003222912
0.99999348503
0.999995455
0.99994672559
1.0
1.0
1.0
1.0
1.0
1.0
1.0
0.9999760823899999
1.0
1.0
0.99932412005
1.0
1.0
1.0
1.0
1.0
0.9999732639600001
1.0
0.9999916675
1.0
1.0
1.0
1.0
1.0
1.0
0.9999986331699999
1.0
1.0
1.0
1.0
0.9999930525099999
0.02904127391000002
0.8902199481099999
1.0
0.96378771534
0.99501152705
1.0
1.0
0.99538377079
1.0
0.99993423127
1.0
0.99255643841
1.0
0.99805777466
0.9930755564400001
0.9892075380900001
0.99979493519
0.99854102076
0.99992696069
1.0
0.9974766526900001
1.0
1.0
1.0
0.99993937808
0.9999789936100001
1.0
1.0
1.0
1.0
1.0
1.0
1.0
1.0
1.0
1.0
0.04438553522999995
0.8820329713
1.0
1.0
1.0
0.99996106379
1.0
0.9999745701699999
1.0
1.0
1.0
1.0
1.0
1.0
1.0
1.0
1.0
1.0
1.0
1.0
1.0
1.0
1.0
1.0
1.0
1.0
1.0
1.0
1.0
1.0
1.0
1.0
1.0
1.0
1.0
1.0
0.06358740378000002
0.8500343438000001
1.0
1.0
1.0
1.0
1.0
1.0
1.0
1.0
1.0
1.0
1.0
1.0
1.0
1.0
1.0
1.0
1.0
1.0
1.0
1.0
1.0
1.0
1.0
1.0
1.0
1.0
1.0
1.0
1.0
1.0
1.0
1.0
1.0
1.0
0.06614823764999994
0.87383550866
0.99998647548
1.0
1.0
1.0
1.0
1.0
1.0
1.0
1.0
1.0
0.99999346353
1.0
1.0
1.0
1.0
1.0
1.0
1.0
1.0
1.0
1.0
1.0
1.0
1.0
1.0
1.0
1.0
1.0
1.0
1.0
1.0
1.0
1.0
1.0
0.08037679225
0.7675435619200001
1.0
0.99999741469
1.0
1.0
0.9999941734
1.0
0.99995224478
1.0
1.0
1.0
0.9999169683
0.99996065835
1.0
0.99998606048
1.0
1.0
1.0
1.0
1.0
1.0
1.0
1.0
1.0
1.0
1.0
1.0
1.0
1.0
1.0
1.0
1.0
1.0
0.99997794486
1.0
0.07701440736999997
0.8265079315499999
1.0
0.9999998403000001
0.99995257831
1.0
1.0
1.0
0.99996667336
1.0
1.0
1.0
1.0
1.0
1.0
1.0
0.9999613576999999
1.0
1.0
1.0
0.9999811999999999
1.0
0.99194705588
1.0
0.9999512117
0.9878768739399999
0.98398245368
0.9999982470100001
0.99554720466
0.99998578417
1.0
0.9997684064
0.98262517328
0.99833482313
0.9864934050599999
1.0
0.09373676567999996
0.68442567379
0.99999410417
0.9630938636099999
0.9686156552999999
0.99998918702
0.9853274628900001
0.99999196303
1.0
0.99999775978
0.99996065835
0.99978779756
0.9999919960000001
0.99994077932
0.99999170158
1.0
0.98989791063
0.99995470942
1.0
0.99106368109
0.99927913755
0.97164926898
0.87969410359
0.99795980746
0.96521667166
0.9012140028
0.95406392184
0.9712655421699999
0.99997061649
0.99106878688
0.95985351551
0.98919591837
1.0
0.99999257337
1.0
0.9994402005
0.09852690646999995
0.79413832351
0.9508280287299999
0.99582238282
1.0
0.9327696425
0.9783941739800001
0.99747210584
0.98856868049
1.0
0.9999448303299999
1.0
1.0
0.99996796797
1.0
1.0
1.0
0.99997794486
1.0
0.99992414208
1.0
0.99997587378
1.0
1.0
0.99944615385
1.0
0.99849336786
1.0
0.97630580942
0.91748949525
0.9901409023000001
0.94713653344
0.99067247826
0.99999511854
0.99637315249
0.99997064367
0.09429646210999999
0.74189007096
0.99342898204
0.99997794486
1.0
1.0
0.99852742658
1.0
1.0
1.0
1.0
1.0
1.0
1.0
1.0
0.99999189731
1.0
1.0
0.9999921803299999
0.99997064367
1.0
1.0
1.0
0.99325811692
0.99992377525
1.0
0.9967611487799999
0.9999719847499999
0.9983947258
1.0
0.99995555556
1.0
1.0
0.9989719995999999
0.99994810379
1.0
0.11961646706
0.7394035193
1.0
0.99998594801
1.0
1.0
1.0
0.99997195513
1.0
1.0
1.0
1.0
1.0
1.0
1.0
1.0
1.0
1.0
1.0
0.99992705435
1.0
0.9999813693199999
1.0
1.0
1.0
0.9999699350300001
1.0
1.0
0.98902379808
0.94565143256
0.99515502297
0.99419879615
1.0
1.0
0.99610342966
1.0
0.12758403521
0.70654839097
1.0
1.0
1.0
0.99994610695
1.0
1.0
0.99998449086
1.0
0.99999176659
0.9999997599000001
0.9981885628399999
0.99998642985
1.0
0.98919591837
1.0
1.0
0.9981556042199999
0.9999819917599999
1.0
1.0
1.0
1.0
1.0
1.0
1.0
0.99995717859
1.0
1.0
0.99995603777
0.99995008486
0.9993079435
1.0
0.99395390156
1.0
0.13124224422
0.75178347262
0.99996249724
0.99669937006
1.0
0.96356759352
0.98377376491
0.99662638944
0.99998831533
0.99995603345
1.0
1.0
1.0
1.0
0.9628995180700001
0.98775469547
1.0
0.98806451613
1.0
0.96888192
0.9957436963
0.99520623003
0.9997904799999999
1.0
1.0
1.0
1.0
1.0
0.99997391739
0.92424233257
0.99455270175
0.9458172
0.9929284928500001
0.9683193143300001
0.99735943831
1.0
0.15444657097000003
0.72821589569
0.99918487546
0.9935202236
1.0
1.0
0.99994875587
1.0
0.99916608339
0.99679286716
0.9665755980899999
0.98761833684
1.0
0.99997994384
1.0
0.99993019113
1.0
1.0
1.0
1.0
0.9881399659700001
0.99762909382
0.9914522731800001
1.0
0.99887698444
1.0
1.0
0.99994593731
0.9999633130200001
1.0
0.99997721367
1.0
1.0
0.99998941353
1.0
0.99996265494
0.15893406808
0.7868923798099999
0.99840835582
0.99999112266
0.99998295121
1.0
0.9999961676600001
1.0
0.99993761176
1.0
0.9999984778700001
1.0
0.99991418298
0.97550190038
0.99763711423
0.99784995509
0.99989627112
1.0
0.99999054108
1.0
1.0
1.0
0.99993082164
1.0
0.9999927555000001
1.0
1.0
1.0
1.0
1.0
0.9999653183799999
1.0
1.0
0.99683723543
0.97746425935
0.9950422084399999
0.15587676819999993
0.56816044124
0.99997344
0.99996709265
1.0
0.99932662102
1.0
1.0
1.0
0.99999212772
1.0
1.0
1.0
1.0
1.0
0.99999176659
0.99456619128
0.96416235483
0.99996930475
0.98414629574
1.0
0.9999812926499999
1.0
1.0
1.0
1.0
1.0
0.99994762475
0.94084181491
0.96683164544
0.8848724440900001
0.9970815660400001
0.87930816408
0.97830761197
0.92303454345
0.9731220156
0.16207422302000007
0.65896833283
1.0
1.0
1.0
1.0
0.9999931200000001
1.0
1.0
1.0
1.0
1.0
1.0
1.0
0.99999105878
1.0
1.0
1.0
1.0
0.9993013836
1.0
0.99999176659
1.0
1.0
1.0
1.0
1.0
0.99998194403
1.0
1.0
1.0
0.99997064367
1.0
0.9653119840100001
1.0
0.9979175100400001
0.18606781774999995
0.71784191162
0.99996513414
1.0
1.0
1.0
1.0
1.0
0.9999990408599999
1.0
1.0
1.0
1.0
1.0
1.0
1.0
1.0
1.0
1.0
1.0
1.0
1.0
1.0
0.9999646599199999
1.0
1.0
1.0
0.99971434857
1.0
1.0
1.0
1.0
1.0
1.0
1.0
1.0
0.19524011169000005
0.6927622434
1.0
1.0
1.0
1.0
1.0
1.0
1.0
1.0
0.99999888045
1.0
1.0
1.0
1.0
1.0
1.0
1.0
1.0
1.0
1.0
1.0
1.0
0.99998541228
1.0
1.0
1.0
1.0
1.0
1.0
1.0
1.0
1.0
1.0
1.0
1.0
0.21789590333
0.7154068575999999
1.0
1.0
1.0
1.0
1.0
1.0
1.0
1.0
1.0
1.0
1.0
1.0
1.0
1.0
1.0
1.0
1.0
1.0
1.0
1.0
1.0
1.0
1.0
1.0
1.0
1.0
1.0
1.0
1.0
1.0
1.0
1.0
1.0
0.9999573665200001
0.21820514645999997
0.65302248204
1.0
1.0
1.0
1.0
1.0
1.0
1.0
0.99999719326
1.0
1.0
1.0
1.0
1.0
1.0
1.0
1.0
1.0
0.9999921803299999
1.0
1.0
1.0
1.0
1.0
1.0
1.0
1.0
1.0
1.0
1.0
1.0
0.99998848115
1.0
1.0
1.0
0.22876241792999993
0.5731379048799999
0.9969584214199999
0.95264754672
0.99398043131
1.0
0.99997794486
0.9999745701699999
1.0
1.0
1.0
0.99997656234
0.9999812462400001
0.99999760837
0.94104745491
0.97263431716
0.98587239656
0.88700073845
0.9865063296200001
0.93308693568
0.97877784886
0.9546965035
0.98878370444
0.97964337543
0.99892938588
1.0
1.0
0.9947919565700001
0.95569651314
0.99998319496
0.9322554715500001
0.99855063838
1.0
0.99998906624
0.99999559868
0.98644336239
0.22661484205999993
0.5269781567099999
0.91356040139
0.9937937393099999
1.0
0.9772007979299999
0.99801496
0.95355274802
0.9772547857399999
0.9652456354400001
0.97945078903
0.97648459384
0.9756488978
0.87826227545
0.9292846353599999
0.96766689392
0.99340929907
0.95796120801
0.99102074089
0.90154736213
0.98191600682
0.9952273928700001
0.93974409268
0.94705085423
0.87401431579
0.94405637745
0.98330211063
1.0
0.9435608282500001
0.93661614708
0.99747429602
0.96600649338
0.9990054445000001
0.9980349390400001
0.99996597618
0.22707659608000003
0.22707659608000003
0.99989474147
0.99989474147
1.0
1.0
1.0
1.0
0.99997583732
0.99671108441
1.0
0.99820406203
1.0
0.99995470789
1.0
1.0
1.0
0.99395558231
0.98333511466
1.0
0.9999996012800001
0.98179549839
0.999960008
1.0
0.9999799383000001
0.99991819549
1.0
1.0
1.0
0.99912776107
1.0
0.9964575663499999
0.98625341915
1.0
0.99991894379
0.9999705355399999
0.24034772349000005
0.54484451206
1.0
0.99998046057
0.99998046057
1.0
1.0
0.9999772526999999
0.9999980867
1.0
0.99999504743
1.0
1.0
0.99997144571
0.99997859719
0.99856585952
1.0
0.98890842432
0.9979994398900001
0.99997872638
0.9999591608399999
0.9975608486800001
0.99997708104
0.99813661268
1.0
1.0
0.99698485483
0.93573597281
0.95167290876
0.9992505009999999
0.9999527247300001
1.0
0.99997656234
0.9997014342599999
1.0
1.0
0.25323439073000004
0.57113913929
0.9626695268600001
1.0
0.99741676022
0.99996328522
1.0
1.0
1.0
0.99994283436
1.0
0.98081085503
0.9859438736799999
0.99552911038
1.0
0.96382854852
0.96265095529
0.9803149140299999
0.99993028218
0.95001515941
0.94371385693
0.9904781287500001
0.9999269092399999
0.9991678335699999
1.0
1.0
1.0
1.0
1.0
0.99999054108
0.9934363618200001
0.98838656642
0.9997347431400001
1.0
1.0
1.0
0.26141454255
0.57370870522
0.99977025047
0.9991979988
0.99539495394
1.0
1.0
1.0
1.0
0.99995784
0.99999426637
1.0
0.9999485702900001
0.9877337867599999
0.99625903626
0.88035249473
0.98822921079
0.99607863864
0.94627800937
0.99645367028
0.9999673109699999
0.9999905797799999
1.0
0.99993885452
0.9999874123100001
1.0
1.0
0.9413181863500001
0.99710596745
1.0
1.0
0.9999870749
1.0
0.99995470942
1.0
0.9997205856000001
0.2656718505099999
0.45569849045000005
0.8776648972300001
0.99870301819
0.9331655131
0.85468093619
0.9170943615399999
0.9521767691799999
0.99181252135
0.9980549975
0.9999535675000001
1.0
0.9999705355399999
1.0
0.9999637925899999
1.0
1.0
1.0
1.0
0.99997604551
1.0
0.99998464784
0.99997186691
1.0
1.0
1.0
1.0
1.0
1.0
0.99993475291
0.99996179462
1.0
0.99996726874
1.0
0.98709715886
0.9934890224399999
0.27854819659
0.54224750401
1.0
0.99999640252
1.0
1.0
0.99999768394
1.0
0.9999446239800001
1.0
0.99960561235
0.99992431138
0.98472876274
0.94269322423
0.8545777510500001
0.9954620468700001
0.88919075908
0.9706549581799999
1.0
0.91884672935
0.98681554487
0.99162783824
1.0
0.99999640252
0.99996181709
0.99877728
0.99816864499
0.99997916331
1.0
0.9999441246999999
0.94199820305
0.9272550341000001
0.9775837356000001
1.0
0.99997583732
1.0
0.29078970218
0.51233797699
0.9957648424200001
0.99598243688
0.99998384323
0.9999538676799999
1.0
1.0
0.99907714515
0.89088290735
0.9228070454799999
0.96689764033
0.95621144
0.89270547712
0.9134824633199999
0.8994349499000001
0.99248142087
1.0
0.99999029049
0.9908804505200001
0.93667915625
0.9392717252399999
0.80506052473
0.87873626659
0.89602898319
0.87965453818
0.87127272727
0.8765718048500001
0.91542352234
0.88150437737
0.86673258517
0.8153403076900001
0.90914223521
0.9164396648
0.98752867287
0.87699280576
0.29494026245
0.49839613252000003
0.9999548992199999
1.0
1.0
0.9963831642400001
0.99997509796
0.97935015458
0.91106220669
0.98615347626
0.96880224584
0.90232118069
0.98290804206
0.9999850235300001
0.9525662311800001
0.95413688
0.93919273381
0.99316621472
0.8964729158400001
0.9938829980999999
0.9590690254900001
1.0
0.9972736978900001
0.9999997599000001
0.99340111598
1.0
0.99188634185
0.9710615338499999
0.9991294117599999
1.0
0.9999480903800001
0.98577056769
0.98325441632
0.99527695071
1.0
0.9973583458199999
0.2798005815700001
0.530364536
1.0
1.0
0.9999345759999999
1.0
1.0
1.0
0.99832134427
1.0
1.0
1.0
1.0
0.9999850847499999
0.99998042519
1.0
1.0
0.99999189731
1.0
1.0
1.0
0.9899218436899999
1.0
1.0
0.99999632918
1.0
1.0
0.99990041992
1.0
1.0
0.99999768394
1.0
1.0
1.0
1.0
1.0
0.32689269537
0.49748377569999996
1.0
1.0
1.0
0.99997916376
1.0
1.0
1.0
1.0
0.99997928421
1.0
1.0
1.0
1.0
0.99997920624
1.0
1.0
1.0
1.0
1.0
1.0
1.0
1.0
1.0
1.0
1.0
1.0
1.0
1.0
1.0
1.0
1.0
1.0
1.0
1.0
0.34545666333
0.5070144358800001
0.99541023237
1.0
1.0
1.0
1.0
1.0
0.99968209432
1.0
1.0
1.0
1.0
0.99999433586
1.0
1.0
1.0
1.0
1.0
1.0
1.0
0.9999824009599999
1.0
1.0
0.99995320468
1.0
1.0
1.0
1.0
0.9999812926499999
0.99998983288
1.0
1.0
1.0
1.0
1.0
0.34677291878000005
0.53567902096
0.9999573365300001
1.0
1.0
1.0
1.0
1.0
1.0
1.0
1.0
0.99998954509
1.0
1.0
1.0
1.0
1.0
1.0
1.0
1.0
1.0
1.0
0.99997453602
1.0
0.99997439744
1.0
0.9999763157899999
1.0
0.99999823982
1.0
1.0
1.0
1.0
1.0
1.0
1.0
0.35992015987
0.46635490239
0.99891549352
0.9998869974900001
0.9305522056600001
0.9650208383200001
0.86229832402
0.9937890763099999
0.92901347171
0.99800155704
0.9999786388299999
0.9999441452200001
0.9988052114700001
0.9685599840300001
0.94790433913
0.89112381333
0.87125170585
0.91480164049
0.8679922314499999
0.8232555212599999
0.9897802613100001
0.8258189381100001
0.92111844971
0.98373564248
0.9984857257699999
0.99821656
0.9999143855399999
1.0
0.959309998
0.91629898828
0.91350593407
0.9306897902100001
0.9982543857899999
0.82729173098
0.80456175147
0.85645206603
0.32589515478000003
0.50481677924
0.9999784843
0.99998583858
0.9999994415100001
1.0
0.99563177907
0.99567387261
0.99747113021
0.9999851911100001
0.9999891265199999
0.9795990795399999
0.97906588024
0.99936614464
0.9512463651899999
0.99403647271
0.99998449086
0.99431972098
0.9884544231300001
0.99996313475
0.94304916983
0.97648288791
0.9978947073
0.98684146488
1.0
1.0
0.97304123422
0.99906459938
1.0
1.0
1.0
1.0
0.99549492203
0.9999691045500001
0.95147238627
0.99907369265
0.37065715886
0.40932348365
0.8625202424699999
0.8662446118300001
0.9523138916599999
0.90721624975
0.9156883563
0.93887576456
0.99136622649
0.9980830701600001
0.99999463839
0.99726957909
1.0
0.9988948115599999
0.99689824983
0.99997104108
0.9920428399500001
0.99782271501
0.9999626421900001
0.99997124314
1.0
0.9999931200000001
0.9999553737200001
1.0
0.9912690208699999
0.9604776322399999
0.9117541783299999
0.88892864563
0.93890686597
0.96600445113
0.9965779202599999
0.999988422
1.0
0.99998637411
0.9999851911100001
0.9752461030499999
0.32953615653
0.41746972847999997
0.9965609922
0.99998583858
0.97279561272
0.9990879951899999
0.92538359414
0.9655408001599999
0.99754939231
0.9961676450000001
0.99538919298
0.99998449086
0.95890806484
0.97346318725
0.9939918498400001
1.0
0.9999480903800001
0.99999632918
0.99996647619
1.0
0.99791017796
1.0
0.95857063245
0.99686623338
0.86455554445
0.99375393516
1.0
0.99973770623
0.9999811999999999
0.99999506762
1.0
0.93494941012
0.94374737262
0.9981336
0.97518411871
0.92575501647
0.38456486135
0.45229379352000004
1.0
1.0
1.0
0.99997709029
1.0
0.99998941353
1.0
0.99998983288
0.99995273993
0.9974960892699999
1.0
0.9999931200000001
1.0
0.9999485702900001
1.0
0.99998583858
1.0
1.0
0.99994545818
1.0
0.9999923786599999
1.0
1.0
1.0
0.9999947088900001
1.0
1.0
1.0
1.0
1.0
1.0
1.0
1.0
1.0
0.40350652126000003
0.40092951431
0.99997867734
1.0
1.0
0.99993968444
0.98194290278
0.91390344551
0.99811866373
0.98040961731
0.9543004678
0.99904544907
0.99991962411
1.0
0.99994610695
0.9999858932
0.99051320152
0.99981237629
0.9812063225300001
0.9981788526900001
1.0
0.99991560404
1.0
1.0
0.9999732959100001
1.0
0.99994855769
1.0
0.99992037687
0.95566559872
0.98656739912
0.96029451426
0.9726825180399999
0.9752786242799999
0.86947964389
0.94529556178
0.37778957916
0.41253056083
0.9999968316800001
1.0
1.0
1.0
1.0
1.0
0.99928113283
1.0
1.0
0.99997587378
1.0
0.99991737955
1.0
0.9999553733900001
0.99999632918
1.0
1.0
1.0
1.0
0.9991078087699999
1.0
0.99999735497
1.0
0.9999632990899999
0.99996265494
1.0
1.0
0.9999456271899999
1.0
1.0
0.99908892668
0.9999989628
1.0
1.0
0.42236628212000005
0.36868025529
0.98125526369
0.98930372149
0.93841101686
0.9939923322700001
0.94050271952
0.9944860799999999
0.99999112266
0.9815818109300001
0.91148726218
0.9939471183699999
0.99905096
0.96948511146
0.9956328855
1.0
1.0
0.99993423127
0.99060304122
0.9999334802600001
0.99994347869
0.9442575484900001
0.98968997106
0.9828898286400001
0.92716778846
0.95309989001
0.99465389604
0.95984968484
0.99823243351
1.0
1.0
1.0
1.0
0.98526048
0.9955575454700001
0.83563595774
0.35879084681
0.39784042404
0.9999750499800001
0.99928747007
0.97013896169
0.99329000702
1.0
1.0
1.0
1.0
1.0
0.99998287876
0.9992884341499999
1.0
0.9999434569600001
0.9645032515499999
0.9761805856400001
0.9942503694799999
0.95487576212
0.95203096259
0.93827647295
0.9593096593200001
0.97449904153
0.9598333166399999
0.90937613727
0.9413195563100001
0.9438588848799999
0.99867698753
0.97344533387
0.9920956312599999
1.0
0.9849613754500001
0.99392525454
0.9995840895500001
1.0
0.9353242563399999
0.4390702089
0.32158839059000005
0.9387157100100001
0.9097937649900001
0.87035006502
0.87437993806
0.92993735713
0.8858948799999999
0.86544635073
0.91927382043
0.99283963892
0.9056344000000001
0.89465144688
0.93766280761
0.8804699609100001
0.97624514582
0.98874553089
0.99985500451
0.9919627406
0.98796143129
0.93925699461
0.82521563126
0.8180697489
0.9601098997999999
0.90786344
0.98507223833
0.93179240607
0.99698177809
1.0
0.96100179964
0.9995777933400001
0.9985041812200001
0.88141462633
0.99446802885
0.9999485702900001
0.9149410192499999
0.41734982956
0.36197830251
0.9982140583800001
0.99999513847
1.0
0.9584669994
0.97701391443
0.99756574167
1.0
1.0
0.99625111533
1.0
1.0
0.93052413931
0.9543990401
0.92650302244
0.99830496241
0.99999640252
0.9999920617400001
0.99732501749
0.99725886461
0.99852108844
0.9999551910400001
0.98826037396
0.99999291824
1.0
1.0
0.9569023200000001
0.9983406815200001
0.99994010824
0.9777909982
0.99999576085
0.96441954917
0.99915988791
0.9505348944299999
0.9811887723499999
0.46938866627000003
0.36145483025
0.8438263391299999
0.94585033959
0.94986916559
0.99893124183
0.99995736
0.99997920624
1.0
1.0
0.99985470547
1.0
0.99928248825
1.0
0.9976737275399999
1.0
1.0
1.0
1.0
1.0
0.9730544147000001
0.9905203067399999
0.90082420344
0.98782055178
1.0
1.0
0.99302404798
1.0
0.9999785557099999
1.0
0.98749708371
0.99948301508
0.99996398559
0.99998848115
1.0
0.9121942926000001
0.47026156765
0.32243218408999996
0.9668449232
0.94895430862
0.99680231954
1.0
0.99996512349
1.0
0.99959366607
1.0
1.0
1.0
0.99999983965
1.0
0.9959829668100001
1.0
1.0
0.9980634990499999
1.0
0.9989538277300001
1.0
0.99997391739
1.0
1.0
0.99291876256
0.98012647589
0.99528830234
1.0
0.99996268058
1.0
1.0
1.0
1.0
0.9999851911100001
1.0
0.9999700837700001
0.49464369033000005
0.39514956035000004
1.0
1.0
1.0
1.0
1.0
1.0
1.0
1.0
1.0
1.0
1.0
1.0
1.0
1.0
0.99759252637
1.0
1.0
1.0
0.9999751203899999
1.0
0.99896230492
1.0
0.99992431138
0.9999420952400001
0.9990411194400001
1.0
0.9999560343099999
1.0
1.0
1.0
1.0
1.0
0.9999867080399999
0.9999568799999999
0.50482561211
0.36714651144000005
1.0
0.999994184
1.0
1.0
1.0
1.0
1.0
1.0
1.0
0.99994544
1.0
1.0
1.0
1.0
0.9977477854100001
1.0
0.99993371314
0.99999759856
1.0
1.0
0.99999840064
1.0
1.0
1.0
1.0
1.0
1.0
1.0
1.0
1.0
1.0
1.0
1.0
1.0
0.51631760503
0.37181467268
0.99999978413
1.0
1.0
1.0
1.0
1.0
1.0
1.0
1.0
1.0
1.0
1.0
1.0
1.0
1.0
1.0
1.0
1.0
1.0
0.99995736
1.0
1.0
1.0
1.0
1.0
1.0
1.0
1.0
1.0
1.0
1.0
0.9999646435399999
1.0
1.0
0.52750816715
0.32805409836000005
0.99994327797
1.0
1.0
1.0
1.0
1.0
1.0
0.99998319496
1.0
1.0
1.0
1.0
1.0
0.99999952239
0.99999719326
0.99995404511
0.9999904781000001
1.0
1.0
1.0
1.0
0.99997470829
1.0
0.99993154054
1.0
0.99997981249
1.0
1.0
0.99991281744
1.0
0.9999374498800001
1.0
0.99800740074
1.0
0.53253500752
0.26405254077999996
0.9977725676600001
1.0
0.99997240552
0.99996528332
0.93428841476
0.9941320743300001
1.0
0.95095661904
0.9935810159999999
0.98898779343
1.0
1.0
0.99035063898
0.99907329019
1.0
1.0
0.99998163306
0.98956497108
0.99999767442
0.9999730903999999
1.0
0.9990956869800001
1.0
0.99476991062
0.99405722283
0.96128003201
0.9419323764
0.9288173947899999
0.9988533253299999
1.0
0.9999679234
0.99994257644
0.99587814622
0.9781791504199999
0.514001991
0.2644245654100001
0.79213796407
0.9546825339699999
0.96211221122
0.99868321839
0.9999586926
1.0
0.9517218154600001
0.90497144568
0.90833435589
0.9865428086
0.9998842263400001
1.0
1.0
0.99998449086
0.9864844666
1.0
1.0
1.0
0.99994083242
1.0
0.9999869088
1.0
1.0
1.0
0.99995290825
0.99517070828
0.99836304739
0.99998319496
1.0
0.99998476343
1.0
1.0
0.99617190876
0.53678245607
0.29628042004000005
0.29628042004000005
0.99997084522
1.0
0.99996401606
0.9999586926
0.9999586926
0.99998438714
0.96948903588
0.98037988782
0.9943336928300001
0.99623301435
0.9997393294499999
1.0
0.98898110346
0.9931757853800001
0.9999520545199999
0.98642595634
1.0
0.9999939952000001
0.9999955449500001
1.0
1.0
1.0
0.99995716698
1.0
0.9999525410200001
1.0
1.0
0.99993154054
1.0
1.0
1.0
1.0
1.0
0.5645687045000001
0.36006817991
0.99998572601
0.99999576085
0.99993955202
0.9999703145700001
0.99994761048
1.0
1.0
0.99991703763
1.0
0.9423615238499999
0.9219859453
0.9710248704700001
0.98381042273
1.0
0.97691780959
1.0
0.99993280545
1.0
1.0
0.999960008
0.9999637777999999
0.99869187888
0.99996663333
0.9921226773199999
0.99999737261
1.0
1.0
1.0
1.0
1.0
1.0
1.0
0.99432097776
0.9999632990899999
0.57515871846
0.27356954249999993
0.99999797246
1.0
1.0
0.9999434569600001
1.0
0.99995141862
0.9409519038099999
0.84246098978
0.99324658218
0.9762332668500001
0.9364284109200001
0.9694458091600001
0.89163648716
0.97510328526
0.9999738515200001
0.9999493874300001
1.0
0.99999632918
0.99996726874
0.9995258158500001
1.0
0.99999704355
1.0
0.97883399059
0.99870511182
0.9735665399200001
0.98786690647
0.9992035087700001
0.9999405893
0.99980020004
0.99998341346
1.0
0.99995253558
0.9666860228
0.54647553113
0.2650664163
1.0
0.9837037717000001
0.97615118678
0.95489432384
0.9971230645800001
1.0
0.9874276683
0.9998223465899999
0.9945087216299999
0.9999367766499999
1.0
0.99807436102
1.0
0.9999325698200001
0.99998906624
1.0
1.0
0.99993077695
0.9996558390899999
1.0
0.99995784
0.99740841579
0.99998583858
1.0
1.0
0.99909174917
1.0
0.99965149785
1.0
0.95477726366
0.91594582375
0.9983821224599999
0.94289709668
0.99879510009
0.5811203055899999
0.21118119294999996
0.99810954905
1.0
1.0
1.0
1.0
0.9999903527999999
0.9993406346999999
0.99997656234
1.0
1.0
1.0
1.0
1.0
1.0
0.9999938572
1.0
1.0
1.0
0.99998244914
1.0
1.0
0.99998384323
1.0
0.9999947088900001
1.0
0.99997591036
0.9999887816999999
0.99997667638
1.0
1.0
1.0
0.97489939006
0.99849803607
1.0
0.59990489934
0.30689816212000004
1.0
1.0
1.0
1.0
1.0
1.0
1.0
1.0
0.99998631863
1.0
1.0
1.0
1.0
1.0
1.0
1.0
1.0
0.99994592
1.0
0.99928141735
1.0
1.0
1.0
1.0
1.0
1.0
1.0
1.0
0.99996776967
1.0
1.0
1.0
1.0
1.0
0.61962538377
0.2983511498
1.0
1.0
1.0
1.0
1.0
1.0
1.0
1.0
1.0
1.0
1.0
1.0
1.0
1.0
1.0
1.0
1.0
1.0
1.0
1.0
1.0
1.0
1.0
1.0
1.0
1.0
1.0
1.0
1.0
1.0
1.0
1.0
1.0
1.0
0.63822959648
0.28474812456
1.0
1.0
1.0
1.0
1.0
1.0
1.0
1.0
1.0
1.0
1.0
1.0
1.0
1.0
1.0
1.0
1.0
0.99992351939
1.0
0.9999699609499999
1.0
1.0
1.0
1.0
1.0
1.0
1.0
1.0
1.0
0.9999893086799999
1.0
1.0
1.0
1.0
0.63731152339
0.27322816563
1.0
1.0
1.0
1.0
1.0
1.0
1.0
1.0
1.0
1.0
1.0
1.0
1.0
1.0
1.0
1.0
1.0
1.0
1.0
1.0
1.0
1.0
1.0
1.0
1.0
1.0
1.0
1.0
1.0
1.0
1.0
1.0
1.0
1.0
0.6568530569100001
0.24018137709999995
0.99987262105
1.0
1.0
1.0
1.0
0.9999745701699999
1.0
0.9999633130200001
1.0
1.0
0.99995603517
1.0
0.9999613368
1.0
0.9995138866700001
1.0
1.0
0.9999785557099999
1.0
1.0
1.0
1.0
1.0
1.0
1.0
1.0
1.0
1.0
1.0
1.0
0.9999977505500001
1.0
1.0
1.0
0.65870140952
0.26025070827999996
1.0
1.0
0.9999977924400001
1.0
1.0
1.0
1.0
1.0
1.0
1.0
1.0
1.0
0.9999936945
1.0
1.0
0.9999931200000001
0.99868383222
1.0
0.99999783589
0.99100030015
1.0
0.99996461094
0.9998133306600001
0.99995802099
0.98876936613
1.0
0.99997924887
1.0
0.9999936945
0.99993502051
1.0
1.0
1.0
1.0
0.66350242867
0.18198858515999994
0.99995718107
1.0
1.0
1.0
0.99698766026
1.0
0.99999919783
0.99999719326
1.0
0.9999989628
0.9998589273199999
1.0
1.0
1.0
1.0
0.99999318774
0.99914621311
1.0
0.99913568721
1.0
1.0
1.0
1.0
1.0
1.0
1.0
0.9999373566099999
0.9996493348000001
1.0
1.0
1.0
0.9999050495
0.9824483415199999
0.9391592163100001
0.62905343322
0.16895185652999994
0.9711718399999999
0.97517336799
0.92361926029
0.97720373157
0.9739339666
0.9313428228699999
0.98534026597
0.99934187625
0.9999573632500001
1.0
1.0
1.0
1.0
1.0
1.0
0.9539690036899999
0.9208555422200001
0.93224480962
0.97959175835
0.99997186691
0.9999766382299999
0.95525736
0.97942853715
0.95506726673
0.98428927681
0.99999583333
0.98830156062
0.99994080592
1.0
0.9999540423800001
0.9742154461
0.9910912839
0.9999896486500001
1.0
0.68649426655
0.18632255699999994
0.9999344945499999
1.0
1.0
0.99992473505
0.9491023659800001
0.93043842305
0.95611608
0.98253369337
0.96201768354
0.9163326416600001
0.9896823494
0.9883586897700001
0.92452934012
0.8820185758500001
0.83209369297
0.90968844542
0.96642944589
0.934301659
0.98914807942
0.9903767301899999
0.9981321603500001
0.99997192561
1.0
0.8826902306900001
0.8066570914200001
0.87192287712
0.8225542207100001
0.8219619085800001
0.87367715371
0.90876936
0.9648568170499999
0.9312840084
0.8790319536100001
0.9200557432800001
0.643917778
0.16627080551999998
0.99836242993
1.0
0.99993352
1.0
0.9999489174
0.9999724359
1.0
0.97066467424
0.9918468888
0.99715409705
0.99964012401
1.0
1.0
1.0
1.0
0.99985630797
1.0
0.9999744314200001
1.0
1.0
0.99999759856
1.0
0.9415362336199999
0.98929239403
0.99994878024
0.99999477964
1.0
0.9998145727100001
0.9999580165599999
1.0
1.0
1.0
0.99999105878
1.0
0.7059785295600001
0.12796319632
0.98304251317
1.0
0.99531559908
1.0
1.0
0.9691187011400001
0.99119040767
0.98907615715
0.99671357186
1.0
0.98377044453
0.9991266699899999
0.9998111677199999
0.9999851911100001
0.99999775978
1.0
1.0
1.0
1.0
1.0
1.0
1.0
1.0
0.99999624075
0.99994077932
1.0
1.0
1.0
0.9999936
0.9999968949
0.99959330191
0.93549173264
0.9991318095599999
0.99996443381
0.58846260974
0.12169123649000001
0.86935599362
0.9983589109400001
0.9717510646799999
0.99922744549
1.0
0.99994858283
1.0
0.99997192561
0.999960008
1.0
1.0
1.0
1.0
1.0
1.0
1.0
0.99042146419
1.0
1.0
1.0
1.0
1.0
1.0
1.0
1.0
1.0
1.0
0.99993815382
0.99998837442
1.0
0.99999737261
0.99993077695
1.0
0.9999760823899999
0.7241906011799999
0.15502896552000006
0.9822346730800001
1.0
0.96706947242
0.99812503502
1.0
0.98676917541
0.98981464193
0.99995718152
0.9999852445899999
1.0
1.0
1.0
1.0
0.9995714857799999
1.0
0.99992498753
1.0
1.0
1.0
0.99998906624
1.0
0.99685940713
0.99991471796
0.99883511572
1.0
0.99691239141
1.0
0.9838351248799999
0.999984543
1.0
0.98366272
0.978678891
1.0
0.99993062657
0.72836594551
0.10204136006
0.9249423031499999
0.98209967974
0.9916209641899999
0.96221653504
0.9904835248299999
1.0
0.9999149940000001
1.0
0.99997254863
0.96998166316
0.99792760761
0.99879708029
1.0
0.9999877268599999
1.0
0.9999919960000001
0.9999646599199999
0.98550695081
1.0
0.94874100719
0.99345309717
1.0
0.99991096878
0.98941755786
1.0
0.94682206676
0.99888644747
0.99999832369
0.9572545782399999
0.98723258786
0.9999439158700001
0.99593563586
1.0
1.0
0.7421764882999999
0.08946782921999999
0.9962046591499999
1.0
0.99998372582
0.99995802543
1.0
0.99993352
1.0
0.99994810379
0.99998352403
1.0
0.99996663333
0.99993684421
1.0
0.99982015936
1.0
1.0
1.0
1.0
0.99997794486
1.0
0.99995736
1.0
1.0
0.99996862431
1.0
1.0
1.0
1.0
1.0
1.0
0.99999231231
0.99995025035
1.0
1.0
0.7543853262499999
0.13108171302999996
0.98661490902
1.0
0.99996182839
0.99932739822
1.0
0.99998631863
1.0
0.9999905797799999
1.0
1.0
1.0
1.0
1.0
1.0
0.9999732639600001
1.0
1.0
1.0
1.0
1.0
1.0
1.0
0.99999454582
