0
0
36842
37309
37966
38631
39831
41363
36956
34036
34756
38064
38980
33888
40199
42198
35653
37634
32285
37929
33877
46663
31968
35123
41037
41208
33073
34540
32875
36804
36741
35324
29709
99200
99200
42164
33973
29950
33571
34800
29075
35889
27222
34922
30997
34989
34330
33889
26035
30318
35894
30735
33784
26897
39362
36432
32536
39484
31371
28098
30005
30425
41210
33806
33979
52485
38043
32283
33240
99200
99200
34513
25193
33790
36024
34144
26760
34899
34200
32637
32219
34477
27634
24812
26998
27079
35146
26992
26429
32297
33986
33768
35852
25360
27942
26053
27816
34858
35582
23047
34085
34309
36991
35113
37889
99200
99200
42582
39448
29818
37144
37763
41025
35740
41143
36244
40688
44539
41614
35895
34820
42520
35615
32931
44636
32140
31004
42741
51764
38967
42953
37406
56597
45407
46245
57504
48777
42001
43580
75260
48834
44268
99200
56377
44224
49115
43966
37171
40671
43455
46223
45344
46005
39955
52538
40274
51035
43428
44566
39188
45503
51184
50243
50794
46691
45918
45599
41475
43932
50868
64353
63843
48827
50699
56272
53307
40444
55931
99200
89852
64892
49006
67888
66739
62592
57035
50879
51161
71769
62842
58793
56025
60004
67168
67928
67159
71700
60381
48750
57963
63067
67447
63835
72608
43277
71774
69516
74885
64937
69126
57124
65589
53592
65988
99200
92933
76147
80755
53341
63412
61328
73576
61635
57397
78455
71345
86257
75620
68486
76974
70889
69006
75047
72741
61506
84682
72745
70301
65315
61845
68659
70235
82400
67417
72966
83646
75022
64776
63939
77092
99200
99200
71336
91397
79032
88954
76576
84561
86672
70456
70541
76770
75592
87591
67356
90131
86439
79121
85469
88579
86374
78048
82150
70926
75723
75359
67220
85324
82949
70189
89385
86424
96533
86074
84454
91141
99200
99200
86255
94798
85428
84969
82246
86559
96628
83671
95533
90791
84543
83918
82176
81645
88121
87992
84368
88628
83731
86194
85717
80808
82959
91830
89633
90977
93454
90182
94538
84527
86624
86546
85325
95800
99200
96361
68314
73420
66926
86816
89286
86714
79177
66362
91359
70631
76092
86713
72234
83534
82321
76250
78993
83285
85458
76411
84924
75401
75282
77581
93849
83250
84726
82388
78299
83096
72925
90085
86415
79878
99200
92316
73870
75247
70122
78572
64909
69313
76963
77449
74122
72096
79019
71878
76186
69702
78185
80578
67806
73958
78400
79468
77293
72346
69726
85172
71427
74586
68698
74692
70863
74499
80354
71137
77269
66894
99200
86596
60725
49911
51560
56655
48690
47639
50077
51761
52957
58351
52063
50898
58072
62066
56603
68830
46351
51559
52656
62009
43170
60050
52863
62938
53061
52544
56322
54837
62327
55563
43578
59935
58678
47678
99200
89295
60469
57008
62674
60016
64119
65734
70281
60335
69654
64729
70570
61793
67085
66196
65967
63478
63156
69366
70781
68665
49119
57373
57955
66135
65822
55170
72900
71974
71314
56368
73786
58751
62007
70350
99200
91000
60017
69354
67599
71557
66917
66635
74127
72110
71841
66782
67455
67145
67397
73123
73748
69350
73146
72776
74965
76744
74588
77570
74029
72048
66779
66842
70742
73276
74893
80577
75031
71211
63776
77968
99200
93452
80929
67720
79483
74643
69091
77804
82985
93453
73198
80353
70504
70450
75500
84492
80998
73880
83221
75673
87714
73561
68257
82028
73781
80395
76484
92565
73457
86612
73653
76534
71355
72305
77743
85888
99200
99200
89457
92168
95534
92401
99200
97221
89054
88226
88097
89627
97408
99200
83484
96905
95336
97318
96326
94239
96426
95139
99200
99196
93909
92696
97640
94959
95435
96722
94036
91201
92849
95732
96524
95687
99200
98011
94527
96522
99200
96623
91975
92700
99200
99190
93524
95263
97336
96142
97120
99200
95534
99200
99196
99200
94372
95039
97021
97219
94149
96228
99200
91850
96129
99189
96839
91963
99200
96620
99098
92859
99200
99200
99200
92635
92364
95435
91369
96732
94544
92178
99186
93454
93077
99200
99200
95732
92759
91616
93453
95933
95556
95931
95797
99157
96686
95831
99200
99200
97116
94731
96031
95138
99200
96324
99200
99200
99200
91329
99196
86503
94036
95138
90565
99200
80703
92859
99157
93174
91213
88670
80057
85754
86044
80913
88223
89186
85617
78872
89588
81438
85577
84414
91222
84756
91503
87835
78439
90346
92162
85667
86675
84233
99200
99200
99196
99200
95931
96128
96921
99200
99189
96723
93849
99143
99200
86810
91015
95469
94214
95937
99200
95422
92942
90878
96227
94498
96679
95831
92988
97729
94742
92357
92351
90084
92856
92120
93255
99200
99200
96637
99200
95435
99193
96129
99200
92760
99200
99200
95370
93759
96421
96922
95731
95732
93361
99200
99200
92556
95531
99183
99190
99200
99193
97231
96397
96723
99200
99200
99200
99200
95792
96525
91501
99200
99200
99189
99200
99162
99183
99196
96120
99200
99200
99200
99200
99200
99200
96300
95733
96129
96723
99200
99200
99200
99200
94817
95682
99200
99200
99200
99200
99200
99196
99200
95632
99200
96196
99200
99200
99200
95435
94587
95435
93785
88678
99200
95435
94841
96030
95027
90374
96251
99200
99200
95138
91661
99200
99200
95237
99200
91541
99193
99200
96405
94711
99200
96921
97515
93371
96793
93752
94841
99200
99200
99200
99200
99200
94416
92866
99196
96426
94840
99200
99196
99196
89883
91718
94345
96327
92479
96509
97020
99200
99183
99200
99200
99200
96426
95336
99200
96723
95733
99200
85373
99200
99200
99196
99200
96129
94494
99200
99200
99200
99200
99200
99200
99200
99200
99200
99200
95732
99200
99200
99200
99200
99200
99200
99200
95434
99200
99163
99196
99173
93353
99200
99200
95038
99200
96225
99200
99176
99183
92459
99200
99200
99200
95134
99200
91485
99186
96426
90864
95931
93136
92060
90417
96627
89371
92559
96696
96522
91065
86678
99167
89684
89275
90064
96621
99200
94044
94938
90703
92415
96360
89488
96614
94548
96904
99044
94520
86988
93241
96515
99200
87178
85679
78582
78287
92462
95136
88451
78894
88657
92767
85580
85685
86397
83411
87995
78728
90778
89868
84558
90576
87393
91412
81470
87709
92576
85860
81285
96525
82176
90354
90468
86607
84527
84885
89100
99200
84963
81051
85756
82024
87411
79981
80653
81967
84012
88818
90379
83942
79514
80041
73798
76245
87800
93553
74048
93853
76631
81437
80946
89943
93256
90388
81591
92959
88816
84233
77336
86606
82593
88744
85791
99200
96650
88104
94049
89555
86320
83207
89277
89679
83030
94048
87331
88294
83803
93540
83342
93557
85298
91174
92760
85145
86328
88192
90478
84139
85805
89985
88388
89942
85224
93166
88095
93325
92671
89659
84198
99200
85028
74315
81961
79885
80534
76306
82437
85421
85224
83634
83732
86226
89190
88510
84925
83035
84824
92164
85622
93847
83750
91074
83379
85550
84812
82670
82748
88706
87331
80579
86211
87283
84450
82345
77319
99200
94941
97615
99186
99200
99200
99200
99200
99200
99200
95434
99200
99200
99200
99200
96224
99196
99200
99196
99200
97020
99200
99200
99179
99200
99200
97224
99200
99200
91590
96921
97119
99200
97516
99200
99187
99200
99200
99200
99200
99200
99183
99200
99200
99200
99200
99200
93155
99200
99196
99200
99200
99200
99200
99200
99200
99200
99200
99183
99200
99200
96624
93793
99200
99200
99196
97021
99189
95839
99200
99189
99196
99200
99200
96822
96425
96326
99200
99200
99200
97020
99200
97219
89983
96217
97225
97119
96705
99200
96524
97515
96921
97020
93551
99200
96611
99193
99200
99200
99200
96525
95931
96624
99200
99200
99200
94371
99170
99200
98055
94820
99200
96228
99200
99200
99200
94335
99200
99200
99200
97119
99186
99200
99200
99200
99175
99200
97070
97218
95633
99200
97721
96332
95729
99200
99200
99200
99189
99196
96029
96326
99200
99200
97924
99200
96695
97003
94918
99200
99200
92839
96921
99200
99200
94146
99200
99164
99200
96942
97017
93741
99186
97113
99200
96006
97017
95142
99196
99186
96471
95700
99119
96602
97455
93242
97172
96531
99200
94886
99200
99200
99086
99200
96994
99200
99200
99200
99200
99200
99200
99179
97324
96937
99193
99200
99196
97020
99200
99200
94037
99200
99200
99200
99189
99200
99200
99200
99193
99200
95331
93967
99200
99200
99196
99200
99200
99200
99200
99200
99186
99200
99200
99200
99200
99200
99200
99160
99196
99200
99200
99200
99200
99200
99200
99200
99200
99200
98825
99200
99200
99200
99200
99200
99200
99200
99200
99200
97152
99200
99200
99200
99189
99200
99200
99180
99200
99196
99200
99200
99200
99200
97922
99200
99196
99200
99200
99200
99200
97567
99200
96930
99200
97318
99200
99200
99196
99200
99183
99196
99196
99200
99200
99140
99200
99200
99200
99178
96799
97119
99200
99200
99200
99200
99200
99200
99200
99200
99200
99200
99200
99200
99200
99200
99200
99200
99186
99200
99200
99200
99200
99200
99200
99200
99200
99189
99178
99200
99200
99200
99200
99200
97351
99200
99200
98113
99200
99200
96265
95630
99200
95821
99200
99200
99200
99183
99196
99189
99200
99176
97105
99200
99200
99200
99171
96646
99200
99196
99200
99200
99200
97690
99200
99200
99200
99200
95199
99200
99200
99200
99200
99160
99200
94343
90014
91778
84650
93945
90974
91525
91337
91471
94526
82952
88705
90199
90380
90531
91683
87684
92477
92023
93023
90557
85342
86011
96807
91529
86951
95990
87635
89342
91087
86458
89886
91266
89518
96685
99200
90175
88544
90777
92996
83388
91379
88602
89529
92766
88862
86319
84900
88496
82513
82259
91103
95330
90170
92594
83959
91442
91587
89972
90776
91373
96974
82775
88583
90215
94904
84922
92141
90232
89068
99200
99200
96412
99200
93787
95408
90285
95435
98295
90020
97912
92024
96218
92568
93539
94095
96566
96216
93036
96540
91183
92453
97308
92447
96782
96518
94316
94703
99200
86474
93194
97553
99190
94706
97986
92796
99200
99200
94104
93336
94828
95039
95076
90147
88993
90639
94073
94512
92095
87863
91941
94961
89816
94444
99200
97219
96240
92052
91884
94543
95041
86732
92619
94939
89453
94540
90876
94890
95528
95502
94642
95707
99200
99200
99200
99200
99190
99200
99200
99200
99189
99200
99189
99200
99200
99200
99200
99200
99200
99200
99200
99200
99200
99200
99200
99200
99200
99200
99200
99200
99200
99200
99200
99200
99200
99200
99200
99200
99200
99200
97119
97219
99186
97417
97318
97432
96027
96043
99200
97416
99200
97397
95919
97317
97516
97516
97317
97317
97666
97729
99200
97535
97615
97317
99200
97522
97622
99196
95631
99196
97218
99189
97460
99200
99200
99200
99200
99200
99200
99200
99200
99200
99200
99200
99200
99200
99200
99196
99200
99155
99200
99200
99200
99200
99200
92942
99200
99200
99200
94853
99200
99200
99200
99200
99200
99200
99154
99200
99200
96723
99200
99200
99200
99200
99200
99200
99179
99200
99200
99200
99200
99200
99200
99200
99200
99200
99200
99200
97133
99200
99200
99200
99200
99200
99200
99200
99200
99200
99200
99196
99200
96812
99196
99200
99200
99200
99200
99200
99196
99196
94346
96823
99200
99200
97230
97120
99136
99196
99200
99193
99200
99183
95234
97120
96624
99200
99200
99196
96918
99200
99200
99200
94166
93653
94346
96530
97308
97023
97466
99196
99200
99200
99200
99200
99189
99200
99200
99200
99200
99200
99200
99183
99200
99200
99196
99196
99200
99200
99200
99200
99200
99200
99200
99200
99200
99200
99200
99200
99200
99200
99200
99200
99200
99200
99200
99200
99200
99200
99200
99200
96310
96425
98011
99200
99200
94545
96128
99200
94392
99200
94139
99200
98011
96393
96128
96524
99200
96524
99200
94646
95731
95263
98484
99200
96623
96128
93939
95472
99200
95155
99200
96326
96722
99200
99200
99200
99200
99200
99200
99200
99200
99200
99200
99200
97000
99200
99200
99200
99200
99200
97096
99200
99180
99200
99200
99200
99200
99200
99200
99200
99193
99200
97516
97632
99200
97813
99186
99179
99200
99196
99200
99200
99200
99200
99200
99200
99200
99200
99200
99200
97519
99200
99200
99200
99200
97416
99189
99200
99200
99200
99200
99200
99200
99200
99200
99200
99200
99200
99196
99200
99200
99200
99200
99200
99178
99200
99200
99200
99200
99200
99200
99200
99200
99200
99200
99200
99200
99200
99200
99200
99200
99200
99200
99200
99200
99200
99200
99200
99200
99200
99200
99200
99200
99200
99200
99200
99200
99200
99200
99200
99200
99200
99200
99200
99200
99200
99200
99200
99200
99200
99200
99200
99200
99200
99200
99200
99200
99200
99200
99200
99200
99200
99200
99200
97948
99200
99200
99200
99200
99200
99200
99200
99200
99200
99200
99200
99200
99200
99200
99200
99200
99200
99200
99200
99200
99200
99200
97120
99200
99200
99200
99200
99200
99189
99200
99200
99200
99200
99200
99200
99200
99200
99200
99200
99196
99196
99200
99200
99200
99196
99200
99200
99151
99200
99200
99200
99200
99189
96129
93746
99200
99167
96426
99173
97813
99200
96129
99200
96370
99200
99200
96426
99200
95917
97318
99154
99200
99200
99200
99200
99140
99200
99200
96525
94059
97205
99200
97020
99200
99200
99200
94246
99189
99200
95927
99200
95936
94246
99200
99200
96911
99200
99200
99200
96822
99200
94521
97020
99187
99164
96642
96029
99200
99200
97417
96128
97120
96620
97317
99200
97020
99200
99196
95336
98031
99200
97020
94423
90416
91337
90547
94147
92420
92365
90597
92669
96426
92759
93382
89887
90071
87798
91868
84969
92384
85523
85322
86400
90510
90080
84962
94444
91970
91572
94245
89293
91223
85672
96326
91289
89440
99200
97399
93450
87602
96822
92485
93553
93870
91867
95783
91448
89094
89547
91570
91854
94732
90776
85147
89353
87685
85275
94734
89723
90654
89870
89918
92256
93849
88083
94341
95039
87014
88401
93861
94540
92259
99200
99200
93269
95426
89278
99196
96327
96627
93049
94445
96921
95040
97377
91110
95121
94592
94842
97212
93661
97367
94442
97417
90147
94643
97407
95173
97006
97219
97363
94745
94933
97219
99176
97187
97467
96624
99200
99200
99200
99200
99200
99200
99200
97863
99200
99200
99200
99200
99200
99200
99200
96419
99200
99200
96128
99200
99200
99200
99200
99200
99200
99200
99200
99200
99200
99200
99200
99200
98618
95442
99200
99200
99200
99200
99200
99200
99200
99187
99200
99200
99200
99200
99200
99180
99200
99200
99196
99200
99200
99200
99200
99200
99200
99200
99200
99193
99200
99200
99200
99200
99200
99200
99200
99200
99200
97567
99200
99200
99200
99200
99200
96412
95851
99196
99164
99200
99200
99200
99200
99200
99200
99200
99200
99200
99200
99200
99200
99200
99200
99193
99200
99200
95958
99200
99200
99200
99200
99200
99200
99200
99200
99200
99200
99200
99200
99200
99200
99200
99200
97912
97833
99200
99193
97526
99200
99200
99200
98405
97764
99200
99189
98609
97180
99200
99200
99200
99200
99200
99200
99200
99200
99200
99200
99200
99200
99200
99200
99200
99200
99200
99200
99200
97294
99200
99200
99200
99200
99200
99200
99193
99200
99200
95179
99200
99200
99200
99200
99200
99200
99200
99186
99200
99200
99200
99200
99200
99200
99200
99200
99200
99200
99196
99200
99200
99200
99200
99200
99200
99097
99200
97120
97318
99200
99200
97021
99200
99200
99200
99200
99196
99179
99200
99200
99200
99200
99200
99200
99200
99200
99200
99200
99200
99200
99200
96823
97125
99200
97070
99200
99196
99200
99200
99200
99200
99200
99200
99196
99200
99200
97599
99200
97417
96724
97124
99200
99200
97769
99200
99183
99200
99200
99200
99200
99196
99200
99200
99193
97541
99200
99200
99200
99180
99200
99200
96925
99200
95951
97318
99200
99200
99200
96275
99200
97813
99200
99200
96531
98011
99200
99200
98006
99183
95427
97615
99200
97041
99200
99196
99200
99200
99200
99200
99200
99200
99200
99200
99200
97804
95922
99196
99196
97417
99196
99186
99196
99200
94943
95336
92029
92880
99200
92141
91047
94956
94544
90460
93249
96995
97711
92067
90502
93107
97839
94247
95128
94147
93953
95237
97116
97114
94751
90778
94470
95722
95132
91706
93652
92506
95840
95931
92307
99200
97412
95931
96005
95940
95338
95335
93309
95841
94365
96119
97015
93752
94247
92302
96534
95631
95155
96426
96228
93256
95928
93764
93690
96129
96037
94919
99200
96327
93856
94090
97516
97477
97464
94842
93554
99200
90093
97417
95057
92814
87126
94728
95660
86646
85421
96056
97417
90895
93930
86842
94544
92449
93653
93544
96649
92759
93455
97615
97591
98110
97684
89822
97714
89057
94546
92356
93552
91776
93551
96884
89494
99200
99200
99200
95045
99200
99200
99200
99200
99200
99200
95533
99200
99200
95534
99200
99200
99196
95236
99200
99200
99200
99200
99200
99196
99186
99200
99200
99200
99200
95435
99200
99200
95454
99200
99200
99200
99200
99200
99183
97317
95336
99179
99200
99200
99200
97513
99200
97341
99200
99200
97119
97317
99200
99200
99196
99200
99196
99200
97317
99200
99170
99200
99200
99200
99183
97478
99190
97020
99136
99200
99200
99200
99200
99200
99200
99200
99200
99200
99200
99200
99200
99200
99200
99200
99200
99200
99200
99200
99200
99200
99200
99200
99200
99200
99200
99200
99200
99200
99200
99200
99200
99200
99186
99200
99200
99200
99200
99200
99200
99200
97615
99200
99200
99200
99200
99200
99200
99200
99200
99200
99200
99200
99200
99200
99200
99200
99200
99200
99200
99200
99200
99200
99200
99200
99200
99200
99200
99200
99200
99200
99200
99200
99200
99200
99200
99200
99200
99200
99200
99200
99200
99200
99200
99200
99200
99200
99200
99200
99200
99200
99200
99200
99200
99200
99200
99200
99200
99200
99200
99200
99200
99200
99200
99200
99200
99200
99200
99200
99200
99200
99200
99200
99200
99200
99200
99200
99200
99200
99200
96757
99200
99200
99200
99200
99200
99200
99200
99200
99196
99200
99200
99200
99200
99200
99200
99200
99200
99200
99200
99200
99200
99200
99200
99200
99200
99200
99200
99200
99189
99200
99200
99200
99200
99200
99200
99200
99200
99200
99200
99200
99200
99200
99200
99193
99200
99200
99200
99200
99200
99200
99200
99200
99200
99200
99183
99200
99200
99200
99200
99200
99200
99200
99200
99200
99200
99200
99200
99200
99200
99200
99200
99200
99200
99200
99200
99200
99200
99200
99200
99200
99200
99200
99200
99200
99200
99200
99200
99200
99200
99200
99200
99200
99200
99200
99200
99200
99200
99200
99200
99200
99200
99200
99200
99200
99200
99200
99200
99200
99200
99200
99200
99200
99200
99200
99200
99200
99196
99200
99200
99200
99200
99200
99200
99200
99200
99200
99200
99200
99200
99200
99200
99200
99200
99200
99200
99193
99200
99200
99200
99200
99200
99200
99200
99196
99200
99200
99200
99200
99200
99200
99200
99200
99200
99200
99200
99200
99200
99200
99200
99200
99200
99200
99200
99200
99200
99200
99200
99200
99200
99200
99200
99200
96735
99200
99200
97714
99196
96361
99200
97615
99193
99200
99200
99196
99200
99200
95649
99200
99200
99200
99200
99200
99183
99200
99200
99200
99200
99200
97716
99200
99200
99200
97615
99193
97813
99200
99200
99200
94864
99200
99200
99200
99200
92208
92260
96327
99196
94535
94732
96228
