None
None
None
None
None
None
None
None
None
None
None
None
None
None
None
None
None
None
None
None
None
None
None
None
None
None
None
None
None
None
None
None
None
None
None
None
None
None
None
None
None
None
None
None
None
None
None
None
None
None
None
None
None
None
None
None
None
None
None
None
None
None
None
None
None
None
None
0.9959659017622471
0.9944313131272793
0.9924712516367435
0.9905645586550236
0.988243455067277
0.9860144723206758
0.9844836983829737
0.9827178884297609
0.9810939766466618
0.9796441793441772
0.9777011703699827
0.9773284904658794
0.9760444052517414
0.9728464093059301
0.9718799106776714
0.9725944176316261
0.9700353909283876
0.969972375780344
0.9662969335913658
0.966933149844408
0.9661428965628147
0.9649382494390011
0.9589031953364611
0.958820266649127
0.956839906051755
0.9618245046585798
0.9602953046560287
0.9618915189057589
0.9508850257843733
0.9510950744152069
0.9557450152933598
0.9449024125933647
0.9530449919402599
0.9479301664978266
0.9508129078894854
0.9398765172809362
0.9369015078991652
0.9254771322011948
0.9316860381513834
0.9283763114362955
0.9436964504420757
0.9283755775541067
0.9323786534368992
0.9155128393322229
0.9240235798060894
0.9276635460555553
0.906215125694871
0.9124245438724756
0.9022550191730261
0.9234715662896633
0.9152433015406132
0.9009375292807817
0.9207702241837978
0.895615478977561
0.9192599505186081
0.8808285668492317
0.8844608776271343
0.9108664859086275
0.881551843136549
0.9153575990349054
0.9338071160018444
0.8738745395094156
0.898429399356246
0.8924033902585506
0.89371557533741
0.8897793497890234
0.8783305678516626
0.8978135790675879
0.8568701408803463
0.8811258412897587
0.8616778217256069
0.8695389833301306
0.8667375072836876
0.8533848971128464
0.8897241894155741
0.8995093517005444
0.897049754858017
0.8755686599761248
0.875558877363801
0.8233010210096836
0.8556513655930758
0.8392324093729258
0.8376656137406826
0.862735278904438
0.8481419906020164
0.8654718697071075
0.8320807497948408
0.8637563921511173
0.8860042747110128
0.8583025876432657
0.8681614976376295
0.8570252489298582
0.8269482403993607
0.843372892588377
0.8043607342988253
0.845624890178442
0.816273083910346
0.8165882993489504
0.8001606557518244
0.8580442983657122
0.7974613606929779
0.8179947733879089
0.8296562395989895
0.8364622946828604
0.7968061808496714
0.8282162509858608
0.8551669102162123
0.8298386745154858
0.8064141012728214
0.7926723193377256
0.8006643820554018
0.7989664375782013
0.8265020716935396
0.8181868549436331
0.784809960052371
0.7891133669763803
0.8070040065795183
0.8095174357295036
0.7787383906543255
0.856783639639616
0.7238714415580034
0.8189207427203655
0.8153339065611362
0.7929916940629482
0.7762479968369007
0.7349490933120251
0.8193022161722183
0.8433685936033726
0.8166717234998941
0.8130029626190662
0.8286501467227936
0.8097320459783077
0.8234167173504829
0.7330544888973236
0.8557703718543053
0.7642750479280949
0.8152152206748724
0.7888090014457703
0.767709406092763
0.8032372817397118
0.8080643527209759
0.7759123221039772
0.7840311620384455
0.739183260127902
0.785971412435174
0.803477518260479
0.8138590380549431
0.7832096721976995
0.7041291110217571
0.7824000008404255
0.7882982976734638
0.804784806445241
0.7732480596750975
0.731126906350255
0.7806888855993748
0.6962245460599661
0.802863210439682
0.797058217227459
0.7180938459932804
0.7958502545952797
0.8074720837175846
0.7619354911148548
0.7363588865846395
0.759428396821022
0.8377489261329174
0.7436209563165903
0.6813924983143806
0.7581233847886324
0.7427290603518486
0.7307881116867065
0.7113813236355782
0.7716658990830183
0.7799062281847
0.8023477140814066
0.74995232000947
0.7813569940626621
0.691023388877511
0.6769708655774593
0.7338071074336767
0.7231243420392275
0.7663201745599508
0.7084072828292847
0.842941727489233
0.7825180776417255
0.750916225835681
0.764524208381772
0.8347919899970293
0.7067184988409281
0.7692829631268978
0.754947492852807
0.6183645259588957
0.6943311430513859
0.7514243479818106
0.7811466660350561
0.7910566329956055
0.7866963632404804
0.8055271804332733
0.7631287295371294
0.7409378867596388
0.7330654785037041
0.7226107716560364
0.6953962277621031
0.6858703792095184
0.734602551907301
0.7333643231540918
0.7972729336470366
0.6915748734027147
0.7978433854877949
0.8331764955073595
0.6110392864793539
0.761517820879817
0.7356023192405701
0.7448532618582249
0.8641246035695076
0.7162238769233227
0.7374849896878004
0.7246489152312279
0.7426896039396524
0.6849820837378502
0.6870047114789486
0.7860316410660744
0.6997503004968166
0.8291265591979027
0.7410713471472263
0.7777553629130125
0.6333123277872801
0.7373863831162453
0.7661940269172192
0.7557161916047335
0.807506175711751
0.7702530156821012
0.6580222621560097
0.6434726938605309
0.7360305171459913
0.6598068736493587
0.669725863263011
0.6186803355813026
0.658903831616044
0.7441333271563053
0.6007105279713869
0.7640002854168415
0.7196734622120857
0.669162729755044
0.8018685318529606
0.7381068300455809
0.7947448994964361
0.6838445160537958
0.7204493470489979
0.6813386473804712
0.785940695554018
0.7010136190801859
0.6341283228248358
0.7577563188970089
0.6480094529688358
0.7246703617274761
0.7239912431687117
0.8242480736225843
0.764451589435339
0.6437138132750988
0.6658458840101957
0.6674273684620857
0.6431085988879204
0.6609881296753883
0.7078128438442945
0.7580461595207453
0.7249877490103245
0.746142266318202
0.6538656372576952
0.6713614538311958
0.6401602486148477
0.7441331576555967
0.7747028823941946
0.7230615289881825
0.6716124229133129
0.6744772735983133
0.5393896279856563
0.772399490699172
0.663549417629838
0.749877717345953
0.6334571056067944
0.6378079857677221
0.7731404807418585
0.7621664050966501
0.7972684688866138
0.6806129012256861
0.7820109315216541
0.6450353683903813
0.7404752112925053
0.6464946493506432
0.7964660581201315
0.6312019843608141
0.7570867668837309
0.6417471040040255
0.7601643493399024
0.5636001117527485
0.7055291198194027
0.7336298823356628
0.74933079816401
0.7986519448459148
0.6084897648543119
0.6479610577225685
0.7224227916449308
0.6424092072993517
0.7426947988569736
0.6626392155885696
0.6459814868867397
0.6735159493982792
0.6269489387050271
0.6296567302197218
0.6730523519217968
0.788751763291657
0.698382681235671
0.6944190543144941
0.6132044019177556
0.6169300731271505
0.6568338647484779
0.704288674518466
0.8268950898200274
0.7653692765161395
0.7153216600418091
0.6706076767295599
0.832281531766057
0.5952386325225234
0.6757254041731358
0.6516616800799966
0.6598732648417354
0.6297505227848887
0.6723611503839493
0.6175438240170479
0.6188672725111246
0.6952466163784266
0.6574389729648829
0.6686388468369842
0.6097213793545961
0.5766096394509077
0.6477815713733435
0.6791268065571785
0.5505287302657962
0.7303576692938805
0.7077547973021865
0.638376897200942
0.7660600896924734
0.6855472959578037
0.7969278525561094
0.65944011695683
0.7628547344356775
0.5447776755318046
0.6522320732474327
0.6314346613362432
0.6737871076911688
0.6249173507094383
0.5567330829799175
0.6238207351416349
0.6713488474488258
0.650996744632721
0.6453498434275389
0.7207325007766485
0.6658124569803476
0.6479034218937159
0.752133198082447
0.62921969499439
0.7093203170225024
0.5819850787520409
0.5849278634414077
0.5633460935205221
0.6863869521766901
0.7103255931288004
0.6978067234158516
0.6975986901670694
0.6246934644877911
0.7543703317642212
0.671745803207159
0.6357477875426412
0.5561641603708267
0.6798344161361456
0.7364411354064941
0.758318655192852
0.7284283936023712
0.7304181419312954
0.5538019705563784
0.7015964947640896
0.7788749225437641
0.6877164719626307
0.6847491227090359
0.655921240337193
0.7303595095872879
0.7544281482696533
0.6298365006223321
0.6809695065021515
0.6031281929463148
0.732863562181592
0.6419205563142896
0.7558591775596142
0.6987760215997696
0.6983323208987713
0.761659525334835
0.6234819060191512
0.6765080727636814
0.6218691067770123
0.5873049171641469
0.6990026421844959
0.5650614751502872
0.6623038537800312
0.7044160980731249
0.6615824978798628
0.7088489569723606
0.6928122472018003
0.7985805496573448
0.6934351660311222
0.7352485172450542
0.690088652074337
0.6841160636395216
0.6757455188781023
0.6142013464123011
0.6509511386975646
0.6640111394226551
0.7131458390504122
0.8011665660887957
0.722044562920928
0.6823730710893869
0.6134357051923871
0.6971637457609177
0.6634929310530424
0.5953401774168015
0.7254331894218922
0.7979108560830355
0.5612754682078958
0.8129748143255711
0.671887768432498
0.7284318562597036
0.6893031094223261
0.6157005066052079
0.5857375375926495
0.705714724957943
0.6505525857210159
0.6338873878121376
0.7568776607513428
0.625241762958467
0.5974423000589013
0.6840001503005624
0.7606887482106686
0.6441856790333986
0.6740025654435158
0.7369073629379272
0.7361653167754412
0.5414045127108693
0.6592924790456891
0.6533455066382885
0.5932098161429167
0.6119334315881133
0.6318548824638128
0.7835429105907679
0.6776108331978321
0.6349815018475056
0.7536770300939679
0.6644837502390146
0.8282331805676222
0.5915052201598883
0.5613946607336402
0.6223550038412213
0.6490993155166507
0.5639650607481599
0.648646142333746
0.693325150758028
0.7134948521852493
0.6170105719938874
0.7482285108417273
0.6653539128601551
0.5950077585875988
0.6924220751971006
0.7131901457905769
0.736309465020895
0.7378107625991106
0.7153862956911325
0.6295286454260349
0.6939035141840577
0.7240050714462996
0.7034886740148067
0.7830856796354055
0.7303764661774039
0.7149003427475691
0.6897678673267365
0.6334270052611828
0.6505850255489349
0.6667974907904863
0.5637978352606297
0.7156017683446407
0.6685561053454876
0.7264599222689867
0.810720931738615
0.5940090734511614
0.6386492047458887
0.5402042539790273
0.7083332147449255
0.601390696130693
0.6721467711031437
0.634727293625474
0.5938605507835746
0.7482618857175112
0.6714651938527822
0.6326417028903961
0.7479138784110546
0.7018135022372007
0.7695230860263109
0.6849093064665794
0.7143793571740389
0.6183763984590769
0.6644483180716634
0.6589170526713133
0.6725170742720366
0.7351460382342339
0.6072210501879454
0.6275888336822391
0.7558057215064764
0.6335932742804289
0.7300492329522967
0.6746752187609673
0.707131264731288
0.7216209322214127
0.7740953881293535
0.623276180587709
0.8018144015222788
0.7338314168155193
0.7847920674830675
0.7065905127674341
0.7156598214060068
0.770091000944376
0.7340731155127287
0.6393658146262169
0.670007286593318
0.791682280600071
0.7420832999050617
0.6587770022451878
0.7173204328864813
0.6933336984366179
0.6376515002921224
0.7438236828893423
0.635386236011982
0.669087391346693
0.6415496682748199
0.8655582219362259
0.7819552272558212
0.6883646724745631
0.7252653008326888
0.6998537164181471
0.7097500376403332
0.6777331735938787
0.6833738833665848
0.721264960244298
0.7113999407738447
0.6261956691741943
0.6693443590775132
0.6995237926021218
0.6233983300626278
0.7236950397491455
0.6335071343928576
0.6714914999902248
0.6855403296649456
0.7227022927254438
0.7723335213959217
0.7000908367335796
0.7429483160376549
0.7206268347799778
0.7637355793267488
0.8541300911456347
0.655494837090373
0.7185153961181641
0.6698817797005177
0.7061122953891754
0.7500103767961264
0.7660657055675983
0.7098730765283108
0.7251679245382547
0.7033550087362528
0.7232438139617443
0.679675180464983
0.710925092920661
0.666540464386344
0.7620602156966925
0.7356974259018898
0.8597463350743055
0.8257399629801512
0.7594603858888149
0.7157792970538139
0.8196500428020954
0.7065783273428679
0.6950301229953766
0.7434411589056253
0.6949841473251581
0.8027871400117874
0.6525874761864543
0.6918575540184975
0.6459316052496433
0.7675054892897606
0.7625271733850241
0.8357884529978037
0.6770156510174274
0.7608870454132557
0.8077286295592785
0.7701673731207848
0.7414462510496378
0.7548622135072947
0.6291769985109568
0.7831272911280394
0.7383188754320145
0.6180719640105963
0.7199848964810371
0.8404094893485308
0.7965885363519192
0.76014001108706
0.713504521176219
0.713223297148943
0.800522880628705
0.6753525976091623
0.70379907079041
0.8176875039935112
0.8364414162933826
0.6420424114912748
0.6272049117833376
0.6850365810096264
0.7138218861073256
0.8003239128738642
0.8273662328720093
0.7829842455685139
0.7157338485121727
0.8446900174021721
0.7127850167453289
0.7566287312656641
0.7804024871438742
0.7219378333538771
0.8345320988446474
0.6993255252018571
0.8214595951139927
0.756236968562007
0.8013871144503355
0.6994580002501607
0.6847941000014544
0.8548091910779476
0.723539536818862
0.7874445170164108
0.7161439713090658
0.7880215458571911
0.7924265339970589
0.7706834357231855
0.6739460304379463
0.680631123483181
0.7037482913583517
0.6888273824006319
0.6954848971217871
0.709763839840889
0.8032316770404577
0.70393455773592
0.6454009190201759
0.7192346323281527
0.7875781320035458
0.662247896194458
0.80140564404428
0.7089232727885246
0.7828888986259699
0.7452565580606461
0.7429076042026281
0.6612926181405783
0.7147016786038876
0.6398800294846296
0.7335250824689865
0.743939470499754
0.7869105990976095
0.749460831284523
0.7710902709513903
0.6727723237127066
0.7135459091514349
0.7420816048979759
0.849582102149725
0.6641361489892006
0.6754004620015621
0.8071079272776842
0.7911315318197012
0.7350137811154127
0.6242656633257866
0.7064784578979015
0.7273111082613468
0.7696848046034575
0.7877932172268629
0.8060890473425388
0.6893019583076239
0.8772680088877678
0.793918427079916
0.7236015219241381
0.7729044035077095
0.7507785763591528
0.7299543656408787
0.7138156183063984
0.7271959483623505
0.7682693786919117
0.7596227750182152
0.7240133751183748
0.6838794648647308
0.6957337837666273
0.8194453492760658
0.713660404086113
0.7224455401301384
0.7162483558058739
0.8376807905733585
0.7173356227576733
0.7553565055131912
0.795542387291789
0.6943398471921682
0.7561291102319956
0.7126947566866875
0.6953623425215483
0.7117436081171036
0.8000399749726057
0.8002827782183886
0.8289905786514282
0.7620889153331518
0.8138370830565691
0.7623582258820534
0.6535773705691099
0.7102157268673182
0.7669355515390635
0.838961536064744
0.7303046062588692
0.7366933431476355
0.7929085828363895
0.7079336754977703
0.7412883583456278
0.7403612323105335
0.7410121727734804
0.7432257700711489
0.7120721656829119
0.713792908936739
0.7533626649528742
0.7800925746560097
0.8115356639027596
0.8043328262865543
0.7204717453569174
0.8018098659813404
0.7394155338406563
0.7886470779776573
0.7428535092622042
0.7859240975230932
0.737700441852212
0.7840303312987089
0.7493835370987654
0.7442504242062569
0.7500270698219538
0.7659361399710178
0.677886363118887
0.7463910914957523
0.8362915441393852
0.8382200952619314
0.6740110795944929
0.760190499946475
0.7773933205753565
0.6584878005087376
0.7154572624713182
0.8044185936450958
0.7503674272447824
0.8911016341298819
0.7825334649533033
0.768588351085782
0.7959762867540121
0.7630884554237127
0.7707544825971127
0.8223799895495176
0.6102263443171978
0.7613447159528732
0.7749746292829514
0.8056209310889244
0.8516577016562223
0.6663986034691334
0.7490666843950748
0.8187784999608994
0.7720887176692486
0.8120369724929333
0.705079797655344
0.7399427741765976
0.773039223626256
0.8466602191329002
0.8448668662458658
0.7211090065538883
0.753125635907054
0.7645038682967424
0.7207302395254374
0.6691245138645172
0.7822798993438482
0.7364147678017616
0.8575905915349722
0.677705030888319
0.7952330633997917
0.7815626580268145
0.7263536527752876
0.8441057354211807
0.8186245169490576
0.7457345314323902
0.7889752257615328
0.8389930985867977
0.8173421658575535
0.8460432607680559
0.7470438983291388
0.7922913543879986
0.7136445995420218
0.706905722618103
0.7719107046723366
0.7799087818711996
0.7441184259951115
0.7469231113791466
0.7517527434974909
0.7718994915485382
0.8117246422916651
0.7700847126543522
0.7908383589237928
0.8119830023497343
0.8382949475198984
0.7360945455729961
0.8455460574477911
0.7244638744741678
0.7475652452558279
0.6846283730119467
0.6718181688338518
0.6641412060707808
0.7348710969090462
0.7613013032823801
0.7960140891373158
0.7899077907204628
0.7279760353267193
0.7746405098587275
0.6853864267468452
0.7544362377375364
0.8150606416165829
0.7998906411230564
0.7645632717758417
0.7539467718452215
0.8194093331694603
0.7734471559524536
0.6947678197175264
0.7603389397263527
0.7215262074023485
0.7678123563528061
0.7374591864645481
0.7224791496992111
0.7721050214022398
0.7372346054762602
0.8229490388184786
0.8126654233783484
0.758482851088047
0.6730096284300089
0.7971696779131889
0.7811575792729855
0.753558212891221
0.6773122567683458
0.8478420041501522
0.8474289458245039
0.8057184033095837
0.7249119728803635
0.8143294714391232
0.7948656622320414
0.747478673234582
0.7606087829917669
0.8654600996524096
0.7983217984437943
0.8183875102549791
0.8131586965173483
0.7453620508313179
0.8273751214146614
0.7639268450438976
0.8552156053483486
0.7810062952339649
0.8143636230379343
0.6982648875564337
0.7360467407852411
0.778471814468503
0.8093785773962736
0.8280772026628256
0.7685284968465567
0.7312331777065992
0.7883265540003777
0.7667427752166986
0.7554518058896065
0.7691792212426662
0.6641354225575924
0.745596906170249
0.7396350279450417
0.8619499243795872
0.7791001088917255
0.8071904443204403
0.7673806231468916
0.8630875367671251
0.7403900064527988
0.7413150649517775
0.8251162823289633
0.8082696925848722
0.8084428776055574
0.7396249230951071
0.8215831220149994
0.7974887881428003
0.8049088008701801
0.8236116319894791
0.7928147856146097
0.792514631524682
0.7898084707558155
0.7784290499985218
0.8160026669502258
0.85994185321033
0.7328230906277895
0.7784090787172318
0.8369807619601488
0.8471302427351475
0.764058442786336
0.8569944761693478
0.7739920672029257
0.7840596213936806
0.7754732798784971
0.8426722716540098
0.782227037474513
0.7527686338871717
0.782408807426691
0.803429713472724
0.8299773540347815
0.8637982346117496
0.8485657516866922
0.8300207760185003
0.7651753947138786
0.8893061596900225
0.8607706408947706
0.823453864082694
0.7842120658606291
0.7262824717909098
0.7626763936132193
0.7706444058567286
0.7468304689973593
0.788096996024251
0.7360209096223116
0.7884453684091568
0.8296440001577139
0.8370799999684095
0.72429483756423
0.8511572014540434
0.8416833467781544
0.7147052716463804
0.7861021123826504
0.8116455469280481
0.7395382598042488
0.7550684083253145
0.7751453816890717
0.7692935820668936
0.7575814165174961
0.7747778929769993
0.767651742324233
0.8200319949537516
0.8177124466747046
0.8682162463665009
0.7866553273051977
0.8594417069107294
0.860086053609848
0.8272397369146347
0.8560397755354643
0.7857705131173134
0.8618065603077412
0.698059719055891
0.7654611468315125
0.7178311012685299
0.865376440808177
0.8632924742996693
0.8760964460670948
0.8053172808140516
0.81479830481112
0.7194521240890026
0.8407958745956421
0.8877637945115566
0.836376465857029
0.7703756857663393
0.7432408053427935
0.7643569074571133
0.8205290231853724
0.8317157663404942
0.836399482563138
0.7097975164651871
0.8433204013854265
0.8173063825815916
0.8110362235456705
0.7716827932745218
0.8041027095168829
0.8500075899064541
0.87346126511693
0.8065011519938707
0.8584251962602139
0.8759851735085249
0.8426570314913988
0.7950177267193794
0.8716273028403521
0.8375945761799812
0.8187504783272743
0.8384253922849894
0.8122040200978518
0.8080919161438942
0.8129688277840614
0.8317819721996784
0.8263534344732761
0.8213722445070744
0.8481135852634907
0.8128952272236347
0.8242857027798891
0.8741281107068062
0.8052292373031378
0.777988962829113
0.731018265709281
0.8299421984702349
0.8906451854854822
0.8028197418898344
0.7696083970367908
0.8145727440714836
0.7990598753094673
0.832193236798048
0.8232204467058182
0.7641414720565081
0.768964471295476
0.8793370295315981
0.7388321124017239
0.8057674933224916
0.7553951721638441
0.8341838028281927
0.8268629051744938
0.8668907545506954
0.8343279473483562
0.8814075216650963
0.8598674386739731
0.7699540462344885
0.7905622981488705
0.8994175568223
0.864553963765502
0.820079144090414
0.8086420129984617
0.8779253866523504
0.828739745542407
0.8210791572928429
0.7874636929482222
0.8427581544965506
0.778704334050417
0.7987588606774807
0.85335155390203
0.8067444395273924
0.7881399933248758
0.799683278426528
0.7927494999021292
0.7877356577664614
0.8302386831492186
0.8801367040723562
0.8432725481688976
0.8768054414540529
0.9090179391205311
0.8520123679190874
0.8151677045971155
0.7865806706249714
0.8375054560601711
0.8272872921079397
0.7680435385555029
0.7631072048097849
0.8655512649565935
0.8337992392480373
0.8336644507944584
0.869920652359724
0.7967391759157181
0.8313615079969168
0.79840256460011
0.8737578745931387
0.8053220380097628
0.7564888019114733
0.7966075539588928
0.777687206864357
0.8452039193361998
0.8633526712656021
0.8520980626344681
0.7934934552758932
0.8332006614655256
0.8482478335499763
0.8126791920512915
0.8229308165609837
0.8552674595266581
0.8156863003969193
0.8440736532211304
0.7806750349700451
0.794911578297615
0.8483829386532307
0.8661988060921431
0.8204468805342913
0.8142588436603546
0.8818135913461447
0.8537574373185635
0.8496130034327507
0.8070980664342642
0.7920861653983593
0.8462164737284184
0.8451060801744461
0.8219843693077564
0.847136115655303
0.844324866309762
0.7922484092414379
0.8810419626533985
0.8607769440859556
0.8198386318981647
0.8572511598467827
0.8542981930077076
0.8769595976918936
0.8094501197338104
0.8260137159377337
0.8464070595800877
0.8525874689221382
0.854408860206604
0.8348206244409084
0.801181934773922
0.7988762799650431
0.8251024410128593
0.8517118263989687
0.8467819727957249
0.8201928772032261
0.8580033704638481
0.8380239699035883
0.8638211078941822
0.8158152718096972
0.8403372783213854
0.8250360675156116
0.8649500776082277
0.8120030965656042
0.8753331154584885
0.7801852505654097
0.840967433527112
0.8983581103384495
0.8237728253006935
0.854548379778862
0.8372550196945667
0.897971760481596
0.8037101309746504
0.8474407959729433
0.8302181717008352
0.8643991034477949
0.8339000809937716
0.8726402148604393
0.8287644628435373
0.8937321715056896
0.7794033885002136
0.8641382679343224
0.811846261844039
0.8424890916794538
0.9060194194316864
0.8542620316147804
0.8561282902956009
0.8801728002727032
0.8661170396953821
0.8571223076432943
0.8349157720804214
0.8265143427997828
0.8385480307042599
0.8864639978855848
0.82366643846035
0.8685704562813044
0.9103680998086929
0.8243748750537634
0.8477463964372873
0.8503566328436136
0.8635331597179174
0.8429641425609589
0.8051360081881285
0.8392945919185877
0.8802979718893766
0.8677058145403862
0.8526208903640509
0.8418520521372557
0.812222870066762
0.8343060035258532
0.8173958286643028
0.8711747489869595
0.8806020319461823
0.845278937369585
0.8670716676861048
0.8550907485187054
0.8305510710924864
0.8884941078722477
0.8838742822408676
0.8868901636451483
0.8887242712080479
0.8724689725786448
0.8564918413758278
0.8991704061627388
0.885394474491477
0.8583851028233767
0.8523927386850119
0.8960979748517275
0.8608689699321985
0.8272887449711561
0.8538923002779484
0.8782315570861101
0.8651233110576868
0.8534751459956169
0.8806154672056437
0.841939153149724
0.8863651417195797
0.7821819614619017
0.8574056830257177
0.819524060934782
0.8815125524997711
0.8705179486423731
0.8422642629593611
0.9032348524779081
0.8711738977581263
0.8275794293731451
0.8574392981827259
0.8423531595617533
0.8826730139553547
0.8490439355373383
0.8863416258245707
0.8487151265144348
0.847988449037075
0.87149160169065
0.8360534962266684
0.8749421462416649
0.8719688318669796
0.8400592338293791
0.8866209909319878
0.8116504773497581
0.8255857769399881
0.8313051164150238
0.8571862578392029
0.8819562736898661
0.8753770999610424
0.8338595107197762
0.8274078257381916
0.8765106424689293
0.8472337760031223
0.8797859065234661
0.8107381016016006
0.8363684732466936
0.8644097801297903
0.8108897376805544
0.8999137450009584
0.847509915009141
0.892549205571413
0.8149441126734018
0.8219681456685066
0.9058890622109175
0.8887811955064535
0.8728426471352577
0.8494737595319748
0.8664176501333714
0.8445608038455248
0.8954171407967806
0.8449379652738571
0.827365230768919
0.821277067065239
0.9021866023540497
0.8541696034371853
0.8762353640049696
0.8907677326351404
0.8696747273206711
0.8614902459084988
0.8946546632796526
0.8321171551942825
0.878843117505312
0.860413383692503
0.8368485067039728
0.8534695561975241
0.826842624694109
0.8817807324230671
0.9285072982311249
0.878629332408309
0.8432455118745565
0.8919049110263586
0.8561924584209919
0.8692977745085955
0.8711454812437296
0.8499079439789057
0.8223349042236805
0.8842275980859995
0.8731832075864077
0.8804351203143597
0.8524930067360401
0.9311837200075388
0.7907461058348417
0.8278019484132528
0.7850114982575178
0.8321366254240274
0.8628211673349142
0.8914197385311127
0.8615315705537796
0.8660277538001537
0.854503583163023
0.8355477098375559
0.8267267104238272
0.8719086535274982
0.8760613575577736
0.8555816542357206
0.8710287250578403
0.8462113291025162
0.8662386443465948
0.8392758816480637
0.8602618649601936
0.8922158982604742
0.8396912030875683
0.8622223921120167
0.8632640931755304
0.90845119766891
0.8464149404317141
0.8345784153789282
0.9093276411294937
0.8651915974915028
0.8780217487365007
0.8336567133665085
0.8157647419720888
0.8354279790073633
0.8519205432385206
0.89743378944695
0.8516838308423758
0.8277619928121567
0.8880508802831173
0.8198675829917192
0.8866115529090166
0.8490448538213968
0.8512625861912966
0.8130551557987928
0.8165848646312952
0.9070775453001261
0.8835578560829163
0.8269971255213022
0.8650528658181429
0.8677933625876904
0.8365685045719147
0.8423884399235249
0.8633424825966358
0.8047055210918188
0.8327861279249191
0.8931100815534592
0.8556103743612766
0.8842889033257961
0.8400129191577435
0.8397361934185028
0.9040237683802843
0.9008781369775534
0.8284677620977163
0.8461391795426607
0.8626878429204226
0.8207897450774908
0.8060527164489031
0.8716885223984718
0.8549396432936192
0.8846340775489807
0.7988669574260712
0.8493605237454176
0.9013700895011425
0.8720078896731138
0.880964670330286
0.8581456188112497
0.8535257522016764
0.923231415450573
0.8782450724393129
0.8915737569332123
0.8680690210312605
0.8839257005602121
0.87694026902318
0.8903929423540831
0.8993834313005209
0.867367934435606
0.8756171856075525
0.8974968250840902
0.8666582591831684
0.87114636041224
0.8684396408498287
0.851091030985117
0.8279266562312841
0.8415195345878601
0.8910734876990318
0.8620266374200583
0.8457991871982813
0.8041953817009926
0.833729550242424
0.8879233449697495
0.8651632405817509
0.8303150031715631
0.85938735678792
0.8413096982985735
0.8886114098131657
0.889816539362073
0.8576580490916967
0.8702772036194801
0.8765220548957586
0.8853649999946356
0.8881602436304092
0.860987251624465
0.8755990173667669
0.889139061793685
0.9138953387737274
0.8766125291585922
0.865402091294527
0.9116523712873459
0.8371695391833782
0.880788778886199
0.8402570746839046
0.8607197217643261
0.8667213264852762
0.9179538805037737
0.870399996638298
0.8851582352072
0.8714709598571062
0.8529939390718937
0.8708754386752844
0.8806751631200314
0.8171697873622179
0.8515242952853441
0.8584862239658833
0.8768919575959444
0.8492160718888044
0.922128900885582
0.9319870546460152
0.9228474032133818
0.8465996887534857
0.8455650024116039
0.8561139330267906
0.8770050276070833
0.8572964575141668
0.8520630411803722
0.8704472687095404
0.8829021137207747
0.8634510990232229
0.867544611915946
0.8819743786007166
0.8587495777755976
0.8373709488660097
0.8232457377016544
0.868418188765645
0.8843808993697166
0.8979443535208702
0.9417724683880806
0.8479847945272923
0.8963605109602213
0.8800264857709408
0.9288707543164492
0.8477933630347252
0.875777080655098
0.8690174799412489
0.8881557695567608
0.8684838395565748
0.8653953596949577
0.907179968431592
0.8948870673775673
0.8732386026531458
0.8637817911803722
0.9120173174887896
0.902161119505763
0.8689528964459896
0.8523633424192667
0.8779116775840521
0.8590030483901501
0.8139022476971149
0.8588635269552469
0.8741160277277231
0.869848070666194
0.8637487776577473
0.8962597362697124
0.8784053809940815
0.8694177102297544
0.8958278670907021
0.8652851674705744
0.8923314157873392
0.8911507073789835
0.8741881009191275
0.8895065318793058
0.9114764630794525
0.8631682377308607
0.9050007909536362
0.8593605402857065
0.9037254974246025
0.8656000904738903
0.9116205181926489
0.8782029747962952
0.9004186354577541
0.8595595173537731
0.8423815276473761
0.9084882140159607
0.8649703413248062
0.8332184702157974
0.8840754721313715
0.8724545147269964
0.8360261358320713
0.876432741060853
0.8297527246177197
0.8818446323275566
0.900661101564765
0.8939683735370636
0.8816312998533249
0.9163234457373619
0.8837919197976589
0.93101623095572
0.8714210167527199
0.8697547372430563
0.8831518981605768
0.8987283892929554
0.8790638074278831
0.8982245028018951
0.8634816743433475
0.8961638137698174
0.8666260670870543
0.8620445169508457
0.8613209296017885
0.9213736746460199
0.8889534343034029
0.9062143284827471
0.8653883375227451
0.9039600528776646
0.9226250201463699
0.9136414900422096
0.875797726213932
0.8787863552570343
0.8858519736677408
0.869167810305953
0.8493439070880413
0.910209771245718
0.8611033223569393
0.8598790802061558
0.8888844400644302
0.8623439762741327
0.8555452283471823
0.8910874109715223
0.9170698206871748
0.8709292635321617
0.8804168030619621
0.9277609996497631
0.9173576608300209
0.8980563394725323
0.9392394460737705
0.9084903560578823
0.8986190240830183
0.87066999822855
0.8846513628959656
0.8604490496218204
0.8707865998148918
0.8434718679636717
0.9109646081924438
0.878902729600668
0.9013508055359125
0.9309936687350273
0.8721563126891851
0.916051397100091
0.8762415703386068
0.9102450553327799
0.8778969496488571
0.8831001669168472
0.8650081548839808
0.894551245495677
0.8549488037824631
0.8774413503706455
0.8947966024279594
0.9032956324517727
0.8769814819097519
0.9175603538751602
0.8556210938841105
0.8854050524532795
0.8614970669150352
0.8928086496889591
0.8496533054858446
0.8583699390292168
0.9048647694289684
0.8829081989824772
0.8866601288318634
0.9287506267428398
0.8801527917385101
0.8561263009905815
0.8754406273365021
0.886338671669364
0.872011624276638
0.9200491514056921
0.8715339358896017
0.9056818317621946
0.8737353775650263
0.8699406683444977
0.9163037650287151
0.8933710642158985
0.896393658593297
0.8566276729106903
0.8697143383324146
0.9029279220849276
0.8852015621960163
0.9195483159273863
0.897600119933486
0.8703033421188593
0.8673889636993408
0.8683306723833084
0.9170068856328726
0.9094711318612099
0.8776187617331743
0.8898991197347641
0.8890654388815165
0.8773725461214781
0.8875552769750357
0.8904668167233467
0.8862483259290457
0.8690267689526081
0.8695331793278456
0.9064282868057489
0.8455368597060442
0.9262174256145954
0.9042402729392052
0.8696037270128727
0.8932537119835615
0.879139507189393
0.8995437547564507
0.8536908514797688
0.8899854272603989
0.8631675317883492
0.8665794041007757
0.912437042221427
0.8640921711921692
0.8678204026073217
0.8584012556821108
0.8967513181269169
0.8820605296641588
0.8902842365205288
0.8832174930721521
0.8787744138389826
0.9117939304560423
0.8765859417617321
0.8977783378213644
0.8844553902745247
0.8968845866620541
0.9120400249958038
0.9003857672214508
0.8438286762684584
0.8891512360423803
0.8753871060907841
0.8786154203116894
0.8780535738915205
0.9000689387321472
0.8728096298873425
0.8781787678599358
0.8757415879517794
0.8727498706430197
0.8770297337323427
0.8996081426739693
0.8800941668450832
0.9430363066494465
0.8822423163801432
0.8730658739805222
0.883783170953393
0.9276494421064854
0.8752910848706961
0.8850658517330885
0.8782675564289093
0.8869753293693066
0.8778941109776497
0.872944887727499
0.8708423543721437
0.9104442670941353
0.8666574768722057
0.9100667666643858
0.8879567477852106
0.8953677583485842
0.9153579026460648
0.8770784605294466
0.8870923742651939
0.8734375443309546
0.887747710570693
0.8702342603355646
0.8827655278146267
0.8767190277576447
0.8745230715721846
0.8972044344991446
0.8820446152240038
0.8850606493651867
0.8666179068386555
0.9093904700130224
0.8824442606419325
0.8700039368122816
0.919797308743
0.8726947195827961
0.8735840078443289
0.8963198587298393
0.9143459685146809
0.8958166111260653
0.8918104711920023
0.8786770086735487
0.8580711856484413
0.873211408033967
0.9218306541442871
0.8661295007914305
0.8530018143355846
0.9075696691870689
0.872059628367424
0.9053815044462681
0.8776640221476555
0.9009523168206215
0.8800675086677074
0.8820805177092552
0.898360762745142
0.9388273376971483
0.8566076382994652
0.9035790842026472
0.9042563401162624
0.8813895881175995
0.9285355806350708
0.8699275050312281
0.910738805308938
0.8668034095317125
0.9035797286778688
0.8627880793064833
0.8729015719145536
0.8923122715204954
0.9010022878646851
0.8547967653721571
0.8643954694271088
0.8881342094391584
0.896701704710722
0.8986132089048624
0.8747924286872149
0.883130606263876
0.9209478124976158
0.89429278858006
0.9144367184489965
0.9183779265731573
0.8609455153346062
0.8911854289472103
0.8966987486928701
0.8837199509143829
0.8820618577301502
0.8739959020167589
0.8636909872293472
0.8907301276922226
0.8528675809502602
0.8883003424853086
0.8535166010260582
0.8656794186681509
0.8617445193231106
0.8607317972928286
0.8871097601950169
0.8966156654059887
0.891566913574934
0.9045325238257647
0.9087159801274538
0.9246450830250978
0.9146578423678875
0.9221363756805658
0.8740719258785248
0.8811646532267332
0.9084489438682795
0.8677773177623749
0.8878733925521374
0.9361248295754194
0.9046702776104212
0.8845477998256683
0.8737835641950369
0.9084294103085995
0.9097498096525669
0.8898384887725115
0.8928087577223778
0.9085984714329243
0.8733219709247351
0.9120347201824188
0.8816525153815746
0.8664280604571104
0.8759900666773319
0.8720307163894176
0.8950987551361322
0.9316656421869993
0.8760370537638664
0.952640114352107
0.8807648587971926
0.8935772031545639
0.8700745236128569
0.8508087992668152
0.8764181192964315
0.8981147855520248
0.8718595653772354
0.9278757106512785
0.9031233452260494
0.9100234489887953
0.8473732303828001
0.8875564858317375
0.9032380562275648
0.9015034083276987
0.8919568322598934
0.8779035471379757
0.8809660412371159
0.8984387516975403
0.9077556133270264
0.8662169948220253
0.8690307009965181
0.9016162808984518
0.8917186167091131
0.8985845763236284
0.8420829512178898
0.902233250439167
0.871459973976016
0.865105027332902
0.8791175540536642
0.8703104816377163
0.9254981055855751
0.9089529849588871
0.8692905865609646
0.8429462667554617
0.87066431902349
0.9266740921884775
0.835563950240612
0.8932176269590855
0.8894438985735178
0.9070154037326574
0.8865905292332172
0.870554318651557
0.9006524626165628
0.9028771612793207
0.8805713877081871
0.9099644273519516
0.8807297796010971
0.8520105630159378
0.8865447100251913
0.8838552162051201
0.9117741845548153
0.9142997972667217
0.9079999420791864
0.8772078342735767
0.8807158302515745
0.915712459012866
0.8831153847277164
0.8929519094526768
0.8749089818447828
0.9031866807490587
0.8820438459515572
0.8800414334982634
0.8573820553719997
0.9110368527472019
0.8830367941409349
0.9059107415378094
0.9087756015360355
0.8872487042099237
0.888949129730463
0.9215583000332117
0.9562119469046593
0.8806288801133633
0.9075575917959213
0.8601494263857603
0.88090455904603
0.846869058907032
0.8591514211148024
0.8800756204873323
0.9061184842139482
0.928683677688241
0.8799437619745731
0.8613523319363594
0.8985337112098932
0.9137119445949793
0.9018049538135529
0.8877109196037054
0.940246969461441
0.8919352293014526
0.892661813646555
0.936405535787344
0.8958691116422415
0.9132737182080746
0.9158205278217793
0.886315081268549
0.9123427644371986
0.9015557151287794
0.8735476322472095
0.9161240644752979
0.9057920891791582
0.9015992842614651
0.9118275176733732
0.8993575759232044
0.8544398248195648
0.9078367259353399
0.8932941164821386
0.9224344827234745
0.8675416130572557
0.8863636795431376
0.9280282966792583
0.8820041976869106
0.9227396510541439
0.8680413104593754
0.9012023843824863
0.8544723838567734
0.9037314970046282
0.8731153644621372
0.9092010334134102
0.9320608992129564
0.87085085734725
0.8867308497428894
0.9315575771033764
0.8790439032018185
0.8774130586534739
0.8898157272487879
0.871155172586441
0.9061442315578461
0.8963316772133112
0.8881053999066353
0.9222716335207224
0.9026707950979471
0.9207676220685244
0.8997459542006254
0.9137179739773273
0.9224279932677746
0.8600030746310949
0.9293783884495497
0.9153135754168034
0.8681281395256519
0.8931287415325642
0.9043131060898304
0.869878763332963
0.8744334205985069
0.9033647235482931
0.8707039300352335
0.911968182772398
0.8941445630043745
0.9199536293745041
0.8960656244307756
0.8576306737959385
0.8906069919466972
0.9280237723141909
0.9300109464675188
0.9120338372886181
0.9261137321591377
0.9085640553385019
0.9301265347748995
0.9057150389999151
0.8929941970854998
0.8920149765908718
0.8913270998746157
0.9364441614598036
0.9110909141600132
0.8997785747051239
0.8942512813955545
0.9050374403595924
0.8852893374860287
0.8843747209757566
0.9038821086287498
0.8558585476130247
0.899988079443574
0.9231774937361479
0.9171555284410715
0.8860310167074203
0.9441079404205084
0.8908704146742821
0.9169678390026093
0.9211428239941597
0.9033848755061626
0.900336492806673
0.8929814752191305
0.9263482932001352
0.9182139877229929
0.8928711544722319
0.8936417102813721
0.8973251711577177
0.8898068126291037
0.9188042301684618
0.9247647970914841
0.9205322470515966
0.8986104056239128
0.9029051885008812
0.906116746366024
0.8815401550382376
0.9129859711974859
0.9230305328965187
0.9636892527341843
0.9084485564380884
0.8839351683855057
0.9098282549530268
0.8890606518834829
0.8842499814927578
0.875060947611928
0.9364472217857838
0.9339867141097784
0.945357846096158
0.8771818373352289
0.9166719354689121
0.9067118298262358
0.9229158349335194
0.9028168544173241
0.9228832013905048
0.8969771638512611
0.9044002238661051
0.9183114767074585
0.9223964978009462
0.9082555249333382
0.8974579833447933
0.8837237693369389
0.9187500476837158
0.9107919260859489
0.9068850614130497
0.9269449319690466
0.9420935548841953
0.909376872703433
0.9121778775006533
0.8879152815788984
0.8966078199446201
0.9132457189261913
0.9125598128885031
0.907404325902462
0.9053740277886391
0.9116690438240767
0.9220575261861086
0.8828376606106758
0.8789714742451906
0.9235246926546097
0.8884547520428896
0.8755414336919785
0.9170346222817898
0.9186113495379686
0.9209962002933025
0.9196257833391428
0.9129631780087948
0.9362702798098326
0.9226702395826578
0.9017407037317753
0.9089132361114025
0.925995696336031
0.9208066891878843
0.900822389870882
0.9201692529022694
0.9153036680072546
0.9330826569348574
0.9305737242102623
0.9026850908994675
0.9127250928431749
0.8881670664995909
0.9080466274172068
0.9117621500045061
0.891630133613944
0.9175648875534534
0.9061285629868507
0.9120317306369543
0.9289248548448086
0.9163426198065281
0.9355104435235262
0.9268231745809317
0.8645853772759438
0.927926804870367
0.9053132887929678
0.9075270239263773
0.927483631297946
0.93011574447155
0.9184171538800001
0.8870579469949007
0.9066655300557613
0.9317450914531946
0.9085274543613195
0.9484373275190592
0.915754022076726
0.9225936271250248
0.9085086844861507
0.9163997583091259
0.9279685951769352
0.9046897254884243
0.8954700641334057
0.9447118993848562
0.9270093012601137
0.904996482655406
0.9070632494986057
0.9294991791248322
0.9132066778838634
0.9242280852049589
0.9051572643220425
0.8880722243338823
0.9242143463343382
0.9262608010321856
0.9182291310280561
0.9344915226101875
0.9164240621030331
0.942560451105237
0.9101110622286797
0.9548612628132105
0.9267196580767632
0.9445403050631285
0.8933922555297613
0.9339451305568218
0.9384672809392214
0.9336886238306761
0.9294262770563364
0.9046568088233471
0.9138136375695467
0.9339105486869812
0.9171804916113615
0.9160139616578817
0.9097783323377371
0.9015255253762007
0.9329559840261936
0.9101814273744822
0.9500246718525887
0.9057586826384068
0.9264189898967743
0.9353020824491978
0.9484433587640524
0.915740791708231
0.950039291754365
0.9340649917721748
0.9030080921947956
0.9109760969877243
0.8987103682011366
0.9098864514380693
0.9149387050420046
0.9293599296361208
0.9145167320966721
0.9205820392817259
0.909246850758791
0.9222689233720303
0.937665430828929
0.8940495681017637
0.8996338117867708
0.9090231284499168
0.9389669671654701
0.9193860106170177
0.9232126828283072
0.9075960665941238
0.93306122161448
0.9377222415059805
0.9098693393170834
0.9196603465825319
0.9253120627254248
0.917446531355381
0.8849091846495867
0.9297096151858568
0.95312574878335
0.932521365582943
0.9263458792120218
0.9118426162749529
0.9243708532303572
0.9199280366301537
0.9192124735563993
0.9244191143661737
0.9191201478242874
0.9315685238689184
0.9055304490029812
0.925877820700407
0.9152473863214254
0.8942192941904068
0.9242161177098751
0.9448468014597893
0.9162847436964512
0.8931025937199593
0.9162664115428925
0.9146377183496952
0.9340808168053627
0.9093732964247465
0.8903128877282143
0.8975794743746519
0.9256581459194422
0.9137040637433529
0.9091319460421801
0.9067366756498814
0.9273323193192482
0.9162771459668875
0.911438524723053
0.8892419449985027
0.9026945065706968
0.9153432175517082
0.9040322657674551
0.920855350792408
0.9044838510453701
0.924569632858038
0.9221226684749126
0.920455165207386
0.9166217893362045
0.9100770857185125
0.9220964256674051
0.9125914629548788
0.9162543509155512
0.894476868212223
0.923305531963706
0.9110830798745155
0.9082661308348179
0.8940472286194563
0.9202223047614098
0.9154030419886112
0.9243115708231926
0.9028094969689846
0.9213753752410412
0.891610125079751
0.8961770851165056
0.9177167899906635
0.8880987074226141
0.9252111632376909
0.8928856085985899
0.899340633302927
0.9169082380831242
0.9006830155849457
0.8985528666526079
0.9359678868204355
0.8890199847519398
0.8917459212243557
0.9277152325958014
0.9140330012887716
0.910171702504158
0.8964569848030806
0.9000946879386902
0.9350507576018572
0.9353996012359858
0.9230205155909061
0.9021405316889286
0.8919770643115044
0.903538390994072
0.9215748868882656
0.9110290184617043
0.8996716868132353
0.9132324196398258
0.937005216255784
0.9379083998501301
0.8978332616388798
0.9355675838887691
0.9108353704214096
0.9426134210079908
0.9336566813290119
0.9128219317644835
0.9086364302784204
0.9132882598787546
0.9307954385876656
0.9229675196111202
0.9060055483132601
0.9342522453516722
0.8986400850117207
0.8937590382993221
0.901014506816864
0.914067268371582
0.8914634361863136
0.9113543815910816
0.8927612248808146
0.8920539915561676
0.9090570546686649
0.8868395034223795
0.9234187509864569
0.9298593960702419
0.9023432414978743
0.9381921365857124
0.8972053211182356
0.9138487987220287
0.9149663262069225
0.9202092792838812
0.9031996075063944
0.9029349628835917
0.8943913765251637
0.909023093059659
0.9022120293229818
0.903418205678463
0.9171829372644424
0.9108414817601442
0.9050586577504873
0.9069960229098797
0.9075893051922321
0.9267021045088768
0.9375566281378269
0.920025872066617
0.895044956356287
0.944496551528573
0.9128724783658981
0.9358666446059942
0.8879645597189665
0.9136648271232843
0.9192691743373871
0.9451667834073305
0.9061759561300278
0.9076653178781271
0.8849314488470554
0.9035501778125763
0.8825566787272692
0.9079179130494595
0.9290679432451725
0.9178086761385202
0.9328853841871023
0.9162465054541826
0.9272371400147676
0.8900439217686653
0.9206408839672804
0.9061224795877934
0.9172489885240793
0.9196504037827253
0.9226860553026199
0.878426868468523
0.8858304154127836
0.8879811447113752
0.9052038453519344
0.9203751217573881
0.8869342692196369
0.9070533942431211
0.920350082218647
0.9333635438233614
0.8881326206028461
0.9131791237741709
0.9259100444614887
0.894338509067893
0.8790551405400038
0.9206950645893812
0.8979445844888687
0.8828612826764584
0.9223447702825069
0.8864433877170086
0.8942588903009892
0.9047248754650354
0.9058257397264242
0.9237911030650139
0.8857981320470572
0.938039269298315
0.9248261526226997
0.9390840623527765
0.9497477505356073
0.9187119472771883
0.8761244900524616
0.894920377060771
0.9040081780403852
0.8872177992016077
0.9199214372783899
0.8977719452232122
0.8968309480696917
0.9134378917515278
0.9076479785144329
0.8937083035707474
0.9331897497177124
0.8944951724261045
0.9195559024810791
0.9207685180008411
0.9099936336278915
0.8842398189008236
0.9131465274840593
0.9289214126765728
0.8744499050080776
0.8974646646529436
0.8989950940012932
0.9115617331117392
0.8862811326980591
0.8937992956489325
0.937675379216671
0.9194034989923239
0.9245248716324568
0.8974138479679823
0.9205870218575001
0.9251496251672506
0.9023865964263678
0.8901778664439917
0.9188711233437061
0.9016190990805626
0.8887420333921909
0.8990455158054829
0.9060126096010208
0.8962923008948565
0.8851195313036442
0.9207681622356176
0.92059376090765
0.9199911057949066
0.9357534423470497
0.9024056326597929
0.9070407897233963
0.9041435774415731
0.8823636267334223
0.8982454147189856
0.9001408349722624
0.8962927553802729
0.9114745985716581
0.9366092830896378
0.8725986052304506
0.9214088525623083
0.9017718452960253
0.8990575186908245
0.871328592300415
0.8986758645623922
0.8857395742088556
0.9099058359861374
0.9201696086674929
0.9033209718763828
0.8853195086121559
0.899520056322217
0.9021704215556383
0.8901122026145458
0.9078744184225798
0.8917491417378187
0.8815482538193464
0.9025218337774277
0.8955812435597181
0.9012641757726669
0.8924286533147097
0.8849771227687597
0.95945705473423
0.8938098270446062
0.8931712359189987
0.8742257412523031
0.9122340828180313
0.9249478038400412
0.8967011347413063
0.8871051389724016
0.8736915308982134
0.8958762530237436
0.9211698360741138
0.911168472841382
0.9164967741817236
0.8855717498809099
0.9253598786890507
0.8662529941648245
0.8839136082679033
0.8979145009070635
0.8871524333953857
0.8853811379522085
0.9406061694025993
0.947630038484931
0.9237773213535547
0.9154771566390991
0.9181068185716867
0.9051492419093847
0.8924923613667488
0.9067680574953556
0.8782901000231504
0.9008186385035515
0.9228610564023256
0.9200964756309986
0.9195993300527334
0.8957880530506372
0.9148768652230501
0.9125354737043381
0.9055572561919689
0.9506680425256491
0.9086537323892117
0.9265733659267426
0.8997364267706871
0.8948180004954338
0.8880513962358236
0.8922631219029427
0.8892000690102577
0.8756691683083773
0.8810994606465101
0.9171188157051802
0.8876134008169174
0.9323032256215811
0.9275062847882509
0.9034843798726797
0.898462051525712
0.9084139280021191
0.9035852793604136
0.9016625788062811
0.9110584147274494
0.9027266446501017
0.9095095936208963
0.9230479151010513
0.9169142097234726
0.9211905058473349
0.9248313345015049
0.914195803925395
0.933886744081974
0.8882220797240734
0.8953826073557138
0.8906156700104475
0.8744978606700897
0.9005691390484571
0.9156106021255255
0.8972657937556505
0.9229670334607363
0.8731952104717493
0.8810490556061268
0.9072779361158609
0.8995646685361862
0.8928554505109787
0.9094644542783499
0.9053659867495298
0.880579836666584
0.8715084176510572
0.9112905655056238
0.8868447504937649
0.9142599105834961
0.904650267213583
0.8931801207363605
0.8731460776180029
0.9007987547665834
0.8769009951502085
0.9543538633733988
0.9070947449654341
0.9312463104724884
0.8924757093191147
0.9156065545976162
0.8782810717821121
0.9264213424175978
0.9218530431389809
0.904368357732892
0.8990688398480415
0.9059016071259975
0.9006458930671215
0.9567855075001717
0.8954297043383121
0.9103268962353468
0.917877783998847
0.894843801856041
0.9121673107147217
0.94140032120049
0.9140280243009329
0.8883261457085609
0.8794120233505964
0.955536724999547
0.9326302241533995
0.9083144422620535
0.9113698955625296
0.8985369969159365
0.9047620072960854
0.9054969288408756
0.9388732835650444
0.9138346835970879
0.8867692295461893
0.9433480817824602
0.9099508170038462
0.9007412828505039
0.9107279255986214
0.9006405621767044
0.899484233930707
0.900825921446085
0.929595934227109
0.9041433241218328
0.9191490653902292
0.9106366951018572
0.8941008783876896
0.8813589084893465
0.8947851434350014
0.9521597549319267
0.9124529771506786
0.9106542896479368
0.9137155618518591
0.9172399342060089
0.9248497430235147
0.9386961869895458
0.9152456596493721
0.9074642546474934
0.8715473134070635
0.9037698265165091
0.9143405873328447
0.9495659023523331
0.9010222293436527
0.9259841982275248
0.8947587143629789
0.9549589604139328
0.893507819622755
0.9304198622703552
0.9288668446242809
0.9466373305767775
0.9006186593323946
0.9272605199366808
0.9257874768227339
0.922430656850338
0.9048757236450911
0.9235994666814804
0.9535510912537575
0.9238151982426643
0.941991064697504
0.9553656857460737
0.9327680002897978
0.9250927790999413
0.9033965803682804
0.9186609108000994
0.8931829761713743
0.912687549367547
0.9042659364640713
0.8873648904263973
0.9166096076369286
0.8900291360914707
0.9048756640404463
0.8960497062653303
0.9251911360770464
0.9173479378223419
0.942384859547019
0.8805117439478636
0.931584732607007
0.9275852553546429
0.9242964554578066
0.9239294417202473
0.9361176062375307
0.9409217927604914
0.8959682453423738
0.9189244732260704
0.9152807202190161
0.9185080081224442
0.9086701329797506
0.9502401240170002
0.9385513123124838
0.9065767489373684
0.9467617999762297
0.8963474929332733
0.9328393936157227
0.9378032125532627
0.9246969651430845
0.9078862611204386
0.9487505201250315
0.9158376175910234
0.9296446926891804
0.9145417138934135
0.930693406611681
0.9478847831487656
0.9191434029489756
0.9147042129188776
0.9092705827206373
0.9323546681553125
0.8963563032448292
0.9309014696627855
0.9313927050679922
0.9182281699031591
0.9181216731667519
0.9189847465604544
0.9323743060231209
0.9072983525693417
0.9430980049073696
0.9240172374993563
0.9303312804549932
0.9168947860598564
0.9269492775201797
0.8893213272094727
0.9489160478115082
0.9469163306057453
0.9120964296162128
0.9080783408135176
0.9256690293550491
0.9242363385856152
0.9223168287426233
0.9118745867162943
0.9419646915048361
0.925416499376297
0.9114674720913172
0.9149916265159845
0.9423217121511698
0.934316273778677
0.9050202798098326
0.9490929488092661
0.9377615544945002
0.9346850533038378
0.9290718417614698
0.9379351753741503
0.9592827204614878
0.9334745928645134
0.937105804681778
0.9255335871130228
0.9406417775899172
0.9552453085780144
0.9336727112531662
0.9066413454711437
0.952557759359479
0.9378829021006823
0.9308963529765606
0.8925294205546379
0.9430123176425695
0.935388645157218
0.9394827280193567
0.9304854013025761
0.9332323148846626
0.9267869107425213
0.9260117746889591
0.9278562422841787
0.93598816357553
0.9203285984694958
0.9107634965330362
0.9370700381696224
0.9096680469810963
0.9129031859338284
0.9275373611599207
0.9198147915303707
0.9532018788158894
0.9399399012327194
0.916080741211772
0.9266751520335674
0.9366998579353094
0.9339747689664364
0.9275005329400301
0.9297905266284943
0.9314562063664198
0.9271631985902786
0.9407296292483807
0.9225922916084528
0.9163527842611074
0.9045014046132565
0.9139892719686031
0.9336434379220009
0.916100611910224
0.9104354772716761
0.9286986142396927
0.9296779911965132
0.9346595481038094
0.9080371521413326
0.9313964061439037
0.9398175347596407
0.9358408767729998
0.9264002665877342
0.9351832121610641
0.9103262666612864
0.9232646711170673
0.9450370538979769
0.934072470292449
0.9242956824600697
0.925844257697463
0.9183787200599909
0.9434707462787628
0.9081357903778553
0.9288904890418053
0.9218438770622015
0.9176570661365986
0.904325446113944
0.9379284661263227
0.9428493827581406
0.9393139854073524
0.9342396724969149
0.9087146036326885
0.9476428031921387
0.9054529201239347
0.9391005709767342
0.9156112596392632
0.9034069702029228
0.9505741968750954
0.9315497372299433
0.9205940887331963
0.9193028956651688
0.9125405177474022
0.9316139910370111
0.9074600897729397
0.954019907861948
0.9374074470251799
0.9126624800264835
0.9300324618816376
0.9145363867282867
0.9177231155335903
0.9285475797951221
0.9405478108674288
0.928031962364912
0.9335786383599043
0.9408303648233414
0.9130668863654137
0.9335877504199743
0.9381925910711288
0.9305519517511129
0.9402245972305536
0.9245996065437794
0.9141467865556479
0.9575178977102041
0.9287576526403427
0.9491604622453451
0.9255988225340843
0.9248919356614351
0.9107021298259497
0.9473315104842186
0.9218838419765234
0.908497391268611
0.9370092377066612
0.9374859537929296
0.9030795320868492
0.9241318181157112
0.9367093816399574
0.9174339827150106
0.9404063057154417
0.9372016098350286
0.9249825924634933
0.9329104647040367
0.9464384820312262
0.9274099059402943
0.9322507698088884
0.9416626375168562
0.9269016869366169
0.9403510112315416
0.917105020955205
0.9229458160698414
0.9427877124398947
0.9195469319820404
0.9299417622387409
0.9196151476353407
0.9249440785497427
0.9340231716632843
0.9236846398562193
0.9233143348246813
0.9165780805051327
0.9271558728069067
0.9431912582367659
0.9133415352553129
0.9377046711742878
0.9307882450520992
0.9281579945236444
0.9413450993597507
0.9463618975132704
0.93067785538733
0.93516537360847
0.9331408385187387
0.9301792476326227
0.90969592705369
0.9289080146700144
0.9634052067995071
0.9206862077116966
0.9360846560448408
0.9252796191722155
0.9559891019016504
0.9317630287259817
0.9424504898488522
0.943335548043251
0.9100922252982855
0.9368643686175346
0.9173186477273703
0.934201093390584
0.9312954992055893
0.9352184198796749
0.9343206025660038
0.9371080882847309
0.923884803429246
0.9365155547857285
0.923087602481246
0.9237214233726263
0.9351089335978031
0.944479450583458
0.9259463604539633
0.9168464168906212
0.9204090218991041
0.922706987708807
0.9448780659586191
0.9142092950642109
0.9355385284870863
0.9344349298626184
0.9027955811470747
0.9204434473067522
0.9248315189033747
0.9402187969535589
0.9241278879344463
0.9216156844049692
0.9285577014088631
0.9074061624705791
0.9411459751427174
0.9475898966193199
0.9124483112245798
0.9272223636507988
0.9233052767813206
0.9482134561985731
0.8979529347270727
0.9162324965000153
0.9253190886229277
0.9050491582602262
0.9300388973206282
0.9232680965214968
0.9309416208416224
0.9344124123454094
0.9422300979495049
0.9367301631718874
0.9330434184521437
0.947374077513814
0.9174662530422211
0.9392391443252563
0.9341973606497049
0.9257398564368486
0.9207144472748041
0.9311840273439884
0.9390996173024178
0.9307767562568188
0.9212382454425097
0.9638617988675833
0.923040134832263
0.9289224147796631
0.9464591313153505
0.93974269926548
0.9377079848200083
0.9378134794533253
0.9171214364469051
0.9404389187693596
0.9277794118970633
0.9285684283822775
0.9232391826808453
0.9308828469365835
0.9149327427148819
0.9298923760652542
0.9356524758040905
0.9286884889006615
0.9007179643958807
0.9319863189011812
0.9269643686711788
0.9234031643718481
0.9330420214682817
0.9032218717038631
0.9285933766514063
0.9263290800154209
0.9364950489252806
0.9180437158793211
0.9428261276334524
0.9398702196776867
0.9026597198098898
0.9232366718351841
0.9177852999418974
0.9461745768785477
0.9196462258696556
0.920203173533082
0.9091523550450802
0.9374504871666431
0.922884589061141
0.9335457440465689
0.9510776922106743
0.9247868340462446
0.9186914227902889
0.9285241793841124
0.9178494941443205
0.9453771095722914
0.939051553606987
0.9285672530531883
0.933375246822834
0.9342065714299679
0.9215698521584272
0.9338441155850887
0.9233039021492004
0.9304697681218386
0.9624333251267672
0.9437203742563725
0.9236315116286278
0.9497462436556816
0.918684508651495
0.9394831731915474
0.9417685195803642
0.9202901087701321
0.9384464230388403
0.9161462467163801
0.9416026324033737
0.9136587586253881
0.9403240941464901
0.930378120392561
0.9144617263227701
0.946125278249383
0.9204626176506281
0.9269105941057205
0.9012516029179096
0.9160747807472944
0.932647742331028
0.9253800641745329
0.9382119607180357
0.9431398864835501
0.9491402320563793
0.925616055727005
0.9376975614577532
0.9392409007996321
0.9336779844015837
0.8968771286308765
0.9247250948101282
0.924485582858324
0.9235050566494465
0.9515038002282381
0.9018796589225531
0.9370756708085537
0.9268414694815874
0.937000498175621
0.9329280238598585
0.9071473069489002
0.9348699878901243
0.9419905561953783
0.9504451677203178
0.9249313119798899
