None
None
None
None
None
None
None
None
None
None
None
None
None
None
None
None
None
None
None
None
None
None
None
None
None
None
None
None
None
None
None
None
None
None
None
None
None
None
None
None
None
None
None
None
None
None
None
None
None
None
None
None
None
None
None
None
None
None
None
None
None
None
None
None
None
None
None
-0.010729145709774457
0.003275371556810569
0.016746584296924993
0.030227443610783666
0.04387214541202411
0.05793241900391877
0.07112024677917361
0.08540674753021449
0.09981009247712791
0.1144881781656295
0.12976761651225388
0.14598338538780808
0.16258130688220263
0.18020998081192374
0.1998309912160039
0.21912181237712502
0.24047004710882902
0.26228318782523274
0.28596287313848734
0.3096613525412977
0.3379739341326058
0.36544942343607545
0.39428956899791956
0.4262821963056922
0.46090617775917053
0.49831977393478155
0.536421169526875
0.5784799139946699
0.6232403479516506
0.6624857978895307
0.7144956449046731
0.7722484953701496
0.8198803216218948
0.882286261767149
0.9334863107651472
0.9719011168926954
1.0078015010803938
1.0538995303213596
1.0807103477418423
1.1068824473768473
1.1176946833729744
1.1200995612889528
1.112088993191719
1.1060930751264095
1.0924396123737097
1.0767949651926756
1.0681685339659452
1.0491791386157274
1.0367498695850372
1.0224719028919935
1.0149726513773203
1.00503633543849
0.9976255781948566
0.9965638779103756
0.9897556938230991
0.9918350167572498
0.9936671536415815
1.0039234962314367
1.0147344693541527
1.0335408858954906
1.0452296305447817
1.049807846546173
1.0592199936509132
1.0707119014114141
1.083823800086975
1.1013870239257812
1.1193160954862833
1.1439166255295277
1.1653012186288834
1.1917854510247707
1.211094405502081
1.2276147175580263
1.2269713897258043
1.2229694928973913
1.207321299239993
1.1903629396110773
1.1715870965272188
1.1592959109693766
1.1483720280230045
1.1408085208386183
1.1435178760439157
1.1422530077397823
1.1554193869233131
1.167951688170433
1.1840955503284931
1.2101641464978456
1.2341024447232485
1.2779618352651596
1.3183413222432137
1.3524269461631775
1.3879549242556095
1.4140784814953804
1.4228459298610687
1.441074687987566
1.422812007367611
1.4092212170362473
1.369325865060091
1.3293911777436733
1.3013988211750984
1.2858635485172272
1.2636330015957355
1.2322834972292185
1.2273228950798512
1.231217747554183
1.2469526380300522
1.2744367495179176
1.3023081868886948
1.3290255814790726
1.3490411341190338
1.3891019485890865
1.4080910608172417
1.44381807371974
1.4843419529497623
1.4898520596325397
1.482865758240223
1.4844516403973103
1.4858019053936005
1.4909186288714409
1.4687990546226501
1.4986542649567127
1.4289876036345959
1.4617323279380798
1.4745872355997562
1.4490284658968449
1.4613099955022335
1.4559737630188465
1.5250809341669083
1.5602228045463562
1.5958642363548279
1.597854696214199
1.6252595707774162
1.668628677725792
1.6809953451156616
1.6183520443737507
1.7021119631826878
1.5749637596309185
1.6116635650396347
1.5546767711639404
1.5395655371248722
1.6225922219455242
1.6641198620200157
1.6807616911828518
1.7292377315461636
1.7166505493223667
1.7992967255413532
1.8070048429071903
1.8014692850410938
1.7165867313742638
1.606325313448906
1.696107592433691
1.6897581368684769
1.6427327394485474
1.6630938462913036
1.6060421392321587
1.6697524562478065
1.6212501376867294
1.788147360086441
1.817512396723032
1.7367244996130466
1.8453715667128563
1.8566371463239193
1.8194857463240623
1.839628141373396
1.8556764908134937
1.993220791220665
1.8581979013979435
1.7432554885745049
1.8411776162683964
1.804180484265089
1.735656037926674
1.7122364602982998
1.8173691183328629
1.891318179666996
1.956073209643364
1.9390044547617435
2.0005372799932957
1.8918369747698307
1.8343973867595196
1.919229380786419
1.8892543353140354
1.9529812633991241
1.876407153904438
2.0357911698520184
2.0137257389724255
2.0172772854566574
2.0688207298517227
2.168105434626341
2.039649236947298
2.1705016419291496
2.116811327636242
1.8730679862201214
1.9044098071753979
1.9474644027650356
2.0677769258618355
2.1020610108971596
2.1724081858992577
2.2173329927027225
2.2050395980477333
2.2347386553883553
2.2075308859348297
2.1770548559725285
2.1362395882606506
2.0842487178742886
2.1564832367002964
2.005744021385908
2.093367137014866
1.9542190991342068
2.1525132805109024
2.26309659704566
2.0068659633398056
2.294423371553421
2.3055064752697945
2.323034431785345
2.5339734703302383
2.2509944401681423
2.3455239310860634
2.3009040988981724
2.2195596806705
2.152345523238182
2.0672189816832542
2.2264625690877438
2.1549587212502956
2.406661108136177
2.2701323479413986
2.4282761067152023
2.1850516870617867
2.390364319086075
2.391641117632389
2.377735149115324
2.4326330050826073
2.4120072796940804
2.2148440778255463
2.209033787250519
2.3644046783447266
2.213370069861412
2.271236937493086
2.2544755525887012
2.2645039185881615
2.441807050257921
2.2135694921016693
2.506982021033764
2.399593222886324
2.415920540690422
2.7038085609674454
2.6447723656892776
2.761359505355358
2.51245541498065
2.5823740288615227
2.4404499046504498
2.637547306716442
2.454948853701353
2.2722672149538994
2.641098491847515
2.4207115694880486
2.5774819254875183
2.6093922704458237
2.7711701542139053
2.7278554812073708
2.582980550825596
2.6916708201169968
2.6345523595809937
2.5551693961024284
2.57198915630579
2.5583295077085495
2.671678029000759
2.544118046760559
2.6176287680864334
2.4044894129037857
2.5648995488882065
2.641282081604004
2.832407593727112
2.9438987523317337
2.86712808907032
2.701373912394047
2.6613836511969566
2.2869349382817745
2.7944824174046516
2.5710401833057404
2.7111489325761795
2.4970048144459724
2.5385876297950745
2.9071690067648888
2.9422974437475204
3.012408271431923
2.769063137471676
2.9729235395789146
2.7731434032320976
2.879247300326824
2.6013834178447723
2.904400810599327
2.7396719604730606
2.8566313087940216
2.637735590338707
3.003452554345131
2.744034193456173
2.983574703335762
3.0535213574767113
3.0348527505993843
3.1069101616740227
2.682621866464615
2.798100695014
2.8451370149850845
2.660907380282879
2.8321172893047333
2.862203039228916
2.8511005640029907
2.915077582001686
2.965599447488785
2.954764388501644
2.982837252318859
3.105944074690342
2.9721541851758957
2.9686966836452484
2.766782559454441
2.7075927779078484
2.923728384077549
3.0124668329954147
3.1962150633335114
3.1844747066497803
3.0969070121645927
3.0192939713597298
3.280466116964817
2.905989907681942
3.032893016934395
2.9463748782873154
3.00382948666811
3.078140616416931
3.098375365138054
2.863581210374832
2.9913893043994904
3.1235718354582787
3.1325568482279778
3.0854180976748466
3.0803062915802
2.9711290150880814
3.0620895847678185
3.1670978516340256
2.9112675487995148
3.277634672820568
3.1740719005465508
3.145155906677246
3.317644953727722
3.252301298081875
3.2269954085350037
3.1197105422616005
3.246775582432747
2.88410397619009
3.0819975659251213
3.229251980781555
3.111542247235775
3.22652018815279
3.1228486075997353
3.1703642830252647
3.292893595993519
3.192205660045147
3.1568326354026794
3.383791744709015
3.158154249191284
3.259526215493679
3.302464999258518
3.2075845077633858
3.3136575147509575
3.110688626766205
3.111706182360649
3.230921044945717
3.2836713567376137
3.568617545068264
3.5663029178977013
3.5192057341337204
3.3248629197478294
3.3526193648576736
3.132062464952469
3.1034525483846664
3.112651437520981
3.332157649099827
3.3877518847584724
3.4804733470082283
3.605414643883705
3.6237130761146545
3.3490647822618484
3.4052535369992256
3.5164164304733276
3.3580187410116196
3.3958437368273735
3.281160742044449
3.274880550801754
3.451907403767109
3.2571510896086693
3.4733940735459328
3.4909947961568832
3.787155233323574
3.577869199216366
3.772930897772312
3.6379076912999153
3.6504888236522675
3.5135905891656876
3.4739434123039246
3.6084441542625427
3.4037343338131905
3.407295972108841
3.524422213435173
3.307511404156685
3.4821924194693565
3.370827242732048
3.5813929587602615
3.5114622116088867
3.3091793805360794
3.5162422731518745
3.3528371453285217
3.457364395260811
3.59521247446537
3.600725717842579
3.6976630315184593
3.352690152823925
3.417929135262966
3.7776376828551292
3.7970829010009766
3.740899384021759
3.526220954954624
3.6415024250745773
3.492502801120281
3.874556601047516
3.6521653458476067
3.5615052431821823
3.8453778475522995
3.8722010776400566
3.476279564201832
3.9627093747258186
3.651914268732071
3.7431420236825943
3.591967485845089
3.7772474735975266
3.555482029914856
3.7916828244924545
3.7816327661275864
3.8204071521759033
3.8720294311642647
3.8239008486270905
3.6223024055361748
3.855475775897503
3.913232460618019
3.7815505415201187
3.9935048818588257
3.8708420991897583
3.947813741862774
3.4922786578536034
3.7497111558914185
3.937982924282551
3.7341406494379044
3.8104250729084015
3.9218695238232613
4.131283424794674
3.8763062953948975
3.857726603746414
3.7039778977632523
3.8812348693609238
3.7429730370640755
3.5229517742991447
3.7851050570607185
3.752090722322464
3.793195091187954
3.797468163073063
4.096266232430935
3.937920980155468
4.105078354477882
3.9359162375330925
4.293296433985233
3.9691591188311577
3.7267441898584366
3.918940380215645
3.8819565102458
4.164795622229576
4.1193661987781525
4.144758112728596
4.145159400999546
3.998381420969963
4.173242054879665
3.938687428832054
3.9813054352998734
4.07039550691843
4.0066309198737144
3.9409950599074364
3.8952313661575317
4.267244033515453
4.24466947466135
4.137044720351696
4.233932122588158
4.293865881860256
4.424348324537277
4.42698086053133
4.1375473737716675
4.028185896575451
4.004910446703434
4.292437367141247
4.185653455555439
4.0837400779128075
4.126830242574215
4.249500900506973
4.345082737505436
4.373679108917713
4.399953663349152
4.413288712501526
4.478173553943634
4.2714289128780365
4.110678277909756
4.2891125455498695
4.287518754601479
4.38469372689724
4.601754426956177
4.50881727039814
4.733838811516762
4.480282112956047
4.390385590493679
4.856229871511459
4.5255230367183685
4.464096561074257
4.264913246035576
4.480237692594528
4.360976971685886
4.3081109598279
4.1057503670454025
4.291513681411743
4.395672366023064
4.793429300189018
4.732849970459938
4.852569609880447
4.960918292403221
5.04213148355484
4.55042327940464
4.7597581297159195
5.020378410816193
4.663188360631466
4.39061513543129
4.564434885978699
4.369955614209175
4.258855223655701
4.3199049308896065
4.223317787051201
4.527725666761398
4.276232086122036
4.862706199288368
4.788135796785355
4.553741201758385
4.7269973158836365
4.9225714802742
4.82206629216671
4.9173328429460526
4.958093926310539
5.1160126477479935
5.072166234254837
4.755243122577667
4.793379008769989
4.967221572995186
4.65879724919796
4.736470066010952
4.833339229226112
4.857727751135826
4.879783257842064
4.862068235874176
4.7470929101109505
4.7362655103206635
4.7245810851454735
4.887199237942696
5.055360645055771
5.321237966418266
5.2647224217653275
5.064604207873344
5.218038097023964
5.016865745186806
5.253080949187279
5.250415563583374
5.115795373916626
4.930055111646652
4.927152633666992
5.017543181777
4.987472206354141
4.845391973853111
5.094588056206703
5.207479223608971
5.393646031618118
5.357710540294647
5.41239807009697
5.246814325451851
4.993735045194626
5.269708037376404
5.087066575884819
5.0336634516716
5.075668036937714
4.8166264444589615
5.569120913743973
5.084227949380875
5.423554092645645
5.035608410835266
5.468531027436256
5.100912034511566
5.468951344490051
5.06901091337204
4.9753944873809814
5.221049249172211
5.586418926715851
5.615889370441437
5.5746887773275375
5.408652052283287
5.750075399875641
5.328333720564842
5.386521220207214
5.423180878162384
5.526278883218765
5.519693613052368
5.2603165209293365
5.103848680853844
5.254583895206451
5.568812683224678
5.463552847504616
5.3514096438884735
5.985493034124374
5.821525275707245
5.287221819162369
5.364424854516983
5.327264338731766
5.536027744412422
5.573478400707245
5.775728195905685
5.667348012328148
5.622808277606964
6.028474971652031
5.648521676659584
5.294079393148422
5.824914947152138
5.581406846642494
5.840377822518349
5.0918100625276566
5.943729609251022
5.632334932684898
5.856622159481049
5.507141202688217
5.749791860580444
5.987387791275978
5.7381190955638885
5.7347317188978195
5.579908475279808
5.805616781115532
5.73176209628582
6.000246956944466
5.72378508746624
5.564693719148636
6.018570438027382
5.737024441361427
5.652998358011246
5.87109337747097
6.137782901525497
5.691828221082687
5.621376723051071
6.0401113629341125
6.169415220618248
5.580936819314957
6.1643320471048355
5.998417913913727
5.961575239896774
5.9652093052864075
6.02155277132988
5.745131179690361
5.863075777888298
5.772703647613525
6.047566458582878
6.249617010354996
6.101242110133171
5.727328643202782
6.008474916219711
5.771036207675934
5.490285724401474
5.808786138892174
6.186058446764946
5.877721950411797
6.016108572483063
6.4246163964271545
6.225543841719627
5.890603125095367
5.954401046037674
6.26484152674675
5.8352914452552795
6.012468233704567
6.205125600099564
6.3213067799806595
5.917527541518211
6.5416354686021805
6.22797854244709
6.0884934812784195
6.617922931909561
6.31752336025238
6.161827132105827
6.4092345386743546
6.070759564638138
6.289641201496124
6.182703882455826
6.1371709406375885
5.6982389241456985
5.849465847015381
6.674607694149017
6.268337711691856
6.22860848903656
5.96866449713707
6.633860170841217
5.987484559416771
6.34297950565815
6.2028758227825165
5.919105604290962
6.386398360133171
6.432626724243164
6.47271403670311
6.421416029334068
6.406373217701912
6.915557682514191
6.537475898861885
6.508042871952057
6.595630764961243
6.289127007126808
6.4294750690460205
6.19778373837471
6.569137528538704
6.889795511960983
6.614820301532745
6.623091533780098
6.580296143889427
6.583202973008156
6.679663717746735
6.473254427313805
6.347789868712425
6.60941007733345
6.551169365644455
6.604378029704094
6.372853025794029
6.545658007264137
6.755558475852013
6.82842780649662
6.549508512020111
6.797223761677742
6.371833100914955
7.00051586329937
6.413592725992203
7.035482183098793
6.938257783651352
6.926788493990898
6.788239493966103
6.717682287096977
6.271200016140938
6.679539233446121
6.1779442727565765
6.713074237108231
7.167399004101753
7.228032350540161
6.580355942249298
6.979679301381111
6.837072283029556
6.411322966217995
6.413609176874161
6.9221334755420685
7.003196209669113
7.335337981581688
7.061324581503868
7.210661545395851
7.091660514473915
7.1663272976875305
7.1233764588832855
7.240936517715454
6.339446917176247
6.807991310954094
6.854530543088913
7.063669487833977
7.286999806761742
6.5835224986076355
6.93411423265934
7.17709544301033
7.1403374671936035
7.083411768078804
6.645209074020386
6.956365838646889
7.323387339711189
7.433183863759041
7.317626878619194
6.905183508992195
6.697151213884354
7.196776255965233
6.765542581677437
6.537850737571716
7.416191667318344
6.963376209139824
7.541134163737297
6.931401178240776
7.284011080861092
7.3357662707567215
7.098106935620308
7.575118720531464
7.391036540269852
7.100469008088112
7.454824522137642
7.628746315836906
7.300610989332199
7.669586673378944
7.421877518296242
7.281854063272476
7.033465400338173
7.05617843568325
7.443448707461357
7.054158136248589
7.644411846995354
7.078630790114403
7.108967915177345
7.318583771586418
7.433566778898239
7.358755022287369
7.592200741171837
7.75676104426384
7.799940690398216
7.418894797563553
7.641654759645462
7.067524090409279
7.4433009922504425
6.935603648424149
7.240422964096069
6.6207457184791565
7.425727233290672
7.440846547484398
7.551134258508682
7.430402174592018
7.42744280397892
7.74444206058979
7.1311745047569275
7.651264190673828
7.542196899652481
7.58632604777813
7.62406088411808
7.146560728549957
7.960264682769775
7.780147090554237
7.338197618722916
7.758158728480339
7.553335621953011
7.810269832611084
7.7080147713422775
7.488307178020477
7.723006024956703
7.778831049799919
8.155620858073235
7.803120478987694
7.659827962517738
7.4005822241306305
7.862260416150093
7.664170727133751
7.659183531999588
7.5856893211603165
8.087892442941666
8.263881891965866
7.924654901027679
7.94812747836113
8.02071626484394
7.789241135120392
7.733970433473587
7.9091522842645645
8.283482521772385
8.260846927762032
8.243242919445038
8.247238874435425
7.764186695218086
8.153005063533783
8.048472225666046
8.027554586529732
7.902679592370987
8.3245999366045
7.643783688545227
7.6411586701869965
8.241585046052933
8.40044318139553
8.275596633553505
8.162296742200851
8.10958506166935
8.177787274122238
8.235584437847137
8.106064841151237
8.19663918018341
7.737498328089714
8.020968899130821
8.111127495765686
8.197188392281532
8.307890847325325
8.469811588525772
8.335937887430191
8.505545228719711
8.283877521753311
8.09197549521923
8.301814556121826
8.478506714105606
8.426943615078926
8.267669633030891
8.555132284760475
8.55656561255455
8.600437492132187
8.387823581695557
8.480861455202103
8.239335790276527
8.327007338404655
8.287983000278473
8.496878832578659
8.583785086870193
8.31556448340416
8.450001627206802
8.495748728513718
8.554344326257706
8.342152178287506
8.636721968650818
8.555035889148712
8.634957522153854
8.494473665952682
8.643122553825378
8.582490861415863
8.413853511214256
8.462992802262306
8.31820946931839
8.676497370004654
8.610060721635818
8.414208382368088
8.421567857265472
8.536716714501381
8.438240438699722
8.584936484694481
8.584034875035286
8.75007751584053
8.368667125701904
8.695105165243149
8.576883256435394
8.565165549516678
8.214610576629639
8.799798965454102
8.593937158584595
8.464803457260132
8.702409863471985
8.862717688083649
8.5812449157238
8.757151931524277
8.552722126245499
8.766290545463562
8.512673199176788
8.705319672822952
8.814197331666946
8.89595040678978
8.903899222612381
8.901317238807678
8.933004081249237
8.681896284222603
8.963633626699448
8.599563494324684
8.808793753385544
8.8164741396904
8.687331080436707
8.874468937516212
8.877445861697197
8.76377010345459
8.899238616228104
8.833559572696686
8.77842527627945
8.966453075408936
8.872982859611511
9.05737054347992
8.993350476026535
8.781572788953781
8.998567879199982
9.116848230361938
9.092482686042786
8.928980469703674
8.893189191818237
8.749044835567474
8.960281997919083
8.896543979644775
8.941356480121613
8.977153152227402
9.072208255529404
9.043565511703491
9.220910251140594
9.016406536102295
9.046585261821747
9.07480874657631
9.0381398499012
9.120355159044266
9.001146733760834
9.110146522521973
9.153019040822983
8.961223483085632
8.85000804066658
9.040707290172577
9.11304783821106
8.943666279315948
9.152528494596481
8.942905008792877
9.03013551235199
9.109304904937744
9.009409040212631
9.206826329231262
9.253454953432083
8.962856382131577
9.231800526380539
9.284254640340805
9.069327235221863
9.199235320091248
9.122708678245544
9.358912825584412
9.20872700214386
9.265253633260727
9.034336864948273
9.074660792946815
9.337305009365082
9.478487581014633
9.474630355834961
9.467831820249557
9.346502184867859
9.125142216682434
9.393314182758331
9.22682648897171
9.028316259384155
9.513837963342667
9.420988529920578
9.436380803585052
9.46031054854393
9.299075484275818
9.322495102882385
9.368571251630783
9.075807809829712
9.072721779346466
9.292178511619568
9.388794660568237
8.962288111448288
9.405529290437698
9.31945252418518
9.518819481134415
9.636417090892792
9.493431001901627
9.663960874080658
9.545505046844482
8.949680894613266
9.677740663290024
9.404923141002655
9.390904158353806
9.519576847553253
9.536063075065613
9.505982846021652
9.621789127588272
9.56149935722351
9.530554741621017
9.206749379634857
9.533340215682983
9.534388035535812
9.327382266521454
9.43044638633728
9.453440725803375
9.562424302101135
9.16652774810791
9.462506473064423
9.664689511060715
9.678957223892212
9.330846458673477
9.626964896917343
9.516777247190475
9.516279458999634
9.954377263784409
9.786237627267838
9.64511775970459
9.468146115541458
9.787742495536804
9.623223215341568
9.852717369794846
9.86998137831688
9.484039902687073
9.622918248176575
9.56801551580429
9.776448488235474
9.444965362548828
9.737096667289734
9.636271715164185
9.835931330919266
9.89743396639824
9.85722878575325
9.737530440092087
9.861840814352036
9.941857516765594
9.500571221113205
9.781863540410995
9.550661742687225
9.804208785295486
9.531610071659088
9.696794897317886
9.53616949915886
9.830473452806473
9.93633359670639
9.96481767296791
10.073647230863571
9.948234349489212
9.798371195793152
9.999232321977615
9.894601911306381
9.895419746637344
9.574503242969513
9.813057899475098
10.062948405742645
10.148466169834137
9.459868013858795
10.2567737698555
10.102212220430374
9.962179720401764
10.229270786046982
10.053336918354034
10.357125014066696
10.258234798908234
10.349780559539795
10.369157254695892
10.535558968782425
10.217901945114136
10.216703027486801
10.237141519784927
10.277828067541122
10.044496893882751
10.14893639087677
10.2017762362957
10.133780896663666
10.025551855564117
10.324837684631348
10.182949483394623
10.050388157367706
10.006634801626205
9.89352062344551
9.928284466266632
10.194292575120926
10.090587109327316
10.315719544887543
10.33615791797638
10.189996480941772
10.384657382965088
10.122215449810028
10.352186411619186
9.963608801364899
10.195067405700684
10.526104152202606
10.614633291959763
10.038249492645264
10.500786930322647
10.367665946483612
10.328411340713501
10.478425115346909
10.268496870994568
10.565199732780457
10.565388083457947
10.111944556236267
10.503090590238571
10.398050308227539
10.56277921795845
10.461185604333878
10.19931384921074
10.214634388685226
10.215916872024536
10.375308513641357
10.68423244357109
10.563124150037766
10.494074136018753
10.414304465055466
10.375961780548096
10.220205426216125
10.26879107952118
10.443672269582748
10.243003964424133
10.659195214509964
10.661718159914017
10.32746171951294
10.599076360464096
10.806687951087952
10.657178223133087
10.555481404066086
10.417185455560684
10.568573892116547
10.135289132595062
10.64426589012146
10.28719773888588
10.923508912324905
10.687438726425171
10.549889624118805
10.335255742073059
10.558830916881561
10.52108308672905
10.502732574939728
10.738184958696365
10.694747507572174
10.620833277702332
10.554880648851395
10.342644482851028
10.904579192399979
10.50259068608284
10.687362998723984
10.776613354682922
10.731747567653656
11.117793321609497
10.781763792037964
10.666274577379227
10.370438873767853
10.6900355219841
10.805405616760254
10.779307872056961
10.612345576286316
11.01118192076683
11.002189487218857
10.8523510992527
10.986907094717026
10.760980516672134
10.457911401987076
10.812295079231262
10.914067268371582
11.041552364826202
10.843384206295013
11.173160463571548
11.021292716264725
11.207590579986572
10.901901960372925
11.129038453102112
11.03866696357727
10.919292122125626
10.5159210562706
10.993010222911835
10.71829017996788
10.995156347751617
10.734795421361923
10.940520823001862
10.89570528268814
10.673634856939316
10.734068632125854
10.747067838907242
10.700915217399597
11.266209572553635
10.611152797937393
11.146570056676865
10.839949548244476
11.317575424909592
11.064543783664703
10.668358564376831
11.105567753314972
10.999144196510315
11.108767986297607
11.182702630758286
11.080723941326141
11.272422760725021
11.202120304107666
10.881390899419785
11.383778929710388
10.951381593942642
11.008190959692001
11.403579324483871
11.220458328723907
11.448276460170746
11.450032591819763
11.326381534337997
10.925662994384766
11.028699040412903
11.328140318393707
11.223174929618835
11.254397600889206
11.3910473883152
11.22806242108345
11.341671764850616
11.588286817073822
11.390281826257706
11.254274606704712
11.530777096748352
10.980006009340286
11.128366500139236
11.248604536056519
11.496921837329865
10.975458055734634
11.631908416748047
11.33994671702385
11.517989426851273
11.384615242481232
11.664137959480286
10.992095917463303
11.10937786102295
11.202907353639603
11.506799876689911
11.37140753865242
11.730766952037811
11.051774084568024
11.588551580905914
11.413845539093018
11.418131858110428
11.052719533443451
11.648551642894745
11.800689369440079
11.04074427485466
11.467294842004776
11.529856979846954
11.549885869026184
11.316572397947311
11.668908089399338
11.723037451505661
11.462487608194351
11.53687795996666
11.351162731647491
11.908040702342987
11.38053023815155
11.299505949020386
11.404311716556549
11.46898266673088
11.516192823648453
11.779933899641037
11.139367759227753
11.374248087406158
11.240051597356796
11.444015115499496
11.283407032489777
11.341102689504623
11.751959830522537
11.393259912729263
11.796274900436401
12.055857688188553
11.786021023988724
11.55283436179161
11.232265710830688
11.551257878541946
11.589928925037384
11.058859795331955
11.31637328863144
11.274815559387207
11.031963020563126
11.574852138757706
11.748695462942123
11.739215970039368
11.92268779873848
12.063450396060944
11.744730293750763
11.965373456478119
11.568092703819275
11.5003342628479
11.629342257976532
11.812409371137619
11.450820595026016
11.907962530851364
11.610351383686066
11.89535042643547
11.837955713272095
11.995299011468887
12.045592933893204
11.951266407966614
11.485223144292831
11.601071566343307
11.864018946886063
11.523892611265182
11.43465280532837
11.665448725223541
11.750859022140503
12.188687324523926
12.031019985675812
12.209084182977676
12.060027867555618
12.074995309114456
11.909633696079254
12.183998495340347
12.319864928722382
11.931103885173798
11.8783238530159
12.317204624414444
12.37590005993843
11.96723547577858
12.092979937791824
11.974856048822403
11.596434742212296
11.903268814086914
11.999159306287766
12.184250622987747
11.798553735017776
11.708322256803513
12.025458216667175
12.105764418840408
11.896121799945831
11.614666074514389
12.084697425365448
11.728188842535019
11.935250908136368
12.377614229917526
12.263229191303253
12.142803430557251
12.409443885087967
12.349346935749054
12.149269312620163
11.891993522644043
11.978347450494766
12.11411714553833
12.1949343085289
12.221673876047134
12.34281176328659
12.13185065984726
12.332538604736328
12.42594364285469
12.009935557842255
12.211521714925766
12.003552615642548
12.406725972890854
12.185867875814438
12.326186567544937
12.45865735411644
12.346031785011292
12.57122427225113
12.531254321336746
11.952584862709045
12.1495421230793
12.479179501533508
12.461069256067276
12.546721428632736
12.558328181505203
12.537804663181305
12.542548924684525
11.923718810081482
12.248314559459686
12.269360363483429
12.291907250881195
12.370161056518555
12.402793735265732
12.589755713939667
12.393857717514038
12.595123559236526
12.357161670923233
12.704255938529968
12.511041462421417
12.665279000997543
12.303869724273682
12.589271008968353
12.464096248149872
12.635864734649658
12.496831238269806
12.383930891752243
12.783183455467224
12.81610518693924
12.524932205677032
12.168509870767593
12.776581823825836
12.90185335278511
12.893778294324875
12.571816146373749
12.585505425930023
12.08492136001587
12.593079328536987
12.582578867673874
12.488590985536575
12.605770021677017
12.851774513721466
12.453752934932709
12.19921413064003
12.605625033378601
12.97268882393837
12.8575499355793
12.972695052623749
12.57153844833374
12.577968090772629
12.741602659225464
12.616143852472305
12.644515246152878
12.916479080915451
12.835877567529678
12.918189406394958
12.991905510425568
12.581618070602417
12.948601752519608
12.839777112007141
12.5813510119915
12.93587177991867
13.125846564769745
12.557943522930145
12.655214071273804
12.59712302684784
12.623758345842361
12.730443179607391
12.428959608078003
12.923616170883179
12.889372885227203
12.6036576628685
12.744308471679688
12.481180042028427
12.828082263469696
13.055191069841385
12.90076544880867
13.011825770139694
12.967275142669678
12.801895052194595
13.071735978126526
12.919032603502274
13.113518804311752
12.691006481647491
13.266671687364578
12.876713782548904
12.969483017921448
13.270658314228058
13.112147122621536
12.758992463350296
12.920539200305939
12.944736301898956
13.008406639099121
12.74499186873436
13.167081028223038
13.342642784118652
13.15733253955841
12.817624062299728
13.227193892002106
13.055906891822815
12.987943261861801
13.056884825229645
12.990745902061462
13.303304642438889
13.276160418987274
13.414378225803375
13.158962547779083
12.960619032382965
13.045130580663681
12.897136360406876
13.346896022558212
13.277431398630142
13.288120746612549
13.26622211933136
13.409690529108047
13.268628478050232
12.806326180696487
13.298008352518082
13.26194879412651
13.014689356088638
13.069148868322372
13.00297150015831
13.059061616659164
13.177046537399292
13.360884994268417
13.176545649766922
13.410169452428818
13.457358807325363
13.488907486200333
13.359452158212662
12.906074345111847
13.366041660308838
13.100755989551544
13.252328336238861
13.279883950948715
13.343345612287521
12.971319198608398
13.246554344892502
13.6125628054142
13.432893872261047
13.382592350244522
13.54378679394722
13.418511807918549
13.264671564102173
13.361178666353226
13.016332566738129
13.348974794149399
13.490129262208939
13.515823930501938
13.542198717594147
13.61282503604889
13.382145285606384
13.409600466489792
13.463176041841507
13.50365436077118
13.203729212284088
13.249992907047272
12.86391767859459
13.612455755472183
13.518476009368896
13.43127053976059
13.42015254497528
13.669600307941437
13.652806669473648
13.78754711151123
13.58567789196968
13.424589604139328
13.621570765972137
13.150151580572128
13.58565753698349
13.704813361167908
13.488152861595154
13.747762322425842
13.483288198709488
13.588785231113434
13.579099833965302
13.475382208824158
13.643049269914627
13.657392710447311
13.549183905124664
13.703500628471375
13.497296154499054
13.366325557231903
13.54157879948616
13.540483117103577
13.651161253452301
13.974311828613281
13.805039584636688
13.380029737949371
13.873545736074448
13.335852473974228
13.382852345705032
13.896315038204193
13.614722192287445
13.788000971078873
14.009796142578125
14.05133581161499
13.927527368068695
13.954037368297577
13.752629458904266
13.874250531196594
13.621638536453247
13.88445520401001
13.98349341750145
13.776344031095505
13.909731417894363
13.862256556749344
14.033758372068405
13.683941274881363
13.651785343885422
13.435917168855667
13.66640517115593
13.774588584899902
13.729396104812622
14.024561434984207
14.12199854850769
13.948875784873962
14.00716096162796
13.859244793653488
14.187504202127457
13.823059529066086
14.00122481584549
13.633755177259445
14.027637511491776
14.226156115531921
13.838069140911102
14.003067553043365
14.00295826792717
14.186815321445465
13.972266405820847
13.883320927619934
13.942738443613052
14.191157102584839
14.117055743932724
14.211724013090134
14.34383761882782
14.193384379148483
14.198279231786728
13.674169212579727
14.070798546075821
14.393125236034393
14.331910133361816
14.286885648965836
13.8185193836689
13.952537626028061
13.977003127336502
14.156269431114197
13.486748605966568
13.793123424053192
14.182476460933685
14.42555046081543
14.180140495300293
14.333857327699661
14.198464095592499
14.080571860074997
13.962903797626495
14.230804145336151
13.917597621679306
14.17470046877861
14.162125319242477
14.223817616701126
14.395288527011871
14.335070043802261
14.445961982011795
14.321714788675308
14.515568137168884
14.287105947732925
14.252174705266953
13.64213514328003
14.537802010774612
14.45557114481926
14.379052758216858
14.255492925643921
14.293680042028427
14.361419796943665
14.337563246488571
14.324370622634888
14.229051530361176
14.606562554836273
14.413093477487564
14.388729184865952
14.40466657280922
14.112614840269089
13.989733755588531
14.339190304279327
14.424562722444534
14.623064190149307
14.107357621192932
14.626285463571548
14.650276392698288
14.171383678913116
14.176457017660141
14.340915888547897
14.593419551849365
14.578323930501938
14.55865404009819
14.60121574997902
14.406691908836365
14.369887381792068
14.217799723148346
14.149826169013977
14.118208944797516
14.302577167749405
14.43069663643837
14.56615498661995
14.824938178062439
14.46949091553688
14.669248074293137
14.654168009757996
14.843933016061783
14.572890996932983
14.50097805261612
14.266503274440765
14.267141848802567
14.594367176294327
14.684193164110184
14.8949014544487
14.406729459762573
14.508655607700348
14.804942429065704
14.573566764593124
14.78263047337532
14.032192379236221
14.53571531176567
14.466096550226212
14.597222328186035
14.730672061443329
14.688076376914978
14.65353125333786
14.64489883184433
14.904158145189285
14.328365951776505
14.411232560873032
14.409057378768921
14.352733314037323
14.634464919567108
14.392881631851196
14.648466348648071
14.84247949719429
14.793270409107208
15.029786705970764
14.630451321601868
14.882961601018906
14.905188083648682
14.615310907363892
14.593871265649796
14.829921782016754
14.483561128377914
14.749978125095367
14.817048400640488
14.59344944357872
14.752360463142395
14.826984226703644
15.077630460262299
15.113483965396881
14.56059131026268
15.042966425418854
14.732542783021927
14.547526061534882
14.892676293849945
14.697312772274017
14.900530815124512
15.001326084136963
14.637605100870132
14.932410925626755
14.813079833984375
14.942691326141357
14.670959293842316
14.934907615184784
14.491749793291092
14.842164248228073
15.205671399831772
15.052122622728348
15.002751290798187
15.038719683885574
14.492934316396713
14.787061959505081
14.855207324028015
15.131589591503143
15.016441524028778
14.915933072566986
14.619615823030472
14.860095888376236
14.674065679311752
14.59432864189148
14.700948566198349
14.829491972923279
15.215462267398834
15.15921226143837
15.026488929986954
15.035339772701263
14.702867090702057
15.107670485973358
14.447090595960617
15.059611052274704
14.795314878225327
14.859866827726364
15.00991776585579
15.003813654184341
15.315213412046432
14.920560389757156
15.023193627595901
15.343048751354218
14.967941582202911
14.763604640960693
15.008227288722992
15.163559228181839
15.272994548082352
15.143567264080048
15.21316373348236
14.8769251704216
15.081628680229187
15.054615169763565
15.142275363206863
14.995347112417221
15.07175087928772
15.332699716091156
15.172323137521744
14.86704558134079
15.020591974258423
15.301398754119873
15.215077698230743
15.293536454439163
15.356590360403061
15.37020593881607
15.23607885837555
15.42151653766632
15.573425829410553
15.218842685222626
15.338439464569092
15.288952082395554
15.165245056152344
14.92803093791008
15.029354691505432
15.104635804891586
15.384108394384384
15.45889362692833
15.315102100372314
15.18976080417633
15.106296807527542
15.534780949354172
15.249667286872864
14.964350938796997
15.341746896505356
15.228534400463104
15.300865888595581
15.649033635854721
15.31784600019455
15.49735602736473
15.414433807134628
14.784679114818573
15.353363901376724
15.177153050899506
14.9786057472229
15.46814176440239
15.524772644042969
15.550040811300278
15.551447570323944
15.423719078302383
14.908907771110535
15.3224475979805
15.368299782276154
15.576254695653915
15.429891228675842
15.335155367851257
15.496358662843704
15.322693079710007
15.529277831315994
15.366889834403992
15.428062677383423
15.358395427465439
15.615179777145386
15.2206329703331
15.68836709856987
15.818615168333054
15.17846354842186
15.541849106550217
15.685511618852615
15.415511071681976
15.362590551376343
15.562136739492416
15.342743337154388
15.529761642217636
15.631390124559402
15.703922241926193
15.80036798119545
15.813134104013443
15.88713675737381
15.510904252529144
15.706142783164978
15.776197791099548
15.50550651550293
15.802949577569962
15.67398789525032
15.665168851613998
15.568456321954727
15.880442827939987
15.563300877809525
15.257737904787064
15.979214400053024
15.572831094264984
15.911411195993423
15.605821877717972
16.008186489343643
15.561274021863937
15.688062995672226
15.819512456655502
15.86776202917099
15.823538661003113
16.01085588335991
16.079859524965286
15.865366905927658
15.984978407621384
15.750385791063309
15.88733696937561
15.741437762975693
15.742622256278992
15.968979805707932
15.796799391508102
16.07209539413452
16.101391851902008
16.069537103176117
15.777925461530685
15.744681388139725
16.0234092772007
15.87101536989212
15.984841793775558
16.281102299690247
16.173838406801224
16.135193198919296
16.101270705461502
15.83293816447258
16.075194865465164
16.03571704030037
16.057500422000885
16.069599896669388
16.052691340446472
16.100537329912186
15.935674250125885
16.066352128982544
15.890158861875534
15.996381103992462
16.17555084824562
16.20052218437195
16.309187293052673
16.192178338766098
15.94405421614647
16.18575170636177
16.138390451669693
16.198266685009003
16.140371590852737
16.234333634376526
16.29428532719612
16.247776955366135
16.133377611637115
16.18058630824089
16.13891252875328
16.152294784784317
16.12952721118927
16.21481692790985
16.294475883245468
16.263665229082108
16.131199955940247
16.331798255443573
16.267928451299667
16.276804476976395
16.198751837015152
16.23180365562439
16.28256806731224
16.394614815711975
16.25317957997322
16.26887172460556
16.36871725320816
16.217662811279297
16.2795432806015
16.30245593190193
16.330126255750656
16.486028134822845
16.39975929260254
16.390832006931305
16.268604964017868
16.372672706842422
16.133460640907288
16.358854949474335
16.450658828020096
16.35246416926384
16.38550254702568
16.328169852495193
16.472503185272217
16.50763648748398
16.462616860866547
16.27820861339569
16.605425655841827
16.469740450382233
16.540830731391907
16.417807906866074
16.49284338951111
16.470832467079163
16.390439987182617
16.403963804244995
16.53040385246277
16.384256958961487
16.42455604672432
16.416571140289307
16.5011248588562
16.41024088859558
16.556275010108948
16.504802227020264
16.517969965934753
16.654636919498444
16.460917055606842
16.486881911754608
16.481115698814392
16.508842289447784
16.60138899087906
16.567934691905975
16.697342455387115
16.798149466514587
16.675699949264526
16.647332310676575
16.46486759185791
16.458799302577972
16.430738985538483
16.593181610107422
16.687633454799652
16.554962813854218
16.536729514598846
16.641933023929596
16.560714423656464
16.609516263008118
16.631708800792694
16.71054744720459
16.695903599262238
16.57835417985916
16.721842527389526
16.66646122932434
16.75166130065918
16.561641573905945
16.701960921287537
16.746786952018738
16.623173654079437
16.788609504699707
16.767818212509155
16.720262348651886
16.548722594976425
16.565733045339584
16.655144095420837
16.71205997467041
16.801252901554108
16.77231878042221
16.743405520915985
16.776097059249878
16.647789359092712
16.813204288482666
16.783178389072418
16.809572875499725
16.625151813030243
16.64220803976059
16.68289166688919
16.50267517566681
16.696900963783264
16.67128360271454
16.838163435459137
16.659681141376495
16.539792090654373
16.421881467103958
16.693213880062103
16.867846310138702
16.880293488502502
16.745355278253555
16.821206748485565
16.844032883644104
16.77900367975235
16.862806141376495
16.70544970035553
16.876300632953644
16.448644131422043
16.947697818279266
16.70485144853592
16.611074924468994
16.439196556806564
16.718538105487823
16.735229432582855
16.467253029346466
16.783046156167984
16.719814717769623
16.86664444208145
16.870699524879456
16.796383559703827
16.740843415260315
16.638047873973846
16.706946313381195
17.069346606731415
16.867514729499817
16.415545165538788
17.021816611289978
16.824263513088226
16.687933206558228
16.70903980731964
16.805566430091858
16.899487614631653
16.951546251773834
16.745428919792175
16.50317084789276
16.978836178779602
17.01990896463394
16.693367958068848
16.74666726589203
17.052453339099884
16.811456084251404
16.2976156771183
16.715328693389893
16.640484392642975
16.911388218402863
16.875380277633667
16.93861699104309
17.05716383457184
17.002155244350433
17.0104803442955
16.780251145362854
16.984290897846222
16.802555322647095
16.822042763233185
16.991574108600616
16.89752632379532
16.813063323497772
16.98216074705124
17.21085250377655
16.879631459712982
16.82262498140335
16.59040328860283
17.204831838607788
17.135300934314728
17.168940722942352
16.959815323352814
17.171934247016907
17.16096591949463
17.272448778152466
16.86451554298401
17.164314925670624
16.925535559654236
17.150964379310608
17.220382153987885
17.126129984855652
17.165701687335968
17.205573558807373
17.0925110578537
16.985369563102722
16.79784056544304
16.878015458583832
16.911051392555237
17.125693678855896
17.06212067604065
17.268109500408173
16.97570312023163
17.23600798845291
17.05863904953003
16.826659560203552
17.195989906787872
16.929784655570984
17.093003749847412
17.12049126625061
16.81823182106018
17.381702601909637
17.164125740528107
17.38871604204178
17.418901324272156
17.121317327022552
17.270287811756134
17.074545085430145
17.19797855615616
17.3339821100235
17.254050076007843
17.429133117198944
17.31959503889084
17.12740832567215
17.306337654590607
17.374919593334198
16.729898393154144
17.371222853660583
17.047078847885132
17.32432621717453
17.225765466690063
17.346728026866913
17.280261278152466
17.539449453353882
17.353434324264526
17.540529131889343
17.163009762763977
17.314453899860382
17.28619694709778
17.26795619726181
17.344259202480316
17.323598742485046
17.05861347913742
17.485732197761536
17.276966750621796
17.297042727470398
17.375797390937805
17.297589123249054
17.15526670217514
17.595767319202423
17.068308770656586
17.408819615840912
17.173119485378265
17.126458287239075
17.366793274879456
17.32118785381317
17.538140177726746
17.384008586406708
17.23725128173828
17.50555121898651
17.108422696590424
17.15458583831787
17.518531918525696
17.47549867630005
17.65803039073944
16.990733742713928
17.500502586364746
17.497153878211975
17.394269287586212
17.37213885784149
16.85517108440399
17.595943808555603
17.12138545513153
17.51811307668686
17.804592072963715
17.49347287416458
17.47652441263199
17.604741990566254
17.587781310081482
17.286043345928192
17.38678950071335
17.385793328285217
17.637153148651123
17.42953610420227
17.55256861448288
17.607778668403625
17.801138281822205
17.60952067375183
17.2586367726326
17.50225657224655
17.492107629776
17.479154884815216
17.504410803318024
17.2932471036911
17.455334722995758
17.620010316371918
17.366883754730225
17.66620010137558
17.67619639635086
17.66395401954651
17.672135174274445
17.638918042182922
17.52394425868988
17.50888466835022
17.240804970264435
17.70811265707016
17.82664120197296
17.426634550094604
17.752018690109253
17.367373883724213
17.806510746479034
17.643111884593964
17.602441132068634
17.646971106529236
17.53132790327072
17.428953766822815
17.76466315984726
17.721765637397766
17.689518570899963
17.87464851140976
17.365832269191742
17.745728015899658
17.76076030731201
17.460532426834106
17.672570943832397
17.890620291233063
17.687233686447144
17.86770737171173
18.016105353832245
17.848350822925568
17.657426238059998
17.933677434921265
17.755729615688324
17.556175410747528
17.6012402176857
17.56672465801239
17.81372720003128
17.847994446754456
17.784956455230713
17.654566884040833
17.40548002719879
17.371210873126984
17.57222443819046
18.0392889380455
18.00863289833069
18.071125388145447
18.061229646205902
18.111807584762573
17.986064612865448
17.813003182411194
17.678456962108612
17.968916356563568
17.785752594470978
17.982945322990417
17.707215905189514
17.82565265893936
17.932966351509094
17.722186863422394
17.892172753810883
18.004178822040558
17.747284650802612
17.70214581489563
18.043020486831665
17.77687644958496
17.91766232252121
17.95941859483719
17.82926619052887
17.769263327121735
17.67321425676346
18.059754014015198
18.017053425312042
17.733645141124725
17.982248723506927
17.6726513504982
17.586923956871033
17.991653263568878
18.17801594734192
17.593067228794098
17.8307044506073
18.11960083246231
18.23080885410309
17.929433941841125
17.986440300941467
18.03223443031311
17.850081086158752
18.068889796733856
17.911857426166534
18.136483669281006
17.885587215423584
17.898772597312927
17.864528119564056
18.110622107982635
18.048379361629486
18.21091490983963
18.212445437908173
18.081595718860626
18.136336505413055
18.134261190891266
17.978534758090973
18.08445805311203
17.707310557365417
18.160212755203247
18.056071758270264
18.17109614610672
18.296557426452637
17.94278120994568
17.889623165130615
18.003039360046387
18.452038168907166
18.183625161647797
17.784350275993347
17.98889672756195
18.229082882404327
18.42298460006714
17.800679981708527
18.299452245235443
18.05718642473221
18.08182382583618
17.95495694875717
18.03333270549774
18.214062809944153
18.056618094444275
18.042055010795593
17.746702671051025
17.805715918540955
17.951516687870026
18.094835221767426
18.243385791778564
18.497927844524384
18.568683207035065
17.943202078342438
18.044536650180817
18.20624876022339
17.972942292690277
18.264796137809753
18.194151282310486
18.491845786571503
18.260656416416168
18.396713376045227
18.597391963005066
18.489053428173065
18.00610601902008
18.183057010173798
18.16098165512085
18.29639631509781
18.48430824279785
18.566719591617584
18.28218114376068
18.220101535320282
18.41439789533615
18.144934713840485
18.351854503154755
18.426489114761353
18.17018836736679
18.0422443151474
18.265359342098236
18.115442395210266
18.334460973739624
18.263232111930847
18.015499353408813
18.2026749253273
18.117866933345795
18.274417519569397
18.32329958677292
18.510039448738098
18.4218407869339
18.136928141117096
18.156627595424652
18.429894983768463
18.49949026107788
18.567534744739532
18.42661887407303
18.25808221101761
18.64825004339218
18.256675720214844
18.59517902135849
18.326317608356476
18.194731295108795
18.53814721107483
18.41077733039856
18.29620748758316
18.415275931358337
18.222050070762634
18.572625815868378
18.44345623254776
18.6333070397377
18.403780937194824
18.798535406589508
18.396037578582764
18.28948312997818
18.454301238059998
18.256824016571045
18.334863781929016
18.21587783098221
18.454486966133118
18.52891170978546
18.28725028038025
18.536650717258453
18.269863426685333
18.49816805124283
18.854054033756256
18.749834299087524
18.401622235774994
18.25469207763672
18.31658947467804
18.44723415374756
18.35705977678299
18.609812140464783
18.66644299030304
18.57015085220337
18.49945628643036
18.21448916196823
18.293015480041504
18.140597641468048
18.286070704460144
18.493441104888916
18.388599932193756
18.605905771255493
18.67296326160431
18.679688215255737
18.470522940158844
18.675486624240875
18.647582411766052
18.62532675266266
18.196091294288635
18.213609218597412
18.316197395324707
18.600086569786072
18.69940084218979
18.63924992084503
18.70472526550293
18.563700079917908
18.381851613521576
18.581194758415222
18.394770801067352
18.536635041236877
18.702178359031677
18.755247116088867
18.843511760234833
18.377637088298798
18.69584721326828
18.69623303413391
18.585260689258575
18.562769055366516
18.41096979379654
18.460844218730927
18.704179525375366
18.92221987247467
18.812501549720764
18.483939707279205
18.78326666355133
18.685628533363342
18.602422654628754
18.562930643558502
18.59737455844879
18.672344624996185
17.964566349983215
18.495521545410156
18.672096490859985
18.97109693288803
18.4200080037117
18.659264981746674
19.030961275100708
18.337801814079285
18.929116666316986
18.83539605140686
18.796917974948883
18.181933999061584
18.47693383693695
18.464453756809235
19.01147484779358
18.39331352710724
18.607857406139374
18.45246022939682
18.709644973278046
18.537572264671326
18.751257181167603
18.554423987865448
18.772022128105164
18.869553089141846
18.659742057323456
18.550831019878387
18.49551296234131
17.953354239463806
18.717131793498993
19.02434593439102
18.569992661476135
18.77118867635727
18.85096126794815
18.797913908958435
18.843483328819275
18.680737555027008
18.99143135547638
18.938507854938507
18.994362950325012
18.698749482631683
18.679359912872314
18.621071875095367
18.621733903884888
18.44673991203308
18.709678411483765
18.895797908306122
18.651702046394348
18.92036736011505
18.990835547447205
19.09862357378006
18.70431762933731
18.776822924613953
19.032076358795166
18.79990029335022
18.993005096912384
18.95744752883911
18.854381382465363
18.332144260406494
19.01427710056305
18.55824613571167
18.72386109828949
19.163491368293762
18.896228909492493
18.921953201293945
19.194600343704224
19.301163971424103
18.732068955898285
19.211773097515106
19.319612562656403
19.29148691892624
19.024350345134735
19.04984623193741
19.088319420814514
19.113148033618927
18.427269518375397
18.950822472572327
19.05615121126175
19.096875071525574
19.048138082027435
19.300598442554474
18.82500946521759
18.981502771377563
19.01841104030609
18.94990712404251
18.798550486564636
19.4209343791008
19.126562118530273
19.313283801078796
19.329210340976715
19.502024590969086
19.141380727291107
19.266202926635742
18.668419659137726
19.15692126750946
18.797215700149536
19.36797297000885
19.24452942609787
19.412998259067535
19.14545512199402
19.353431582450867
19.595203638076782
18.95829290151596
19.310370087623596
18.992330014705658
19.132826685905457
19.365113615989685
19.10316240787506
19.27270781993866
18.967811584472656
19.346140027046204
19.407295644283295
19.156115233898163
19.35532319545746
19.310631453990936
19.216971337795258
19.10340690612793
19.162472426891327
19.529486536979675
19.381463766098022
19.184918582439423
19.40500497817993
19.238319754600525
19.454028725624084
19.483180463314056
19.420127153396606
19.433172345161438
19.1325221657753
19.25366371870041
19.526439607143402
18.886454164981842
19.70271348953247
19.58876609802246
19.223208367824554
19.410205006599426
19.21876960992813
19.361175417900085
19.553297758102417
19.452015221118927
19.407458066940308
18.997671723365784
19.302767157554626
19.261018991470337
19.330983579158783
19.466255128383636
19.316492915153503
19.582868337631226
19.444255471229553
19.642022967338562
19.737077832221985
19.493415594100952
19.260241150856018
19.605776369571686
19.191299498081207
18.919340014457703
19.414917528629303
19.63921821117401
19.651634216308594
19.444954752922058
19.57487380504608
19.686339616775513
19.413918912410736
19.614302158355713
19.531196177005768
19.746539890766144
19.58639246225357
19.501536011695862
19.468281745910645
19.29887282848358
19.244829177856445
19.640919029712677
19.615871787071228
19.85124033689499
19.77745395898819
19.544479072093964
19.74404066801071
19.40982085466385
19.43809199333191
19.521432518959045
19.90369087457657
19.80504620075226
19.634579122066498
19.33113956451416
19.566752195358276
19.576498985290527
19.875928938388824
19.684078335762024
19.78264743089676
19.66388964653015
19.659655034542084
19.628937661647797
19.681431531906128
19.92413055896759
19.714768052101135
19.778632640838623
19.240869164466858
19.512851417064667
19.636461853981018
19.4524964094162
19.853449940681458
19.657972633838654
19.522421777248383
19.569637894630432
19.41883009672165
19.476356983184814
19.491820573806763
19.381187736988068
19.835590362548828
19.843664824962616
19.859700322151184
20.019237875938416
19.700447857379913
19.831115067005157
19.797079920768738
19.58966040611267
19.396089732646942
19.33520859479904
19.793494880199432
19.647610008716583
20.057427763938904
19.79665595293045
19.786091923713684
19.7923521399498
19.716839730739594
19.662818670272827
19.75088334083557
19.5759996175766
19.651997685432434
19.464721739292145
19.819602012634277
19.924573838710785
19.9441037774086
19.58783859014511
19.507799685001373
19.65924161672592
19.41561132669449
19.871536433696747
20.096152424812317
19.91693526506424
19.958741664886475
19.762122929096222
19.78291743993759
19.778552889823914
19.670905590057373
19.754688680171967
19.821191251277924
19.967457234859467
19.966575026512146
19.7828871011734
20.09969127178192
19.914205014705658
19.834083318710327
19.933411717414856
19.624742805957794
19.729927003383636
19.58205807209015
20.012397706508636
19.95783680677414
20.017406165599823
19.990647435188293
19.814424872398376
19.708150625228882
19.80606335401535
20.046517312526703
19.912754237651825
20.008912444114685
20.181722462177277
20.121814370155334
19.981465697288513
19.684550285339355
20.15647006034851
19.761251032352448
19.957941830158234
19.936074376106262
20.134763717651367
19.818378031253815
20.002181112766266
19.946105659008026
19.718225359916687
19.875504970550537
19.83691567182541
20.217065691947937
19.733474373817444
19.994623124599457
20.30457365512848
20.16640603542328
20.092030882835388
19.83942073583603
19.913091719150543
19.948522090911865
19.73135143518448
19.80755442380905
19.99030315876007
20.03263372182846
20.06933456659317
19.763611376285553
20.074809968471527
19.676786959171295
20.05041629076004
20.061001121997833
19.997865736484528
20.17653328180313
20.244137287139893
20.427597641944885
20.093775928020477
19.54684203863144
19.952164113521576
19.908830642700195
19.920477271080017
19.880772829055786
20.162688493728638
19.95043581724167
19.961050987243652
20.06430721282959
20.12140154838562
20.471164107322693
20.075945913791656
20.334737956523895
20.238010227680206
19.922873318195343
19.902189254760742
20.069225907325745
20.440300345420837
20.288226425647736
20.02689641714096
20.4033961892128
20.02562654018402
20.494845628738403
20.35143619775772
20.236775934696198
20.346607446670532
20.08630895614624
20.145436942577362
20.410448491573334
20.256410717964172
20.21603387594223
20.360759139060974
20.066541373729706
19.919884085655212
20.281942546367645
20.28143173456192
20.23849904537201
20.134076356887817
20.27282017469406
20.075591027736664
19.98187655210495
20.120691061019897
20.142667770385742
20.484479308128357
20.122850954532623
20.22756516933441
19.87020456790924
20.429281651973724
20.48543518781662
19.80715721845627
20.211798071861267
20.11519682407379
20.586214005947113
20.323755621910095
20.269861102104187
20.40897512435913
20.574520647525787
20.277669489383698
20.404429078102112
20.400355398654938
20.13828867673874
20.539702355861664
20.437765181064606
20.34734982252121
20.498717725276947
20.384984493255615
20.42346727848053
20.515512824058533
20.451930046081543
20.487123429775238
20.460366129875183
20.45862227678299
20.383753657341003
20.595961272716522
20.493713438510895
20.349397242069244
20.72950780391693
20.421713531017303
20.707669854164124
20.639584004878998
20.70415323972702
20.599688827991486
20.156542241573334
20.384308695793152
20.45482486486435
20.700764000415802
20.661366999149323
20.17784970998764
20.66387128829956
20.337902545928955
20.364725530147552
20.41305720806122
20.618448674678802
20.423510313034058
20.309138596057892
20.6574285030365
20.614950597286224
20.432159662246704
20.60103678703308
20.70095545053482
20.3841535449028
20.656122148036957
20.336943864822388
20.787024319171906
20.769901275634766
20.545204281806946
20.676393628120422
20.45014590024948
20.173622965812683
20.61522662639618
20.62498837709427
20.75147157907486
20.55760931968689
20.891241192817688
20.822509944438934
20.939129412174225
20.51811695098877
