None
None
None
None
None
None
None
None
None
None
None
None
None
None
None
None
None
None
None
None
None
None
None
None
None
None
None
None
None
None
None
None
None
None
None
None
None
None
None
None
None
None
None
None
None
None
None
None
None
None
None
None
None
None
None
None
None
None
None
None
None
None
None
None
None
None
None
-0.08419911947567016
-0.01667815308974241
0.014345690287882462
0.05620011256542057
0.09722851490369067
0.12447911710478365
0.1702773212455213
0.210015015094541
0.27334857475943863
0.32457845588214695
0.3543571289628744
0.3938237321563065
0.4223703551106155
0.5212015574797988
0.518690075725317
0.5718334391713142
0.6334154373034835
0.6836449606344104
0.7331305015832186
0.7714326065033674
0.8392880177125335
0.9009944908320904
0.9325753385201097
0.986232690513134
1.001006099395454
1.063588047400117
1.0852784477174282
1.0604832898825407
1.1138833556324244
1.1171076744794846
1.0892043933272362
1.0877760406583548
1.0270741879940033
1.0626009423285723
1.0400626566261053
1.0181243978440762
1.0006542764604092
0.9786970932036638
0.9840150028467178
0.9793692547827959
0.9718562941998243
0.9594677546992898
1.00024801120162
1.0040101185441017
1.0368992630392313
1.0115477349609137
1.0613213181495667
1.0831946935504675
1.0796150732785463
1.1469592992216349
1.1703671589493752
1.1458182279020548
1.1638742946088314
1.1816485598683357
1.2055289931595325
1.1857441123574972
1.1997573133558035
1.214394561946392
1.2437668647617102
1.2065336182713509
1.2283134013414383
1.2373969554901123
1.2483747322112322
1.2266335040330887
1.2367302291095257
1.210415756329894
1.211631314828992
1.2456445060670376
1.259567441418767
1.256424566730857
1.3011231757700443
1.2977112960070372
1.3382496908307076
1.2888879906386137
1.319739531725645
1.360461600124836
1.2823288701474667
1.3273769691586494
1.2885293755680323
1.213299173861742
1.2479009460657835
1.2631571181118488
1.2886732909828424
1.304191818460822
1.3104491494596004
1.359571011736989
1.3800395987927914
1.438394594937563
1.4853412583470345
1.5015426836907864
1.4757295325398445
1.4517791643738747
1.500818643718958
1.4544247053563595
1.5032879374921322
1.437473375350237
1.4641073681414127
1.4458823762834072
1.4444510526955128
1.3943657502532005
1.4341674260795116
1.4066216982901096
1.4463527910411358
1.4767174012959003
1.4963732063770294
1.489185743033886
1.574641764163971
1.556201234459877
1.5725408606231213
1.5968312211334705
1.5901343785226345
1.5688261799514294
1.5342522263526917
1.5252528004348278
1.5444229170680046
1.5630166195333004
1.5577688962221146
1.5867678336799145
1.5787799283862114
1.5221351496875286
1.5729091949760914
1.669399917125702
1.6546372883021832
1.6655561663210392
1.6427610330283642
1.660966619849205
1.6686279736459255
1.627016719430685
1.606472734361887
1.6290140002965927
1.680451475083828
1.6533895656466484
1.6467857994139194
1.6658800058066845
1.7195150591433048
1.69597327709198
1.7342841736972332
1.8098962418735027
1.8104737363755703
1.8056049309670925
1.7887132316827774
1.8519795052707195
1.8740498684346676
1.776885911822319
1.8330785855650902
1.8161030896008015
1.7885089367628098
1.849387139081955
1.8014641739428043
1.7770205438137054
1.8080067113041878
1.8901213817298412
1.9044559486210346
1.8410559073090553
1.869320672005415
1.9511641561985016
1.969640363007784
1.9832495227456093
1.9308572933077812
2.003041211515665
1.9112144112586975
2.005116030573845
1.9744044616818428
1.9133946895599365
1.940365131944418
1.9783012419939041
2.061075408011675
1.9232954122126102
1.988143015652895
1.9910767897963524
2.0829090029001236
2.066873360425234
2.0774924978613853
2.1660250946879387
2.1167435832321644
2.066004492342472
2.197736155241728
2.0449334122240543
2.101532243192196
2.0937279015779495
2.07986181974411
2.050093274563551
2.16018133983016
2.12302116304636
2.1798326186835766
2.1660919934511185
2.2679774537682533
2.1270609460771084
2.2378114610910416
2.2636926472187042
2.0577250607311726
2.1868442222476006
2.1686499789357185
2.1842082664370537
2.2563421986997128
2.3270829804241657
2.287549778819084
2.3105328381061554
2.43022296205163
2.3566363267600536
2.373384937644005
2.4688684307038784
2.4386817663908005
2.374238457530737
2.3312591686844826
2.3153481520712376
2.140878636389971
2.2482354678213596
2.362276863306761
2.3104626461863518
2.325975716114044
2.411634013056755
2.4564353935420513
2.41883223131299
2.428233053535223
2.543953888118267
2.4340893030166626
2.434553064405918
2.4644207283854485
2.4688149951398373
2.485560730099678
2.3317005783319473
2.333236787468195
2.4997259005904198
2.3854521103203297
2.475958652794361
2.3252677991986275
2.4424506798386574
2.5014245212078094
2.400532815605402
2.5042007341980934
2.685351088643074
2.606023386120796
2.5096729397773743
2.5166573524475098
2.540617883205414
2.687216505408287
2.64101505279541
2.621427558362484
2.7007389217615128
2.6312822327017784
2.751540958881378
2.840725153684616
2.768305867910385
2.7474793568253517
2.690309263765812
2.7428820356726646
2.6568067520856857
2.796796962618828
2.6584906354546547
2.6956001073122025
2.7680576518177986
2.5822323113679886
2.7295621261000633
2.7815311700105667
2.888397864997387
2.724388636648655
2.868506819009781
2.6961013078689575
2.9044168516993523
2.7667637318372726
2.8593958914279938
2.919130451977253
2.798107199370861
3.0322058126330376
2.8730485439300537
2.775725804269314
2.9472137168049812
3.088960222899914
3.046373598277569
2.759383514523506
2.876721888780594
2.9593986198306084
2.99909870326519
3.0445544570684433
3.0945737212896347
2.9093780666589737
3.027586303651333
3.0728050097823143
3.1229503378272057
3.054896079003811
3.011901579797268
2.8106760382652283
3.052875466644764
3.183894343674183
3.089453659951687
3.0731605291366577
3.0968151912093163
2.9807173907756805
3.0860676169395447
2.94596529006958
3.260207325220108
3.139589600265026
3.330843038856983
3.1659927666187286
3.1213410273194313
3.1457521244883537
2.983603872358799
3.199471965432167
3.2360251545906067
3.244113862514496
3.2120288982987404
2.9874799847602844
3.214018501341343
3.1469701901078224
3.2869729697704315
3.200730986893177
3.3640795797109604
3.302322030067444
3.0230347141623497
3.3003644347190857
3.297076128423214
3.208591841161251
3.177232973277569
3.1674486845731735
3.1916610673069954
3.1455694437026978
3.2593441531062126
3.060407444834709
3.0848662853240967
3.152690552175045
3.3914607539772987
3.317732445895672
3.450582854449749
3.161511868238449
3.446462109684944
3.3135071098804474
3.47173573076725
3.245481513440609
3.3299000188708305
3.388949394226074
3.279859960079193
3.30658145993948
3.40019042044878
3.2757638692855835
3.2416609302163124
3.422751769423485
3.412428691983223
3.3777974396944046
3.455304928123951
3.6108439341187477
3.655370816588402
3.3894189670681953
3.34597210586071
3.50174318253994
3.364949479699135
3.3940815776586533
3.447226271033287
3.3457920476794243
3.2942976653575897
3.4302032738924026
3.4978837594389915
3.496384881436825
3.7123466208577156
3.7155982479453087
3.6037780344486237
3.657846763730049
3.7925351038575172
3.6817789301276207
3.6136181503534317
3.6146319955587387
3.5309190899133682
3.495099261403084
3.343992158770561
3.469626136124134
3.3402247726917267
3.6853867694735527
3.4007562920451164
3.689597427845001
3.594709113240242
3.5589879900217056
3.462727300822735
3.6213336661458015
3.680425152182579
3.6265821009874344
3.6800907030701637
3.5460995361208916
3.5763614401221275
3.6824442744255066
3.6482037007808685
3.5210647732019424
3.630621388554573
3.65199763327837
3.820414774119854
3.5632307305932045
3.548208527266979
3.9388374239206314
3.7063798308372498
3.7900110632181168
3.775413140654564
3.5902481079101562
3.6716178581118584
3.738862507045269
3.824282094836235
3.78523613512516
3.84794432669878
3.7911540493369102
3.8350746780633926
3.6886996999382973
3.6943946704268456
3.6142733097076416
3.915006957948208
3.6241350024938583
3.7715453654527664
3.9746473282575607
3.726865917444229
3.927164815366268
3.784177340567112
3.8777320832014084
4.04026810079813
3.8203871324658394
3.9119327068328857
3.841925248503685
3.6913000717759132
3.8416177108883858
3.9418548867106438
3.9843901470303535
3.9967325776815414
3.846175029873848
3.8403774425387383
3.9296428188681602
3.7580819502472878
3.84563085436821
4.163310199975967
3.8936078995466232
4.152974270284176
4.164994031190872
4.011369206011295
3.9519327878952026
3.9550239965319633
4.037539571523666
3.904959909617901
4.1207684352993965
3.9769102558493614
4.052569217979908
4.0800037533044815
3.9782623052597046
4.074139088392258
4.130593694746494
4.164598032832146
4.113932140171528
4.267497211694717
4.063246116042137
4.240258485078812
3.7854157090187073
4.3597912192344666
4.331516422331333
4.117681555449963
4.166354119777679
3.9357773289084435
4.17401609569788
4.422439195215702
4.131027340888977
4.372134506702423
4.104358345270157
4.1439619064331055
3.979637011885643
4.380446992814541
4.101465940475464
4.155610725283623
4.314790770411491
4.193670690059662
4.248101457953453
4.201362565159798
4.312978655099869
4.260419078171253
4.1495703384280205
4.123275630176067
4.413279950618744
4.471792370080948
4.249639272689819
4.283450201153755
4.45710065215826
4.489286944270134
4.078559517860413
4.465558655560017
4.694692224264145
4.502300500869751
4.219585306942463
4.395308084785938
4.26853284984827
4.209203489124775
4.304041385650635
4.455535747110844
4.667972043156624
4.487644664943218
4.42939780652523
4.4265071824193
4.42314837872982
4.645826421678066
4.531666703522205
4.739912465214729
4.515734106302261
4.789778411388397
4.31490957736969
4.73367615789175
4.8118399903178215
4.757969424128532
4.659296579658985
4.734640330076218
4.59590670466423
4.785050064325333
4.6506709679961205
4.563066340982914
4.614964321255684
4.797550477087498
4.673520497977734
4.940896853804588
4.597865983843803
4.916880205273628
4.802694767713547
4.713853783905506
4.537440046668053
4.843740001320839
5.004628241062164
4.436075896024704
4.436171658337116
4.750282973051071
4.527490571141243
4.8093972355127335
4.687813192605972
4.919905513525009
4.776183143258095
4.58772711455822
5.183578968048096
4.529296040534973
5.141157850623131
5.158615291118622
4.895415976643562
5.123880356550217
4.935884989798069
4.912511922419071
5.184108555316925
4.942607402801514
5.024335563182831
5.431878373026848
5.057744890451431
4.944072842597961
4.898397207260132
5.044526696205139
5.097168043255806
5.250790610909462
5.2782342582941055
4.981217592954636
5.090190127491951
5.06754495203495
5.142051160335541
5.364232957363129
4.957529723644257
5.223121136426926
4.837946102023125
5.101397931575775
5.239852495491505
5.195248931646347
5.202010869979858
5.364678710699081
5.120962396264076
5.384475976228714
5.432399243116379
4.955418884754181
5.31304295361042
4.795801118016243
5.061646744608879
5.236420169472694
5.147719860076904
5.594290390610695
5.4369581788778305
5.227343186736107
5.518266037106514
5.221838742494583
5.462023124098778
5.597402185201645
5.2590760588645935
5.7223262041807175
5.5973388105630875
5.468967169523239
5.816445827484131
5.407056748867035
5.737201362848282
5.591279163956642
5.555563747882843
5.671256244182587
5.733471795916557
5.208407893776894
5.619000062346458
5.620240360498428
5.268214479088783
5.83364625275135
5.5562490075826645
5.7051078379154205
5.520606204867363
5.700960233807564
5.336746692657471
5.583048164844513
5.835589379072189
5.654982700943947
5.608071222901344
5.949232339859009
5.743887767195702
5.668778270483017
5.985310778021812
5.6577382534742355
5.256026044487953
5.465815842151642
5.291442111134529
5.911138564348221
5.866395488381386
5.889243990182877
5.867787554860115
5.701087415218353
5.53948774933815
5.263643249869347
5.695796087384224
6.116238355636597
6.023579001426697
5.7615687251091
5.58075176179409
5.991186693310738
5.59938557446003
5.873534992337227
6.0174384117126465
5.643985256552696
5.716659516096115
6.238595098257065
5.894858852028847
5.813452646136284
6.031862884759903
5.949089482426643
6.055506378412247
5.697032317519188
6.392365247011185
5.757409304380417
6.132077723741531
6.123919755220413
6.021183043718338
6.433467388153076
5.852610632777214
6.281627789139748
6.184650629758835
5.792835608124733
5.991947710514069
6.079214334487915
5.808050364255905
5.8608353435993195
5.722710743546486
6.315246731042862
5.801576256752014
6.283405035734177
6.114128410816193
5.874486222863197
5.906588494777679
6.282831683754921
6.073952749371529
6.326876372098923
6.339449822902679
5.953113943338394
6.1829734146595
6.490774944424629
6.53059484064579
6.024829104542732
6.040348172187805
6.291917204856873
6.486423671245575
6.3918450474739075
6.168072000145912
6.081157371401787
6.071307957172394
6.303703710436821
6.834992155432701
5.5107468366622925
6.261367157101631
6.425514429807663
6.070199534296989
6.57050085067749
6.864502042531967
6.44169020652771
6.411408632993698
6.365542903542519
6.5543495416641235
6.310947224497795
6.307126775383949
6.5151567459106445
6.378251746296883
6.296101346611977
6.686695396900177
5.790760159492493
6.60076516866684
6.705391809344292
6.681610435247421
7.0011608600616455
6.581066682934761
6.5872833877801895
6.7087095975875854
6.694696933031082
6.380260467529297
6.794229581952095
6.427109882235527
6.803889885544777
6.468366831541061
6.338668406009674
6.582814052700996
6.56973460316658
6.644848465919495
6.625605195760727
7.08104732632637
6.819118991494179
6.626428171992302
6.245941236615181
6.6992355436086655
6.853302150964737
7.020854130387306
6.527961403131485
7.366668477654457
7.018372148275375
7.140274330973625
6.49091574549675
6.948003873229027
6.760810226202011
6.971324563026428
6.76749587059021
6.808108642697334
6.717773139476776
6.991664603352547
6.6606142818927765
6.32777912914753
7.155389815568924
6.942443430423737
6.277909517288208
7.211916670203209
7.087616592645645
7.143566191196442
7.101803079247475
6.508157715201378
7.204667568206787
6.985793873667717
6.827054470777512
7.211701735854149
7.205409541726112
7.018943578004837
7.281718492507935
7.346975848078728
6.718718945980072
7.121242582798004
7.278740271925926
6.6100247502326965
7.275219291448593
7.061787888407707
6.6572533547878265
7.32891708612442
6.977877303957939
7.02867066860199
7.128756061196327
6.690667077898979
7.047514155507088
6.8180051445961
7.228335052728653
6.733981862664223
7.019324451684952
7.062920689582825
6.884227707982063
7.150456920266151
7.077182158827782
6.683991372585297
7.531563326716423
7.495264619588852
6.8738696575164795
7.560946270823479
6.957324385643005
6.92651629447937
7.076662689447403
7.169256195425987
7.496154218912125
7.169772610068321
7.369513660669327
7.489839568734169
7.336422443389893
7.128957763314247
7.216439738869667
6.999152183532715
7.166382923722267
7.013832062482834
7.44254295527935
7.141965568065643
7.987705945968628
7.562938615679741
7.616464465856552
7.220838248729706
7.827988296747208
7.115205943584442
7.312906816601753
7.192585527896881
7.783610716462135
7.722515091300011
8.052184209227562
7.539113163948059
7.26018550992012
7.662597268819809
7.687674045562744
7.6975701451301575
7.464042976498604
7.541442394256592
7.265483483672142
7.483615070581436
7.442586421966553
7.829745262861252
7.724290803074837
7.498192682862282
7.763712614774704
7.3325208723545074
6.936810865998268
7.910822883248329
7.535387068986893
7.871040970087051
7.765244945883751
7.766775965690613
7.292646124958992
7.10902513563633
7.858602002263069
7.825814500451088
7.863511279225349
8.088521376252174
7.719737038016319
7.856772065162659
7.790286168456078
7.797714665532112
7.698705404996872
7.694546192884445
7.688957035541534
7.96276481449604
7.4962935745716095
8.013626724481583
8.371490731835365
7.7982780039310455
7.8816221952438354
7.785152435302734
7.992619901895523
8.417973905801773
8.185139894485474
7.902271196246147
7.660725712776184
8.052422523498535
8.340513944625854
8.219930052757263
8.354217395186424
8.035078436136246
8.075533464550972
8.045739158987999
7.743099927902222
7.973818480968475
8.0426344871521
8.358349472284317
7.963840454816818
8.419449359178543
8.470781028270721
8.253916129469872
8.472576320171356
8.153409034013748
8.57535645365715
8.450073599815369
8.170881792902946
7.861671656370163
8.496810376644135
8.627426519989967
8.564095869660378
8.253266990184784
8.605593129992485
8.471780508756638
8.204582676291466
8.331129372119904
8.667060941457748
8.546441033482552
8.346162125468254
8.665105193853378
8.408808037638664
8.349108025431633
8.604756489396095
8.595473602414131
8.313257485628128
8.742239877581596
8.318061843514442
8.452290385961533
8.37673306465149
8.587422728538513
8.513254314661026
8.8467967659235
8.844164252281189
8.3602906614542
8.27101245522499
8.472204402089119
8.715555235743523
8.618371412158012
8.42636251449585
8.537630915641785
8.8757893294096
8.79689285159111
8.60372419655323
8.777248173952103
8.697245880961418
8.609022304415703
9.013583987951279
8.648256868124008
8.680918350815773
8.850991785526276
8.717001050710678
8.60378161072731
8.751670211553574
8.80833686888218
8.571333274245262
8.664508640766144
8.995764285326004
8.931087791919708
8.837941661477089
8.909074038267136
8.841022834181786
8.940043300390244
8.724855929613113
8.971791833639145
8.879210963845253
8.897403359413147
8.772856950759888
8.944507271051407
9.00450587272644
8.979285418987274
9.023733288049698
8.80857303738594
8.917063310742378
9.02403336763382
9.01988074183464
8.923534333705902
8.844115853309631
9.157156348228455
9.19108259677887
9.084823861718178
9.179178714752197
9.165787488222122
9.14787271618843
8.879856616258621
9.103489190340042
8.94135707616806
9.046749085187912
8.989181697368622
9.121745228767395
9.024145275354385
8.977841019630432
9.192808628082275
9.107824087142944
9.191473960876465
9.107268869876862
9.169729709625244
9.24550125002861
9.277867466211319
9.368914157152176
9.313342183828354
9.270066648721695
9.169762372970581
9.171097606420517
9.082036793231964
9.109442323446274
9.132394224405289
9.2767733335495
9.370400369167328
9.498551428318024
9.44999384880066
9.404185116291046
9.367414236068726
9.1303451359272
9.216609597206116
9.050768449902534
9.103243857622147
9.118813544511795
9.209263563156128
9.264550656080246
9.523390531539917
9.404404371976852
9.431953340768814
9.632500141859055
9.56043341755867
9.62243989109993
9.541305601596832
9.462747246026993
9.40550982952118
9.172537297010422
9.30612051486969
9.11469691991806
9.016755044460297
9.553260505199432
9.321242541074753
9.539404809474945
9.651414453983307
9.710662424564362
9.545228570699692
9.626776546239853
9.409826904535294
9.090972885489464
9.458060830831528
9.320192486047745
9.614264458417892
9.508297339081764
9.58466500043869
9.38107593357563
9.53737872838974
9.657782346010208
9.571934312582016
9.501230359077454
9.521254777908325
9.500716596841812
9.61124250292778
9.289168894290924
9.470101833343506
9.578064262866974
9.496685922145844
9.690012395381927
9.574029564857483
9.507414519786835
9.7937593460083
9.735441952943802
9.704908519983292
9.521052211523056
9.650300830602646
9.510716944932938
9.704938381910324
9.922080874443054
9.789402931928635
9.522025406360626
9.782457053661346
9.468012183904648
9.692914336919785
9.725441068410873
9.983406096696854
9.818524926900864
9.766109764575958
9.783180296421051
9.862731337547302
9.884123235940933
9.661872535943985
9.7672621011734
9.75291657447815
9.799950778484344
9.59618079662323
9.67179960012436
9.490583211183548
9.944832682609558
9.817650020122528
9.760827004909515
9.886518210172653
9.914261907339096
9.740114361047745
9.834004610776901
9.941059201955795
9.812853872776031
9.921884894371033
9.821158170700073
9.779192388057709
9.893140077590942
9.990848690271378
10.084803998470306
10.144096463918686
9.98286098241806
9.857173770666122
9.92864653468132
9.854800313711166
9.756562620401382
9.96833735704422
9.932395905256271
10.068388760089874
10.035684078931808
10.042386770248413
9.820519924163818
9.957870751619339
9.666726619005203
10.094285100698471
9.81244707107544
10.294425398111343
9.867722362279892
9.989688575267792
9.895765155553818
10.104048371315002
10.309373080730438
10.179554790258408
10.125641822814941
10.157529771327972
10.271890878677368
10.229327589273453
10.274486929178238
10.047187447547913
10.26895359158516
10.19986030459404
10.287288188934326
10.413967877626419
10.332607090473175
10.250560194253922
10.200710088014603
10.384827733039856
10.436750948429108
10.285060971975327
10.362768203020096
10.411496013402939
10.46019497513771
10.078812330961227
10.259247601032257
10.347711622714996
10.369776666164398
10.272903084754944
10.273243397474289
10.270551860332489
10.412831991910934
10.324752867221832
9.915191292762756
10.537776857614517
10.447327077388763
10.154584020376205
10.018082082271576
10.256900370121002
10.302991777658463
10.466736763715744
10.389569818973541
10.39908829331398
10.365933746099472
10.667682826519012
10.512031316757202
10.506351798772812
10.46798387169838
10.427918136119843
10.679222524166107
10.714000016450882
10.564331203699112
10.574006974697113
10.510870546102524
10.54789537191391
10.615233778953552
10.623300015926361
10.782058596611023
10.668361872434616
10.778159022331238
10.58299395442009
10.426140815019608
10.805999010801315
10.655359983444214
10.227014273405075
10.578591376543045
10.477455347776413
10.661967813968658
10.329819083213806
10.556824833154678
10.672809600830078
10.757667422294617
10.509693086147308
10.791836440563202
10.796711027622223
10.929377108812332
10.602133393287659
10.828302323818207
10.597674995660782
10.525866687297821
10.84008714556694
10.768257439136505
10.671688377857208
10.754944533109665
10.574064880609512
10.805996894836426
10.617876470088959
10.763346403837204
10.847048074007034
10.446190774440765
10.703939318656921
10.804099142551422
10.881791055202484
11.124884247779846
10.919748455286026
10.889291167259216
10.671813130378723
10.869782596826553
11.072320431470871
10.84085476398468
11.079639822244644
11.13302794098854
10.739810049533844
10.706714928150177
10.88854044675827
10.85571750998497
10.932807058095932
11.001555860042572
11.014352649450302
11.072011291980743
11.145282506942749
10.893411129713058
11.098860025405884
10.933060228824615
10.847884684801102
10.85362896323204
10.79865050315857
10.927585393190384
10.833132207393646
10.816812723875046
10.630510181188583
11.042635649442673
10.879459768533707
11.057328283786774
11.17899027466774
11.128326386213303
11.24330747127533
11.061486214399338
11.028927981853485
10.93065333366394
10.871848821640015
11.11911803483963
11.160287410020828
11.212382435798645
10.91008323431015
11.195590794086456
11.243309497833252
11.331117540597916
11.232557952404022
11.291639894247055
11.082372277975082
11.430152267217636
11.065538674592972
11.348911046981812
11.451584905385971
11.19546788930893
11.059094101190567
11.371399879455566
11.20964577794075
10.972037374973297
11.298824161291122
11.438700288534164
11.406688213348389
11.152404427528381
11.557510077953339
11.321058243513107
11.370165824890137
11.218529611825943
11.296448290348053
11.187938392162323
11.284617185592651
11.443296730518341
11.348573982715607
11.219551473855972
11.066141307353973
11.156178593635559
11.567425668239594
11.297553807497025
11.363698154687881
11.297024369239807
11.622332096099854
11.44214802980423
11.389739394187927
11.46917673945427
11.488893419504166
11.47566020488739
11.444772958755493
11.334441393613815
11.416016042232513
11.648605793714523
11.435988426208496
11.131570100784302
11.445313960313797
11.568984001874924
11.541430443525314
11.618019789457321
11.685580760240555
11.513880103826523
11.431308835744858
11.61592322587967
11.549769878387451
11.484276115894318
11.574099898338318
11.603269964456558
11.756939888000488
11.556144416332245
11.524824500083923
11.742763876914978
11.503799885511398
11.604909151792526
11.53858169913292
11.522443652153015
11.831786930561066
11.35570016503334
11.744433909654617
11.694222033023834
11.821256577968597
11.729340136051178
11.503850281238556
11.69637417793274
11.50170236825943
11.91919794678688
11.798872947692871
11.796990990638733
11.42426660656929
11.697311818599701
11.706085532903671
11.582313179969788
11.941697269678116
11.931786596775055
11.496457636356354
11.784286320209503
11.459266304969788
11.768558740615845
12.031173765659332
11.792161524295807
11.565750688314438
12.102309763431549
11.777227312326431
11.795670360326767
11.892412394285202
11.708869189023972
11.8721464574337
11.918774127960205
11.62942123413086
11.906310051679611
12.039951175451279
11.739375978708267
12.016620606184006
11.802899926900864
11.915301322937012
11.886458218097687
11.880304753780365
12.028426676988602
12.029165506362915
11.806550979614258
11.802541613578796
11.756795287132263
12.128683060407639
11.98643296957016
11.876937687397003
11.984918534755707
12.26580062508583
12.142752140760422
11.922389835119247
11.975156724452972
11.887877076864243
11.922027200460434
11.990493893623352
11.906660109758377
12.01877537369728
12.159979462623596
12.218393385410309
11.932512074708939
12.286074459552765
12.05909314751625
12.106832653284073
12.311767429113388
12.026733934879303
12.363969624042511
11.904113978147507
12.32763722538948
12.271095424890518
12.057660430669785
12.12561297416687
11.936817497015
11.98264428973198
12.079176843166351
12.013941019773483
12.345696657896042
12.012516379356384
11.853633224964142
11.979754477739334
12.343866765499115
11.873019605875015
12.15638017654419
12.215411305427551
12.08054193854332
12.171835243701935
11.879015862941742
12.028071701526642
12.490267902612686
12.350937902927399
12.345278680324554
12.391293495893478
12.490068852901459
11.985132694244385
12.190701186656952
12.082632958889008
12.363837510347366
12.448256105184555
12.512994706630707
11.662638872861862
12.611511677503586
12.467996090650558
12.313644587993622
12.382286071777344
11.834513634443283
12.447708666324615
12.547003030776978
12.533203661441803
12.701197057962418
12.2692149579525
12.50135749578476
12.294945985078812
12.529210031032562
12.513376474380493
12.227091073989868
12.24249142408371
12.28901007771492
12.714869022369385
12.300895005464554
12.606694519519806
12.591512590646744
12.619575768709183
12.574190229177475
12.569010734558105
12.372586011886597
12.523433834314346
12.688642978668213
12.462374776601791
12.717706143856049
12.62275543808937
12.32641252875328
12.416929006576538
12.486496269702911
12.315700680017471
12.922567129135132
12.739043027162552
12.637166321277618
12.357915818691254
12.683213323354721
12.502980083227158
12.308232188224792
12.33698883652687
12.522336453199387
12.64849865436554
12.43702608346939
12.70751890540123
12.878572642803192
12.829215079545975
12.636707067489624
12.830180823802948
12.548737555742264
12.29613009095192
12.65880423784256
12.679242819547653
12.840983092784882
12.884611546993256
12.599523276090622
12.711980193853378
12.763876408338547
12.955162853002548
12.846116155385971
12.777681946754456
12.946263283491135
12.753533363342285
12.864354491233826
12.519514709711075
12.502598881721497
12.952382624149323
12.92876946926117
12.640616595745087
12.899500042200089
13.056122779846191
12.935120731592178
13.032133221626282
12.962279617786407
13.065785348415375
12.703630030155182
13.0905322432518
12.657789438962936
12.86142885684967
12.836176604032516
12.984608054161072
12.94466808438301
12.872210413217545
12.985227048397064
13.038877964019775
12.8050577044487
13.093780368566513
13.253498613834381
13.283256351947784
12.734739631414413
12.949778586626053
12.986921340227127
12.815601587295532
13.257005512714386
12.959040373563766
13.10202732682228
12.717704772949219
13.059519588947296
13.045089900493622
13.036541551351547
12.857439815998077
13.06715515255928
13.170208036899567
13.187284082174301
12.888355195522308
13.164074927568436
13.154070645570755
13.23014783859253
13.297208398580551
13.346480071544647
13.160748958587646
13.120356231927872
13.169383525848389
13.02055299282074
13.228815466165543
13.21700981259346
13.401373982429504
13.221885323524475
13.364943981170654
13.075209021568298
13.424139231443405
13.23212918639183
13.161815762519836
13.37934210896492
13.133658945560455
13.281506538391113
13.216502338647842
13.384263277053833
13.364192366600037
13.394915401935577
13.518146723508835
13.278636038303375
13.054250478744507
13.17032590508461
13.282502949237823
13.385457962751389
13.518867313861847
13.497233837842941
13.250046998262405
13.480112433433533
13.298675328493118
13.37912929058075
13.312808573246002
13.150273263454437
13.091189950704575
13.298162668943405
13.449458539485931
13.58231669664383
13.656840592622757
13.563829720020294
13.352254569530487
13.353294044733047
13.375411361455917
13.390634149312973
13.488143593072891
13.532976686954498
13.473017573356628
13.516064524650574
13.47063621878624
13.49019381403923
13.237346798181534
13.19505587220192
13.248417556285858
13.376923948526382
13.372187674045563
13.38498654961586
13.649069845676422
13.662713795900345
13.587689071893692
13.5234295129776
13.443581223487854
13.584579557180405
13.206376820802689
13.503534764051437
13.553591579198837
13.791451960802078
13.733870387077332
13.670068740844727
13.52554565668106
13.742986112833023
13.38894459605217
13.562740236520767
13.567321121692657
13.537079423666
13.490265756845474
13.698089629411697
13.790181130170822
13.608597695827484
13.695537269115448
13.854751974344254
13.60400453209877
13.709979265928268
13.508784621953964
13.515998542308807
13.526234686374664
13.588671118021011
13.391747921705246
13.722468912601471
13.879489421844482
13.696434408426285
13.761786431074142
13.771861016750336
13.694325387477875
13.642210066318512
13.659562885761261
13.818931221961975
13.853962451219559
13.554817467927933
13.876292169094086
13.888472884893417
13.712006479501724
13.659091144800186
13.791060656309128
13.609697222709656
13.658928006887436
13.753054171800613
13.79772537946701
14.001000791788101
13.946977615356445
13.912722140550613
13.844141453504562
13.857173293828964
13.989039242267609
14.097237259149551
13.878234267234802
14.051431834697723
13.815479934215546
14.082726329565048
13.927671194076538
14.107723832130432
13.991674572229385
14.10866865515709
13.904807537794113
13.83131217956543
14.005431890487671
13.86405622959137
13.794454008340836
13.947911649942398
14.095834761857986
14.02906522154808
14.14669418334961
13.95215356349945
14.032228887081146
13.912337958812714
14.139147996902466
14.075916111469269
13.708585947751999
13.785244911909103
13.716061145067215
14.127046883106232
14.254800498485565
14.122728884220123
13.97411921620369
14.23087939620018
14.123751699924469
14.165424287319183
14.053439617156982
14.010188966989517
13.883966326713562
14.223204463720322
13.968269169330597
13.76112586259842
14.263385444879532
14.121818840503693
14.178579837083817
14.204866290092468
14.07597291469574
14.166647404432297
14.095595180988312
14.188521653413773
13.895251005887985
13.944360256195068
14.324015438556671
14.23265391588211
14.239136338233948
13.974941819906235
14.342043220996857
14.235005855560303
14.235474050045013
14.414199978113174
14.210074424743652
14.259708136320114
14.083496809005737
14.375146359205246
14.296099454164505
14.259026050567627
14.250815331935883
14.103984653949738
14.33142226934433
14.253779649734497
14.341076701879501
14.118438243865967
14.286074310541153
14.384163856506348
14.167823195457458
14.249286413192749
14.422370940446854
14.57447150349617
14.270261585712433
14.04005891084671
14.426807343959808
14.051346957683563
14.210653513669968
14.376968741416931
14.320572823286057
14.319059401750565
14.262849181890488
14.579732716083527
14.262663781642914
14.426431477069855
14.454191237688065
14.256905376911163
14.119291543960571
14.434386849403381
14.29602262377739
14.581333339214325
14.590114772319794
14.554534673690796
14.331819623708725
14.201115787029266
14.444903463125229
14.22501653432846
14.455082029104233
14.331683844327927
14.319297552108765
14.483108818531036
14.207747548818588
14.352955609560013
14.418900102376938
14.537631422281265
14.380428493022919
14.157937109470367
14.284452676773071
14.669323593378067
14.55397543311119
14.556105703115463
14.698200941085815
14.729317039251328
14.48130315542221
14.740203142166138
14.498654752969742
14.467039287090302
14.321571350097656
14.464711636304855
14.762674987316132
14.8363938331604
14.526298135519028
14.661195129156113
14.848358780145645
14.511771142482758
14.418609023094177
14.458276569843292
14.384128123521805
14.415544897317886
14.399392426013947
14.668308764696121
14.758917510509491
14.531229883432388
14.541228353977203
14.768560469150543
14.717243403196335
14.772606998682022
14.503690958023071
14.775584310293198
14.735141038894653
14.806867688894272
14.870406925678253
14.605172485113144
14.671400964260101
14.734720557928085
14.709336310625076
14.763535797595978
14.735304325819016
14.738364189863205
14.761947095394135
14.947529256343842
14.636821985244751
14.799777746200562
14.879997462034225
14.6509929895401
14.69014835357666
15.054039180278778
14.959595382213593
14.783453196287155
14.885045319795609
14.824310839176178
15.02417704463005
14.923484057188034
14.86592373251915
14.611254900693893
14.967858046293259
14.835038840770721
14.941298395395279
14.836049526929855
14.910451531410217
14.720124751329422
14.990413099527359
14.896300941705704
14.62490051984787
14.938003182411194
14.73547112941742
14.855332106351852
14.751753211021423
14.902825206518173
14.99024948477745
14.825535029172897
14.966445535421371
15.222355902194977
15.115255862474442
15.057203650474548
14.872300922870636
14.971238732337952
15.009002298116684
15.077464282512665
15.173320829868317
15.077881932258606
15.205425590276718
14.983287006616592
15.22831678390503
14.872481882572174
14.921966314315796
14.977208703756332
15.073390364646912
14.99673855304718
15.087396949529648
15.112303465604782
14.888625621795654
15.27260571718216
15.343423008918762
15.459342956542969
15.28595519065857
15.037125378847122
14.823731064796448
15.156563937664032
15.032098054885864
15.191975980997086
15.291544198989868
15.4240782558918
15.294812649488449
15.282137393951416
14.978532701730728
15.36757817864418
15.188155561685562
15.058860898017883
15.304650157690048
15.100246906280518
15.14496049284935
14.91672694683075
15.172413557767868
15.264451086521149
15.367340803146362
15.241743385791779
15.167955189943314
15.085304468870163
14.95508199930191
15.136065393686295
15.023811638355255
15.025151580572128
15.317009627819061
15.493606626987457
15.382126539945602
15.328899532556534
15.377710431814194
15.053727209568024
15.275968372821808
15.493133068084717
15.142588198184967
15.19187644124031
15.179549843072891
14.982690632343292
15.089271068572998
15.529391318559647
15.203359812498093
15.590740621089935
15.310235410928726
15.250404834747314
15.633099019527435
15.489887416362762
15.459711164236069
15.516591340303421
15.44346672296524
15.615467578172684
15.599513858556747
15.418371587991714
15.272503286600113
15.544575333595276
15.313688218593597
14.957930535078049
15.46605521440506
15.35020986199379
15.595186620950699
15.705177128314972
15.563219279050827
15.273101508617401
15.243654370307922
15.592251628637314
15.49693712592125
15.515659868717194
15.243559956550598
15.39459165930748
15.65088340640068
15.714108437299728
15.714297086000443
15.78971517086029
15.527496337890625
15.81535193324089
15.396931499242783
15.454027831554413
15.393346607685089
15.712977081537247
15.729273915290833
15.770304083824158
15.849109530448914
15.738202303647995
15.684039831161499
15.528398990631104
15.436781376600266
15.544799149036407
15.78615939617157
15.539877086877823
15.786069810390472
15.786519438028336
15.895118445158005
15.628850817680359
15.951489508152008
15.784363597631454
15.792686134576797
15.622052609920502
15.791990578174591
15.907177746295929
15.827434450387955
16.041274428367615
15.707326203584671
15.709298640489578
15.870949298143387
15.957824856042862
15.988413274288177
15.846895039081573
15.862178415060043
16.055477917194366
15.988396793603897
15.79134088754654
15.944842278957367
15.843894124031067
16.03029626607895
16.0351665019989
15.481514543294907
15.957099676132202
15.790645241737366
16.0089191198349
16.16692665219307
16.004049003124237
15.946134895086288
15.964633047580719
16.1482655107975
16.022261798381805
15.987119317054749
16.050643414258957
15.94418579339981
16.128477066755295
16.083698123693466
15.78397336602211
15.82364571094513
15.95217975974083
16.043532460927963
16.052381485700607
16.177270770072937
15.98913061618805
16.199883848428726
16.254172176122665
16.079794377088547
16.19329497218132
16.282819777727127
15.96249732375145
15.99988842010498
15.963694453239441
15.885809779167175
16.133731871843338
16.11735212802887
16.25473952293396
16.41398373246193
16.3791201710701
16.33932137489319
16.347791373729706
16.16578710079193
16.177545338869095
16.09005331993103
16.265080899000168
16.213189661502838
16.125448793172836
16.189721822738647
16.356607913970947
16.28692477941513
16.225979208946228
16.204897820949554
16.29558703303337
16.369714707136154
16.31859439611435
16.377070903778076
16.28952842950821
16.363922238349915
16.34676957130432
16.31316512823105
16.271175742149353
16.296999394893646
16.378067821264267
16.400144308805466
16.389306873083115
16.234156250953674
16.460986018180847
16.41198754310608
16.456245005130768
16.39319747686386
16.313752740621567
16.43803095817566
16.37419945001602
16.447487980127335
16.42566803097725
16.31765639781952
16.490008741617203
16.49871188402176
16.445947915315628
16.41922500729561
16.368007957935333
16.51497232913971
16.54742008447647
16.581576824188232
16.48500919342041
16.42963856458664
16.478764206171036
16.59783124923706
16.55073779821396
16.591167271137238
16.517031848430634
16.5259428024292
16.507243037223816
16.59326410293579
16.471621870994568
16.52790069580078
16.450393736362457
16.57958459854126
16.58881789445877
16.54881775379181
16.53455901145935
16.58833634853363
16.509946823120117
16.543945014476776
16.525766909122467
16.52645629644394
16.5581334233284
16.341680139303207
16.61491996049881
16.612980246543884
16.59207633137703
16.65118181705475
16.555167853832245
16.66461217403412
16.624134957790375
16.62255609035492
16.658155262470245
16.654606342315674
16.740552246570587
16.65597951412201
16.531851828098297
16.59324586391449
16.637533456087112
16.72412633895874
16.677119433879852
16.701070308685303
16.698963701725006
16.72033601999283
16.69193607568741
16.801565170288086
16.70464661717415
16.599850118160248
16.64827471971512
16.634343445301056
16.561916142702103
16.49710750579834
16.785241901874542
16.78737583756447
16.763521015644073
16.765181958675385
16.259364068508148
16.56084841489792
16.23773083090782
16.39383563399315
16.698424577713013
16.724150836467743
16.8914395570755
16.790737479925156
16.693435311317444
16.961889326572418
16.53670760989189
16.428020000457764
16.746443688869476
16.828113317489624
16.82840460538864
16.59701618552208
16.87932378053665
16.883477360010147
17.018571376800537
16.739889681339264
16.951443016529083
16.77117556333542
16.7442147731781
16.781327307224274
16.794291973114014
16.85964745283127
16.84788230061531
17.053874254226685
16.980050563812256
16.658430576324463
16.911387979984283
16.673091858625412
16.780124485492706
16.657129168510437
16.695139437913895
16.692103624343872
16.833982825279236
16.779084503650665
16.874742776155472
16.93779683113098
16.837494492530823
16.898609519004822
16.615629881620407
16.573351860046387
16.769140660762787
16.964311242103577
17.005343794822693
17.00206333398819
16.775670439004898
16.870136737823486
16.71838241815567
16.932385325431824
16.97348916530609
16.453618556261063
16.871451497077942
16.76325085759163
17.047864735126495
16.93375790119171
17.01466852426529
16.46767908334732
16.79650604724884
16.90993642807007
17.167847275733948
16.838338315486908
16.841649651527405
17.140402257442474
16.81164625287056
16.84861660003662
16.896506428718567
16.84133517742157
16.928437292575836
17.105777382850647
17.048898935317993
17.203892588615417
17.087994754314423
16.865909457206726
17.117750585079193
17.069205939769745
16.752530425786972
16.97602504491806
17.08384209871292
17.016118228435516
16.934162855148315
17.107260525226593
16.98794949054718
16.971292793750763
17.154763102531433
17.016229033470154
16.92802345752716
17.10069751739502
17.00784331560135
16.92689025402069
16.829301297664642
17.099918365478516
17.22888344526291
17.155343532562256
17.09854483604431
17.07413762807846
17.287033557891846
17.047092497348785
17.19096487760544
16.97071546316147
17.23291802406311
17.043318569660187
17.118269205093384
17.236628532409668
16.989801108837128
16.996472239494324
17.15479302406311
16.99511730670929
17.106437027454376
16.786297619342804
17.088303565979004
17.239932417869568
17.004712164402008
17.341438055038452
17.256214201450348
17.451561272144318
17.102485477924347
17.12835943698883
17.064038693904877
17.256797909736633
17.221631228923798
17.25904506444931
17.309211313724518
17.37412917613983
17.249790728092194
17.158093333244324
17.322718858718872
17.145488679409027
16.927837431430817
17.559769868850708
17.463452696800232
17.31785625219345
17.158165276050568
17.42295664548874
17.298158884048462
17.31169980764389
17.075041949748993
17.12287163734436
17.2362819314003
17.022127270698547
17.282585382461548
17.34541666507721
17.50228577852249
17.246168613433838
17.402917563915253
17.17658829689026
17.532030940055847
17.34480792284012
17.671236634254456
17.54472005367279
17.446183502674103
17.52577042579651
17.39287769794464
17.43798118829727
17.50738948583603
17.301519751548767
17.49913251399994
17.379388630390167
17.471423983573914
17.22076565027237
17.32931888103485
17.66597491502762
17.697908639907837
17.699214816093445
17.78915286064148
17.61104327440262
17.78167152404785
17.26309299468994
17.3863245844841
17.650552213191986
17.561538338661194
17.494310796260834
17.474303245544434
17.51910561323166
17.38439291715622
17.68398278951645
17.53289222717285
17.710071861743927
17.726110517978668
17.557921707630157
17.27775090932846
17.49330723285675
17.303755283355713
17.541135668754578
17.843878507614136
17.92022317647934
17.420110881328583
17.817178428173065
17.409172475337982
17.209246814250946
17.64304894208908
17.537606120109558
17.461071699857712
17.621518850326538
17.690373837947845
17.528160512447357
17.464401483535767
17.550304651260376
17.522707283496857
17.56501990556717
17.75711452960968
17.656183540821075
17.731699585914612
17.727841675281525
17.66216552257538
17.526637732982635
17.715407729148865
17.557688891887665
17.554175913333893
17.745036125183105
17.751730263233185
17.676325738430023
17.483132421970367
17.37219101190567
17.700182676315308
17.475801289081573
17.547620952129364
17.561699151992798
17.810204684734344
17.803622901439667
17.61078029870987
17.78246980905533
17.532311618328094
17.27699762582779
17.672194600105286
17.636675655841827
17.70657390356064
17.711689293384552
17.82921028137207
17.671295166015625
17.493257880210876
17.3197004199028
17.67480903863907
17.693451523780823
17.61883157491684
18.01817762851715
17.747755587100983
17.791200935840607
17.71053111553192
17.841959536075592
17.779244899749756
17.73166996240616
17.963220596313477
17.927504003047943
17.841185569763184
17.79416400194168
17.771506130695343
17.927645921707153
17.8179230093956
17.873263597488403
17.31618332862854
17.816782474517822
17.90605390071869
17.732065200805664
18.024924755096436
17.872348368167877
17.47688925266266
17.892710030078888
18.073939561843872
17.86357146501541
18.08943885564804
17.977585434913635
17.66235840320587
17.41699504852295
17.56886750459671
17.961365222930908
17.725311994552612
17.8814235329628
17.982965230941772
18.192437946796417
17.87120521068573
18.08700782060623
18.003688275814056
18.1881263256073
17.65325367450714
17.57034868001938
18.208549857139587
17.926990389823914
17.991288363933563
17.937094032764435
18.02099698781967
18.039913535118103
17.853985607624054
17.985882580280304
17.91612321138382
17.881589651107788
18.18651294708252
18.14996773004532
18.304512321949005
18.333305060863495
18.091515362262726
17.781167685985565
17.778009474277496
18.157822370529175
17.860215842723846
17.78968322277069
18.27331030368805
18.196633458137512
18.197784185409546
18.34136027097702
18.14841663837433
17.85440707206726
18.089408695697784
18.11502641439438
17.841230630874634
18.142967581748962
18.311079680919647
18.34406214952469
17.937641859054565
18.00830465555191
18.058096766471863
17.87974488735199
18.2733017206192
17.782174170017242
18.208743035793304
18.436300575733185
18.261220574378967
18.206141233444214
18.190171480178833
18.09773975610733
17.95020419359207
18.100901424884796
18.08172959089279
18.178267061710358
18.207488000392914
18.067623496055603
18.11940622329712
18.22057718038559
17.922095775604248
18.293138206005096
18.301967918872833
17.80221438407898
17.940549969673157
18.27379584312439
17.974716424942017
18.235302448272705
18.173616349697113
18.322749137878418
18.183591783046722
18.49963116645813
17.813596069812775
17.97518664598465
18.122681617736816
18.0922971367836
18.4022359251976
18.12967437505722
18.447212755680084
18.424252808094025
18.413475573062897
18.249978840351105
17.93038433790207
18.203745126724243
18.439014196395874
18.435257136821747
18.6391242146492
18.368750274181366
18.34454256296158
18.346123695373535
18.242228090763092
18.389081120491028
18.22071009874344
18.47794622182846
18.2614603638649
18.27072697877884
18.319615423679352
18.366693079471588
18.28679394721985
18.5517435669899
18.210354447364807
18.393884658813477
18.355008900165558
18.543317437171936
18.11168998479843
18.584213137626648
18.395468771457672
18.526882648468018
18.51268082857132
18.154602825641632
18.363216817378998
18.238309681415558
18.03516000509262
18.54394245147705
18.31868076324463
18.51010364294052
18.60121762752533
18.33918446302414
18.405435740947723
18.112554490566254
18.01886808872223
18.39567321538925
18.333901047706604
18.3625870347023
18.29613882303238
18.45116275548935
18.596435070037842
18.340843498706818
18.56695806980133
18.3459432721138
18.61684501171112
18.514917016029358
18.53163969516754
18.580310940742493
18.629552602767944
18.27470153570175
18.276872634887695
18.388226449489594
18.23210448026657
18.538714826107025
18.55295330286026
18.245168089866638
18.546236634254456
18.599358558654785
18.439319372177124
18.587207913398743
18.600869715213776
18.489270627498627
18.649051189422607
18.60107833147049
18.528445720672607
18.6405890583992
18.337371051311493
18.47206574678421
18.333598494529724
18.75110375881195
18.68234384059906
18.532159388065338
18.775869011878967
18.64523071050644
18.454160571098328
18.09343284368515
18.480394065380096
18.350191831588745
18.449113190174103
18.529389023780823
18.824852168560028
18.53516513109207
18.581444323062897
18.34894508123398
18.53672331571579
18.719091176986694
18.48036801815033
18.40546202659607
18.22894138097763
18.594650387763977
18.627575159072876
18.46686887741089
18.553060829639435
18.446791350841522
18.883508622646332
18.49505978822708
18.387778759002686
18.540551841259003
18.481249392032623
18.388488233089447
18.479788661003113
18.60012114048004
18.596972465515137
18.7097727060318
18.714402973651886
18.73251098394394
18.90270709991455
18.658397495746613
18.86012101173401
18.816795885562897
18.490491151809692
18.667543470859528
18.901477992534637
18.334782242774963
18.805067539215088
18.581730723381042
18.890868723392487
18.79858762025833
18.669613242149353
18.955296099185944
18.708259344100952
18.793666541576385
18.71436631679535
18.46808099746704
18.478444933891296
18.621047377586365
18.806552052497864
18.701602518558502
18.349715292453766
18.603781163692474
18.59805589914322
18.559698700904846
18.71136462688446
18.452978432178497
18.797909021377563
18.425333321094513
18.742899239063263
18.805868566036224
18.76775163412094
18.571442246437073
18.84931230545044
19.112404942512512
18.83003270626068
19.06090521812439
18.843382239341736
18.965833365917206
18.678095281124115
18.681235194206238
19.030980348587036
18.680859684944153
18.859712064266205
18.901923060417175
19.05023694038391
18.848381340503693
19.019486010074615
18.80976778268814
18.741790771484375
18.936222791671753
18.962972402572632
19.059414088726044
19.032481491565704
19.05929535627365
18.866607129573822
19.010492146015167
19.076996386051178
19.138018786907196
18.84387332201004
18.89149159193039
18.764262080192566
19.06439459323883
18.786571323871613
19.054385364055634
19.280857026576996
19.38716834783554
18.91213846206665
18.990116000175476
19.098866820335388
19.02059829235077
19.010222256183624
18.846374213695526
19.161565482616425
19.086082100868225
19.246300041675568
19.2372584939003
18.88609665632248
19.0700603723526
19.038734316825867
18.95328539609909
18.925065577030182
18.909377813339233
19.024450719356537
19.082510828971863
19.258651196956635
19.332395017147064
19.16255784034729
19.053229570388794
19.185108721256256
19.24151837825775
19.27860975265503
19.376411855220795
19.057331204414368
19.176593840122223
19.29718416929245
19.237118005752563
19.09382551908493
19.195812463760376
19.42018347978592
19.21081191301346
19.282606840133667
19.29494309425354
19.48265504837036
19.386862993240356
19.395705938339233
19.22142094373703
19.251815497875214
18.853871405124664
19.240778267383575
19.199738442897797
19.316671311855316
19.51716434955597
19.30966091156006
19.567154824733734
18.991741061210632
19.272010505199432
19.413471341133118
19.39575219154358
19.397463619709015
19.19768649339676
19.070141673088074
19.6545792222023
19.263657867908478
19.48462164402008
19.452328264713287
19.11341392993927
19.153457581996918
19.32076108455658
19.398870766162872
19.467159926891327
19.49903655052185
19.555017352104187
19.064765632152557
19.213108241558075
19.295184671878815
19.43530982732773
19.2890123128891
19.342309713363647
19.369784832000732
19.52439308166504
19.41113120317459
19.0652534365654
19.394338607788086
19.398883163928986
19.331966817378998
19.5667941570282
19.444471061229706
19.344807386398315
19.400907039642334
19.59199035167694
19.423941910266876
19.473801612854004
19.50604748725891
19.40810090303421
19.479165732860565
19.336003482341766
19.31617546081543
19.552837073802948
19.70171344280243
19.36199551820755
19.656540274620056
19.515353202819824
19.234384655952454
19.653147995471954
19.311141967773438
19.241459548473358
19.464323222637177
19.442045509815216
19.59835398197174
19.511847376823425
19.46057504415512
19.535387873649597
19.627740263938904
19.517739295959473
19.308668196201324
19.464274764060974
19.653535187244415
19.708171665668488
19.649805188179016
19.506500005722046
19.626589596271515
19.40920114517212
19.631599485874176
19.74217814207077
19.614125847816467
19.493662655353546
19.478432774543762
19.509150743484497
19.770651280879974
19.441625773906708
19.694992184638977
19.483342468738556
19.572825729846954
19.824776768684387
19.59270304441452
19.81565696001053
19.527994096279144
19.792963683605194
19.426994621753693
19.849445402622223
19.539422929286957
19.950630843639374
19.37255197763443
19.733569979667664
19.484355866909027
19.618729531764984
19.731923282146454
19.75266581773758
19.578260242938995
19.622408151626587
19.65586930513382
19.582132279872894
19.676638901233673
19.68799650669098
19.50582891702652
19.680191099643707
19.794388473033905
19.695939242839813
19.87641429901123
19.84033739566803
19.813024580478668
19.647534906864166
19.772027254104614
19.8373304605484
19.690259635448456
19.79741793870926
19.718419194221497
19.78677374124527
19.766074299812317
19.619219303131104
19.717512726783752
19.782598793506622
19.869997441768646
19.717252254486084
19.805037200450897
19.945513904094696
19.70945370197296
19.97191607952118
19.529738903045654
19.990652441978455
19.847199976444244
19.84752666950226
19.60249674320221
19.826810896396637
19.6674987077713
19.825782418251038
19.78817594051361
19.930164337158203
19.822237372398376
20.002005696296692
19.855118215084076
19.83299058675766
19.81113487482071
19.74952405691147
19.929301619529724
19.94228744506836
19.714332461357117
20.131475031375885
20.051045536994934
19.845028340816498
19.926109790802002
20.01565968990326
19.65075409412384
19.747057735919952
19.805381059646606
19.793071806430817
20.18473345041275
19.676727950572968
19.63441562652588
19.823019444942474
19.54058825969696
19.996895670890808
20.033648669719696
19.83410155773163
20.241779565811157
20.22733700275421
19.754262328147888
19.852056920528412
19.949086010456085
19.866152942180634
19.85650861263275
19.991502583026886
19.780369102954865
20.102565228939056
20.00261116027832
19.979578733444214
20.00914990901947
19.68415242433548
19.73473584651947
19.899806141853333
20.021507561206818
20.015503227710724
19.90245908498764
20.08179748058319
20.3005154132843
20.07313358783722
19.739421784877777
20.01712453365326
20.071094155311584
20.087448835372925
20.13422590494156
20.06213641166687
20.11550724506378
20.296984493732452
20.29222995042801
20.10393089056015
19.897287130355835
20.074048399925232
20.263393580913544
19.969898581504822
20.12814563512802
20.17203325033188
20.074889421463013
19.840580999851227
19.91059100627899
20.010150969028473
19.955488801002502
20.12345540523529
20.11697107553482
20.14482033252716
20.044376969337463
19.928748905658722
20.00292444229126
20.071568727493286
20.3107048869133
20.229097723960876
20.170915067195892
20.117395341396332
19.950274884700775
20.198709964752197
19.807583689689636
20.207310259342194
19.96991455554962
20.191533088684082
20.383574306964874
20.2244114279747
20.15021389722824
20.1532261967659
20.393603205680847
20.274328410625458
20.2133629322052
20.335183799266815
19.934937596321106
20.22818499803543
20.261536478996277
20.14475417137146
20.372456550598145
20.399981319904327
20.12331873178482
20.159794688224792
20.242650270462036
19.97206938266754
20.21792298555374
20.06641376018524
20.33972042798996
20.091834604740143
20.494891226291656
20.33417320251465
20.162190437316895
20.192426443099976
20.393673360347748
20.170395135879517
20.521842658519745
20.229277312755585
20.38441377878189
20.42092937231064
20.435154378414154
20.555315136909485
20.478298723697662
20.123030722141266
20.330391108989716
20.414719104766846
20.381407141685486
20.103577971458435
20.493512988090515
20.366824865341187
20.3588770031929
19.99454790353775
20.222016274929047
20.272567689418793
20.469324707984924
20.637641191482544
20.616396188735962
20.25167065858841
20.384353160858154
20.361262679100037
20.393683791160583
20.00021117925644
20.343156039714813
20.41538429260254
20.41042524576187
20.51233434677124
20.5391144156456
20.582613706588745
20.139662206172943
20.53957372903824
20.44592571258545
20.295273661613464
20.445876359939575
20.734287798404694
20.617877662181854
20.532417118549347
20.448185980319977
20.655649065971375
20.455440640449524
20.704930663108826
20.75618314743042
20.51945209503174
20.482059061527252
