0.9970744097427608
0.9979644984259571
0.9958589026152204
0.9975024736527447
0.997661164067766
0.9957838354332488
0.9954717543317074
0.9960213650875138
0.9965337266024343
0.9954557304264062
0.9979437507333062
0.9974493125151274
0.9960714570270943
0.9974283534619378
0.9964982748573022
0.9983504225868753
0.9973265086453194
0.9954006988914738
0.9976237765699044
0.9971299843922238
0.995848893768228
0.9969146803541805
0.9987736157672231
0.9973888881593802
0.9973870734832544
0.9949991815638605
0.9989399490376776
0.9945611061445209
0.9944819511910092
0.9976172746270827
0.9957873238461993
0.9974783603362343
0.9981290197855226
0.9960369826470796
0.997914269822953
0.9980475668627603
0.998458354522155
0.9975026653734442
0.996898120864161
0.9979984908222856
0.9965410735101389
0.9979593546241525
0.9953248836717212
0.9952644196394724
0.9961844798792878
0.9970284763859592
0.9957852944221942
0.9969006526642855
0.9962178454834643
0.9976272596387741
0.9982314741835195
0.9964927095219125
0.9967024227596443
0.9975643267790469
0.9984361958981135
0.9962601353795204
0.9961233080040303
0.997777387555535
0.9980554671888827
0.9952111223020417
0.995866211294482
0.9967923899606791
0.9954471721468319
0.9966723392596739
0.9984246970919586
0.9951706339048485
0.9979676077523221
0.9951097750700373
0.9974101826130367
0.9971422721202621
0.9974485868924016
0.9951957975678868
0.9969722341976099
0.9971381301350611
0.9980264294424506
0.9967741491621637
0.9956705201942572
0.9954412207754015
0.9963604821277287
0.9975957362770312
0.9952188078018418
0.9966721098724777
0.9959137846011085
0.9974407178754665
0.9942769261615756
0.9974316344995148
0.9962541223242826
0.996199403136256
0.9953085125447064
0.9947122065220702
0.9972548612203956
0.9982097401246091
0.9979511499029623
0.9965976734410134
0.9976857818566692
0.9969459494262826
0.9965769036496077
0.998072897936651
0.9946294741179168
0.9942659242663284
0.9969223800099112
0.9988515557132336
0.9962834926146007
0.9948438257404709
0.994909519691172
0.9937759458989373
0.9952131300926992
0.9981094184170595
0.9970932709272026
0.9958145700447353
0.9963128146322774
0.9979428881682268
0.9949946447654224
0.9944907048409526
0.995881302425395
0.9944541441506205
0.996268034278775
0.996668741797247
0.9962767086302539
0.9959759552995674
0.9972544847129852
0.9980054070007384
0.9973486120422754
0.9976486977958834
0.9975558311513913
0.9958990971585966
0.9942566145809157
0.993989457460415
0.9975871286167362
0.9971942070262695
0.9944960804518124
0.9966818228314088
0.9960261748758034
0.992442226230713
0.9975343293569148
0.9975309601506286
0.9959438687297439
0.9961029237411141
0.9954401331074488
0.9948224317261181
0.995353627413704
0.9953480451363754
0.9951099101266928
0.9963404031428436
0.9975682432353946
0.9950481110946892
0.9949312326833374
0.9940751048495435
0.9963558435094536
0.9964282571701981
0.9913909280567517
0.9946479084107708
0.9963021630768678
0.9922217450373777
0.9952100479096324
0.9953067912547647
0.9969515177305031
0.9924045370908106
0.9980276364116286
0.9931334560522747
0.9923358975284944
0.9947512962728993
0.9972191700212263
0.9908634410518148
0.993356406318184
0.9935284761049161
0.9931281992537202
0.9931803300401187
0.9922328072958836
0.994673909556982
0.992658296685567
0.9921090861082261
0.9915005824646052
0.9966098004953534
0.9937817894510902
0.9915828810497455
0.9957641387730622
0.9946255365983894
0.9944549852038177
0.9930319698240454
0.9957931443524046
0.995613635409166
0.9955884806606728
0.9936211941380954
0.9922942214066086
0.9917843884301846
0.988725443749155
0.9945130617220492
0.9928947423148617
0.9966819861770332
0.9894828378981382
0.9906161865538236
0.9948103812621434
0.990722929081101
0.9924269272532118
0.9959016104493273
0.9916537992729734
0.9936333919534828
0.9964910587571302
0.9960154402545255
0.9942738445027572
0.9888254570370912
0.9925440292923422
0.9879934158890709
0.9920405080715357
0.9939024550072401
0.9913621416604487
0.9914755348927632
0.9899914734141606
0.9920385788127023
0.9895386082660779
0.9962223552312357
0.9909008901147468
0.9896576989017639
0.9908567038454509
0.9907447867806639
0.990554146608794
0.9941702424567733
0.9863621627680296
0.9815483563159604
0.9959981923268978
0.9901256206744455
0.9900788048980596
0.993437200422987
0.9949418418200549
0.9873805171701844
0.9908828490143226
0.9917564555399566
0.9866954133191272
0.9855021081411038
0.9896785989231429
0.9884329787739395
0.98535966251969
0.9874915331568492
0.9902694373799222
0.9900743414778087
0.9906562202044669
0.9881278588609808
0.9874245159161226
0.9887361773587533
0.9855374262334101
0.9934092454141411
0.9912557456134616
0.9889487894461222
0.985460181045586
0.9872333171764801
0.987683222795729
0.9886908401078925
0.9903440970393793
0.9889125830331456
0.9838753841095119
0.9932355470378057
0.988274373562117
0.987386855693865
0.9854623459492264
0.9895285317874897
0.9880429867428403
0.9855311555224583
0.9902799932005195
0.9854048099985074
0.9878400043014998
0.977674962444862
0.987122436767355
0.9872571033428127
0.9889565541706208
0.9840739071321742
0.9903650060683745
0.9841607378816418
0.9874183132562313
0.9802317284405783
0.9835942450614217
0.9798228794520718
0.987468147480226
0.9852969113819928
0.9882085104874594
0.985248524143772
0.9883431576158088
0.9843397710681266
0.983659079858279
0.9804263285077303
0.9876028443348279
0.9890572322572366
0.97405061635834
0.987923724003327
0.9883957656021581
0.986423020033763
0.9841626255334849
0.9746347345147246
0.9842948267791078
0.9841802714195937
0.9855079658767413
0.979492001283272
0.9850858439330634
0.9838485787921369
0.9776271891822085
0.9827974576080127
0.9765387623721669
0.9829759243241252
0.9826331068610665
0.987137224149985
0.9820548383880947
0.9867024492729147
0.9810322876330765
0.98037870122378
0.9858581531500952
0.9841568651993018
0.9849653958199809
0.9792847351361518
0.9816306196570014
0.9799370406147552
0.9769387612296415
0.9766283744887326
0.975643662882949
0.9776518639186794
0.9779234972878582
0.9759505287511858
0.9793381654228207
0.9841537343883688
0.9795057195955733
0.9737383245219655
0.9782272916070843
0.9775941653098366
0.9785510838476809
0.9799122537650863
0.9821669500494142
0.9686085837851472
0.9777695464536675
0.976118371605336
0.9802373153680674
0.9796005971634981
0.9790045101739424
0.9782900010565524
0.9852069487449866
0.9752963267752779
0.9842053386189107
0.9797987087494925
0.9722054686407836
0.9769627543930052
0.9782636301179068
0.9718571069525226
0.9730194412887319
0.9662849766922068
0.977474391675831
0.9746727805045109
0.9775432177129388
0.9790128117172339
0.9734731635555487
0.9759104942684854
0.9724886602830062
0.9762165431101181
0.9764672018036233
0.9774216465695263
0.9704043767046722
0.9764352691127823
0.9784298984925536
0.9719231709731876
0.9669977900696008
0.9736618696882781
0.9710733108926769
0.9635228044645886
0.9690570970976499
0.9743086531118136
0.9708307177161062
0.9764198489344824
0.9669418289028269
0.9718998012729314
0.977414545122004
0.9691752673383869
0.9742934792489374
0.9735466718499921
0.9711345302746829
0.9654009615917891
0.9693269330071483
0.9718419362546578
0.9740505617928582
0.9635088862755403
0.9632148454333557
0.9685507409551856
0.964984169306983
0.9719548094975182
0.961022517255166
0.9665713117710935
0.9722757054402461
0.9625913903388984
0.9610145797790571
0.9692340594452789
0.9716441306981372
0.975212080326877
0.9615332319664551
0.9652409604239115
0.9613113540418186
0.962094232799489
0.9672526725991281
0.9674141566405852
0.9625182529758531
0.9704208497805071
0.9716624963367161
0.9658565534117877
0.9632392979287439
0.9706561246751073
0.9599960121012132
0.9699275116045187
0.9613176333697355
0.9511454452670204
0.9619309700478533
0.9632298329620365
0.9586609576546329
0.9611644080314117
0.9644164026783802
0.9591281988601741
0.9670225004514093
0.9533393144921618
0.9554167922810841
0.9642295362303128
0.9597159991846095
0.963890458785164
0.9650505863036861
0.96659933150317
0.9578063963886777
0.9615810330970187
0.9587003192500902
0.96332834817679
0.9516953643993968
0.964991714193047
0.9518146942977386
0.9545639181946015
0.9537376282145072
0.9615501516454937
0.9576784383760196
0.9624996870288712
0.9501060302524109
0.9485964265975502
0.9573627219483284
0.9526547885133988
0.9631193013191873
0.946844037782176
0.9671469613209621
0.9582299102374716
0.9570854909687383
0.957585484632151
0.9619754207369481
0.9566189040266923
0.9503118951682382
0.9570299843782119
0.9438754736767687
0.9660364745374449
0.9547277692680316
0.9610965452398958
0.9504717895077921
0.959619383724744
0.9508774808824912
0.9587806761157106
0.9461587765726236
0.9446554936636087
0.9498712541636175
0.9578574786444908
0.9475865921568805
0.943134443098984
0.9470632865122457
0.9494210389555979
0.9438303181269869
0.9411071324569009
0.94043808665401
0.95055194098595
0.949779894539806
0.941278050093331
0.9562728064987011
0.9425605802665494
0.9467171589537278
0.9520126021988191
0.9622656841229654
0.9571499207160862
0.9571718878166879
0.9445043430948106
0.9432224202360007
0.9554822720825634
0.9494014231482281
0.9531126715253456
0.9451454086408763
0.9471485066451555
0.9379914367390769
0.9410543157287142
0.9469653630938117
0.953665810732856
0.954090507886434
0.9497016711899439
0.939973185254402
0.9429573627198751
0.9361040883737524
0.9422334456051367
0.9437828235501987
0.9420567166171695
0.9391518653171305
0.9359320456889912
0.9323042227937154
0.9439447671788931
0.9377970131538429
0.9426870516679401
0.9371500828024963
0.9318005537187524
0.9447811873510319
0.9342128021988071
0.9353669530410177
0.9294102161815981
0.9438593268900594
0.9410087653097057
0.9476951721579485
0.9308703769484805
0.9422479618864045
0.9464463757286802
0.9362520729466671
0.945019047795652
0.9389343598368316
0.9395489894872866
0.932391878446765
0.9285903684997602
0.9386938341202414
0.9249761057316004
0.9140416976068819
0.9271092043133087
0.9276381358940042
0.9361015562325763
0.9489553787287999
0.9393734412809474
0.9382502692078135
0.9320537351497244
0.9308775438211321
0.9300390279974112
0.9290544401719614
0.9224174245795381
0.9380038094918524
0.9248712546680978
0.9293726839646089
0.9283393417234548
0.9264554472605411
0.9276456344344207
0.9312035759938206
0.9271722950733686
0.9383509176764969
0.9361640455517212
0.9266505731832267
0.9246385205407149
0.9341686306984849
0.9390635617144791
0.9247395679391851
0.9246896983912621
0.9322412448807682
0.9308919058560726
0.9290431153452202
0.9205205567782323
0.9268982833794511
0.9134398744857605
0.9222571897215119
0.9248348858265698
0.9278306962776436
0.9218717632573589
0.9183456093414593
0.9263862854468028
0.9322661409932168
0.9192373697976478
0.924129790324107
0.9346829710759128
0.9256408432794188
0.9225664781064961
0.9256006150265671
0.9118824217120666
0.9127872427374728
0.9131714107372984
0.9259982789398687
0.9198513016646787
0.9211181260097258
0.9213634156117749
0.9138898554905945
0.9117243028717222
0.9185239086660195
0.9207246901153795
0.9147816404205065
0.9184802439363488
0.9306604684449353
0.9202231718949953
0.9117738448493337
0.917742170415252
0.9132959098145718
0.9202883798477295
0.916009624963354
0.9069805313456069
0.9064071189257504
0.9077125377863369
0.9005055060452098
0.9073022916326161
0.9214133442198683
0.9105639137737561
0.9161676261641035
0.9164720243910117
0.9127110927585512
0.9077038213989652
0.9148058354491782
0.9104018411188344
0.9105958400555688
0.9017571821307347
0.8985435679425852
0.9154589098534694
0.9114001585636362
0.9083902080893664
0.9043706100433616
0.9126124610749866
0.893908207166367
0.9116678289457321
0.9172548982374317
0.9010115045849454
0.8965776023811758
0.8941029797243781
0.9036782374243365
0.9010553492182507
0.9036841861888592
0.905144259431447
0.9141889379680082
0.9134810671220306
0.9169359407336637
0.8952115662915636
0.894088575918324
0.8943590506197002
0.8956434942039565
0.8889754454654331
0.9093374015523776
0.8960814860950869
0.901362267878921
0.8878062471524997
0.9105794984728385
0.8858284163237231
0.9143856676012396
0.9108071679436666
0.896713624896154
0.8994234603906561
0.8985030528539478
0.9069339196955687
0.8933830436612744
0.9079429948228772
0.8945880050882277
0.9000376897352719
0.8924105205086968
0.8916485355978309
0.8965462953931327
0.8918103405546494
0.904906588559711
0.9036456247106781
0.8904095586276588
0.901737522987946
0.8916379806317972
0.8844437938100439
0.8982849868305885
0.8923570982792588
0.8857592505632695
0.9035977571960373
0.9033415551953863
0.8990961990061337
0.8924703093625386
0.8978879104171837
0.8863541435750314
0.9026371336815902
0.8929877481774162
0.8943719187291093
0.9040624818091154
0.8989347468626986
0.8787649203806339
0.8873413793662698
0.8890794712130184
0.8879136023737061
0.8908771306470172
0.8870532943893442
0.8871544847613371
0.8951858030628194
0.8905414317560274
0.8997158727032148
0.8838591223201314
0.8817321387308173
0.8846399043831283
0.8874710937514434
0.888759155841151
0.8862344102274684
0.8896318150607321
0.8889731429071323
0.8898267952217712
0.881601170716275
0.8947796733016671
0.884245492228733
0.8802083338820679
0.8806093909957233
0.8867771021070663
0.87486325743693
0.8716183877517086
0.8840210757061384
0.8860361814464146
0.889456444808409
0.8851154654979738
0.8653082754089968
0.8847191483002826
0.8911643667230263
0.8656725429017069
0.8876345526697941
0.8752473431023087
0.8800878605884563
0.8739343415244621
0.8901955978080609
0.8914280712087799
0.8761941234705652
0.885273491969813
0.8758561541070852
0.8714723534774536
0.871797848783334
0.8687008344434154
0.864192199775681
0.8706418457122026
0.8801065688051488
0.8846884047438165
0.8765949644080387
0.8720804629742949
0.8771610902921443
0.8598445684549322
0.8697551256631597
0.8767296379658066
0.8662852541761044
0.8867419997440376
0.8530703767800238
0.8655906886808242
0.880932841081069
0.8674491928333968
0.8799941327435589
0.8622129349026825
0.8516911038809062
0.8778303612080929
0.8716770127880531
0.8757091664791162
0.8570221582286811
0.8613696368036702
0.8656264021851314
0.86361635825614
0.8638983441288481
0.8566762459327802
0.8706044016167389
0.8639411593780056
0.8783766541890664
0.860133285629681
0.8662121191066937
0.8614154377863384
0.872710176626431
0.8645794105296077
0.8650984635772714
0.8622200979059715
0.848952894136591
0.8550132447842204
0.8619696029541677
0.8746525219993497
0.8594537361958892
0.8493463470161344
0.8536864239909209
0.8692756957744656
0.8503494570523673
0.8482615886043638
0.8573221752345919
0.8547375730971094
0.8571394918230123
0.8606347952656928
0.8719972320075402
0.8641042916416052
0.8402273239405889
0.8498158361961888
0.8557061522987408
0.8639031405687371
0.8540185757692061
0.8511351434517652
0.8444221266973951
0.8623118044712291
0.8603527776203298
0.8517246729725573
0.8599957061983317
0.8652794330124587
0.8635320350753928
0.8520293507690271
0.8515762535582475
0.8530800884066643
0.850594024087099
0.8464937719142345
0.8504241297874308
0.8337859799562473
0.8531359277206783
0.863222201364459
0.8552882327930595
0.8616720008245836
0.8389441984135035
0.8578398638097052
0.8608397026169926
0.8453641228174047
0.8638334306798818
0.8608449718166516
0.8451523976038362
0.8493344176210319
0.8512336651251221
0.8383498917090845
0.8697296785794079
0.8488653773001626
0.8540514032809473
0.8398658293403078
0.8457387187345927
0.8634494987864539
0.8479492569907604
0.8395713378932498
0.8445878889374241
0.8561020155842988
0.8309517532202524
0.8517990227254875
0.8503713155951004
0.8443901875656599
0.8453777877460704
0.8135970782076646
0.8290970075686881
0.8388787580905729
0.8453947890406251
0.8413469062306504
0.8372540905182569
0.835413570575152
0.8344026814549292
0.8511533818045921
0.8475844798205692
0.8355417616151122
0.8396298747321983
0.8449993513270828
0.8189741304352754
0.8323230918018992
0.8465782887880265
0.8283946660916889
0.8265481445307983
0.8353566675097431
0.8432312304977786
0.8449986979315153
0.8288428585587362
0.8324042580377301
0.8379097993120587
0.8370159852353205
0.8454782670997744
0.8400264078531551
0.8421197821627471
0.8345823057824198
0.8418021857583422
0.8218627853673998
0.8391841291186978
0.8339908656404167
0.8294061799763547
0.8320953661022558
0.8175027761424694
0.8396834562262786
0.8227649283138236
0.8283778307149541
0.8329721614335679
0.8427182019403948
0.8324451863463194
0.8211435261372606
0.8229846270378707
0.8392462145356044
0.8308172613129605
0.8195210280697877
0.83906900733839
0.8366335614824597
0.8335772693649349
0.8176333691235368
0.8324424572448246
0.8257768218074484
0.8171735367031975
0.8169863633093462
0.8146840928104339
0.8286850218465506
0.8211749965442464
0.8175094476432159
0.8186636312952161
0.8345304462079073
0.8343751248828154
0.8189640387108024
0.8299050825890969
0.8276935181343642
0.8310215175142148
0.8113987956126939
0.8115312392943799
0.8110500128278288
0.8095980212412246
0.8088809584373257
0.8287810867187959
0.8266961163554798
0.8139942904741069
0.8185295928395101
0.8102268139626178
0.8210645047794478
0.8256489271201383
0.8160598938774047
0.8073780899682957
0.807634863645335
0.8116948375271741
0.8160248841975387
0.8256915879977063
0.8252709929959234
0.8193764418496271
0.8190218969295721
0.7996316694497885
0.8030902829474378
0.8056757103886072
0.8233607104439418
0.8122060147239695
0.8096040209891813
0.804995173728406
0.8128972037841842
0.8188887008997525
0.8044257483561811
0.8225879166832836
0.8160881098065982
0.8162246236907258
0.8087317329671052
0.8328285097933837
0.8052422782486067
0.8211123090723578
0.808902884525104
0.8091638359231753
0.8104566297687246
0.8191750152004325
0.7970466786052149
0.8083424863359091
0.8158479130002976
0.8118845350135654
0.8008150471482705
0.8051401824255406
0.8165774875790195
0.8043446287160819
0.8160199531805745
0.8070113534764657
0.8028406909036194
0.7989971496729532
0.8097538047208755
0.8138765252035964
0.8073691748749106
0.8101146278810345
0.8095790163505316
0.8090621169826832
0.7966316997696806
0.8051568934744269
0.8044269570547854
0.787567068051872
0.7917353805025924
0.7780830410194158
0.795685538677055
0.7943099800988346
0.8158578526392067
0.797730026943042
0.8028850145068146
0.8071347767271654
0.8008845109491582
0.7966353241894603
0.7971307057603563
0.7896674988109785
0.8035329025605331
0.7970978946116642
0.8173600374860601
0.7882849819765823
0.7870080712952898
0.797928403469073
0.8005952841694007
0.7867995314434285
0.8011314755118422
0.8031386304999825
0.7879604390702455
0.781623413041987
0.8028202103489757
0.7922027143464548
0.8101082277988989
0.7912681094796873
0.7803410755875937
0.7933150595903202
0.7776069669625839
0.7871220549438586
0.796268937906563
0.7947624644466705
0.7969029708931823
0.797807862756171
0.7960875936811098
0.7977938621882456
0.7817958692487618
0.7951880179576661
0.7963683100902655
0.7813855224851353
0.8033609410685306
0.7831202092193044
0.8027606743891892
0.7817470233875456
0.7732101359535727
0.7880375661961607
0.8003654264718368
0.7860441608323168
0.7914918689241094
0.7926236683094825
0.7784216087925462
0.7861661666886446
0.7847333015560812
0.7868665891247331
0.7882606765677433
0.766045323734952
0.7728103325215352
0.7905000872723505
0.7715490222922812
0.7902645410940419
0.7879632910305978
0.787076276189563
0.7865467315187531
0.7953838335588944
0.7912591832259585
0.7918697673284771
0.7784328682245493
0.7890924809435774
0.788123302532209
0.7840406312291601
0.7775153988528324
0.7861031383585134
0.7820494487110847
0.7781777502267991
0.775629613047153
0.7756310596030477
0.7734318880476919
0.7744202399931921
0.7753739198991443
0.7852565345908415
0.7668603946491444
0.7691740442593654
0.7823598782851214
0.7756942809745129
0.7745327467008901
0.76850019607926
0.7626737943045281
0.8013091308277119
0.7838259012552652
0.7733698880692031
0.7871640700407937
0.7881082841467755
0.766763174295636
0.7799291965661442
0.7834582640416538
0.7831538084821669
0.7861829826669368
0.7668413529035554
0.7781965047518893
0.763628374881055
0.7662270700077383
0.7867363845342309
0.7745212586389684
0.7653575905011563
0.7703447180277083
0.7701028511017802
0.764759404274343
0.768430941522932
0.7753772778687913
0.7796774036079982
0.7628178370945972
0.7734239822625052
0.7720022644026067
0.7737053676024481
0.7735459726713437
0.7765824705112425
0.769727193335391
0.7775956602498586
0.7604901331318297
0.7721906904307171
0.7622176539520917
0.7735860349443395
0.7623284178276445
0.76194324684464
0.7535154012590831
0.7813759975242005
0.7876921642288273
0.7671510119516654
0.7605458870421589
0.7703493540566699
0.7776745385294631
0.7587752010623074
0.7747266913489066
0.7678732463735499
0.7755308990579757
0.7612358399424978
0.7612723715580954
0.7767657491531308
0.7621573598398368
0.7591561649122422
0.771592787578672
0.7710394995840951
0.7533625287109781
0.7684017957140755
0.7702740565400632
0.7674203332789478
0.7660863947034712
0.7527871935539568
0.7639229175072019
0.7524437992228539
0.7639433896323966
0.7660168061282043
0.7635618948667928
0.7568363721792137
0.7551011856531449
0.7440312152503825
0.7647801859798724
0.7498651760534969
0.7516336894132112
0.7581085387918363
0.7612134434146056
0.756632388370476
0.755990065985546
0.7617171117259793
0.7569212329453718
0.7500467024344121
0.7534841140628658
0.7546046507890964
0.7594470286273353
0.7510765283322244
0.7591420711680659
0.7514542946626442
0.749000981713719
0.7584637322733576
0.7627256372806148
0.7644353514736284
0.7420440291169853
0.7442105236831691
0.7586483737010741
0.7654972895900781
0.7572679009010096
0.7572178936298515
0.7518179528452246
0.7692654426785867
0.7444332615251564
0.7514926314270912
0.7530542607396178
0.7519635267595208
0.7483867838809753
0.7478964429802044
0.7508371920582795
0.7437040994031389
0.7516299553794109
0.7445910169433438
0.7605418363920601
0.7646675577371113
0.7412648063169284
0.745140967594485
0.7569412357335341
0.7410177717503279
0.7477873101803546
0.7400712818331823
0.7543061080925285
0.7351112254161595
0.7487104586072614
0.741904159642641
0.7441471186717152
0.7449125383370712
0.7467129691420655
0.7507784628468332
0.7500172018647431
0.7432877779864915
0.7500533084906855
0.7446013479212054
0.7440682134864364
0.7432593557709558
0.7323869140250988
0.7393059500694009
0.7340404234360619
0.7505738209837619
0.742181610915757
0.7408239317891495
0.729221845610012
0.7490073935036337
0.7450890823330275
0.7362213144560036
0.7378486862678801
0.7233688755459955
0.741673717649772
0.7326233562011163
0.7411193644613793
0.7303321906121191
0.729519498106298
0.7520655126291539
0.72379075361298
0.7235846045289177
0.7506465448077996
0.7354573639399126
0.7296946830191059
0.7385470969101159
0.7352344252774029
0.7469469806638374
0.728108165275077
0.7367312358488612
0.7375656869692425
0.7276523637874034
0.7342665631778056
0.754113355376108
0.741382885756056
0.7200225098947457
0.7356037395271073
0.7437828250229109
0.7237831224537276
0.7577792450714271
0.7361141102854426
0.7313228886959332
0.739139314620849
0.7381590399690486
0.7450434201739992
0.726929407315299
0.7339323099494048
0.7500320759936404
0.7388791064657981
0.7356995777714684
0.7379492107150845
0.7283039124719493
0.7253161800184182
0.7248856638070869
0.7313537114041943
0.7374851926861838
0.7312736423422687
0.7402835481615426
0.752884117776235
0.7370133684141634
0.7265491023459998
0.734686417190947
0.7314817700683226
0.7399402873476878
0.7049590919551421
0.7307659669961544
0.7295379643215735
0.7308698542765286
0.7300140187951868
0.7285994490516411
0.7362892134056679
0.7264553761747845
0.7287129457222258
0.7328001111638351
0.722452361112868
0.7323082812331329
0.7177565614888062
0.7262602964007782
0.7243849569040534
0.725114326958391
0.7379478926342989
0.7276188723244332
0.7344938807048736
0.7251175256148018
0.7347118832327635
0.7250621963668467
0.7211336200799159
0.7263322452567411
0.7326224831029423
0.7195279084603281
0.7310045239298754
0.7326709890760703
0.7065961009737031
0.7270497701027444
0.7298946862095842
0.731073673795934
0.7235967226494008
0.7160232192818038
0.7202808541563459
0.721998349172912
0.7358614771981513
0.7245183644360706
0.7275989814164793
0.7339996590766656
0.7145046313721155
0.719945413663739
0.7190855125911627
0.7231624555086401
0.7248411516191017
0.7201188748260917
0.7284639135978194
0.7139596408117475
0.7223084438035243
0.7205845803063087
0.7269396826628666
0.7282884620261804
0.7211385527288918
0.7079869288674353
0.7239123953582158
0.7198918176094942
0.7161595448458301
0.7184733675060541
0.7241886870353316
0.7080410451689431
0.7236527764481014
0.7321258106890584
0.7174300264935751
0.712880650442151
0.7153899708060595
0.7126272331871516
0.7304546769530084
0.7154088565224446
0.6954266466902213
0.7100912357926806
0.7136127504840167
0.6924240058784596
0.7251816364390641
0.7355081656369983
0.7167884961972567
0.7288850620759341
0.7174303860858073
0.7167039193073413
0.7195141184427872
0.715361449157591
0.7195450678380219
0.7227104166461802
0.7305996421361968
0.7355169699750893
0.7148837292620842
0.7266194839498187
0.720115815387959
0.7262268121950842
0.716372791485931
0.7235821567002311
0.7152860200351795
0.7057801161209615
0.7032989512659837
0.7046443192282369
0.6994139022792945
0.7155148685972832
0.7086314759055419
0.7028616900928781
0.7065800261000138
0.7172186437330751
0.7124763182147629
0.7181118637446353
0.7056319615742289
0.7082272654251963
0.7095167602955738
0.7236505591368029
0.7340385268791096
0.7208653828038993
0.7198880212057275
0.7110318223514506
0.7114475649956096
0.7231584882431762
0.7193778100632211
0.7084650125095066
0.7147221826712714
0.7112935983460261
0.7092801620297953
0.7112763289940777
0.7007504030821341
0.729455323874912
0.7121158156070884
0.7082233444640227
0.712363325122426
0.7107204742560714
0.7127901033749343
0.7191851122860157
0.7213161534084315
0.7095737736998687
0.7101726204354729
0.7029620013867656
0.7073959367380697
0.7148004170330898
0.7189529553781099
0.7045210877544538
0.7038618783222733
0.6973889077201642
0.6904550340795016
0.7185973243401278
0.7036634484737659
0.7021827057622683
0.7093635183590882
0.7100291624222985
0.6999698246772509
0.7053105591106867
0.7106762615639605
0.7128193633438946
0.710692560871011
0.7142658002718879
0.7015312740022708
0.7050781189923009
0.6985888431715311
0.7016645661303056
0.7050900459939314
0.7112024591406849
0.7159708278380998
0.7127986428946739
0.7089381688062255
0.7122100129148584
0.7052506776251336
0.6747521281860152
0.7052588708662999
0.7094899500410764
0.6925708987717946
0.7060666271997718
0.7136523341827242
0.7036409747522595
0.6995405736982219
0.7210483145570884
0.6931850497205854
0.7015646585595083
0.6949935455051045
0.6863247047172387
0.7003498009360682
0.6851636618315495
0.6873141063106143
0.703588657385323
0.7001209820849067
0.7038901823345769
0.6968972520467125
0.700460219236509
0.7009154963387898
0.6929939056682554
0.6909583455095067
0.691785276223964
0.7212193677784807
0.7071437437691585
0.699636899096004
0.7128429870220774
0.6991947449814089
0.698960806949153
0.7040679120473042
0.6953508170652997
0.702097350227436
0.6912758321696483
0.6921480919480977
0.7004304289503231
0.7057973023108498
0.6997100444843497
0.7101737246390314
0.6852481313636842
0.6882918437016713
0.7000240433097303
0.702992317394364
0.6963095352480466
0.6989090938257293
0.6904207762938468
0.6974646853793008
0.6972748543830068
0.6791215451318039
0.6896994533644389
0.6796155991461718
0.6932263597780102
0.6919250545642104
0.6806952785670736
0.6917864438993209
0.6871728455108391
0.6949379678471308
0.6863689883390297
0.688838240942108
0.6867801582947091
0.7006943708646314
0.6761530116288971
0.6761896162510187
0.6770780248305925
0.6834098283163176
0.6915648305104685
0.6986111906787684
0.6979427829396124
0.6936721104625357
0.6936807876451051
0.6810722213172034
0.691190981099589
0.6807202941786333
0.685584435933153
0.6963542049765475
0.6852858511565956
0.685624516080219
0.6891389091398082
0.6823302471987104
0.6989834631931718
0.6936615339706962
0.6933524086115872
0.6882279388280008
0.6797594713187172
0.6900242676369698
0.6831301024986651
0.6960256996987897
0.7026811226586805
0.6871717977759682
0.7006163687799533
0.6718918169565596
0.6820110252456518
0.6841712124730182
0.6776275351269005
0.6805664753971827
0.7065549645282613
0.6901085698824517
0.6927782909710016
0.6772955647553048
0.6902744862587015
0.6737706461246481
0.708950679522046
0.7060907105967524
0.6907487303844709
0.6906763648867847
0.680964135138441
0.688973283084569
0.6888753138260446
0.6963123780467583
0.6904141093077236
0.6846542302760718
0.6816578530184035
0.6835096433624711
0.6997214044731426
0.6838211988535189
0.6918191854870839
0.6838610112525694
0.7021124395344747
0.6812549170595137
0.6883543770253134
0.690195133071252
0.6836325483055502
0.6865114950721887
0.6797675271462984
0.6916929777597864
0.669523051170423
0.680204182280816
0.6834574312029854
0.6986728045015913
0.6862599174697143
0.6858515825658673
0.6725415928704972
0.6729185467898353
0.6809639628239174
0.6760171400068686
0.6718176100421748
0.6840039698568746
0.6943243710830009
0.6826731729968128
0.6779854140384807
0.6945575688194142
0.6788986900301603
0.682852497535255
0.6849825940595522
0.6925657843576835
0.6772345277221576
0.6859276298292244
0.6923845498006702
0.6742434465252424
0.6811582541112252
0.675453422713969
0.6724885827810501
0.6842304224660479
0.6753364774877263
0.671074124791869
0.687481665762296
0.680217526624162
0.68179211527592
0.6746808628735209
0.6818912650744836
0.672727174446312
0.6929815198431586
0.6637617375213252
0.701878428795858
0.6739165380300713
0.6761907572969339
0.672938475498434
0.672082727298447
0.6765010170015278
0.6825085130177757
0.6883437986361665
0.6951617890910631
0.6702083089399701
0.6816899772972284
0.6881206492162625
0.6809404390277856
0.6811403143539638
0.6709096206752877
0.6610177838545284
0.6750350378282586
0.6936286051496368
0.674949791524373
0.685558557398991
0.6732969735072037
0.6812933408156692
0.682223424913531
0.6781706903832514
0.6780378741192358
0.6712489408323745
0.6778198308805619
0.6774012242398301
0.6779886014738454
0.6753460066776217
0.674235902425004
0.6783056404070439
0.682392241423346
0.6770767949016808
0.6814074291819379
0.6819052297945237
0.6803067657079415
0.6836274402817691
0.6755890116536484
0.6728470841901467
0.6726232903623408
0.6689737198958691
0.6720346010836059
0.6802051200197162
0.6791417833054512
0.6825076881722277
0.6847580741867894
0.6767567426713301
0.6798490801608328
0.6776109804998905
0.6840433845271899
0.6715048112331996
0.6813894570558043
0.6745180330672709
0.6654841317419229
0.6678385761097511
0.6727102428228733
0.6817217714275109
0.6664576997044344
0.6625622280107418
0.6703642989208564
0.6972566770019025
0.670112437423692
0.6713795061608268
0.6846534434420185
0.6715792230135059
0.663060699944788
0.6759176384550922
0.6672849100738856
0.6828996336227336
0.6750841729256006
0.6927142632893548
0.6735047007304187
0.6744443583920212
0.6756021389443188
0.6749924816755429
0.6666778419877489
0.6561728007189962
0.6742314830150801
0.6616857651799959
0.6641483596000776
0.671434333523077
0.6751747136255964
0.6609186373981765
0.671196646606649
0.6639025080618883
0.6697298947084223
0.6659425481154869
0.6873362078646195
0.6646306041466906
0.6696902687424442
0.6597770036119698
0.6636060827537624
0.6697606674975728
0.672041861643551
0.6575616479779444
0.6590810841499055
0.6720250674548658
0.6710334718436005
0.6616988837446985
0.6647609358828426
0.6619149702120641
0.6693853472694047
0.6667877923187194
0.6741050237827122
0.6624640428972925
0.6686663353368476
0.6707946897653982
0.6659360609520102
0.6644716144417823
0.6756255742099181
0.6593152026284841
0.6651964774969421
0.6491400258201192
0.6652265582550095
0.67396470037867
0.6685072229853138
0.6569132296657353
0.673144952030404
0.666700392264107
0.6673871242443031
0.6635312781587901
0.6683402365274146
0.6645730394709838
0.6578860049469715
0.6728180802123264
0.6551795714041035
0.6636810292528199
0.656585288050002
0.6548532276807889
0.6719345489721046
0.6548083603980968
0.6622442895279098
0.660782636222962
0.6556059236914037
0.65389113659206
0.6657982167956213
0.6712490609930231
0.6758308270412163
0.6564936146013945
0.6599966819442834
0.651608850115757
0.6606470174239087
0.6705625099942579
0.6641026377078634
0.6706059015415484
0.6732083688771003
0.6672178552528726
0.6680885654796267
0.6748954048749538
0.6769868261190246
0.6555492201989578
0.6580338743956001
0.6614698356976203
0.6475890101191099
0.6706076283980743
0.6785814272801313
0.6627174434033428
0.6625384441188471
0.6702993466318243
0.6625413519395463
0.6639995953786958
0.6666528322389301
0.667671133126555
0.6611394005280211
0.6623726482786196
0.662062152793462
0.6556980099050532
0.6507533510842689
0.671532858380426
0.6501799955871183
0.6588603500313689
0.6743747747019551
0.6654522986990894
0.6528742575658804
0.6603113095867078
0.6561054220304553
0.666718620693742
0.6658417070196148
0.6674591664119937
0.6559417055756959
0.6687294937549298
0.665214570234478
0.6548744816646874
0.6466608436456261
0.668006000610469
0.6504217388382321
0.6613889260975431
0.6613131760413219
0.680021299196079
0.6640206188266988
0.6522229791378604
0.6601449467163526
0.6580928966122516
0.6661106367886763
0.64948205864252
0.6493080557183285
0.6690420505725749
0.6531577770084984
0.6583052478822741
0.6576719363336792
0.6551339096908083
0.6676861241452295
0.6609244005501826
0.6626968430756937
0.6565434691367821
0.6770357493048379
0.6622829505709886
0.6694017577414548
0.6594341973459971
0.6572795901500358
0.6660907838853208
0.6636556598898349
0.6527255022149261
0.6569536398901198
0.6509296250428064
0.6548053505293376
0.6503870202912244
0.6583379501221372
0.6591008042060911
0.6438694439547648
0.6489540136390437
0.6658849529213613
0.6587722230838192
0.6570636314964492
0.6733930616921232
0.659482205865147
0.6524082943799964
0.6626010765517186
0.6591075498248177
0.6560772417707077
0.6611875392352136
0.6550277849484317
0.6377005130861632
0.6396891301338892
0.652793136675558
0.6656901939668962
0.653050039153182
0.6517136885480506
0.6571391688298898
0.6591204324935311
0.6506512579258404
0.6553214957979115
0.6409098104282003
0.6614405297913551
0.6460623224835487
0.6540746525623984
0.6378864899173377
0.659607825748737
0.6554702488251289
0.6578940975379741
0.642057036869486
0.6755838998544246
0.6632956230823923
0.6583805029784296
0.645771598634993
0.6491181652125173
0.6460752976627362
0.6417476124018487
0.6445521456886671
0.6544186357305278
0.6516449161172093
0.6575332080683554
0.6619874216322976
0.6628956354656674
0.668009579238904
0.6645150799479871
0.6411349006675837
0.6527268329423972
0.6386213926324373
0.6526277103157854
0.6419574140781728
0.6536645357677602
0.6613073741460248
0.6552919960958022
0.658859361631
0.6516560331291797
0.6464223869233596
0.6530877821225195
0.6543256411566274
0.6463534943866234
0.6550843143003371
0.6473531813355989
0.6415924444604658
0.6598231132807723
0.6485622306527069
0.6410711822873911
0.64559930838044
0.660650091889309
0.6499955106227966
0.6493002471373455
0.6574106606121222
0.6525731531518144
0.6545577738749575
0.6455479112053184
0.6547154904151159
0.6472022936971938
0.6615785611131293
0.6504196826065674
0.6504829175660679
0.6481101074121811
0.647988454132627
0.6357913017305173
0.646071197582675
0.6492478778296062
0.644849685701881
0.6429445876706761
0.6503178341460145
0.6562061292938726
0.6587583106772944
0.6527353528227315
0.6505203503521939
0.6408515309551719
0.6541820267886822
0.6463864403760734
0.6462030561284102
0.6609975832656252
0.6479525738766415
0.6362007481187532
0.6432730966564216
0.6578676118412867
0.64494245734257
0.6639885739985688
0.6534051974934247
0.6547677734548399
0.6497667359207809
0.6564533571102882
0.6420225608188409
0.6501540070269335
0.6530198734547061
0.6576871061433431
0.6397440100631068
0.6563661472858293
0.6444504758724188
0.6456982439575453
0.6448953976023536
0.6487044802271047
0.6446377672951618
0.6386447208663822
0.6296477742323108
0.6383375586994007
0.6484366547907738
0.6390128374632605
0.6437472972108687
0.6597447898151618
0.6409745815007031
0.6478719829004062
0.6403421478473224
0.6539092730076432
0.6397200256400372
0.6556287826836833
0.6581613439211585
0.65143618976182
0.6487620410212172
0.6488964209343934
0.6416212233678995
0.6504220315597116
0.6419954449198229
0.6405139787966598
0.6410245959305605
0.6518801325235262
0.6522287729827914
0.6404590617835253
0.6430479796563006
0.6562627291194729
0.6550751207160463
0.6477363374379004
0.6530080290373096
0.6440388962292557
0.6423768144711615
0.652791298262111
0.6430827648437496
0.6388429503535008
0.6404137022495305
0.6469740545284636
0.649466120738381
0.6383721951223557
0.638761448219345
0.6469421335290159
0.6422473494484282
0.6429253977049699
0.6440438033594282
0.6554948223504148
0.6414824979475918
0.6474963710683204
0.658114214696619
0.6311431715454414
0.6380119164788229
0.646906786971905
0.6464834584271273
0.6317761547435263
0.6492323656839587
0.6409024558063358
0.6545479959291396
0.6439127049770781
0.6386189356781219
0.6444103507844778
0.6329588161218606
0.6426768763201235
0.6478720949642583
0.6458939080374976
0.6497174321004964
0.6433572266919391
0.6503289908820671
0.6480541677930185
0.6452819201078561
0.6446793909879319
0.6465403927549933
0.6449565346566273
0.6369792461632513
0.6470755744600691
0.6331443313630702
0.6362576183656452
0.6416889612620464
0.6418707986435076
0.6302389571998164
0.6418274890135255
0.6398284577809563
0.6334255549687156
0.6366368397176555
0.6374168199131287
0.6405147839386082
0.6528861984936316
0.6390539218708183
0.6473034150985191
0.6436720762902584
0.6381842540520805
0.6308927357690272
0.6470200533768021
0.633344570679801
0.6406399461195936
0.6371184779160195
0.655062102925333
0.6382900648599583
0.6387425766237635
0.6544385083207814
0.6339229698808343
0.6481235778894823
0.6452144450490268
0.6528766018786866
0.630408332286952
0.6300743464518349
0.6412828753671983
0.6304551143484715
0.6287169026586203
0.644211325248976
0.6390046266117586
0.6420103903463711
0.634718521232233
0.6260131847215069
0.6396277920427698
0.6312021223712164
0.6360573753618649
0.6400173866742256
0.6352205581103071
0.6493905490259911
0.6450742741505736
0.6284250829852988
0.6362147581512348
0.6442749490428671
0.6321264191964729
0.6427332628436004
0.6471989503955656
0.6561805123886603
0.6340024181843202
0.6393901047567984
0.6342022691713338
0.6379241459996338
0.6273126503344255
0.6366441502978406
0.639168474252275
0.6455902825585186
0.6290503895851217
0.6430119230069886
0.6332347968377464
0.6335543203294154
0.6406366416972933
0.6362503838838282
0.6354507338116289
0.651062151014524
0.6396503929705968
0.635923819965816
0.6584424150805349
0.6355104593748386
0.6379359975559277
0.6282921879390718
0.6469029473657585
0.6519662464821139
0.6360003384592158
0.6409682185067321
0.637279949912777
0.643851752613066
0.6448586319180943
0.6347492520760176
0.6310377567972164
0.6337547660196636
0.6272300816881511
0.6291985639009912
0.6490560369239533
0.6468269894307759
0.6405164041788834
0.6384323725700302
0.6385959853656923
0.6373513121147167
0.6316856187422981
0.6391492002335434
0.6333291545934939
0.638807850477925
0.6359857647497829
0.6356433340978003
0.6349880760200688
0.6307340852659034
0.6437889761052454
0.6346523023496302
0.6429404370764364
0.6361018620267984
0.6466548047054147
0.6347440901090979
0.625538971000845
0.6409161613402975
0.6396434074753508
0.6461100867945752
0.6385462080863603
0.631954942128175
0.6393478206434535
0.6406175542128577
0.6349989320248656
0.6442893626986765
0.6440777428554121
0.6382610965388531
0.6296452806833982
0.6425392589787774
0.6425570062318325
0.6361193984000629
0.6380073853731583
0.6427320014604245
0.631549344209484
0.6254748903607992
0.6353581892512449
0.6371064015688894
0.6363599842736875
0.6389666386103985
0.6200084275872518
0.6336089470278002
0.6223914664046011
0.6323560657945319
0.6332651375104437
0.6378425728572117
0.6305665245508477
0.6262682231282206
0.634707501061386
0.6379476503482442
0.6263922361624955
0.62791007228913
0.626659841754943
0.6364973279874936
0.6365658494442118
0.6248901423105729
0.6330212741319087
0.6256874639499121
0.6188318501033345
0.6245140076090548
0.6394463592142641
0.6209845751477094
0.6373164632626743
0.6397489537613219
0.6319861212120693
0.639649642642879
0.6269474777775633
0.6234126556924506
0.6347746069670933
0.6219000863496265
0.625291875657909
0.6231892910344815
0.6265044048669739
0.6202735901521137
0.6301878592022446
0.6354358557908872
0.6319269845672483
0.6272480937005384
0.6370553005880781
0.6323419294436088
0.6330664554083506
0.6296626664497177
0.6179961713886178
0.6281209775101881
0.6263834852024727
0.626196921934011
0.6251899249952599
0.6321294207984528
0.631240727706952
0.6370784422516057
0.6202099044640205
0.6362976145298728
0.6265783607980785
0.621493647382361
0.6230907966589696
0.6297786724262233
0.6189962775253653
0.6308821453613901
0.6224829569217741
0.6343702942687447
0.6280441386595746
0.6254125738270525
0.6324797519297827
0.6266372507351319
0.6310650360966094
0.629695692562374
0.6173560038456324
0.6282185859866961
0.6421565054177247
0.6289691904924398
0.6257858676011053
0.625276771699834
0.6261633798766384
0.6344308703540347
0.6291059407872118
0.6236453808268237
0.6236400261757268
0.6265659160446836
0.6305435713737128
0.6279665416564145
0.624373186301981
0.6325856451168558
0.6246529945899683
0.6361965609314383
0.6157676327371988
0.6288818330572972
0.6366199438702588
0.638169621612147
0.6294429151409997
0.6263990800012924
0.6207933786397849
0.6347307938803278
0.6160999823427101
0.6108910658296012
0.6281098795832731
0.6262232929632024
0.6291042542188785
0.6370349271057151
0.6290675499030938
0.6216428051955816
0.6376896675246394
0.626707855568841
0.6306932856303028
0.6256116895936029
0.6180511384329364
0.6166677718516645
0.6260509804196461
0.6256670980881305
0.6173618031694298
0.6205131800763531
0.6214078161352758
0.6348253420508307
0.6225778752811775
0.6204109207174123
0.6265460294585663
0.6156886428139853
0.6133491200418341
0.6200068227173173
0.6225283486415204
0.6260908814002982
0.6275511762087703
0.6201954410400747
0.6244676416592982
0.6294391820458994
0.6190427291332439
0.6181420461185589
0.6098714263803455
0.6323818715706534
0.6208284110874265
0.6306978636238321
0.624551398629108
0.6339380926118052
0.6321731742932829
0.6273567854865268
0.6414412463993941
0.613481638469294
0.6224829318393973
0.6281522593380178
0.6272047080471449
0.6339906315328114
0.619916813844208
0.6190998849110158
0.6186200843586372
0.6143152965253017
0.6167041394836791
0.6307030898342985
0.6323654832611014
0.6295483800472403
0.6196687132372902
0.6202545498305103
0.628149244081835
0.626167501624417
0.613461210145328
0.6103307013317981
0.6232863475985634
0.6393899548861606
0.624129186569454
0.6180372829118304
0.6186808983707992
0.632609707229284
0.6308702742882399
0.6342835175085362
0.6359642112888083
0.6233813885984869
0.6180398470857771
0.6198907682029686
0.6186733998406393
0.6200946046138652
0.613961391010865
0.6253392185834598
0.6244175528557983
0.6293537727359729
0.6104769531137467
0.6216300235935577
0.6375836190982431
0.6243966773592858
0.6115904302632054
0.6176120518074786
0.6357226074320934
0.6223341402498896
0.6231160591020373
0.6259067044057842
0.6210955580626476
0.6244859812593594
0.6064171764198046
0.6203041554232539
0.6319833260726992
0.6183003708543754
0.6184039838200761
0.628157004097448
0.6237742714019567
0.6234302924858182
0.6223304755199385
0.6183219568431769
0.6202372547567666
0.6160885860889125
0.6167815483129034
0.6267988791466743
0.6337241155745758
0.6203609861458432
0.6183022042448345
0.6354954613331726
0.6117648832551075
0.631819786028274
0.6304211517675972
0.6210473348287058
0.6140890680503684
0.6210780462052093
0.6193511548058139
0.6137019275587098
0.6246105738840808
0.622138620587219
0.628236812106303
0.6299037424428741
0.6157914628941116
0.6236084366960135
0.6237508206337837
0.6193945760482961
0.6160460959485301
0.6299650989024896
0.61601688921494
0.6154386498893817
0.6277731697994433
0.6270177053514873
0.6304224998019967
0.6272391863098945
0.6313089217011042
0.6215589480712062
0.6264976467431225
0.6115850805410953
0.6251812565780621
0.6204986060895239
0.6168979555806773
0.6239690354077618
0.6186732776060869
0.6165965864000718
0.6212094108413868
0.6004762119027759
0.6200147841301584
0.6222069064210871
0.63341367285359
0.6109989942265052
0.6234465355400158
0.6225610253967822
0.6256180693318719
0.6129167095634258
0.6249112469376353
0.6285095012381252
0.6231092311947019
0.6122181266325558
0.6158979958317051
0.6216024842118644
0.6319590382910326
0.6259332584731883
0.6231873308336675
0.6140020827061066
0.62066655226652
0.6104700506426362
0.6283314479567962
0.6279969595673874
0.6310607427538976
0.6078256316790352
0.6128993285525408
0.6030345513555793
0.6173383616531144
0.6091155447833755
0.6216561390013916
0.6270317882162476
0.6124235471543465
0.6159361254682137
0.6271609298548777
0.6020478035649823
0.599637033775081
0.6232682123598772
0.6209934907752661
0.6111152625194638
0.6178287738652831
0.6268749733304935
0.6237133249388703
0.6253488753910632
0.606484322589238
0.6252513826473303
0.61876085073851
0.6117370214746894
0.6249503851143099
0.6222458676212429
0.6076650876285511
0.6185988279901135
0.6109956716265084
0.6093099292028474
0.6165484452799163
0.625440756450817
0.6179496764230863
0.6148898653298718
0.6281135919131723
0.6094452131995769
0.6169360059968841
0.6152713667913504
0.6307530083546083
0.6139545363325856
0.6201679372063061
0.6124936625950679
0.6214576575527214
0.6175056639966192
0.6163435553975685
0.6226873790055721
0.62448074294727
0.6220792646237754
0.605429549962141
0.5988881156875242
0.6162412477440153
0.6220440737698347
0.6045660010854716
0.6160577227054668
0.6260212755544106
0.6106042526439807
0.6163838230717062
0.6143082203939254
0.6141950754242366
0.6185432158316145
0.6006628812917093
0.6188767192558721
0.6074572011291518
0.618801686649434
0.6180299817514382
0.6137569609542175
0.6078722073226454
0.6098750113427553
0.6217771256340794
0.6131873342888299
0.6033299468860821
0.6140503122176622
0.6214168723107198
0.6028826228355544
0.60511515858677
0.6182192490214928
0.6191206033341488
0.6144287535757751
0.6146597730964143
0.6134183532788358
0.6121855197446314
0.6242154988768487
0.6194081930160664
0.6146041234736837
0.6189057359347904
0.6119337788932341
0.6143124900207524
0.6136391737594498
0.6042976435312637
0.6150794533265832
0.6212062346375857
0.609590193294129
0.605484179895503
0.6154572186779236
0.6077589533391767
0.6036711611191007
0.6213122190115007
0.6080133258779857
0.6028391361723057
0.6055653367516982
0.6133641825167803
0.6144304090521541
0.603854087739648
0.6107917768563186
0.614424683409713
0.620530540012126
0.6111603196707546
0.6049228300818263
0.6067559498632928
0.6187802815726473
0.612029203828403
0.6147906573633739
0.59838648432488
0.624164524211064
0.6066151189971002
0.60416573202174
0.6080883819780866
0.6207810183654465
0.6145495532142196
0.6048234804515104
0.6148286983848751
0.594970787337638
0.6160228911491061
0.6215299055232513
0.6213220451276844
0.6119881509053311
0.6159343065767182
0.6088571166716329
0.6160445462486567
0.5987752120634448
0.60460419393268
0.6013991787481309
0.6014947209603734
0.6176808223272574
0.60758122977945
0.6109187172425685
0.5934560820666708
0.6042058882565626
0.6064468267469327
0.6154764933289354
0.6142396509617715
0.6011728622900212
0.5990842871124322
0.61215629991966
0.6103491805488704
0.6167375592823591
0.6075578075641678
0.6097550587263005
0.6169793990381359
0.6066172725981095
0.6179834182052183
0.6051673747543331
0.5998748925087042
0.6081882559898376
0.6001211866588019
0.6077079972263804
0.6088670986111745
0.6067741708026467
0.6157426896913146
0.6064993626308463
0.6170365528835975
0.6085446648683209
0.6021375852825741
0.6103498067429782
0.6149480742469804
0.616328076014152
0.6047300772865085
0.6072675340030472
0.6007493284817828
0.5968109151709581
0.5969603591139889
0.6115328688348931
0.6132637649327799
0.6096034460835548
0.6015560038684123
0.6056598406716714
0.620935715924214
0.6150227535972703
0.6097141442341432
0.6190139518617422
0.6080120406464883
0.6099793689192708
0.5880675926894195
0.6136253919964493
0.6106013633111458
0.6116027796877692
0.6123334233000763
0.5994307349700859
0.6126902916925766
0.6012069406878794
0.5986637405978448
0.606751908014507
0.6122296053236818
0.6123566081085972
0.6067127004641992
0.6279970339736305
0.6003055151585911
0.5995827353187098
0.6035063269186359
0.5939691021469137
0.5986530013771718
0.6019916969563041
0.6136493682149812
0.6082281057425114
0.5981589959454574
0.5972845853669809
0.6097728568170899
0.6026927159071852
0.6130444795221267
0.6037219924625291
0.6062459128986295
0.609388341487834
0.6122157821583029
0.6127759457786901
0.6067108368267028
0.6124383639374469
0.6040949517697711
0.6067485679297399
0.6115532653304201
0.6088136601582406
0.6112395829340113
0.6198838025399835
0.6056003178814576
0.6262903839487609
0.5918884827246909
0.6062111799452664
0.607627562813848
0.5983204653546976
0.598258517327473
0.6105935383510778
0.6085480249418064
0.6196412368563454
0.6067492652957811
0.60964561443393
0.6110912356498197
0.5927830736251279
0.6132507561008044
0.6091365983826821
0.6004052231226058
0.6042494547390651
0.6029041985615128
0.6165668414323955
0.6087585056446572
0.6105195009885341
0.6072457375668486
0.6002896226222957
0.60588058166051
0.610870512433278
0.6078640230153107
0.6079208553063561
0.6011403250946507
0.6192443552536863
0.606037346500323
0.597596367520246
0.6000497673227461
0.6016968037028274
0.6072075706689767
0.6200916380851241
0.6047501388281438
0.6088288783297665
0.6122962448263298
0.6009557385747439
0.6071020123778019
0.6011345295423994
0.5896700450431027
0.6087259741828932
0.598900192382383
0.6178849220296245
0.6010570363053669
0.608678749897426
0.6050966637537157
0.6049245079963973
0.5965114043634834
0.6079575412734032
0.6133059937898011
0.6045667958233563
0.604772425385144
0.5963156198962789
0.6050895515028538
0.599205758704126
0.6088931941841841
0.6059939602101797
0.5974873723009873
0.6123274868829892
0.6075318058553156
0.6070403784449435
0.606652695676123
0.6068963440827382
0.5922339615878927
0.6036305932912868
0.6090321667233211
0.6056760506302321
0.6054161412056134
0.6053545077392832
0.5899262408493605
0.6090826468839526
0.6121896990360911
0.6154496599236506
0.6046062815535072
0.603232238586682
0.604604593762853
0.6019287366272893
0.6203876377076741
0.6079328166476455
0.6088752836361414
0.6025103876619174
0.5998155929939972
0.6170229751527988
0.5935542694987836
0.5968142655629518
0.5947765448780216
0.6000319618216864
0.598042264842557
0.6098851957745103
0.602059554343428
0.6005427076726698
0.6047851880715056
0.5974567039648374
0.6012268101178722
0.5975651162294628
0.608858466677865
0.5994036956564189
0.5988639557659965
0.6170323398387029
0.6012211442736135
0.5941187425766878
0.6020913175895511
0.6023014917649887
0.6075288680320333
0.6023812411083258
0.6010478350416416
0.5926344476765781
0.6011405035700491
0.6029127164997964
0.600364418363223
0.5981433548640719
0.6019317240141758
0.6048917394513851
0.6058671676187543
0.6066507060638046
0.6130035977835023
0.5990371546450741
0.6040771588951551
0.6025354130027734
0.6015087447161531
0.6024440060343607
0.6069908547219008
0.595773637442265
0.5945262867437469
0.6077243967239911
0.6005305163758102
0.608604303681393
0.602292522113889
0.6001160868541539
0.5970478152790702
0.6125420785223149
0.5955662836340438
0.6017175258603785
0.5938157483994121
0.604608369040157
0.606755458833164
0.6046771047441308
0.6123915563866431
0.5996828481676443
0.5930278361003968
0.6001865327922404
0.5987222060697264
0.6030715825294333
0.6044386493003706
0.6161731546506112
0.5919249845166061
0.603593995731478
0.5911912238863265
0.6045562471280924
0.5999646865021346
0.6025196121909161
0.5944960152743234
0.609723175169222
0.6074055712053573
0.6028472749309001
0.5969448294563208
0.5910329550923457
0.5996855854344514
0.60385673933409
0.5969101094531624
0.6092095857832855
0.5955185886462271
0.603540401750791
0.5946087012391589
0.5986326048077347
0.6041519186339431
0.5958363319158959
0.6110584111972657
0.6000566009085065
0.5902430460669815
0.5957183447772436
0.5958708510569094
0.6015183168115068
0.591814836348286
0.6027055480744186
0.6001484138738211
0.5943752079686174
0.6027946827187964
0.5904615028070618
0.6074627548339286
0.59532353296863
0.595540013399674
0.600479353920168
0.5995952643871645
0.5982531834199126
0.5913344497066595
0.6049174513611147
0.589383738689776
0.593788034832984
0.5906146968946222
0.597625383260429
0.5935687132573446
0.5890296456458711
0.5900278574751923
0.6088880618419102
0.5955384709232489
0.6011273063013278
0.6054924421839115
0.6024265035345611
0.5994434770418099
0.5955915485491846
0.6019546408002385
0.6029010724500814
0.5947922752413609
0.5924240470711976
0.5940533467057846
0.5930108214241921
0.5821706816505021
0.6039922942997462
0.6071159084471502
0.6043053299865806
0.6022708811348693
0.6066629133610298
0.6033059156138043
0.6130371024803823
0.6006592081801063
0.5938004894525563
0.6045513283100507
0.5974134232267312
0.5893080485895816
0.5980572139837403
0.5965078779482815
0.6017648824659262
0.6064172893173958
0.5957702324685749
0.6006993493771654
0.5976012235031628
0.5980949315197419
0.5914434233090072
0.5925555343584061
0.6091975131827735
0.5921080237112146
0.6076710397132096
0.6125025695593691
0.5925814181992765
0.5841681574263062
0.6002577732229187
0.6012408725132189
0.6005754765720835
0.5936580796028901
0.6013130023320727
0.5899171552028483
0.589948794194199
0.6061624481420131
0.6055150297895356
0.6001535319223271
0.5998035817406817
0.6093558512669816
0.5855851768225496
0.5964834643627032
0.5936393067643355
0.5912680645551945
0.6004848150104942
0.6087089956580948
0.5930813801294912
0.5880663034516558
0.6019428803749348
0.6013792552175262
0.5923999672028655
0.595460816685334
0.5891509939674068
0.5960368564774827
0.592349123043919
0.6015786977632119
0.6058500030726675
0.5924373758405478
0.5935200417226454
0.6059148189745445
0.5933545946387712
0.5876902250181323
0.5920376282900202
0.6067551345469955
0.5909279444199091
0.5945515650137698
0.5946808319674218
0.5976406150368476
0.6044500970139705
0.5838246236093656
0.6014419508294998
0.5873099359019667
0.608292189204237
0.5865774812064717
0.5975900378052238
0.6004573723231674
0.5890124403132091
0.6132574462063313
0.6019657188458832
0.603151464977452
0.5963402151609611
0.5868276692492751
0.5957965517078352
0.6027822337609424
0.5923903587169935
0.6014451267948231
0.600790564083485
0.5879343748677964
0.5922400347859371
0.5932264871104783
0.5957270050412563
0.5961431099923687
0.5914139448207406
0.5946729165755109
0.5897817712756258
0.6026509740603384
0.597468707188863
0.6102196275605505
0.5861296715879867
0.6014938645927141
0.5903906280068301
0.6022551304539314
0.6018738198337218
0.5982851581137926
0.6040757104826469
0.5979770431382966
0.5844452184357488
0.6025767850645032
0.5904653679374093
0.5975870707313475
0.6022758643695183
0.597604526384206
0.597827705143856
0.5961450173825598
0.5894395734800336
0.5902358934052245
0.5949439511616765
0.5986334080702688
0.5977311599161864
0.5977799061201621
0.5962259548703736
0.599548089758595
0.6027923435182673
0.5984205267478032
0.585604436754057
0.604176951128725
0.5964749627702497
0.5889392305665052
0.5940059038730717
0.6029037586151336
0.6012375159325876
0.5970953280036064
0.5998360498786618
0.5993602571563666
0.596497916976945
0.5983598005532718
0.5913875407447017
0.5890818589339398
0.594965414770604
0.5962393866357437
0.6053957850380156
0.5819803942386559
0.598818362708062
0.6022578134213558
0.5956639938573359
0.599862120794664
0.5910892722414597
0.5951350685240491
0.5930062107190816
0.5884500106008252
0.5925896443488224
0.6009812698576021
0.5991135403549048
0.5873813551302358
0.5994094489751135
0.5986458353791405
0.5976597072003178
0.6042567597372203
0.5977967509025519
0.5870052735674474
0.5878238911456467
0.5897485716114218
0.5944288912750174
0.6040502007435353
0.5843431789715505
0.587058928424204
0.5955717432611968
0.5972951023732398
0.5895460032493374
0.5924821987361732
0.5956973828827743
0.5914334381166653
0.5933618847447872
0.6043627117954717
0.589522177086518
0.5870158663571479
0.5911780002539877
0.598895846195875
0.5890611453240497
0.5993738771353438
0.5977997951060564
0.5801248169876798
0.5925551412123424
0.5893057147091033
0.5929717354839816
0.5869369325827459
0.5970087473230806
0.5836612533901392
0.5943094833811522
0.6048683727045201
0.5866725158564714
0.5866993533005876
0.5927732218200004
0.5883058628733482
0.6058483503545242
0.5997610457545779
0.5878018254561815
0.600169640869413
0.592286137503556
0.5878439034182257
0.5887319258066535
0.5843318776134123
0.5858673729795515
0.5951358417821202
0.5975369165311778
0.5924437051950028
0.5882637687402064
0.5895833643038872
0.5945304505537021
0.5924656425476339
0.5959894072802129
0.5875660924325309
0.584441172671108
0.5943964073463877
0.5927502170728164
0.5892174244933853
0.5963162798569837
