0.0625
0.06048387096774194
0.06854838709677419
0.059475806451612906
0.0655241935483871
0.06854838709677419
0.06451612903225806
0.06350806451612903
0.06149193548387097
0.06350806451612903
0.0625
0.06149193548387097
0.06451612903225806
0.0655241935483871
0.06653225806451613
0.06149193548387097
0.06149193548387097
0.06653225806451613
0.06048387096774194
0.0625
0.0655241935483871
0.06048387096774194
0.06048387096774194
0.06451612903225806
0.06754032258064516
0.0625
0.057459677419354836
0.07358870967741936
0.06955645161290322
0.06048387096774194
0.06350806451612903
0.0625
0.06048387096774194
0.06653225806451613
0.05846774193548387
0.05846774193548387
0.059475806451612906
0.0625
0.0655241935483871
0.059475806451612906
0.06854838709677419
0.059475806451612906
0.06653225806451613
0.07258064516129033
0.06451612903225806
0.0625
0.06653225806451613
0.06048387096774194
0.06149193548387097
0.06149193548387097
0.059475806451612906
0.0655241935483871
0.06653225806451613
0.06149193548387097
0.06048387096774194
0.06653225806451613
0.06854838709677419
0.06149193548387097
0.06048387096774194
0.06754032258064516
0.06149193548387097
0.06149193548387097
0.06451612903225806
0.0625
0.059475806451612906
0.06754032258064516
0.057459677419354836
0.06350806451612903
0.0625
0.06350806451612903
0.059475806451612906
0.0625
0.06350806451612903
0.06149193548387097
0.06350806451612903
0.06350806451612903
0.0715725806451613
0.0655241935483871
0.06048387096774194
0.057459677419354836
0.07459677419354839
0.059475806451612906
0.0625
0.06149193548387097
0.06754032258064516
0.06350806451612903
0.06350806451612903
0.07056451612903226
0.06451612903225806
0.07056451612903226
0.06754032258064516
0.06048387096774194
0.06149193548387097
0.0625
0.06149193548387097
0.06149193548387097
0.0655241935483871
0.0625
0.06955645161290322
0.06854838709677419
0.06350806451612903
0.06149193548387097
0.06048387096774194
0.06451612903225806
0.06754032258064516
0.06451612903225806
0.06451612903225806
0.06048387096774194
0.06048387096774194
0.06451612903225806
0.06149193548387097
0.06653225806451613
0.06149193548387097
0.07258064516129033
0.07056451612903226
0.06653225806451613
0.06754032258064516
0.06451612903225806
0.0625
0.06350806451612903
0.06350806451612903
0.06048387096774194
0.0655241935483871
0.0625
0.06451612903225806
0.06653225806451613
0.0715725806451613
0.0625
0.06149193548387097
0.06451612903225806
0.07661290322580645
0.06653225806451613
0.06451612903225806
0.08568548387096774
0.06350806451612903
0.06350806451612903
0.06955645161290322
0.06350806451612903
0.0715725806451613
0.0655241935483871
0.07459677419354839
0.07358870967741936
0.06451612903225806
0.0655241935483871
0.06048387096774194
0.06955645161290322
0.0715725806451613
0.06955645161290322
0.06754032258064516
0.06350806451612903
0.07258064516129033
0.07056451612903226
0.06754032258064516
0.07963709677419355
0.06955645161290322
0.06754032258064516
0.06653225806451613
0.07560483870967742
0.06048387096774194
0.08568548387096774
0.08971774193548387
0.06955645161290322
0.07056451612903226
0.0967741935483871
0.07358870967741936
0.08064516129032258
0.08266129032258064
0.07862903225806452
0.06653225806451613
0.07258064516129033
0.07358870967741936
0.08266129032258064
0.08568548387096774
0.06653225806451613
0.08064516129032258
0.08568548387096774
0.07459677419354839
0.07056451612903226
0.06854838709677419
0.08266129032258064
0.07258064516129033
0.06350806451612903
0.07560483870967742
0.07862903225806452
0.09274193548387097
0.0907258064516129
0.08669354838709678
0.07459677419354839
0.07862903225806452
0.07560483870967742
0.09375
0.07459677419354839
0.0655241935483871
0.07762096774193548
0.08669354838709678
0.07862903225806452
0.08165322580645161
0.07358870967741936
0.07056451612903226
0.07661290322580645
0.08165322580645161
0.09576612903225806
0.08366935483870967
0.0846774193548387
0.09375
0.07459677419354839
0.07862903225806452
0.08971774193548387
0.08568548387096774
0.08064516129032258
0.0967741935483871
0.0715725806451613
0.08064516129032258
0.08366935483870967
0.0967741935483871
0.08971774193548387
0.08770161290322581
0.08266129032258064
0.09274193548387097
0.11491935483870967
0.0715725806451613
0.09375
0.08971774193548387
0.07963709677419355
0.08366935483870967
0.09879032258064516
0.08669354838709678
0.08971774193548387
0.10383064516129033
0.10080645161290322
0.08064516129032258
0.09576612903225806
0.10080645161290322
0.09778225806451613
0.09274193548387097
0.09475806451612903
0.08870967741935484
0.1028225806451613
0.10685483870967742
0.10584677419354839
0.10584677419354839
0.08366935483870967
0.09173387096774194
0.09375
0.10080645161290322
0.08971774193548387
0.1028225806451613
0.0967741935483871
0.09475806451612903
0.09879032258064516
0.10483870967741936
0.0846774193548387
0.08971774193548387
0.10080645161290322
0.10584677419354839
0.0967741935483871
0.08366935483870967
0.09778225806451613
0.08669354838709678
0.10786290322580645
0.09979838709677419
0.12298387096774194
0.09475806451612903
0.10584677419354839
0.09979838709677419
0.1028225806451613
0.09576612903225806
0.10887096774193548
0.10685483870967742
0.1280241935483871
0.10080645161290322
0.11088709677419355
0.09475806451612903
0.09979838709677419
0.10483870967741936
0.11088709677419355
0.0907258064516129
0.10181451612903226
0.10383064516129033
0.09879032258064516
0.08870967741935484
0.09576612903225806
0.12903225806451613
0.0967741935483871
0.10080645161290322
0.10080645161290322
0.10383064516129033
0.1310483870967742
0.10584677419354839
0.11391129032258064
0.09375
0.11290322580645161
0.1028225806451613
0.11491935483870967
0.12903225806451613
0.10383064516129033
0.12701612903225806
0.10483870967741936
0.10383064516129033
0.10483870967741936
0.1219758064516129
0.10786290322580645
0.1159274193548387
0.1159274193548387
0.10383064516129033
0.11290322580645161
0.11491935483870967
0.11895161290322581
0.10786290322580645
0.11693548387096774
0.1219758064516129
0.1159274193548387
0.12701612903225806
0.13407258064516128
0.11995967741935484
0.12903225806451613
0.1219758064516129
0.11189516129032258
0.11491935483870967
0.13709677419354838
0.11895161290322581
0.12903225806451613
0.11491935483870967
0.11189516129032258
0.10987903225806452
0.1350806451612903
0.12600806451612903
0.13407258064516128
0.1159274193548387
0.11794354838709678
0.11995967741935484
0.1219758064516129
0.10786290322580645
0.1310483870967742
0.11088709677419355
0.125
0.1310483870967742
0.12298387096774194
0.13004032258064516
0.14012096774193547
0.13306451612903225
0.1461693548387097
0.1280241935483871
0.12600806451612903
0.12096774193548387
0.11189516129032258
0.14213709677419356
0.11794354838709678
0.13205645161290322
0.13205645161290322
0.12399193548387097
0.1219758064516129
0.13911290322580644
0.11794354838709678
0.1219758064516129
0.1280241935483871
0.14818548387096775
0.11995967741935484
0.1350806451612903
0.14012096774193547
0.1350806451612903
0.13608870967741934
0.1502016129032258
0.1280241935483871
0.14717741935483872
0.13709677419354838
0.13004032258064516
0.13709677419354838
0.125
0.12298387096774194
0.14012096774193547
0.1532258064516129
0.13407258064516128
0.13709677419354838
0.12701612903225806
0.1532258064516129
0.16330645161290322
0.1280241935483871
0.14919354838709678
0.1350806451612903
0.15625
0.13911290322580644
0.14012096774193547
0.14919354838709678
0.15625
0.13306451612903225
0.14012096774193547
0.12701612903225806
0.1532258064516129
0.1502016129032258
0.14717741935483872
0.15826612903225806
0.14919354838709678
0.14415322580645162
0.14717741935483872
0.14012096774193547
0.13205645161290322
0.14919354838709678
0.1592741935483871
0.1350806451612903
0.15725806451612903
0.14012096774193547
0.1532258064516129
0.17842741935483872
0.16129032258064516
0.15826612903225806
0.14919354838709678
0.15725806451612903
0.15524193548387097
0.16330645161290322
0.14415322580645162
0.17641129032258066
0.15625
0.15625
0.16431451612903225
0.1502016129032258
0.1461693548387097
0.15423387096774194
0.1622983870967742
0.1461693548387097
0.16028225806451613
0.15120967741935484
0.17237903225806453
0.14818548387096775
0.17237903225806453
0.1743951612903226
0.17943548387096775
0.15725806451612903
0.16431451612903225
0.15524193548387097
0.17036290322580644
0.18548387096774194
0.17338709677419356
0.17137096774193547
0.15625
0.18548387096774194
0.14012096774193547
0.16129032258064516
0.17237903225806453
0.16733870967741934
0.15625
0.1663306451612903
0.17036290322580644
0.16431451612903225
0.17842741935483872
0.1461693548387097
0.1774193548387097
0.16532258064516128
0.17641129032258066
0.16129032258064516
0.17036290322580644
0.16733870967741934
0.1693548387096774
0.1814516129032258
0.18044354838709678
0.16431451612903225
0.18245967741935484
0.18951612903225806
0.19455645161290322
0.17338709677419356
0.19455645161290322
0.17641129032258066
0.18951612903225806
0.17237903225806453
0.1844758064516129
0.19254032258064516
0.1663306451612903
0.1875
0.1814516129032258
0.1743951612903226
0.1592741935483871
0.1592741935483871
0.16532258064516128
0.17943548387096775
0.19455645161290322
0.15826612903225806
0.17237903225806453
0.17641129032258066
0.18548387096774194
0.1814516129032258
0.19657258064516128
0.19254032258064516
0.1905241935483871
0.1774193548387097
0.16532258064516128
0.17237903225806453
0.19153225806451613
0.18850806451612903
0.19254032258064516
0.1814516129032258
0.18245967741935484
0.1875
0.19153225806451613
0.2006048387096774
0.19254032258064516
0.1875
0.18649193548387097
0.20262096774193547
0.20362903225806453
0.1875
0.1844758064516129
0.20161290322580644
0.19657258064516128
0.20463709677419356
0.17641129032258066
0.19455645161290322
0.1743951612903226
0.2086693548387097
0.18548387096774194
0.1774193548387097
0.1935483870967742
0.1814516129032258
0.19556451612903225
0.1875
0.21068548387096775
0.21975806451612903
0.1875
0.2127016129032258
0.22379032258064516
0.21774193548387097
0.20665322580645162
0.19959677419354838
0.17842741935483872
0.19153225806451613
0.19657258064516128
0.20161290322580644
0.20463709677419356
0.19858870967741934
0.21068548387096775
0.22379032258064516
0.19254032258064516
0.2157258064516129
0.20262096774193547
0.19959677419354838
0.2157258064516129
0.2006048387096774
0.20262096774193547
0.21471774193548387
0.20362903225806453
0.1935483870967742
0.21068548387096775
0.21169354838709678
0.20262096774193547
0.1935483870967742
0.21169354838709678
0.22580645161290322
0.20766129032258066
0.19858870967741934
0.2157258064516129
0.21471774193548387
0.21774193548387097
0.2318548387096774
0.21370967741935484
0.2086693548387097
0.2157258064516129
0.21774193548387097
0.22681451612903225
0.21975806451612903
0.20362903225806453
0.22278225806451613
0.20967741935483872
0.20463709677419356
0.21774193548387097
0.22983870967741934
0.21471774193548387
0.23891129032258066
0.23487903225806453
0.2288306451612903
0.21169354838709678
0.2318548387096774
0.22278225806451613
0.2217741935483871
0.23084677419354838
0.23084677419354838
0.22681451612903225
0.21673387096774194
0.23588709677419356
0.22379032258064516
0.2006048387096774
0.21975806451612903
0.23487903225806453
0.22580645161290322
0.22681451612903225
0.22379032258064516
0.22681451612903225
0.24495967741935484
0.23891129032258066
0.24495967741935484
0.24899193548387097
0.24193548387096775
0.21673387096774194
0.2318548387096774
0.23286290322580644
0.23084677419354838
0.22580645161290322
0.23891129032258066
0.23084677419354838
0.23084677419354838
0.23790322580645162
0.23790322580645162
0.25705645161290325
0.22580645161290322
0.24294354838709678
0.24294354838709678
0.24798387096774194
0.2318548387096774
0.25705645161290325
0.23084677419354838
0.2368951612903226
0.25201612903225806
0.2530241935483871
0.25100806451612906
0.24596774193548387
0.2439516129032258
0.24798387096774194
0.2439516129032258
0.22782258064516128
0.22580645161290322
0.22681451612903225
0.2661290322580645
0.2661290322580645
0.24495967741935484
0.2590725806451613
0.26310483870967744
0.24092741935483872
0.25
0.2469758064516129
0.2560483870967742
0.23588709677419356
0.26814516129032256
0.23588709677419356
0.24798387096774194
0.2540322580645161
0.2560483870967742
0.25705645161290325
0.24294354838709678
0.2600806451612903
0.23084677419354838
0.2600806451612903
0.2560483870967742
0.2600806451612903
0.26310483870967744
0.2469758064516129
0.26411290322580644
0.24092741935483872
0.24495967741935484
0.2610887096774194
0.24899193548387097
0.2550403225806452
0.26310483870967744
0.2540322580645161
0.2530241935483871
0.26411290322580644
0.24495967741935484
0.24798387096774194
0.25201612903225806
0.2711693548387097
0.25
0.27419354838709675
0.24092741935483872
0.26411290322580644
0.25705645161290325
0.25100806451612906
0.24193548387096775
0.2862903225806452
0.27419354838709675
0.2620967741935484
0.25806451612903225
0.2590725806451613
0.27318548387096775
0.2752016129032258
0.25201612903225806
0.2610887096774194
0.25
0.26713709677419356
0.26411290322580644
0.2782258064516129
0.26411290322580644
0.2661290322580645
0.2691532258064516
0.25806451612903225
0.2620967741935484
0.2691532258064516
0.2651209677419355
0.24899193548387097
0.2661290322580645
0.28024193548387094
0.28024193548387094
0.26411290322580644
0.28024193548387094
0.2842741935483871
0.2752016129032258
0.2711693548387097
0.2610887096774194
0.26814516129032256
0.28931451612903225
0.2691532258064516
0.2550403225806452
0.29838709677419356
0.2651209677419355
0.2842741935483871
0.2752016129032258
0.28024193548387094
0.26814516129032256
0.26411290322580644
0.2772177419354839
0.2752016129032258
0.2762096774193548
0.2903225806451613
0.2852822580645161
0.2913306451612903
0.29435483870967744
0.2903225806451613
0.2842741935483871
0.26713709677419356
0.28830645161290325
0.2913306451612903
0.27419354838709675
0.29838709677419356
0.2933467741935484
0.2782258064516129
0.2923387096774194
0.2711693548387097
0.3064516129032258
0.2923387096774194
0.2782258064516129
0.28830645161290325
0.28024193548387094
0.2903225806451613
0.3084677419354839
0.28125
0.2852822580645161
0.2862903225806452
0.2963709677419355
0.2913306451612903
0.28830645161290325
0.2963709677419355
0.29435483870967744
0.3004032258064516
0.28830645161290325
0.3024193548387097
0.28125
0.30544354838709675
0.2933467741935484
0.29536290322580644
0.2782258064516129
0.29536290322580644
0.2913306451612903
0.29838709677419356
0.31149193548387094
0.29838709677419356
0.2973790322580645
0.28024193548387094
0.3024193548387097
0.31048387096774194
0.3094758064516129
0.2842741935483871
0.31451612903225806
0.30544354838709675
0.31350806451612906
0.31149193548387094
0.3034274193548387
0.30443548387096775
0.28931451612903225
0.29838709677419356
0.3235887096774194
0.31350806451612906
0.3094758064516129
0.2963709677419355
0.29939516129032256
0.3024193548387097
0.3175403225806452
0.29838709677419356
0.3004032258064516
0.3155241935483871
0.30443548387096775
0.29939516129032256
0.3004032258064516
0.31149193548387094
0.3064516129032258
0.3094758064516129
0.31350806451612906
0.31955645161290325
0.3185483870967742
0.32963709677419356
0.31350806451612906
0.2963709677419355
0.30443548387096775
0.3024193548387097
0.3286290322580645
0.3004032258064516
0.3004032258064516
0.3215725806451613
0.2872983870967742
0.29536290322580644
0.31048387096774194
0.3074596774193548
0.3125
0.32560483870967744
0.28830645161290325
0.31350806451612906
0.29939516129032256
0.3185483870967742
0.3215725806451613
0.29435483870967744
0.3094758064516129
0.3286290322580645
0.3225806451612903
0.3024193548387097
0.3316532258064516
0.3155241935483871
0.3125
0.32661290322580644
0.3235887096774194
0.36088709677419356
0.3316532258064516
0.33568548387096775
0.3155241935483871
0.3155241935483871
0.3245967741935484
0.3286290322580645
0.3245967741935484
0.3034274193548387
0.32560483870967744
0.32560483870967744
0.3215725806451613
0.3165322580645161
0.35685483870967744
0.33064516129032256
0.31350806451612906
0.33064516129032256
0.3397177419354839
0.3245967741935484
0.3185483870967742
0.31451612903225806
0.3336693548387097
0.33669354838709675
0.3286290322580645
0.32056451612903225
0.31451612903225806
0.3215725806451613
0.3245967741935484
0.32963709677419356
0.3225806451612903
0.3377016129032258
0.32661290322580644
0.3316532258064516
0.33669354838709675
0.32560483870967744
0.34274193548387094
0.3235887096774194
0.3477822580645161
0.3316532258064516
0.3215725806451613
0.3215725806451613
0.33669354838709675
0.3377016129032258
0.3397177419354839
0.33064516129032256
0.32963709677419356
0.34274193548387094
0.3286290322580645
0.3185483870967742
0.33669354838709675
0.34475806451612906
0.3407258064516129
0.3377016129032258
0.35080645161290325
0.35080645161290325
0.3528225806451613
0.3336693548387097
0.3377016129032258
0.3397177419354839
0.34576612903225806
0.33669354838709675
0.3346774193548387
0.35181451612903225
0.33669354838709675
0.3387096774193548
0.3397177419354839
0.3528225806451613
0.3528225806451613
0.3538306451612903
0.3538306451612903
0.35181451612903225
0.3377016129032258
0.34375
0.3538306451612903
0.34375
0.3538306451612903
0.34576612903225806
0.34173387096774194
0.3497983870967742
0.3659274193548387
0.3588709677419355
0.36189516129032256
0.35181451612903225
0.34173387096774194
0.3377016129032258
0.35181451612903225
0.3467741935483871
0.37399193548387094
0.36794354838709675
0.3497983870967742
0.3397177419354839
0.3528225806451613
0.3548387096774194
0.3649193548387097
0.3487903225806452
0.34375
0.3588709677419355
0.3387096774193548
0.3497983870967742
0.36088709677419356
0.3598790322580645
0.33064516129032256
0.3629032258064516
0.3286290322580645
0.3538306451612903
0.3629032258064516
0.36088709677419356
0.3467741935483871
0.36693548387096775
0.3548387096774194
0.3477822580645161
0.36088709677419356
0.36189516129032256
0.3629032258064516
0.3487903225806452
0.35786290322580644
0.3588709677419355
0.3639112903225806
0.3649193548387097
0.3709677419354839
0.3558467741935484
0.34274193548387094
0.36189516129032256
0.3548387096774194
0.3558467741935484
0.35685483870967744
0.3598790322580645
0.36794354838709675
0.3639112903225806
0.38306451612903225
0.3790322580645161
0.3901209677419355
0.36693548387096775
0.3719758064516129
0.3487903225806452
0.37399193548387094
0.3598790322580645
0.3548387096774194
0.3588709677419355
0.37701612903225806
0.36794354838709675
0.3780241935483871
0.3588709677419355
0.3649193548387097
0.34274193548387094
0.3699596774193548
0.3810483870967742
0.36794354838709675
0.3649193548387097
0.3800403225806452
0.35786290322580644
0.3629032258064516
0.37298387096774194
0.3901209677419355
0.35786290322580644
0.3810483870967742
0.3538306451612903
0.36794354838709675
0.3901209677419355
0.375
0.39314516129032256
0.3840725806451613
0.37399193548387094
0.37399193548387094
0.3719758064516129
0.3689516129032258
0.3719758064516129
0.36693548387096775
0.38306451612903225
0.3649193548387097
0.3659274193548387
0.3870967741935484
0.36189516129032256
0.38911290322580644
0.3629032258064516
0.3780241935483871
0.3870967741935484
0.37600806451612906
0.3689516129032258
0.3810483870967742
0.3709677419354839
0.36693548387096775
0.3911290322580645
0.37600806451612906
0.3659274193548387
0.375
0.3800403225806452
0.3951612903225806
0.3961693548387097
0.3709677419354839
0.3901209677419355
0.37701612903225806
0.38306451612903225
0.36794354838709675
0.37600806451612906
0.3810483870967742
0.3780241935483871
0.36794354838709675
0.37701612903225806
0.3719758064516129
0.3800403225806452
0.3800403225806452
0.3951612903225806
0.37701612903225806
0.3840725806451613
0.3850806451612903
0.39314516129032256
0.38911290322580644
0.39919354838709675
0.39314516129032256
0.3911290322580645
0.3840725806451613
0.3951612903225806
0.3971774193548387
0.38810483870967744
0.3961693548387097
0.3941532258064516
0.3941532258064516
0.39919354838709675
0.3649193548387097
0.3850806451612903
0.4002016129032258
0.3840725806451613
0.38306451612903225
0.4002016129032258
0.39213709677419356
0.3840725806451613
0.3810483870967742
0.37600806451612906
0.39818548387096775
0.38911290322580644
0.40625
0.4002016129032258
0.3810483870967742
0.3860887096774194
0.4022177419354839
0.4002016129032258
0.39919354838709675
0.4002016129032258
0.4012096774193548
0.3860887096774194
0.38306451612903225
0.4102822580645161
0.3971774193548387
0.3870967741935484
0.3951612903225806
0.39314516129032256
0.39213709677419356
0.39213709677419356
0.38205645161290325
0.41935483870967744
0.3911290322580645
0.40524193548387094
0.39314516129032256
0.4022177419354839
0.3971774193548387
0.41431451612903225
0.3810483870967742
0.3800403225806452
0.4022177419354839
0.4102822580645161
0.39314516129032256
0.38205645161290325
0.4102822580645161
0.3840725806451613
0.3951612903225806
0.3961693548387097
0.41431451612903225
0.40725806451612906
0.3901209677419355
0.3941532258064516
0.40625
0.3951612903225806
0.4022177419354839
0.41431451612903225
0.4022177419354839
0.3951612903225806
0.39314516129032256
0.4092741935483871
0.4112903225806452
0.40423387096774194
0.4183467741935484
0.39919354838709675
0.4032258064516129
0.3961693548387097
0.41330645161290325
0.4092741935483871
0.4223790322580645
0.40423387096774194
0.4102822580645161
0.4153225806451613
0.40725806451612906
0.4102822580645161
0.4102822580645161
0.41330645161290325
0.4032258064516129
0.4092741935483871
0.4092741935483871
0.4112903225806452
0.4163306451612903
0.40423387096774194
0.41330645161290325
0.41330645161290325
0.4173387096774194
0.4264112903225806
0.3941532258064516
0.3961693548387097
0.4012096774193548
0.4254032258064516
0.4213709677419355
0.4112903225806452
0.39818548387096775
0.4102822580645161
0.4092741935483871
0.41935483870967744
0.3971774193548387
0.4183467741935484
0.4223790322580645
0.4153225806451613
0.41431451612903225
0.41431451612903225
0.42439516129032256
0.4163306451612903
0.4153225806451613
0.4153225806451613
0.4163306451612903
0.4032258064516129
0.3971774193548387
0.4153225806451613
0.4223790322580645
0.40725806451612906
0.42439516129032256
0.40423387096774194
0.43044354838709675
0.41330645161290325
0.42943548387096775
0.4163306451612903
0.4183467741935484
0.41935483870967744
0.4153225806451613
0.41431451612903225
0.41935483870967744
0.4183467741935484
0.4264112903225806
0.41431451612903225
0.4213709677419355
0.4284274193548387
0.4173387096774194
0.4344758064516129
0.4284274193548387
0.4284274193548387
0.4112903225806452
0.42439516129032256
0.4223790322580645
0.4324596774193548
0.4163306451612903
0.4223790322580645
0.4264112903225806
0.43548387096774194
0.4415322580645161
0.42036290322580644
0.42439516129032256
0.4173387096774194
0.43850806451612906
0.4254032258064516
0.4122983870967742
0.4344758064516129
0.43850806451612906
0.41330645161290325
0.4254032258064516
0.4334677419354839
0.4223790322580645
0.4334677419354839
0.4122983870967742
0.43548387096774194
0.4254032258064516
0.42036290322580644
0.4334677419354839
0.4254032258064516
0.4173387096774194
0.42036290322580644
0.4435483870967742
0.4213709677419355
0.4153225806451613
0.4344758064516129
0.4022177419354839
0.4254032258064516
0.4324596774193548
0.4264112903225806
0.4334677419354839
0.4254032258064516
0.42943548387096775
0.4284274193548387
0.4163306451612903
0.42338709677419356
0.4284274193548387
0.4223790322580645
0.43649193548387094
0.4334677419354839
0.44556451612903225
0.43850806451612906
0.4314516129032258
0.4314516129032258
0.41330645161290325
0.41431451612903225
0.43044354838709675
0.4344758064516129
0.43044354838709675
0.4375
0.4223790322580645
0.45463709677419356
0.43548387096774194
0.43951612903225806
0.4344758064516129
0.43548387096774194
0.4274193548387097
0.4314516129032258
0.4284274193548387
0.43951612903225806
0.42943548387096775
0.45060483870967744
0.4334677419354839
0.44556451612903225
0.4375
0.43951612903225806
0.44556451612903225
0.4324596774193548
0.43649193548387094
0.4264112903225806
0.4435483870967742
0.43044354838709675
0.4415322580645161
0.4435483870967742
0.4375
0.43044354838709675
0.44455645161290325
0.43649193548387094
0.43850806451612906
0.4526209677419355
0.4435483870967742
0.42943548387096775
0.43850806451612906
0.4415322580645161
0.44455645161290325
0.4375
0.4425403225806452
0.42943548387096775
0.43649193548387094
0.4334677419354839
0.4254032258064516
0.44556451612903225
0.45060483870967744
0.4405241935483871
0.43649193548387094
0.43850806451612906
0.44556451612903225
0.43548387096774194
0.45060483870967744
0.4425403225806452
0.4375
0.43951612903225806
0.43548387096774194
0.4465725806451613
0.45060483870967744
0.4425403225806452
0.45060483870967744
0.44455645161290325
0.44556451612903225
0.44455645161290325
0.45060483870967744
0.4435483870967742
0.43850806451612906
0.4435483870967742
0.4465725806451613
0.43951612903225806
0.45161290322580644
0.4334677419354839
0.4465725806451613
0.4637096774193548
0.4475806451612903
0.45564516129032256
0.4657258064516129
0.43649193548387094
0.4274193548387097
0.44455645161290325
0.4435483870967742
0.4415322580645161
0.4415322580645161
0.44556451612903225
0.4415322580645161
0.4415322580645161
0.43649193548387094
0.4314516129032258
0.4274193548387097
0.43951612903225806
0.4314516129032258
0.44556451612903225
0.4425403225806452
0.4475806451612903
0.4465725806451613
0.45463709677419356
0.4596774193548387
0.4586693548387097
0.45564516129032256
0.46169354838709675
0.4536290322580645
0.4465725806451613
0.4526209677419355
0.45564516129032256
0.4425403225806452
0.4425403225806452
0.44556451612903225
0.4576612903225806
0.45463709677419356
0.4637096774193548
0.4465725806451613
0.43044354838709675
0.4475806451612903
0.4425403225806452
0.45463709677419356
0.4405241935483871
0.4495967741935484
0.44556451612903225
0.45060483870967744
0.4465725806451613
0.4495967741935484
0.45463709677419356
0.4536290322580645
0.46068548387096775
0.43649193548387094
0.45161290322580644
0.4586693548387097
0.45564516129032256
0.4495967741935484
0.44556451612903225
0.43951612903225806
0.45161290322580644
0.4596774193548387
0.4536290322580645
0.45564516129032256
0.4647177419354839
0.43850806451612906
0.4485887096774194
0.4637096774193548
0.4586693548387097
0.4637096774193548
0.4637096774193548
0.4475806451612903
0.4576612903225806
0.46975806451612906
0.4526209677419355
0.45161290322580644
0.4586693548387097
0.4495967741935484
0.4526209677419355
0.4485887096774194
0.4485887096774194
0.4485887096774194
0.46875
0.45564516129032256
0.4627016129032258
0.4637096774193548
0.4586693548387097
0.45564516129032256
0.4465725806451613
0.44556451612903225
0.46169354838709675
0.4586693548387097
0.4586693548387097
0.4889112903225806
0.4526209677419355
0.4485887096774194
0.4717741935483871
0.4495967741935484
0.4495967741935484
0.45463709677419356
0.4657258064516129
0.4405241935483871
0.46673387096774194
0.45564516129032256
0.4637096774193548
0.4727822580645161
0.4596774193548387
0.4727822580645161
0.46673387096774194
0.45463709677419356
0.4566532258064516
0.4576612903225806
0.47076612903225806
0.4536290322580645
0.4627016129032258
0.4727822580645161
0.4778225806451613
0.46673387096774194
0.44455645161290325
0.4627016129032258
0.4566532258064516
0.45161290322580644
0.4596774193548387
0.46774193548387094
0.46068548387096775
0.46673387096774194
0.46169354838709675
0.46975806451612906
0.4657258064516129
0.46975806451612906
0.4566532258064516
0.46673387096774194
0.4526209677419355
0.4808467741935484
0.4717741935483871
0.46169354838709675
0.4576612903225806
0.46875
0.46673387096774194
0.4727822580645161
0.46068548387096775
0.4657258064516129
0.48286290322580644
0.4717741935483871
0.47681451612903225
0.4647177419354839
0.47580645161290325
0.4778225806451613
0.46875
0.4727822580645161
0.47076612903225806
0.4798387096774194
0.46774193548387094
0.47076612903225806
0.45564516129032256
0.48185483870967744
0.4737903225806452
0.4848790322580645
0.47580645161290325
0.46975806451612906
0.46673387096774194
0.4566532258064516
0.4727822580645161
0.46673387096774194
0.4788306451612903
0.46673387096774194
0.4788306451612903
0.4808467741935484
0.4647177419354839
0.46875
0.4747983870967742
0.46975806451612906
0.4778225806451613
0.4657258064516129
0.47076612903225806
0.46774193548387094
0.4737903225806452
0.4798387096774194
0.47681451612903225
0.4808467741935484
0.4647177419354839
0.4576612903225806
0.48185483870967744
0.4596774193548387
0.4838709677419355
0.47580645161290325
0.4778225806451613
0.4838709677419355
0.47580645161290325
0.4536290322580645
0.4657258064516129
0.47076612903225806
0.48286290322580644
0.4637096774193548
0.4848790322580645
0.46169354838709675
0.4596774193548387
0.46975806451612906
0.46673387096774194
0.4778225806451613
0.47076612903225806
0.47076612903225806
0.4596774193548387
0.4717741935483871
0.4737903225806452
0.47681451612903225
0.4848790322580645
0.45463709677419356
0.4747983870967742
0.47076612903225806
0.4737903225806452
0.45564516129032256
0.48185483870967744
0.46774193548387094
0.46975806451612906
0.4808467741935484
0.4727822580645161
0.47076612903225806
0.4576612903225806
0.4838709677419355
0.4848790322580645
0.47681451612903225
0.4657258064516129
0.4747983870967742
0.4737903225806452
0.4808467741935484
0.4798387096774194
0.4838709677419355
0.48185483870967744
0.4889112903225806
0.4838709677419355
0.46169354838709675
0.48185483870967744
0.4778225806451613
0.46875
0.47681451612903225
0.47681451612903225
0.48185483870967744
0.4727822580645161
0.48689516129032256
0.4778225806451613
0.4727822580645161
0.47681451612903225
0.4798387096774194
0.47580645161290325
0.4959677419354839
0.4717741935483871
0.4899193548387097
0.4778225806451613
0.4737903225806452
0.47580645161290325
0.48286290322580644
0.4848790322580645
0.4788306451612903
0.4808467741935484
0.46673387096774194
0.49798387096774194
0.4637096774193548
0.48185483870967744
0.4879032258064516
0.4889112903225806
0.4848790322580645
0.4798387096774194
0.4788306451612903
0.4717741935483871
0.46673387096774194
0.48185483870967744
0.4717741935483871
0.46875
0.4879032258064516
0.47580645161290325
0.4848790322580645
0.49899193548387094
0.4838709677419355
0.47076612903225806
0.48185483870967744
0.4788306451612903
0.4808467741935484
0.47681451612903225
0.4808467741935484
0.4778225806451613
0.48286290322580644
0.4879032258064516
0.48286290322580644
0.48689516129032256
0.4778225806451613
0.4808467741935484
0.48185483870967744
0.4737903225806452
0.4717741935483871
0.48286290322580644
0.46975806451612906
0.4737903225806452
0.47681451612903225
0.4747983870967742
0.4788306451612903
0.48689516129032256
0.4788306451612903
0.4939516129032258
0.48185483870967744
0.4788306451612903
0.4747983870967742
0.4717741935483871
0.4808467741935484
0.48185483870967744
0.4798387096774194
0.47076612903225806
0.47681451612903225
0.48689516129032256
0.4788306451612903
0.48588709677419356
0.49193548387096775
0.48588709677419356
0.48588709677419356
0.4727822580645161
0.4899193548387097
0.4939516129032258
0.4889112903225806
0.46169354838709675
0.4879032258064516
0.48588709677419356
0.4808467741935484
0.4848790322580645
0.4959677419354839
0.47580645161290325
0.4899193548387097
0.46673387096774194
0.48588709677419356
0.47580645161290325
0.49193548387096775
0.47681451612903225
0.4808467741935484
0.4838709677419355
0.4959677419354839
0.4969758064516129
0.4848790322580645
0.49193548387096775
0.49294354838709675
0.49193548387096775
0.47681451612903225
0.49294354838709675
0.49193548387096775
0.4899193548387097
0.48689516129032256
0.49193548387096775
0.47580645161290325
0.4889112903225806
0.48588709677419356
0.49798387096774194
0.4909274193548387
0.4899193548387097
0.4879032258064516
0.49193548387096775
0.4899193548387097
0.48588709677419356
0.47681451612903225
0.4899193548387097
0.48286290322580644
0.4939516129032258
0.4879032258064516
0.4879032258064516
0.4899193548387097
0.4949596774193548
0.4889112903225806
0.4838709677419355
0.49294354838709675
0.4939516129032258
0.48185483870967744
0.5020161290322581
0.4949596774193548
0.5060483870967742
0.4909274193548387
0.4838709677419355
0.49193548387096775
0.5020161290322581
0.48286290322580644
0.4879032258064516
0.4889112903225806
0.4848790322580645
0.48286290322580644
0.4889112903225806
0.5020161290322581
0.48286290322580644
0.5020161290322581
0.4949596774193548
0.4969758064516129
0.49294354838709675
0.49193548387096775
0.4939516129032258
0.4879032258064516
0.4939516129032258
0.5060483870967742
0.5040322580645161
0.4959677419354839
0.4879032258064516
0.47681451612903225
0.4949596774193548
0.49798387096774194
0.5030241935483871
0.5
0.4899193548387097
0.4899193548387097
0.4909274193548387
0.4879032258064516
0.49193548387096775
0.4879032258064516
0.4808467741935484
0.4808467741935484
0.5020161290322581
0.5
0.4969758064516129
0.49899193548387094
0.4848790322580645
0.4808467741935484
0.4949596774193548
0.49294354838709675
0.49294354838709675
0.49193548387096775
0.4899193548387097
0.4959677419354839
0.4959677419354839
0.501008064516129
0.48689516129032256
0.4889112903225806
0.49193548387096775
0.5020161290322581
0.48588709677419356
0.49798387096774194
0.4939516129032258
0.49193548387096775
0.5020161290322581
0.49899193548387094
0.4969758064516129
0.501008064516129
0.48689516129032256
0.48588709677419356
0.4848790322580645
0.4949596774193548
0.49294354838709675
0.49193548387096775
0.5040322580645161
0.5100806451612904
0.4879032258064516
0.49294354838709675
0.4848790322580645
0.4949596774193548
0.48286290322580644
0.48588709677419356
0.4969758064516129
0.4959677419354839
0.4949596774193548
0.4848790322580645
0.5
0.49899193548387094
0.48185483870967744
0.4969758064516129
0.49798387096774194
0.5020161290322581
0.5060483870967742
0.4889112903225806
0.49798387096774194
0.49193548387096775
0.49798387096774194
0.4808467741935484
0.49294354838709675
0.4899193548387097
0.49294354838709675
0.5
0.49294354838709675
0.49193548387096775
0.4949596774193548
0.5070564516129032
0.501008064516129
0.5030241935483871
0.4969758064516129
0.501008064516129
0.4949596774193548
0.5070564516129032
0.5060483870967742
0.49193548387096775
0.5030241935483871
0.49798387096774194
0.4879032258064516
0.49798387096774194
0.5050403225806451
0.4949596774193548
0.4939516129032258
0.49798387096774194
0.4899193548387097
0.5030241935483871
0.5120967741935484
0.5161290322580645
0.501008064516129
0.49193548387096775
0.501008064516129
0.5050403225806451
0.4939516129032258
0.49294354838709675
0.5120967741935484
0.5040322580645161
0.5080645161290323
0.4949596774193548
0.5080645161290323
0.5050403225806451
0.5100806451612904
0.5030241935483871
0.4969758064516129
0.5
0.5100806451612904
0.4879032258064516
0.4939516129032258
0.5020161290322581
0.501008064516129
0.5070564516129032
0.5100806451612904
0.5070564516129032
0.5110887096774194
0.4949596774193548
0.49899193548387094
0.5
0.4899193548387097
0.5030241935483871
0.4889112903225806
0.4939516129032258
0.5090725806451613
0.49798387096774194
0.5161290322580645
0.5
0.5151209677419355
0.5030241935483871
0.49193548387096775
0.49899193548387094
0.4969758064516129
0.5020161290322581
0.5100806451612904
0.5100806451612904
0.49798387096774194
0.5080645161290323
0.5040322580645161
0.5050403225806451
0.5060483870967742
0.5020161290322581
0.5030241935483871
0.5120967741935484
0.5090725806451613
0.4939516129032258
0.501008064516129
0.5070564516129032
0.5030241935483871
0.4959677419354839
0.5050403225806451
0.5040322580645161
0.49899193548387094
0.5090725806451613
0.4949596774193548
0.5120967741935484
0.5141129032258065
0.5120967741935484
0.5090725806451613
0.5201612903225806
0.5040322580645161
0.5020161290322581
0.5060483870967742
0.5141129032258065
0.5050403225806451
0.5020161290322581
0.4939516129032258
0.5040322580645161
0.5
0.5161290322580645
0.5020161290322581
0.5040322580645161
0.5090725806451613
0.4949596774193548
0.5120967741935484
0.5100806451612904
0.5110887096774194
0.49899193548387094
0.5100806451612904
0.4879032258064516
0.5030241935483871
0.49798387096774194
0.5070564516129032
0.5050403225806451
0.5120967741935484
0.5090725806451613
0.5040322580645161
0.4969758064516129
0.5151209677419355
0.5
0.5141129032258065
0.5131048387096774
0.5120967741935484
0.49798387096774194
0.5100806451612904
0.5171370967741935
0.5201612903225806
0.5201612903225806
0.5100806451612904
0.5151209677419355
0.5
0.4959677419354839
0.5040322580645161
0.5080645161290323
0.5070564516129032
0.5040322580645161
0.5060483870967742
0.5050403225806451
0.5070564516129032
0.5030241935483871
0.5100806451612904
0.5100806451612904
0.5161290322580645
0.5040322580645161
0.5110887096774194
0.5171370967741935
0.5080645161290323
0.5
0.5090725806451613
0.5100806451612904
0.5120967741935484
0.5020161290322581
0.5030241935483871
0.5020161290322581
0.5040322580645161
0.5050403225806451
0.5141129032258065
0.5070564516129032
0.5120967741935484
0.5161290322580645
0.5141129032258065
0.5090725806451613
0.5080645161290323
0.5070564516129032
0.5060483870967742
0.5050403225806451
0.5110887096774194
0.5070564516129032
0.5080645161290323
0.5070564516129032
0.5131048387096774
0.5100806451612904
0.5030241935483871
0.5211693548387096
0.5110887096774194
0.5070564516129032
0.5120967741935484
0.5282258064516129
0.5110887096774194
0.5151209677419355
0.5060483870967742
0.5070564516129032
0.5181451612903226
0.5131048387096774
0.5131048387096774
0.5131048387096774
0.5050403225806451
0.5100806451612904
0.5040322580645161
0.5151209677419355
0.5080645161290323
0.5120967741935484
0.5080645161290323
0.5141129032258065
0.5080645161290323
0.5171370967741935
0.5171370967741935
0.5060483870967742
0.5211693548387096
0.5151209677419355
0.5141129032258065
0.5191532258064516
0.5211693548387096
0.5131048387096774
0.5151209677419355
0.5181451612903226
0.5201612903225806
0.5191532258064516
0.5151209677419355
0.501008064516129
0.5151209677419355
0.5110887096774194
0.5120967741935484
0.5151209677419355
0.5201612903225806
0.5040322580645161
0.5151209677419355
0.5100806451612904
0.5181451612903226
0.5080645161290323
0.5151209677419355
0.5060483870967742
0.5040322580645161
0.5252016129032258
0.5100806451612904
0.5110887096774194
0.5020161290322581
0.5191532258064516
0.5262096774193549
0.5151209677419355
0.5131048387096774
0.5201612903225806
0.5131048387096774
0.5100806451612904
0.5161290322580645
0.5292338709677419
0.5181451612903226
0.5151209677419355
0.5252016129032258
0.5151209677419355
0.5110887096774194
0.5181451612903226
0.5110887096774194
0.5151209677419355
0.5221774193548387
0.5141129032258065
0.5070564516129032
0.5161290322580645
0.5050403225806451
0.5050403225806451
0.5
0.5151209677419355
0.5141129032258065
0.5211693548387096
0.5161290322580645
0.5282258064516129
0.5211693548387096
0.5060483870967742
0.5080645161290323
0.5292338709677419
0.5040322580645161
0.5191532258064516
0.5211693548387096
0.5120967741935484
0.5171370967741935
0.5191532258064516
0.5060483870967742
0.5151209677419355
0.5211693548387096
0.4949596774193548
0.5171370967741935
0.5171370967741935
0.5211693548387096
0.5060483870967742
0.5030241935483871
0.5191532258064516
0.5181451612903226
0.5161290322580645
0.5070564516129032
0.5110887096774194
0.5252016129032258
0.5262096774193549
0.5201612903225806
0.5262096774193549
0.5262096774193549
0.5100806451612904
0.5110887096774194
0.5191532258064516
0.5161290322580645
0.5131048387096774
0.5131048387096774
0.5221774193548387
0.5151209677419355
0.5221774193548387
0.5181451612903226
0.5211693548387096
0.5161290322580645
0.5221774193548387
0.5241935483870968
0.5161290322580645
0.5191532258064516
0.5110887096774194
0.5110887096774194
0.5090725806451613
0.5161290322580645
0.5231854838709677
0.5131048387096774
0.5120967741935484
0.5050403225806451
0.5131048387096774
0.5161290322580645
0.5110887096774194
0.5151209677419355
0.5181451612903226
0.5131048387096774
0.5090725806451613
0.5161290322580645
0.5272177419354839
0.5090725806451613
0.5100806451612904
0.5201612903225806
0.5141129032258065
0.5191532258064516
0.5231854838709677
0.530241935483871
0.5161290322580645
0.5211693548387096
0.5191532258064516
0.5151209677419355
0.530241935483871
0.5231854838709677
0.5272177419354839
0.5221774193548387
0.5221774193548387
0.5231854838709677
0.5181451612903226
0.532258064516129
0.5191532258064516
0.5221774193548387
0.5221774193548387
0.5272177419354839
0.530241935483871
0.5151209677419355
0.5211693548387096
0.530241935483871
0.5221774193548387
0.5272177419354839
0.530241935483871
0.5211693548387096
0.5120967741935484
0.53125
0.5161290322580645
0.5191532258064516
0.5221774193548387
0.5120967741935484
0.530241935483871
0.530241935483871
0.5181451612903226
0.5252016129032258
0.5231854838709677
0.5262096774193549
0.5211693548387096
0.530241935483871
0.5211693548387096
0.5191532258064516
0.5181451612903226
0.5211693548387096
0.5161290322580645
0.5272177419354839
0.5241935483870968
0.5181451612903226
0.5332661290322581
0.5241935483870968
0.5262096774193549
0.532258064516129
0.5252016129032258
0.5191532258064516
0.5241935483870968
0.5191532258064516
0.5272177419354839
0.5141129032258065
0.5272177419354839
0.5272177419354839
0.530241935483871
0.5272177419354839
0.5282258064516129
0.5241935483870968
0.5292338709677419
0.5221774193548387
0.530241935483871
0.5221774193548387
0.5262096774193549
0.5262096774193549
0.5292338709677419
0.5201612903225806
0.5342741935483871
0.5241935483870968
0.5131048387096774
0.5252016129032258
0.5221774193548387
0.5292338709677419
0.5282258064516129
0.5252016129032258
0.5282258064516129
0.530241935483871
0.5262096774193549
0.5292338709677419
0.5171370967741935
0.5292338709677419
0.5252016129032258
0.5171370967741935
0.5262096774193549
0.5161290322580645
0.532258064516129
0.5282258064516129
0.5151209677419355
0.5100806451612904
0.5211693548387096
0.5252016129032258
0.5282258064516129
0.5191532258064516
0.530241935483871
0.5372983870967742
0.5211693548387096
0.5272177419354839
0.53125
0.5161290322580645
0.5252016129032258
0.5282258064516129
0.5211693548387096
0.5241935483870968
0.5241935483870968
0.5262096774193549
0.5352822580645161
0.5332661290322581
0.5201612903225806
0.5241935483870968
0.5362903225806451
0.5362903225806451
0.5352822580645161
0.5211693548387096
0.530241935483871
0.5292338709677419
0.5282258064516129
0.5272177419354839
0.5342741935483871
0.53125
0.5272177419354839
0.5252016129032258
0.5221774193548387
0.532258064516129
0.5231854838709677
0.5231854838709677
0.532258064516129
0.5383064516129032
0.5443548387096774
0.5191532258064516
0.5241935483870968
0.5252016129032258
0.5262096774193549
0.5181451612903226
0.5231854838709677
0.5191532258064516
0.5141129032258065
0.5383064516129032
0.5272177419354839
0.5191532258064516
0.5282258064516129
0.5221774193548387
0.5362903225806451
0.5282258064516129
0.530241935483871
0.5342741935483871
0.5342741935483871
0.5161290322580645
0.5252016129032258
0.5191532258064516
0.5272177419354839
0.5332661290322581
0.5282258064516129
0.5241935483870968
0.5403225806451613
0.5383064516129032
0.532258064516129
0.5181451612903226
0.5292338709677419
0.530241935483871
0.5272177419354839
0.5211693548387096
0.5221774193548387
0.5221774193548387
0.5191532258064516
0.5282258064516129
0.5262096774193549
0.5332661290322581
0.5332661290322581
0.5372983870967742
0.5383064516129032
0.5201612903225806
0.5272177419354839
0.5282258064516129
0.5423387096774194
0.53125
0.5171370967741935
0.5262096774193549
0.5352822580645161
0.5372983870967742
0.5171370967741935
0.5282258064516129
0.530241935483871
0.5262096774193549
0.5292338709677419
0.5332661290322581
0.5393145161290323
0.5342741935483871
0.5272177419354839
0.5342741935483871
0.53125
0.5292338709677419
0.53125
0.5262096774193549
0.5282258064516129
0.5332661290322581
0.530241935483871
0.532258064516129
0.5292338709677419
0.5211693548387096
0.5252016129032258
0.5342741935483871
0.5292338709677419
0.5191532258064516
0.5352822580645161
0.5221774193548387
0.5211693548387096
0.530241935483871
0.5342741935483871
0.5282258064516129
0.532258064516129
0.5352822580645161
0.5272177419354839
0.5272177419354839
0.5252016129032258
0.5241935483870968
0.53125
0.5292338709677419
0.5332661290322581
0.532258064516129
0.532258064516129
0.5252016129032258
0.5352822580645161
0.53125
0.5231854838709677
0.5342741935483871
0.5171370967741935
0.530241935483871
0.5191532258064516
0.530241935483871
0.530241935483871
0.5342741935483871
0.5282258064516129
0.5362903225806451
0.530241935483871
0.5272177419354839
0.5372983870967742
0.5403225806451613
0.532258064516129
0.5433467741935484
0.530241935483871
0.5332661290322581
0.5241935483870968
0.5393145161290323
0.5292338709677419
0.5241935483870968
0.5282258064516129
0.5433467741935484
0.5231854838709677
0.530241935483871
0.5272177419354839
0.5352822580645161
0.5342741935483871
0.530241935483871
0.5231854838709677
0.5262096774193549
0.5272177419354839
0.5403225806451613
0.5252016129032258
0.5393145161290323
0.5221774193548387
0.5262096774193549
0.5241935483870968
0.5463709677419355
0.5342741935483871
0.5423387096774194
0.5292338709677419
0.5413306451612904
0.5282258064516129
0.5282258064516129
0.5383064516129032
0.5383064516129032
0.5231854838709677
0.5443548387096774
0.5493951612903226
0.5241935483870968
0.5292338709677419
0.5443548387096774
0.5352822580645161
0.53125
0.5272177419354839
0.5272177419354839
0.5393145161290323
0.5272177419354839
0.5342741935483871
0.5352822580645161
0.5262096774193549
0.53125
0.5423387096774194
0.53125
0.5362903225806451
0.5352822580645161
0.5372983870967742
0.5252016129032258
0.530241935483871
0.5342741935483871
0.5221774193548387
0.5383064516129032
0.5292338709677419
0.5372983870967742
0.5262096774193549
0.5372983870967742
0.5393145161290323
0.5413306451612904
0.5231854838709677
0.5342741935483871
0.5393145161290323
0.5292338709677419
0.5292338709677419
0.5282258064516129
0.5393145161290323
0.5463709677419355
0.5372983870967742
0.5252016129032258
0.5383064516129032
0.5372983870967742
0.5292338709677419
0.532258064516129
0.530241935483871
0.5383064516129032
0.5352822580645161
0.5352822580645161
0.5463709677419355
0.532258064516129
0.5483870967741935
0.5292338709677419
0.5332661290322581
0.5332661290322581
0.5433467741935484
0.5372983870967742
0.5292338709677419
0.5342741935483871
0.5453629032258065
0.5393145161290323
0.5332661290322581
0.5453629032258065
0.5413306451612904
0.5383064516129032
0.5262096774193549
0.5372983870967742
0.530241935483871
0.5372983870967742
0.5352822580645161
0.5292338709677419
0.5282258064516129
0.5413306451612904
0.5272177419354839
0.5393145161290323
0.5352822580645161
0.532258064516129
0.5463709677419355
0.5372983870967742
0.5282258064516129
0.5352822580645161
0.5372983870967742
0.5393145161290323
0.5463709677419355
0.5463709677419355
0.532258064516129
0.5433467741935484
0.5473790322580645
0.5453629032258065
0.5383064516129032
0.5372983870967742
0.5403225806451613
0.5393145161290323
0.5292338709677419
0.5262096774193549
0.5413306451612904
0.5453629032258065
0.5423387096774194
0.5362903225806451
0.5332661290322581
0.5383064516129032
0.5453629032258065
0.5252016129032258
0.5433467741935484
0.5413306451612904
0.5413306451612904
0.5342741935483871
0.5342741935483871
0.5413306451612904
0.5393145161290323
0.5514112903225806
0.5362903225806451
0.530241935483871
0.5342741935483871
0.5443548387096774
0.5352822580645161
0.5443548387096774
0.5372983870967742
0.5413306451612904
0.5423387096774194
0.5403225806451613
0.5443548387096774
0.5383064516129032
0.5433467741935484
0.5362903225806451
0.5504032258064516
0.5393145161290323
0.5493951612903226
0.5372983870967742
0.5352822580645161
0.5433467741935484
0.5483870967741935
0.5352822580645161
0.5383064516129032
0.5342741935483871
0.5372983870967742
0.5443548387096774
0.5403225806451613
0.5393145161290323
0.5342741935483871
0.5453629032258065
0.5453629032258065
0.5403225806451613
0.5493951612903226
0.5413306451612904
0.5413306451612904
0.5453629032258065
0.532258064516129
0.5413306451612904
0.5272177419354839
0.5413306451612904
0.5463709677419355
0.5383064516129032
0.5393145161290323
0.5362903225806451
0.5433467741935484
0.5362903225806451
0.5433467741935484
0.5594758064516129
0.5493951612903226
0.5433467741935484
0.5393145161290323
0.5423387096774194
0.5463709677419355
0.5393145161290323
0.5342741935483871
0.5403225806451613
0.5453629032258065
0.5282258064516129
0.5443548387096774
0.5463709677419355
0.5564516129032258
0.5403225806451613
0.5413306451612904
0.5383064516129032
0.5372983870967742
0.5504032258064516
0.5332661290322581
0.5534274193548387
0.5453629032258065
0.5423387096774194
0.5332661290322581
0.5332661290322581
0.5403225806451613
0.5252016129032258
0.5514112903225806
0.5493951612903226
0.5433467741935484
0.5544354838709677
0.5514112903225806
0.5473790322580645
0.5362903225806451
0.5453629032258065
0.5483870967741935
0.5534274193548387
0.5433467741935484
0.5433467741935484
0.5413306451612904
0.5463709677419355
0.5453629032258065
0.5413306451612904
0.5413306451612904
0.5393145161290323
0.5443548387096774
0.5372983870967742
0.5433467741935484
0.5443548387096774
0.5433467741935484
0.5433467741935484
0.5393145161290323
0.5282258064516129
0.5433467741935484
0.530241935483871
0.5534274193548387
0.5383064516129032
0.5393145161290323
0.5504032258064516
0.5463709677419355
0.5362903225806451
0.5423387096774194
0.5332661290322581
0.5483870967741935
0.5372983870967742
0.5413306451612904
0.5534274193548387
0.5352822580645161
0.5493951612903226
0.5453629032258065
0.5473790322580645
0.5483870967741935
0.53125
0.5463709677419355
0.5443548387096774
0.5453629032258065
0.5493951612903226
0.5443548387096774
0.5362903225806451
0.5393145161290323
0.5423387096774194
0.5443548387096774
0.532258064516129
0.5514112903225806
0.5554435483870968
0.5473790322580645
0.5483870967741935
0.5393145161290323
0.5352822580645161
0.5443548387096774
0.5453629032258065
0.5332661290322581
0.5483870967741935
0.5433467741935484
0.5443548387096774
0.5544354838709677
0.5393145161290323
0.5463709677419355
0.5372983870967742
0.5473790322580645
0.5393145161290323
0.5443548387096774
0.5423387096774194
0.5544354838709677
0.5413306451612904
0.5453629032258065
0.5483870967741935
0.5473790322580645
0.5524193548387096
0.5423387096774194
0.5514112903225806
0.5443548387096774
0.5483870967741935
0.5504032258064516
0.53125
0.5483870967741935
0.5403225806451613
0.5403225806451613
0.5443548387096774
0.5524193548387096
0.5443548387096774
0.5393145161290323
0.5433467741935484
0.5443548387096774
0.5413306451612904
0.5604838709677419
0.5383064516129032
0.5403225806451613
0.5403225806451613
0.5463709677419355
0.5473790322580645
0.5514112903225806
0.5453629032258065
0.5352822580645161
0.5393145161290323
0.5413306451612904
0.5483870967741935
0.5514112903225806
0.5383064516129032
0.5594758064516129
0.5604838709677419
0.5584677419354839
0.5534274193548387
0.5473790322580645
0.5403225806451613
0.5524193548387096
0.5504032258064516
0.5453629032258065
0.5544354838709677
0.5443548387096774
0.5574596774193549
0.5433467741935484
0.5554435483870968
0.5463709677419355
0.5362903225806451
0.5443548387096774
0.5554435483870968
0.5524193548387096
0.5483870967741935
0.5403225806451613
0.5483870967741935
0.5493951612903226
0.5564516129032258
0.5423387096774194
0.5504032258064516
0.5504032258064516
0.5524193548387096
0.5524193548387096
0.5473790322580645
0.5453629032258065
0.5413306451612904
0.5383064516129032
0.5473790322580645
0.5443548387096774
0.5514112903225806
0.5524193548387096
0.5483870967741935
0.5463709677419355
0.5524193548387096
0.5534274193548387
0.5473790322580645
0.5483870967741935
0.5393145161290323
0.5504032258064516
0.5493951612903226
0.5544354838709677
0.5352822580645161
0.5483870967741935
0.5504032258064516
0.5554435483870968
0.5504032258064516
0.5514112903225806
0.5463709677419355
0.5443548387096774
0.5524193548387096
0.5524193548387096
0.5493951612903226
0.5493951612903226
0.5514112903225806
0.5423387096774194
0.5352822580645161
0.5534274193548387
0.5433467741935484
0.561491935483871
0.5423387096774194
0.5524193548387096
0.5473790322580645
0.5514112903225806
0.5393145161290323
0.5433467741935484
0.5483870967741935
0.5534274193548387
0.5564516129032258
0.5564516129032258
0.5493951612903226
0.5514112903225806
0.5413306451612904
0.5544354838709677
0.5463709677419355
0.5524193548387096
0.5463709677419355
0.5524193548387096
0.5564516129032258
0.5443548387096774
0.5534274193548387
0.5554435483870968
0.5463709677419355
0.5473790322580645
0.5453629032258065
0.5574596774193549
0.5453629032258065
0.5423387096774194
0.5574596774193549
0.5453629032258065
0.5554435483870968
0.5443548387096774
0.5514112903225806
0.5544354838709677
0.5473790322580645
0.5483870967741935
0.5473790322580645
0.5584677419354839
0.5433467741935484
0.5604838709677419
0.5574596774193549
0.5604838709677419
0.5534274193548387
0.5564516129032258
0.5584677419354839
0.5534274193548387
0.5433467741935484
0.5493951612903226
0.5524193548387096
0.5473790322580645
0.5453629032258065
0.5534274193548387
0.5493951612903226
0.5473790322580645
0.5524193548387096
0.5604838709677419
0.5564516129032258
0.5534274193548387
0.5544354838709677
0.5574596774193549
0.5483870967741935
0.5433467741935484
0.5524193548387096
0.5473790322580645
0.5483870967741935
0.5514112903225806
0.5443548387096774
0.5473790322580645
0.5564516129032258
0.5463709677419355
0.5413306451612904
0.5564516129032258
0.5483870967741935
0.5493951612903226
0.5453629032258065
0.5473790322580645
0.5564516129032258
0.5483870967741935
0.5534274193548387
0.5514112903225806
0.5594758064516129
0.5564516129032258
0.5423387096774194
0.5564516129032258
0.5423387096774194
0.5403225806451613
0.5594758064516129
0.5584677419354839
0.5504032258064516
0.5463709677419355
0.5514112903225806
0.5584677419354839
0.5524193548387096
0.5604838709677419
0.5594758064516129
0.5453629032258065
0.5493951612903226
0.5463709677419355
0.5554435483870968
0.5443548387096774
0.5645161290322581
0.5554435483870968
0.5534274193548387
0.5554435483870968
0.5524193548387096
0.5433467741935484
0.5534274193548387
0.5665322580645161
0.5554435483870968
0.5473790322580645
0.5574596774193549
0.5564516129032258
0.5604838709677419
0.5544354838709677
0.5554435483870968
0.5514112903225806
0.5433467741935484
0.5534274193548387
0.5544354838709677
0.5443548387096774
0.5554435483870968
0.5544354838709677
0.5594758064516129
0.5413306451612904
0.5554435483870968
0.5544354838709677
0.5594758064516129
0.5554435483870968
0.5473790322580645
0.5665322580645161
0.5483870967741935
0.5594758064516129
0.5423387096774194
0.5625
0.5554435483870968
0.5504032258064516
0.5625
0.5453629032258065
0.5453629032258065
0.5493951612903226
0.5524193548387096
0.561491935483871
0.5544354838709677
0.5514112903225806
0.5483870967741935
0.5514112903225806
0.5473790322580645
0.5604838709677419
0.5524193548387096
0.5534274193548387
0.5493951612903226
0.5564516129032258
0.5524193548387096
0.5574596774193549
0.5534274193548387
0.5544354838709677
0.5544354838709677
0.5423387096774194
0.5574596774193549
0.5493951612903226
0.5594758064516129
0.5483870967741935
0.5524193548387096
0.5493951612903226
0.5423387096774194
0.5574596774193549
0.5675403225806451
0.5483870967741935
0.5594758064516129
0.5564516129032258
0.5473790322580645
0.5514112903225806
0.5504032258064516
0.5534274193548387
0.5584677419354839
0.561491935483871
0.5554435483870968
0.5584677419354839
0.5524193548387096
0.5493951612903226
0.5625
0.5534274193548387
0.5514112903225806
0.5554435483870968
0.561491935483871
0.5483870967741935
0.5594758064516129
0.5594758064516129
0.5554435483870968
0.5493951612903226
0.5493951612903226
0.5584677419354839
0.5514112903225806
0.5504032258064516
0.5554435483870968
0.5574596774193549
0.561491935483871
0.5574596774193549
0.5554435483870968
0.5524193548387096
0.5473790322580645
0.5665322580645161
0.5564516129032258
0.5493951612903226
0.5574596774193549
0.5453629032258065
0.5604838709677419
0.5514112903225806
0.5584677419354839
0.5584677419354839
0.5564516129032258
0.5504032258064516
0.5544354838709677
0.5604838709677419
0.5524193548387096
0.5574596774193549
0.5554435483870968
0.5443548387096774
0.5544354838709677
0.5625
0.5625
0.5604838709677419
0.5604838709677419
0.5504032258064516
0.561491935483871
0.5645161290322581
0.5524193548387096
0.5524193548387096
0.5574596774193549
0.5604838709677419
0.5574596774193549
0.5584677419354839
0.5604838709677419
0.5463709677419355
0.5604838709677419
0.5544354838709677
0.5584677419354839
0.5574596774193549
0.5645161290322581
0.5514112903225806
0.5514112903225806
0.5625
0.5544354838709677
0.5564516129032258
0.5574596774193549
0.5564516129032258
0.5514112903225806
0.563508064516129
0.5594758064516129
0.5483870967741935
0.5625
0.563508064516129
0.563508064516129
0.5604838709677419
0.5423387096774194
0.5514112903225806
0.5554435483870968
0.5524193548387096
0.5564516129032258
0.5645161290322581
0.5584677419354839
0.5584677419354839
0.5584677419354839
0.5554435483870968
0.5493951612903226
0.5594758064516129
0.5584677419354839
0.5564516129032258
0.5534274193548387
0.5524193548387096
0.5524193548387096
0.563508064516129
0.561491935483871
0.5584677419354839
0.5544354838709677
0.5574596774193549
0.5534274193548387
