None
None
None
None
None
None
None
None
None
None
None
None
None
None
None
None
None
None
None
None
None
None
None
None
None
None
None
None
None
None
None
None
None
None
None
None
None
None
None
None
None
None
None
None
None
None
None
None
None
None
None
None
None
None
None
None
None
None
None
None
None
None
None
None
None
None
None
0.8466525860130787
0.8533703871071339
0.8207114599645138
0.8750774823129177
0.8338274471461773
0.773394200950861
0.7595190815627575
0.80787143856287
0.6742871347814798
0.6180939860641956
0.6675822176039219
0.5788512211292982
0.7146140914410353
0.4484333209693432
0.6208875179290771
0.5655396748334169
0.38431485183537006
0.2786543406546116
0.39091477915644646
0.28242947335820645
0.11384819357772358
0.060297664313111454
0.10754647295107134
0.11501159123145044
0.0697845978429541
-0.02733571222051978
-0.15226071939105168
-0.056714803984505124
-0.12750482966657728
-0.17437021306250244
-0.12152579764369875
-0.13058229768648744
-0.09260638244450092
-0.21663551358506083
-0.06534232664853334
-0.04119170317426324
-0.1146402022568509
0.07779411203227937
-0.02572316792793572
0.056082871509715915
-0.041752213379368186
0.03355821222066879
0.009359937743283808
0.14881109460111475
0.14280237545608543
0.041722989873960614
-0.028327280655503273
-0.045385537363472395
0.00787630002014339
-0.016259077470749617
-0.05051426496356726
-0.11450665001757443
0.057324282824993134
-0.08569652866572142
-0.10992069682106376
0.045592288370244205
-0.10547265084460378
-0.09751095995306969
-0.17757017267285846
-0.19681549322558567
-0.16118389589246362
-0.14710478321649134
-0.028453743900172412
-0.1660244707018137
-0.02592697490217688
-0.060536366887390614
0.05975498799307388
-0.07119519332627533
-0.0634711352577142
-0.0014730698894709349
-0.052671576384454966
0.06887991819530725
-0.0456767511786893
-0.16697847927571274
-0.07434973202180117
-0.15842394484207034
-0.21093593025580049
-0.18958369930987828
-0.10748420679010451
-0.09370155050419271
-0.014506161154713482
0.022774909157305956
0.047851572977378964
-0.1259763624984771
-0.09160702541703358
0.0901442097092513
-0.08740647800732404
-0.05387691152282059
-0.04719936807669001
-0.26026279549114406
-0.13838434792705812
-0.25158533337526023
-0.19610794479376636
-0.21809209347702563
-0.11387718305923045
-0.1646164320409298
-0.15471204230561852
-0.14821097724779975
-0.0821171123534441
-0.05810494453180581
0.004686885076807812
-0.02212184143718332
-0.10694000544026494
-0.10055989387910813
-0.22167098574573174
-0.1060899599106051
-0.08638976507791085
-0.220379727659747
-0.12266277289018035
-0.10327750211581588
-0.1792608890682459
-0.10403911489993334
-0.2873596912249923
-0.1397192869335413
-0.17495876760222018
-0.21579721570014954
-0.15659493359271437
-0.088558838237077
-0.0825336905545555
-0.10662177560152486
-0.22349100653082132
-0.00943276088219136
-0.08077746280469
-0.10346120409667492
-0.1944020139053464
-0.23694108985364437
-0.18681913195177913
-0.2567876831162721
-0.24401591811329126
-0.1456387157086283
-0.12523419316858053
-0.15905971359461546
-0.10864107054658234
-0.10519836202729493
-0.09252971597015858
-0.11044746375409886
-0.15125666465610266
-0.03183898644056171
-0.11255931854248047
-0.254071137169376
-0.26527751493267715
-0.25830106623470783
-0.27601692982716486
-0.21980428497772664
-0.19301061518490314
-0.2200728803873062
-0.16927451035007834
-0.01775854977313429
-0.16533790482208133
-0.16843702644109726
-0.20115502178668976
-0.1312181643443182
-0.09154998860321939
-0.19071122689638287
-0.21876978123327717
-0.24124897504225373
-0.10621621704194695
-0.16788727045059204
-0.2361622063908726
-0.2942453706637025
-0.3326283432543278
-0.18933379859663546
-0.13812918146140873
-0.0761222536675632
-0.14621817017905414
0.002450849744491279
0.040704529703361914
-0.23692393954843283
-0.2587135941721499
-0.2820705983322114
-0.3737569786608219
-0.2984121209010482
-0.3694994878023863
-0.2418063028017059
-0.13392444839701056
-0.10468283091904595
0.06322085316060111
-0.06576468680577818
0.02652113889780594
-0.000783219700679183
-0.10960817412706092
-0.205178277567029
-0.19567293248655915
-0.2800728140864521
-0.21354987402446568
-0.28703205729834735
-0.2725591277703643
-0.28205171087756753
-0.15399153582984582
-0.1541800880804658
-0.24884201027452946
-0.2415539048379287
-0.17355672281701118
-0.1407893009018153
-0.028828035341575742
0.026238700142130256
-0.21811172456364147
-0.2971316297771409
-0.31167443189769983
-0.29201613808982074
-0.26797874993644655
-0.2615915883798152
-0.20876536122523248
-0.14300578949041665
-0.2686069430783391
-0.17958699841983616
-0.22309900471009314
-0.2118638618849218
-0.07709891718695872
-0.24547757057007402
-0.2600297370227054
-0.21852912660688162
-0.1777597633190453
-0.22798912040889263
-0.2908475790754892
-0.22042400855571032
-0.1633309837197885
-0.26335150108207017
-0.1635602843016386
-0.17260114988312125
-0.14270099671557546
-0.33103368524461985
-0.32665612013079226
-0.22906859894283116
-0.289992842823267
-0.22788264462724328
-0.25715864822268486
-0.1800034479238093
-0.2205448574386537
-0.31934862677007914
-0.2812665952369571
-0.01224260515300557
-0.1894314819946885
-0.23180733725894243
-0.2968202461488545
-0.2919364187400788
-0.1529169650748372
-0.19199643074534833
-0.24775196239352226
-0.2285387412412092
-0.3367717145010829
-0.3936639252351597
-0.09842439566273242
-0.2848522197455168
-0.306204671032674
-0.15620073047466576
-0.3038823576644063
-0.164887128805276
-0.15876668598502874
-0.3813781626522541
-0.32931362744420767
-0.11207992066920269
-0.35782810012460686
-0.17994724377058446
-0.10098009071953129
-0.06500899931415915
-0.3267771559767425
-0.216500693524722
-0.3777520917356014
-0.1666116644628346
-0.34922788571566343
-0.21430959249846637
-0.23282015835866332
-0.3781519627664238
-0.1683957555796951
-0.3019470857689157
-0.30155923031270504
-0.26906725857406855
-0.05617316748248413
-0.12167198187671602
-0.1574994856491685
-0.2632809425704181
-0.17882519192062318
-0.34693460492417216
-0.2063307873904705
-0.25499798340024427
-0.39341889042407274
-0.21575178791681537
-0.2409677009563893
-0.153150989455753
-0.2096909862011671
-0.23557898914441466
-0.2768320254981518
-0.2573681565700099
-0.20351912849582732
-0.20942589308833703
-0.2647120781475678
-0.31779122119769454
-0.4621967995772138
-0.2415953257586807
-0.1831213182886131
0.016795190516859293
0.019193418323993683
0.08543860586360097
-0.14378006441984326
-0.19045448815450072
-0.3881569290533662
-0.4277972667478025
-0.2625526909250766
-0.21596362441778183
-0.24904905760195106
-0.28137525683268905
-0.3125377860851586
-0.27769704489037395
-0.1900741612771526
-0.2274682386778295
-0.14852187922224402
-0.296552169136703
-0.22517591728683328
-0.5288631897419691
-0.24122603866271675
-0.289274949405808
-0.26134350686334074
-0.3015585488756187
-0.07695293344295351
-0.1990493554621935
-0.18973135272972286
-0.1370793131645769
-0.4650317886535049
-0.36767739802598953
-0.39254477340728045
-0.11479128923383541
-0.1795071072410792
-0.24378879298456013
-0.558798948302865
-0.10836037341505289
-0.2527118776924908
-0.2209077188745141
-0.43392748944461346
-0.20845358003862202
-0.2432444910518825
-0.25271411379799247
-0.22692302835639566
-0.17492227954789996
-0.19142784917494282
-0.39320770371705294
-0.1788028230657801
-0.20550434637698345
-0.3586873849562835
-0.41156616155058146
-0.22690828063059598
-0.1941416176268831
-0.4473302271217108
-0.28479873295873404
-0.1486587345134467
-0.32823230559006333
-0.2817508829757571
-0.034376722847810015
-0.17480877274647355
-0.2692913537612185
-0.29824146057944745
-0.35402469662949443
-0.3511601861100644
-0.31646026810631156
-0.3338871331361588
-0.49138902546837926
-0.4125499960500747
-0.16498542809858918
-0.24814688134938478
-0.23937687976285815
-0.15269009163603187
-0.3234886231366545
-0.2811068893643096
-0.3804533966467716
-0.44517521653324366
-0.4580557104200125
-0.21000598673708737
-0.46528211678378284
-0.22396998061594786
-0.19889111071825027
-0.38236115884501487
-0.37910235254094005
-0.19294995479867794
-0.1371908376167994
-0.1805080939666368
-0.3951990036293864
-0.4453864691313356
-0.5252207294106483
-0.34929055941756815
-0.3546449523419142
-0.33174846728798
-0.2732086826581508
-0.10455481230746955
0.006673499010503292
-0.28792541986331344
-0.1580481610726565
-0.22630451282020658
-0.4084086939692497
-0.32240071590058506
-0.4600225165486336
-0.5804766733199358
-0.5044845762604382
-0.25494396046269685
-0.28632004105020314
-0.31867315783165395
-0.18532358935772208
-0.2588701811619103
-0.2621477893553674
-0.1020697709536762
0.01230678055435419
-0.18858703994192183
-0.05478484244667925
-0.30562381632626057
-0.26784042827785015
-0.2666835845448077
-0.5067198756150901
-0.2379403067752719
-0.37073916391818784
-0.22078330686781555
-0.2184337715152651
-0.2268161119427532
-0.29602314811199903
-0.24134497111663222
-0.33485330978874117
-0.19601312675513327
-0.2265299679711461
-0.150276861153543
-0.22835930110886693
-0.35325041855685413
-0.43534284573979676
0.007245235028676689
-0.5276737716048956
-0.4770388472825289
-0.2343240322661586
-0.27973424829542637
-0.26070211082696915
-0.09516109665855765
-0.41024975266191177
-0.4007190614938736
-0.18111083935946226
-0.18332145750173368
-0.2915145824663341
-0.22214012499898672
-0.35249616485089064
-0.12313123419880867
-0.15219049411825836
-0.3161093145608902
-0.16985195130109787
-0.19766479008831084
-0.1797787225805223
-0.10049964318750426
-0.11257745459442958
-0.3060515085235238
-0.25993507634848356
-0.3480211349669844
-0.20937395677901804
-0.26599578344030306
-0.16011506877839565
-0.14838123694062233
-0.47834135219454765
-0.36992627661675215
-0.31076735304668546
-0.25423579942435026
-0.1728001000956283
-0.27923422353342175
-0.23902170441579074
-0.31915037520229816
-0.10742481442866847
-0.09231236949563026
-0.12155132438056171
-0.09494211981564149
-0.13368882006034255
-0.20913469162769616
-0.14860667183529586
-0.2633549580932595
-0.3371819914318621
-0.28732236730866134
-0.30055238027125597
-0.23401391226798296
-0.1295409722297336
-0.16518242028541863
-0.17261687759310007
-0.04137545952107757
-0.1424594308482483
-0.29241337161511183
-0.08376810821937397
-0.010001508751884103
-0.14352117897942662
-0.3709600700531155
-0.36026431852951646
-0.3751947949640453
-0.266141505271662
-0.1675439290702343
-0.3502674577757716
-0.11165753850946203
-0.2490674825385213
-0.3535363348200917
-0.2675899602472782
-0.3211627136915922
-0.22743507893756032
-0.26450019946787506
-0.26521528768353164
-0.22999090619850904
-0.13510564609896392
-0.32862164988182485
-0.16319363488219096
-0.05529469175962731
-0.020861362805590034
-0.1614060613210313
-0.17351948760915548
-0.2761092846048996
-0.17648034589365125
-0.24781365413218737
-0.2629202725365758
-0.18256463507714216
-0.16012211283668876
-0.14011217007646337
-0.02385231261723675
-0.14457962178857997
-0.12331850576447323
-0.21429970319150016
-0.07121382153127342
-0.23103377758525312
-0.19053075043484569
-0.06606989481952041
-0.23495027050375938
-0.3372737430036068
-0.13841158492141403
-0.125715323491022
-0.13644626969471574
-0.2892548134550452
-0.0640803222777322
-0.18157552322372794
-0.20098367403261364
-0.07590123629779555
-0.2653375224908814
-0.13908312702551484
-0.09799995341745671
-0.17414782592095435
-0.0868927773553878
-0.1825404167175293
-0.2830826590070501
-0.15040129562839866
-0.30987305007874966
-0.3806139174848795
-0.2157198526256252
-0.3688534670509398
-0.34335698815993965
-0.29460734501481056
-0.166706214658916
-0.02775357532664202
0.08299607480876148
0.15051018330268562
-0.12556407845113426
-0.07273244691896252
-0.18961338698863983
-0.23364707664586604
-0.2666531514842063
-0.47588356700725853
-0.39359119331766124
-0.4704972254112363
-0.31401484878733754
-0.13216198468580842
-0.08687496779020876
-0.09709422057494521
-0.021444864803925157
-0.08830625413975213
0.03165253018960357
-0.05177786771673709
-0.3478220351971686
-0.23985001258552074
-0.3589790975674987
-0.29534428019542247
-0.16384138009743765
-0.0968778288224712
0.18177587306126952
0.021557705680606887
0.06122818822041154
0.005081282986793667
-0.1714269898366183
-0.1150977413635701
-0.18313101085368544
-0.30476096679922193
-0.178528907825239
-0.29637112832278945
-0.22761614341288805
-0.046307094729854725
-0.21900783712044358
0.06525063409935683
0.04058049712330103
0.013952400942798704
-0.005088634570711292
-0.08229120157193393
-0.19102349248714745
-0.2619815611978993
-0.2382644978351891
-0.2592850890941918
-0.08625263898284175
-0.050964106601895764
-0.04244244162691757
-0.13082634308375418
-0.049373608315363526
-0.2360441058408469
-0.2651738473214209
-0.2073664622148499
-0.2325078493449837
-0.19481212203390896
-0.004130718647502363
-0.040280892164446414
0.004433359135873616
0.011689867358654737
-0.10677268635481596
-0.2777323733898811
-0.2999114857520908
-0.3158135287812911
-0.18286251043900847
-0.11195302292617271
-0.0967960735433735
-0.1309720497811213
-0.10876713061588816
-0.09740237740334123
-0.1691206069663167
-0.05978087056428194
-0.05302137436228804
-0.15430481196381152
-0.3016194570809603
-0.39062545308843255
-0.19051306741312146
-0.18853994575329125
-0.03572065249318257
0.06545131705934182
0.006614950922084972
-0.03255123371491209
0.00038443884113803506
-0.15169290133053437
-0.3052877240697853
-0.3035801197402179
-0.27371592819690704
-0.22353361843852326
-0.32062190491706133
-0.054500084021128714
-0.16365741495974362
-0.015012902847956866
0.029510372260119766
-0.0030262157670222223
-0.0035065319389104843
-0.20719710743287578
-0.09234151893178932
-0.19602808891795576
-0.17533156462013721
-0.2458299268328119
-0.18368484725942835
-0.09185981865448412
-0.021252214210107923
-0.07147629131213762
0.07134185498580337
-0.07268764838227071
-0.14352439355570823
-0.17277793330140412
-0.19207662576809525
-0.11200400220695883
0.010867599921766669
-0.026605642633512616
-0.04201075393939391
-0.10653330618515611
-0.14968797529581934
-0.17118786077480763
-0.08814086762140505
-0.12807530933059752
-0.1849863058887422
-0.20046881632879376
0.048950378703011665
0.055697223520837724
0.04160702886292711
0.001797912991605699
-0.07921928281575674
-0.16259436635300517
-0.18099363445071504
-0.06294894843267684
-0.33440805959980935
-0.17833483347203583
-0.02512501410092227
-0.03713172732386738
0.006926349975401536
0.03498885591397993
-0.15970999281853437
-0.22498339037701953
-0.16481788008240983
-0.019052198447752744
-0.0963307039346546
-0.17009118106216192
-0.051292457083036425
-0.07590145897120237
-0.07407750678248703
-0.04164524577208795
-0.2484323640819639
-0.1379686021246016
-0.21489437157288194
-0.11240726010873914
-0.02209548321843613
-0.09561983440289623
-0.12908111058641225
0.04521070353803225
-0.08703561394941062
-0.08413652732269838
-0.07950419851113111
-0.16689505754038692
-0.06676144336233847
-0.16481581795960665
-0.19386392715387046
-0.07308228836336639
0.046334547601873055
-0.019878937055182178
-0.13575340795796365
-0.09089907904854044
-0.12734494521282613
-0.20355856651440263
-0.18495525524485856
-0.06652493018191308
-0.03900660783983767
0.031653824567911215
-0.09050798695534468
-0.06165435833099764
-0.1380039262585342
-0.1415897817350924
-0.16209095483645797
-0.005275562929455191
-0.029244455159641802
-0.05510169785702601
-0.057309090392664075
-0.26054709404706955
-0.30599211249500513
-0.20062192110344768
-0.1464279512874782
-0.09082302756723948
0.005917151967878453
0.053508298413362354
-0.0861224380787462
-0.14344955765409395
-0.15729912323877215
-0.10052408860065043
-0.10140296311874408
-0.15045697940513492
0.07848464452752069
0.0150873113234411
-0.06132091235485859
-0.039197216188767925
-0.10891001613344997
-0.3251524844672531
-0.20971714961342514
-0.17037028586491942
-0.29883132211398333
-0.09298300603404641
-0.05447668791748583
-0.007258969941176474
0.045742047601379454
-0.007007890206295997
-0.08559486852027476
-0.12417332944460213
-0.1673940487089567
-0.10768767917761579
-0.18942199042066932
-0.16633905889466405
-0.05610244311810675
-0.1285844145459123
0.0656385951442644
-0.11000662390142679
-0.07513781439411105
-0.14535079640336335
-0.222186048515141
-0.20197206549346447
-0.10591006278991699
-0.15146385226398706
-0.05572835658676922
0.01913022226653993
-0.011953828428886482
-0.0417443955084309
-0.17150334268808365
-0.23377463966608047
-0.14211565256118774
-0.13169639615807682
-0.041837074466457125
-0.12724848990910687
0.04594471084419638
-0.042806254838069435
-0.13403331188601442
-0.08205449767410755
-0.20411732932552695
-0.17186847532866523
-0.17733135260641575
-0.10153964057099074
-0.028865266911452636
-0.15403510043688584
0.0021122541002114303
-0.05829411145532504
-0.12219911966531072
-0.18285555916372687
-0.045910819491837174
-0.16598594409879297
-0.1005026459461078
-0.02162574153589958
0.018956989370053634
-0.0771693125134334
-0.029402875574305654
-0.21256212831940502
-0.24106514814775437
-0.07071603559597861
-0.07317036972381175
-0.08749174082186073
-0.028566200810018927
0.042831695929635316
-0.03805147245657281
-0.08913238650347921
-0.21588922571390867
-0.14885628107003868
-0.19244738994166255
-0.2015875737706665
-0.03418302163481712
-0.13400428660679609
-0.028573143725225236
0.05049408451304771
-0.07875081722158939
-0.13181294288369827
-0.1441358161973767
-0.08384632540401071
-0.13314870215253904
-0.02875367586966604
-0.03519495218642987
-0.05784538667649031
-0.15286670182831585
-0.1734858617419377
-0.27260868571465835
-0.11384937167167664
-0.04711580858565867
-0.008442619793640915
0.020463889246457256
0.03869724205287639
-0.1354254022007808
-0.23201029188930988
-0.15678952704183757
-0.14292405219748616
0.08273220018600114
-0.05448223878920544
-0.08179885149002075
0.02017422125209123
-0.06513450082275085
-0.0808363684482174
-0.1982655219035223
-0.21281322790309787
-0.24876754265278578
-0.04121404269244522
0.09632957517169416
0.06560538540361449
0.033718067163135856
-0.0804885893012397
-0.19473338848911226
-0.25938687950838357
-0.3346603107638657
-0.1073473064461723
-0.1046482992824167
-0.011080579992267303
-0.15063840337097645
-0.05202287249267101
-0.07621918977383757
-0.04353056466788985
-0.01948772938339971
-0.20889662811532617
-0.17235476057976484
-0.019626114333732403
-0.10954194483929314
-0.12877113465219736
-0.035754220210947096
-0.0040307846502400935
0.018625899305334315
-0.1650509136961773
-0.053843114321352914
-0.08444907193188556
-0.11267004732508212
-0.001618598063942045
-0.037424244394060224
-0.03633264190284535
-0.16324144875397906
-0.13656632142374292
-0.07026699575362727
-0.013514115213183686
-0.06310376014153007
-0.06135104800341651
-0.1717401256901212
-0.12611247453605756
-0.08509441269416129
-0.05096814846183406
-0.11372430677874945
-0.028722032788209617
-0.07487024931469932
-0.040369555936194956
-0.051861689367797226
-0.16041132749523968
-0.13460071134613827
0.02079993818188086
0.015326264583563898
-0.06990372017025948
-0.0328744588769041
-0.21889415895566344
-0.04698637365800096
-0.08602521708235145
-0.17631132993847132
-0.04320722597185522
-0.05574086110573262
0.062034251051954925
-0.0026353545836173
-0.07777525030542165
-0.1031425831024535
-0.10146355311735533
-0.10898056122823618
-0.06992954754969105
-0.06280795531347394
-0.0253057777590584
-0.13897621299838647
-0.06034768238896504
-0.023011139695881866
-0.051769811019767076
-0.16458293795585632
-0.0766750007533119
-0.15557208324753447
-0.08991506812162697
-0.055564331018103985
0.01241543487412855
-0.05526244279462844
-0.02780097257345915
-0.19721639598719776
-0.16005519311875105
-0.1235350373754045
-0.048754473973531276
-0.023658984689973295
-0.09220591973280534
-0.022918400966773333
0.034144872915931046
-0.08477594854775816
-0.16159771475940943
-0.12880472792312503
-0.01567836554022506
0.016066911746747792
0.08000056690070778
-0.05540011203993345
-0.16993542993441224
-0.09658300335286185
-0.15329937683418393
-0.013715156877879053
-0.005437160536530428
-0.061400884413160384
-0.1139140676241368
-0.10312786931172013
-0.10040118334291037
-0.017800786037696525
0.12851264895289205
-0.01010610768571496
-0.005198505772568751
-0.1688903446920449
-0.013743351446464658
-0.15219979477114975
-0.1937018686439842
-0.08680289587937295
-0.07817190563037002
0.04407792759593576
0.08405376469818293
0.058968832658138126
-0.022098806050962594
-0.15844478085637093
-0.18670998397283256
-0.1554345937911421
-0.15027446066960692
-0.0786312740528956
-0.02784234590944834
0.06176048092311248
0.09296796913258731
0.03792693319337559
0.04575896604001173
-0.20004679830162786
-0.1773089193738997
-0.19016587873920798
-0.1947841409710236
-0.1429536867653951
0.013963705743663013
0.035045461114350474
0.028959073082660325
-0.022362918782164343
-0.1598036096256692
0.018661464477190748
-0.1658809020264016
-0.035696334816748276
-0.029514753667172045
-0.09007078048307449
0.03143656876636669
0.030275024648290128
-0.0248354056457174
-0.012331345524216886
-0.18618798768147826
-0.23318282375112176
-0.18698631366714835
-0.1427212175913155
-0.0671216689661378
0.012540884883492254
-0.04202951182378456
-0.014721043698955327
0.00013379918527789414
-0.05794685643923003
-0.15268886974081397
-0.09284507800475694
-0.0005073086940683424
0.010332724115869496
-0.009782115223060828
-0.11631752143148333
-0.11515599570702761
-0.07360725219041342
-0.019561776003683917
-0.06884829391492531
0.03151348701794632
-0.020449085510335863
0.04790726606734097
-0.03379024178138934
-0.20841766241937876
-0.08015783035079949
-0.18898449634434655
-0.11381455190712586
0.0390453834697837
0.0021222049836069345
0.07239413843490183
0.029594090490718372
-0.027388722337491345
-0.11158579174662009
-0.12785899878508644
-0.08821534075104864
-0.1344335566391237
0.0034951735578943044
0.0014368235861184075
0.052197251789039
-0.022494544566143304
-0.07746131743670048
-0.11899298895150423
-0.07250898575875908
-0.08100428152829409
-0.0666497103520669
0.09653968084603548
0.0585765403957339
-0.03232965630013496
-0.1516612966079265
-0.0891067844349891
0.041447079507634044
-0.05433291511144489
-0.02969764347653836
-0.07354608428431675
-0.07233311957679689
-0.07621755765285343
-0.06413720845011994
-0.10795279021840543
-0.0044570426107384264
-0.15679996070684865
-0.00880321569275111
-0.08214761572889984
-0.06902815424837172
0.03634817761485465
-0.10534694278612733
-0.09359118895372376
-0.028947824554052204
-0.012407940230332315
0.0338016091263853
-0.08255886274855584
-0.11797096172813326
-0.027964801221969537
-0.10322463687043637
0.021671547321602702
0.03916186748392647
-0.050355538725852966
-0.08264058316126466
-0.17867833492346108
-0.06112504212069325
-0.13125591189600527
-0.056119728134945035
0.06786823424044997
0.14699337776983157
0.03420748945791274
-0.07703328831121325
0.02081278819241561
-0.08035028935410082
0.026935939444229007
-0.06592635688139126
-0.05845063872402534
-0.048687468173739035
-0.03391785825078841
-0.05133409478003159
0.005863742604560684
-0.10554232215508819
-0.024324303871253505
-0.015495899923280376
-0.07978219410870224
-0.1395243719452992
-0.05593037328799255
-0.08674018667079508
-0.15517972240922973
-0.11461653071455657
0.0009761787950992584
-0.01872733887284994
-0.013979843002744019
-0.023882269684690982
-0.053410975728183985
-0.10593478791997768
-0.029556906345533207
-0.0676720745395869
-0.10282804068992846
-0.0806820759898983
0.04923134882119484
0.1364102920051664
0.07154328402975807
0.044736232070135884
0.06164941243332578
-0.07540594832971692
-0.1917665433138609
-0.2076361677609384
-0.12356233812170103
-0.14801070373505354
0.05581861734390259
0.08804177300771698
0.0796021749265492
0.018359164969297126
-0.04415220319060609
-0.10201273497659713
-0.11936846392927691
-0.08100399072282016
0.01109792132047005
0.05494346871273592
-0.033398788486010744
-0.010375047160778195
-0.046752434252994135
-0.08726866653887555
-0.07454565749503672
-0.04206857515964657
0.00012709620932582766
-0.05817506488529034
0.07753510601469316
0.06441373837878928
-0.06777477957075462
-0.01328868098789826
-0.08733559769461863
-0.06940381103777327
-0.06577908041072078
0.04522838976845378
0.0918027542938944
0.07507899560732767
0.015014589473139495
-0.13293637649621814
-0.13428753498010337
-0.1165151433669962
-0.11527213695808314
0.003184125711413799
0.07010173941034736
0.07607218838529661
0.013469077879562974
-0.02987878206477035
-0.10131518458365463
-0.13131597079336643
-0.1574059152044356
-0.12605085619725287
-0.06790727928455453
0.05398826276723412
0.060778082290198654
0.1114817718626
-0.0004920506617054343
-0.002720050615607761
-0.05882013015798293
-0.22836869133607252
-0.2847967208363116
-0.22734323446638882
-0.10605887879501097
-0.04620704223634675
0.08060739478969481
0.0798711514507886
0.12100923934485763
0.06186172686284408
-0.010892085570958443
-0.05142238276312128
-0.20836946880444884
-0.21154997777193785
-0.1408577241236344
-0.08731443744909484
0.05739598406944424
0.08809473784640431
0.015641336620319635
0.048606347176246345
-0.026171042321948335
-0.06374891885207035
-0.1539967895951122
-0.21499083648086525
-0.09256336727412418
-0.03891502344049513
0.09402531644445844
-0.01584003269454115
-0.01601817086338997
-0.06646988051943481
-0.06833531992742792
-0.009680846880655736
-0.07739608865085756
0.027926203212700784
-0.03082826078752987
-0.12623643723782152
-0.12704090197803453
-0.042627351882401854
-0.020075530104804784
0.005643839365802705
-0.0033783595135901123
-0.06108141754521057
-0.016364860581234097
-0.14810725301504135
-0.10220071009825915
-0.06574235542211682
-0.02937426557764411
0.06230618653353304
0.06432534656050848
0.015035940654342994
-0.009258102043531835
-0.1535760136321187
-0.22190139070153236
-0.20748866256326437
-0.210521693341434
-0.1140628051944077
-0.08394567179493606
0.15887825703248382
0.23861421481706202
0.15745169948786497
0.20671029156073928
0.2123797507956624
0.012485678889788687
-0.04202907549915835
-0.13000371264934074
-0.2130349832586944
-0.20339654188137501
-0.17605908759469457
-0.0638486726093106
-0.011383087374269962
0.053378890617750585
0.031082679342944175
0.07525127096232609
-0.16188785014674067
-0.10278049488260876
-0.059796746223582886
-0.02323525387328118
-0.03185735552688129
0.00749961961992085
-0.023560985806398094
-0.0972910400305409
-0.14205704012420028
0.004424115177243948
-0.10402339365100488
0.00942043587565422
-0.08505598400734016
0.0024919312236306723
-0.03618566419027047
-0.03938570566242561
-0.12299991142936051
-0.06634899001801386
0.03021392257187472
0.09125609998591244
-0.035473881114739925
-0.005570794455707073
-0.038069409609306604
-0.19158241525292397
-0.1724351157899946
-0.08197360299527645
0.07450370230071712
0.13369703810894862
0.0427844071527943
0.047208130337821785
0.004645919281756505
-0.18572104291524738
-0.22392761148512363
-0.23051417153328657
-0.18248592724557966
-0.14081251760944724
-0.021623044663556357
0.057794551277766004
0.08520632196450606
0.012649943804717623
-0.07417636748868972
-0.10810848335677292
0.009494805650319904
-0.045395703564281575
-0.10711759625701234
-0.0021686538821086287
-0.12737477477639914
-0.056302338489331305
-0.019247954798629507
0.028249675582628697
-0.03669657849241048
-0.07631597198633244
0.05183470467454754
-0.04514926234696759
-0.025058577935851645
-0.07519205682910979
-0.041225155495340005
-0.021417395684693474
0.035589500395872165
-0.11877969262422994
-0.11787542188540101
-0.07004742894787341
-0.0008677907462697476
-0.011789837502874434
0.026830287650227547
0.0033823861231212504
-0.05064252548618242
-0.09463131212396547
-0.10416134889237583
-0.032693709479644895
-0.01716909142851364
-0.06476382329128683
-0.017523799353512004
-0.014007824691361748
-0.0420588810229674
-0.025573810999048874
0.017765064374543726
-0.09740597184281796
-0.05107496166601777
-0.04752616526093334
-0.027228644394199364
0.023028756942949258
-0.10921059045358561
0.013568159309215844
-0.043084763980004936
-0.12030934070207877
0.025374791963258758
0.02288064348977059
-0.019050532799155917
-0.17649146215990186
-0.0693672951310873
-0.023947896930621937
-0.07701378464116715
0.0020094254286959767
0.06066468043718487
0.017591635769349523
-0.04823678734828718
-0.07314508853596635
-0.05374352221406298
-0.06179661175701767
-0.008968455746071413
-0.015197599706880283
-0.08962307829642668
0.0042830629281525034
-0.10137907904572785
-0.0010742748709162697
-0.11984792817384005
-0.0006616999744437635
-0.041819754522293806
0.030925130879040807
-0.02818691250649863
-0.024562125516240485
-0.007300733675947413
-0.1461156103760004
0.025024803238920867
-0.03131928122456884
-0.05756539199501276
-0.021674421539501054
-0.037028910213848576
-0.13734390633180737
-0.04112028155941516
-0.08412614767439663
-0.07818632322596386
-0.0476238481933251
0.03370061272289604
0.026973902597092092
-0.005046396734542213
-0.17495042621158063
-0.1902112525422126
-0.07512701013183687
-0.01656288973754272
-0.03738487127702683
-0.04147226334316656
-0.03530102191143669
0.03297636209754273
-0.11032451718347147
-0.13861268514301628
-0.01802519457123708
-0.08236287999898195
-0.08521321296575479
-0.007584737613797188
0.03548367749317549
-0.008729255059733987
-0.03692170529393479
-0.11217340751318261
-0.2973723500035703
0.030594678610214032
-0.011320137462462299
-0.0790999999298947
-0.0049314576826873235
-0.1366837559035048
0.042881140136159956
0.03174247870629188
0.01122423738706857
-0.08139605531323468
-0.1761463258881122
-0.10726216231705621
-0.05818527277733665
-0.020984737460821634
0.029639561089425115
0.04642918548779562
-0.024527636676793918
-0.18102646454644855
-0.0684148526052013
-0.10568226221948862
-0.02839571176446043
-0.03345474024536088
0.0959164157975465
0.0253127714531729
0.0045395956840366125
-0.014680022148240823
-0.15789378045883495
-0.18009586006610334
-0.26830922439694405
-0.16488517285324633
-0.03561874752631411
-0.06290154543239623
0.15139286988414824
0.18811242282390594
0.24029581435024738
0.14756630919873714
0.1184162589488551
-0.012401873405906372
-0.10798954928759485
-0.14458223734982312
-0.14269280369626358
-0.1753960587811889
-0.04106885293731466
-0.05573117494350299
0.043743319576606154
-0.008007367083337158
0.010960652609355748
0.0008199212024919689
-0.14141901535913348
-0.15563361515523866
-0.11049585044384003
-0.11882788058574079
-0.026531389623414725
0.014248032763134688
0.05913057998986915
0.03826561730238609
-0.05574998236261308
-0.08781053846905706
-0.04448621592018753
0.03961426373280119
0.0852372192312032
-0.005356872388802003
-0.059983701969031245
-0.05037978236214258
-0.07900223229080439
-0.002874276979127899
-0.06772454234305769
0.004995173527277075
-0.000670643838475371
-0.05891321168746799
-0.10892253671772778
-0.0016118112253025174
0.029669999079487752
-0.03287376504158601
-0.02804686693707481
-0.05823162803426385
-0.05397678598819766
-0.05671720057216589
0.11257462296634912
0.05646201828494668
0.1384307180705946
0.08904419676036923
0.023584839262184687
-0.10178989672567695
-0.14080531714716926
-0.15123231429606676
-0.13935648929327726
-0.046563173877075315
0.0410531784655177
0.1033845474012196
0.08316617005039006
-0.0019953493028879166
-0.020924834210745757
-0.026492359931580722
-0.07778169872472063
-0.03939163647009991
0.05914282883168198
0.0390296062323614
-0.053351428112364374
-0.040981710095366
-0.024347707978449762
-0.0661615802673623
-0.1092960387468338
-0.06545171665493399
0.030766864074394107
0.10491273042862304
0.027840970607940108
-0.025940148683730513
-0.007393197971396148
-0.12853830680251122
-0.06294302683090791
-0.05782345330953831
-0.0006336175720207393
0.04625707994273398
0.028101240046680687
-0.00030149407393764704
-0.11531805107370019
-0.09076491693849675
-0.0610449529485777
-0.027387882641050965
0.005168754636542872
-0.08052044906071387
0.003189684823155403
-0.007524098691646941
-0.03741301410627784
0.056030045059742406
-0.0427652777871117
0.018661094538401812
-0.004945142747601494
0.03717840134049766
0.013939923672296572
-0.11492023640312254
-0.10869803465902805
-0.05978249741019681
0.1307814330502879
0.05362121912185103
-0.010387230664491653
-0.14726946252631024
-0.10360468231374398
-0.08499556651804596
-0.05761070301196014
0.08277312314021401
0.14710285508044763
0.1405597710981965
0.1020466110567213
0.06287513657298405
-0.03885370818898082
-0.0986899472627556
-0.04182849603239447
-0.09090546070365235
0.04517875725287013
-0.015532089717453346
-0.039729074167553335
0.05410311563173309
0.012969241761311423
-0.019089922541752458
-0.010849451762624085
-0.056314992063562386
-0.11927380721317604
-0.09291519617545418
0.012234936380991712
0.06808772531803697
0.029997200123034418
0.06655066518578678
-0.07089327140556634
-0.12511324265506119
-0.0934679203437554
-0.08047419914510101
0.05877495775348507
0.12201056607409555
0.10151110420702025
0.027134166477480903
-0.09385734765965026
-0.0774125207826728
-0.11050381691893563
-0.01577974611791433
-0.011627245883573778
0.028662200129474513
0.02491364983143285
0.021116249488841277
-0.11484339642629493
-0.12524354964261875
-0.18142414931207895
-0.13793846347834915
-0.03042609427939169
0.043389066704548895
0.12616556358989328
0.11153454496525228
0.06875176119501702
-0.013060638593742624
-0.07330932302284054
-0.11771960464830045
-0.11886927857995033
0.027922064953600056
0.035411871125688776
-0.011091193417087197
-0.0511809722520411
-0.008910719538107514
-0.06532769120531157
0.1012466683562252
0.06122294183660415
0.007145885912905214
-0.04490286123473197
-0.10187366610625759
-0.022174108002218418
0.025770382286282256
-0.029217001690994948
-0.06493396509904414
-0.045890403802332
-0.07306249829707667
0.07325162994675338
0.09359192848205566
0.10036435088841245
0.07491838757414371
-0.0028568284833454527
-0.176016814308241
-0.26234698854386806
-0.2178026302717626
-0.15937022727302974
-0.08029830292798579
0.021950781665509567
0.07855226963874884
0.0929290632775519
0.07579049744526856
-0.013774193183053285
-0.0601887668017298
-0.134022721555084
-0.05644263493013568
-0.027903240239538718
0.03387379553169012
0.09052019566297531
0.0859616936504608
0.026696808985434473
-0.049361743847839534
-0.16934378794394433
-0.19953480106778443
-0.11611037660622969
-0.07752018939936534
0.08910987817216665
0.07684449333464727
0.09239322936628014
0.03068716004236194
0.017412484856322408
-0.1233950058776827
-0.09235780913149938
-0.15310446452349424
-0.05896719009615481
-0.004706787294708192
0.02008908240532037
0.06698239705292508
0.027053454165070434
0.010613661201205105
-0.1414025689009577
-0.19078689068555832
-0.17406488326378167
-0.14378833409864455
-0.08051810116739944
0.007715986954281107
0.09898025577422231
0.14613449457101524
0.032478146837092936
0.018788191402563825
-0.02838099916698411
-0.26799292396754026
-0.16973573178984225
-0.14282210287638009
-0.12417992053087801
0.018225763691589236
0.030302105384180322
-0.01258022867841646
0.03186186801758595
-0.05338047072291374
-0.05106091755442321
0.018194521981058642
0.025706446263939142
-0.031157760007772595
-0.038517657725606114
-0.032945214668870904
-0.03781202615937218
0.06239331474353094
0.08552658873668406
0.055750557366991416
0.04177364119095728
-0.033524534781463444
-0.08505879656877369
-0.0949781970703043
-0.08814903715392575
-0.02919639172614552
0.03396674309624359
0.0027737313066609204
0.018382949696388096
-0.00580135130439885
-0.10438920371234417
-0.18070731253828853
-0.14766703126952052
-0.04542143680737354
0.0018881089490605518
0.0389152919233311
0.17032195976935327
0.09809800086804898
0.03581786765425932
-0.10238689725520089
-0.07774071744279354
-0.1015203088754788
-0.042930868425173685
-0.0026452061647432856
0.08064179844222963
0.06856285757385194
0.03886221654829569
-0.039476533282140736
-0.1203840859234333
-0.09100681756535778
-0.02771414291783003
-0.020550352812279016
0.08204654143628431
0.10376562678720802
0.06901325567741878
0.026244739441608544
-0.11866416956763715
-0.1467275934992358
-0.12195999496907461
-0.14088986185379326
-0.057697906719113234
0.049040865735150874
0.18970152037218213
0.13033289357554168
0.055061144375940785
0.049171981401741505
-0.07333932086476125
-0.11800097860395908
-0.11864678835263476
-0.040347534930333495
0.026648621540516615
0.02123753901105374
-0.055946175823919475
0.025034639285877347
-0.019141732409480028
-0.036885443158098496
-0.022809571120887995
-0.007785115856677294
0.008725838386453688
-0.02822724688303424
-0.07295467605581507
-0.028414956555934623
-0.029882258211728185
0.004551574063953012
0.04317377391271293
0.03268282292992808
-0.047251520212739706
-0.055442040582420304
-0.0397306497907266
-0.03547287156106904
0.06494329238194041
0.13091286062262952
0.06293952962732874
-0.004451024578884244
-0.13295696592831519
-0.14676837353908923
-0.12126153023564257
-0.14627935679163784
-0.03965105366660282
0.07290061779713142
0.15177703858353198
0.1421643616631627
0.14491063123568892
0.03572799847461283
-0.02290423773229122
-0.11904946051072329
-0.0726078498410061
-0.09744757798034698
-0.07487405266147107
0.04620275876368396
0.1042859935114393
0.16226757608819753
0.1065461529942695
0.015826261835172772
-0.09796784725040197
-0.16712555079720914
-0.18411175557412207
-0.12195658654673025
-0.09373650013003498
0.01287085999501869
0.03747692808974534
0.11260660295374691
0.054770476213889197
-0.024076060333754867
-0.10273205628618598
-0.1663408912718296
-0.09172481003770372
-0.08255238173296675
-0.02523713104892522
0.030216381244827062
0.16314336622599512
0.1458685053512454
0.09054022037889808
0.023811686551198363
-0.08604984043631703
-0.1905672885477543
-0.12087773665552959
-0.12223823356907815
-0.06608147942461073
0.06234663312716293
0.12790410537854768
0.1301662084297277
0.14258198789320886
0.008928096271120012
-0.05901871286914684
-0.1107243697042577
-0.1365833068266511
-0.041338992548844544
0.04236526385648176
0.028006553578961757
-0.019049387410632335
-0.0431670525285881
-0.03694427074515261
0.10924747019453207
0.06376948859542608
0.12431437522172928
0.0407767166288977
-0.058170079661067575
-0.14565576799213886
-0.2718871682882309
-0.21926666889339685
-0.17304520487959962
-0.04470067855436355
-0.029529374092817307
0.09515731036663055
0.1752765440614894
0.13191148574696854
0.19042997807264328
0.11119427919038571
0.03200718832340499
-0.06525008950848132
-0.18876371064106934
-0.2918684002943337
-0.21002971334382892
-0.12338276696391404
-0.04563827162201051
0.08056572254281491
0.15381419763434678
0.23564079124480486
0.23907602671533823
0.16022644413169473
0.07532602925493848
-0.041032458015251905
-0.08199352116207592
-0.1762069942196831
-0.1650788549450226
-0.008890668701496907
0.0574363861232996
-0.0020195088436594233
-0.07160850724903867
-0.02666978034812928
-0.06011590198613703
-0.07310164018417709
0.03204242145875469
0.0306901338044554
0.07057242540759034
-0.000984959173365496
-0.01585532771423459
-0.06540726698949584
0.005648181744618341
-0.05533617868786678
-0.12220300032640807
-0.014496472367682145
0.04942502187623177
0.046760149649344385
-0.0022788283094996586
-0.07587040902581066
-0.07862335909157991
-0.08662348391953856
-0.01625262432207819
-0.044091282281442545
-0.002495920256478712
0.017056080367183313
0.029353394129429944
-0.08266900513262954
-0.12253379938192666
-0.02908404282061383
0.020651650615036488
0.00982261955505237
-0.004118641347304219
-0.07448886324709747
-0.012503966965596192
-0.038510779675561935
0.023697167984209955
0.05684176541399211
0.026723285220214166
-0.032058291719295084
-0.118697545141913
-0.07355155528057367
-0.035519930883310735
0.03235703798418399
0.08557378925615922
0.045632428053068
0.005891756823984906
-0.10293450823519379
-0.12079692236147821
-0.15184522652998567
-0.157315403688699
-0.0575928999169264
0.11292977398261428
0.1336131514981389
0.1398085348191671
0.08620404941029847
0.08765280881198123
0.0023941836116136983
-0.13354175561107695
-0.30265877628698945
-0.3282075710594654
-0.3205091904383153
-0.12397929778671823
-0.025894937782140914
0.047902456935844384
0.12884772173129022
0.13559955800883472
0.061602703179232776
0.0461521721445024
-0.08613499533385038
-0.09483081212965772
-0.05801730667008087
-0.013583210282376967
-0.012575863423990086
-0.025199460244039074
0.051039208887232235
-0.0010470386187080294
-0.013900460427976213
-0.037099252454936504
-0.09852921590209007
-0.12075928384547296
-0.0755287142819725
0.017087137603084557
0.10527306084986776
0.039328319602645934
0.013453652180032805
-0.07113094630767591
-0.06866034440463409
-0.07087049499386922
-0.06367689603939652
0.0008555355598218739
0.06681779498467222
0.0797113459011598
0.028153615829069167
-0.05346572620328516
-0.05709092813776806
-0.07473871600814164
-0.003856313560390845
0.07020961908892787
-0.012103329820092767
0.03166709246579558
-0.042132593458518386
-0.08667076274286956
-0.0809320870321244
0.024858334414602723
-0.02028907006024383
0.044614224578253925
-0.015525455164606683
-0.014706515736179426
-0.057650533330161124
-0.006562878901604563
0.005337088223313913
-0.02455746050691232
-0.031266345467884094
-0.025900362386892084
-0.0053355262207333
-0.04148296942003071
0.0019356063203304075
-0.03359498915961012
0.008006794494576752
-0.09012908372096717
-0.0727250540512614
0.004760628362419084
0.04436609000549652
0.008910384349292144
-0.09894821851048619
-0.07343940634746104
-0.07011459276691312
0.017946222549653612
-0.001475052245950792
-0.03247859512339346
0.00551254692254588
-0.027416966040618718
-0.03629516076762229
-0.0530945883365348
0.03355120707419701
0.10050923295784742
0.01775520123919705
0.021884263092943
-0.12675039982423186
-0.06243996840203181
-0.12931485148146749
-0.08664929092628881
0.008474576025037095
0.08127758977934718
0.06666526739718392
0.04423769724144222
-0.06265163404168561
-0.09963730641175061
-0.033848457751446404
-0.017633041090448387
0.0760840590155567
0.0270047440280905
-0.030867449706420302
-0.0505169018288143
-0.008605115173850209
-0.021981636120472103
-0.004598029685439542
-0.015346456842962652
0.017030137747497065
-0.07106573390774429
-0.021223651063337456
-0.02996409492334351
-0.021556871535722166
-0.0010809198720380664
-0.03197900734539871
-0.006513032993098022
-0.0051089215148749645
-0.05671871517552063
-0.05772728973533958
0.01376625246484764
0.02530860953265801
0.01802999241044745
-0.00854317109042313
-0.12995498103555292
-0.12809443823061883
-0.14333896903553978
-0.05436608812306076
0.03690679182182066
0.07014024152522325
0.121336710290052
0.07718874834245071
-0.036320558367151534
-0.03853466780856252
-0.05357018779614009
-0.004360579790954944
0.04473923789919354
0.03390861780644627
-0.02773920798790641
-0.05054424438276328
-0.006926291782292537
-0.02588626318902243
-0.013721146882744506
-0.006513544591143727
0.01607011372107081
-0.06391877407440916
-0.08106781984679401
0.008042411394853843
-0.051775157800875604
-0.018523920589359477
0.007566184940515086
0.05203270836500451
-0.00786030763265444
-0.020190513561828993
-0.0093391633417923
-0.020871179513051175
-0.05760905113129411
-0.0235038142564008
0.015480731846764684
-0.016481851998833008
0.001328259997535497
-0.01816645262078964
-0.06251680385321379
-0.020377929060487077
-0.02113101552822627
0.03428141321637668
0.046857436392201635
-0.014894892781740054
-0.0534311622614041
-0.04938459803815931
-0.011381062926375307
0.0404534641711507
-0.012631945603061467
0.014694155819597654
-0.035394674487179145
-0.09008203895064071
-0.02357703185407445
-0.02081118623027578
0.053613525875334744
0.032435684581287205
-0.009306985139119206
-0.06440706667490304
-0.09193150652572513
-0.06278572942756
0.03319739023572765
0.07116256067092763
0.003424666494538542
0.03357466358284
-0.025486795559118036
-0.023042875254759565
-0.024852181610185653
0.025464891165029258
-0.00295825264765881
-0.04257320075703319
-0.050764726343913935
0.06677372281956195
0.07672804564936087
0.04359147138893604
-0.02050292256171815
-0.12092205334920436
-0.06994573207339272
0.012147179026214872
-0.0320412227883935
0.07537072629202157
0.04936681059189141
0.0017373876180499792
-0.08722622110508382
-0.09472042007837445
-0.05058308632578701
-0.011308844710583799
0.07256917073391378
0.11060005374019966
-0.0035539737436920404
0.00693209283053875
-0.052659837587270886
-0.11269962694495916
-0.07194916950538754
0.006578686297871172
-0.007858051569201052
0.06362268976590713
-0.05834797094576061
0.012881979593657888
-0.08281570226245094
-0.06791293247806607
-0.0007485059322789311
0.031346989184385166
-0.05044356016878737
0.02394189080223441
-0.04448607476660982
-0.0781706247216789
0.0016689221374690533
0.039537034346722066
0.0319079622568097
-0.11160460440441966
-0.11101547756697983
-0.046185412211343646
-0.03000605577835813
0.020494136595516466
-0.060059368592192186
-6.070120434742421e-05
0.02587059437064454
0.03062644094461575
0.042629829491488636
-0.10226206900551915
-0.10323686082847416
-0.16956173768267035
-0.028304693871177733
0.031772087910212576
0.12930319481529295
0.13795537175610662
0.08552580620380468
-0.015496994368731976
-0.0573641563532874
-0.12411469267681241
-0.13966791203711182
-0.06537921290146187
-0.054907833866309375
0.12264077516738325
0.19297069241292775
0.20241011134930886
0.12475977503345348
0.06581305639701895
-0.037289646816134336
-0.002286551345605403
-0.20627408637665212
-0.14150839252397418
-0.04493895638734102
-0.05232481034909142
0.07198223262093961
0.10751184006221592
0.1478953774785623
0.1720467887353152
0.08998496097046882
-0.04633345844922587
-0.190485013066791
-0.0902448984561488
-0.14932813646737486
-0.11112710123416036
0.029683571308851242
0.10410457872785628
0.1071317920286674
0.014864976527860563
0.010808079998241737
-0.1963812573812902
-0.14110703067854047
-0.1286967858322896
-0.10891451996576507
-0.02934380277292803
0.08057942416053265
0.09694335708991275
0.12564511178061366
0.04724097461439669
0.021782555675599724
-0.09501498728059232
-0.11085383489262313
-0.14713137736544013
-0.015608161338604987
0.07719544967403635
-0.025376986362971365
-0.063752707967069
0.009814277058467269
-0.06743476784322411
-0.002265432442072779
-0.026297379624338646
0.035138810402713716
0.07190409634495154
-0.037160566775128245
-0.019656318181660026
0.006269498611800373
-0.10035968327429146
-0.051410141051746905
-0.05296775611350313
-0.04284165453282185
0.1601765284431167
0.17411701823584735
0.23711848491802812
0.17956300865625963
0.06846779669831449
0.01155649315478513
-0.16301620530430228
-0.21011754125356674
-0.27341665606945753
-0.2027436913922429
-0.16204844368621707
-0.04152140469523147
-0.032432764768600464
0.19673385354690254
0.2625752955209464
0.3045751191675663
0.2651550400769338
0.2041563328821212
0.08603014324762626
-0.05981641498510726
-0.09800056921085343
-0.07761974108871073
-0.1436617288272828
-0.07719770225230604
0.06616347425006097
0.012655171594815329
0.09561510401545092
0.06951218518497626
-0.07403927837731317
-0.06877001328393817
-0.03630140871973708
0.005128563265316188
0.02619477960979566
-0.014525849423080217
-0.1402872452745214
0.02006958390120417
-0.010826410118170315
-0.08356319839367643
-0.0561323162401095
0.027548535988898948
0.08133641853055451
0.018305672681890428
-0.06586380168664618
-0.08380514656892046
-0.052703869791002944
-0.020523496945315856
0.1127829972829204
0.08712074585491791
0.07928992019151337
0.10046596769825555
-0.07176009775139391
-0.12149605236481875
-0.16586563363671303
-0.02477315399926283
-0.018923307936347555
0.03287932666717097
0.06542315350088757
0.02247593310312368
-0.001299404349992983
0.0237516478591715
-0.019769173086388037
-0.16659421352960635
-0.11782235349528491
-0.09215607476653531
0.03998362785205245
0.1228144015185535
0.07349028915632516
-0.012565373472170904
-0.03990749694639817
-0.057444980659056455
-0.05386503259069286
0.012984596018213779
0.06003034244349692
0.0421562624105718
-0.02408560607000254
-0.03560574827133678
-0.08337384865444619
-0.008277599983557593
0.032613282615784556
0.055217746819835156
-0.058334997098427266
-0.013585932145360857
-0.10303983742778655
-0.002805662057653535
-0.041229441529139876
0.028594030900421785
-0.06766017999143514
-0.038565441966056824
-0.09559709299355745
0.08023547063930891
0.05349455578107154
0.06129080074606463
0.041764895897358656
-0.02033842066884972
-0.11367226165020838
-0.09683996136300266
-0.059272866521496326
-0.004044964618515223
0.054390756580687594
0.12285436247475445
0.04774660861585289
-0.05223897722316906
-0.10112768787075765
-0.003472987678833306
-0.04888139574904926
0.01728630964498734
-0.05470765847712755
0.015244467998854816
0.025795715831918642
-0.05154394044075161
-0.0571000415366143
-0.061893469326605555
0.04739328604773618
0.04586454649688676
0.0815739466343075
0.024256352160591632
-0.06467313052053214
-0.14178668521344662
-0.1136929098283872
-0.0701293584133964
0.027771801105700433
0.033768947003409266
0.06652387912617996
-0.0033554845285834745
-0.06666423613205552
-0.16179197863675654
-0.09469645819626749
-0.016869849016075023
0.02418645607031067
0.023613350644154707
-0.025326555536594242
0.0021822941198479384
-0.07696654123719782
-0.013726305653108284
0.015162913041422144
-0.07186432197340764
0.05309107931680046
-0.06925049290293828
0.027000563124602195
0.0006493315158877522
-0.04408165731001645
-0.04626098496373743
-0.0798161011771299
0.04800227758823894
0.12961755113792606
0.12568046513479203
-0.002178064431063831
-0.053599336941260844
-0.04963171307463199
-0.11287577176699415
-0.05148160667158663
0.08292134814837482
0.18747005378827453
0.1481051854789257
0.17728044622344896
0.019730900356080383
-0.08772986207623035
-0.2382087049772963
-0.031986223766580224
-0.07833367395505775
-0.10968055250123143
-0.006350339885102585
0.12832359655294567
0.18344488739967346
0.13292801496572793
0.05074322163272882
-0.037688833894208074
-0.12935922865290195
-0.026377639529528096
-0.025933901735697873
0.06386946939164773
0.020880571273664827
-0.1391803529113531
-0.09199427487328649
-0.08637704799184576
-0.01434634963516146
0.08893188365618698
0.07597351504955441
0.052930692210793495
-0.11558945896103978
-0.09691554112941958
-0.028748829747200944
0.03684563899150817
-0.04532843269407749
0.006770441716071218
0.03638983253767947
-0.010919713880866766
-0.052953453065129
-0.027470733621157706
-0.0110470631334465
-0.11169705097563565
-0.05302405060501769
0.05470314246849739
0.16050929157063365
0.1521927496069111
0.018711081327637658
-0.0842662357899826
-0.07426149980165064
-0.12055821565445513
-0.018641559134266572
-0.03241173805145081
0.023262141301529482
0.03996911030844785
-0.020418776213773526
-0.038465428922791034
0.006254850173718296
-0.1360230446443893
0.006502306263428181
0.022739933483535424
-0.12343386118300259
-0.09555960958823562
-0.06887177715543658
0.00883534736931324
0.07559440401382744
0.013975870446301997
0.05740447642165236
-0.06515417899936438
-0.11781828454695642
-0.15112612512893975
-0.1421894656959921
-0.06591228954494
0.10421577485976741
0.11837063363054767
0.12668968015350401
0.08614977091929177
-0.0666679976566229
-0.05158750516420696
0.043240290018729866
0.020129565498791635
-0.07590448355767876
-0.07147891478962265
-0.020880428375676274
0.06458948872750625
0.06655322076403536
0.010435068965307437
-0.09199260442983359
-0.03586093586636707
-0.020352259394712746
-0.08178399474127218
-0.0427443989465246
0.07900711696129292
0.08913579257205129
0.03434520923474338
-0.020873257919447497
-0.0807514579501003
-0.09193788468837738
-0.07016849689534865
-0.1091943928040564
0.1325796158052981
0.08178223058348522
0.13858069363050163
0.14651671116007492
-0.04042436218742296
-0.03090886858990416
-0.019473619655400398
-0.000723479301086627
-0.07818356668576598
-0.055927680892637
-0.02665652078576386
0.04820022056810558
0.07897347772723151
-0.0001606541945875506
-0.04841903988199192
-0.21140539133921266
-0.1287145030219108
-0.12324192546657287
0.025248406091122888
0.017885451947222464
0.053368820023024455
-0.04548683703615097
0.04773646607645787
0.01578668871661648
-0.04728770419023931
0.024207342241425067
-0.03256129985311418
-0.0628708470321726
0.0020086340373381972
-0.12355331215076149
-0.0048317041946575046
-0.09204468550160527
-0.11974514244138845
-0.012119787454139441
0.07072712109948043
0.029339630258618854
-0.07277965178946033
-0.03773048866423778
-0.033899340516654775
0.03301517987711122
0.0269117973439279
-0.01670276088407263
-0.045981623930856586
-0.02540304857393494
-0.011140834249090403
0.03386624495033175
0.004190189822111279
-0.14344900693322415
-0.1198456350248307
-0.04399326289421879
-0.050463702995330095
0.06943834110279568
0.017377528187353164
0.08256078749400331
0.01884903825703077
-0.18684772890992463
-0.28867428563535213
-0.24294488225132227
-0.22083635069429874
-0.0014935953367967159
0.09685980685753748
0.056904059631051496
-0.01951413362985477
-0.07026673298969399
-0.052024868127773516
0.01041848151362501
0.07418977879569866
-0.0018795538926497102
0.002371226655668579
-0.09586337313521653
-0.1268591987900436
-0.14271209971047938
-0.03935500525403768
0.06984415859915316
0.014111549709923565
-0.02456872010952793
-0.09263015980832279
-0.07235502736875787
0.061183271842310205
0.09293796046404168
0.004041798529215157
-0.07074971892325266
0.027170219240360893
-0.03819781698985025
-0.025821664719842374
0.019090782443527132
-0.058038518924149685
0.012946863891556859
0.045279336016392335
-0.038089734756795224
-0.018406050538033014
0.04629750893218443
-0.001176375699287746
-0.09301635011797771
-0.1687728773104027
-0.04206415999215096
0.001894822795293294
0.0016544281970709562
0.0697440713411197
-0.03998294990742579
-0.04740677319932729
-0.09516391787474276
0.04137315321713686
0.07540681259706616
0.08745982334949076
-0.0069396913750097156
-0.10688906686846167
-0.18568007182329893
-0.197134368121624
-0.1567784774088068
-0.0141245077829808
0.09809015509745223
0.22971562412567437
0.15077982179354876
0.03677079523913562
0.011019037279766053
-0.36059311311692
-0.21610171254724264
-0.10553163249278441
0.034986888349521905
-0.08703705421066843
-0.040893329365644604
0.09205400411156006
0.11218250502133742
0.15306215558666736
0.024876945521100424
-0.13176657175063156
-0.12756576610263437
-0.10720810177735984
-0.03207037117681466
0.04936537932371721
0.07663697071620845
0.07108333078213036
0.0789874087786302
-0.0431965462394146
-0.06756758224219084
-0.09313126327469945
-0.09362247207900509
0.036266844559577294
0.061172491798060946
0.006739697921148036
-0.0027648622199194506
-0.06918128710822202
-0.164969929959625
-0.10696641745744273
0.05790969211011543
-0.045958284004882444
-0.00855021586176008
-0.01902523436001502
0.11939933820394799
0.047836877580266446
-0.0634802981512621
-0.06774620332544146
-0.05310884659411386
0.10292597781517543
0.17031087027862668
0.042657598161895294
-0.0005721749330405146
-0.04472031252225861
0.008210351865272969
-0.049172749859280884
-0.06931574235204607
-0.0712737140711397
0.11687720264308155
-0.011739280438632704
0.09785159310558811
-0.043598653355729766
-0.008362160588148981
-0.07065568456891924
0.017565592053870205
-0.0691444834228605
0.11109945829957724
0.09320297589874826
0.08236531959846616
0.06950121575209778
-0.12089939022553153
-0.1609772734809667
-0.12881929927971214
-0.12623800337314606
0.009246380184777081
0.024872892062830942
-0.0015243504894897342
-0.008207712206058204
-0.09469749801792204
-0.12974016985390335
-0.08753051231906284
-0.027931122687732568
0.09595713439921383
0.11826699506491423
0.10935668575257296
0.019913120893761516
-0.04554849345004186
-0.0026977905072271824
-0.07561336038634181
-0.05822072923183441
-0.041122373775579035
0.012781695812009275
0.09247703278379049
0.03529771335888654
0.08715737685270142
-0.06850207480601966
-0.06342418576241471
-0.10874699428677559
-0.003057283189264126
0.006582861649803817
0.004373965333797969
-0.09287589765153825
-0.12193972490422311
-0.0011034146264137235
-0.053877568105235696
0.09908081078901887
0.043472632532939315
0.07911944453371689
0.04804796166718006
-0.18959731026552618
-0.15576525079086423
-0.125774048268795
-0.05391459650127217
-0.057377326185815036
0.14337793039157987
0.18645205348730087
0.30654821544885635
0.19498062739148736
0.07700492558069527
0.013779053326288704
-0.16051162489748094
-0.20726937241852283
-0.30497189960442483
-0.23056533630006015
-0.12568024510983378
-0.15499224280938506
0.11709203547798097
0.14741822646465153
0.16885162096878048
0.14127531176200137
0.0970700682955794
-0.02752339754079003
-0.07771221862640232
-0.05900215535075404
0.03570992863387801
0.0880892121931538
-0.09343357695524901
-0.04947862173139583
0.08565945469308645
-0.014523654484946746
0.050765050589689054
-0.04866299670538865
-0.02214067571912892
-0.0705229893210344
0.1451701803598553
0.14609235315583646
0.17262320825830102
0.097217004687991
-0.08855353682884015
-0.13641650485806167
-0.13012536745736725
-0.09211577184032649
-0.003715020508025191
0.141656574443914
0.14327756618149579
0.10097205091733485
-0.01719315635273233
-0.04351338489141199
-0.15881547331809998
-0.05400207141065039
0.04531714544282295
0.04035434976685792
0.12146843898517545
-0.039690476056421176
0.06331906357081607
-0.06195132969878614
-0.035972155281342566
0.05245348637981806
-0.04796823229844449
0.02282343350816518
0.044742591155227274
-0.022951958351768553
0.005960550915915519
-0.07103162514977157
-0.11679171095602214
-0.07291447362513281
0.019255358667578548
0.067858503505704
0.04175752521769027
-0.04290138809301425
-0.0837017932208255
0.0284985942998901
-0.07100109056045767
0.019081036537954787
0.0342239979659098
-0.05868667646427639
0.00011457595974206924
-0.0954897991323378
-0.07889767389860936
0.039604777964996174
0.0880715399980545
0.06237903796136379
-0.038466566966235405
-0.051772463717497885
0.04555211262777448
-0.014144383607344935
-0.06832562768249772
-0.07180209380749147
-0.006521452218294144
0.013943973408458987
0.019078139128396288
-0.02639864751836285
-0.03750865539768711
-0.17596591194160283
-0.12769154540728778
-0.10467670438811183
0.014386268681846559
0.16342671622987837
0.10162261070217937
0.0966928896959871
-0.0013091351720504463
-0.04424196325999219
-0.04044314115890302
-0.02043969393707812
-0.03780888653272996
0.028296731597947655
0.004008943811641075
0.04653766436967999
-0.08473784988746047
-0.04680605081375688
-0.09508889331482351
-0.08400904037989676
0.06898064957931638
0.03985988961358089
0.04792726901359856
-0.02384544042433845
-0.10322261782130226
-0.04518569976789877
0.006343985325656831
0.014885871089063585
-0.007369035156443715
-0.0002122006844729185
-0.1299521883483976
-0.12101459153927863
-0.0777287483215332
0.02908492588903755
0.02714070070942398
-0.007791097217705101
-0.041810335707850754
0.007585009710965096
0.036587191891158
-0.038023754736059345
-0.019503835355862975
0.04747523986588931
-0.010505657061003149
-0.1068769283592701
-0.09234561212360859
-0.1176621190388687
0.05691157605906483
0.0685093348583905
0.12002502381801605
0.059813605388626456
-0.11694516381248832
-0.13024968490935862
-0.10911395752918907
0.0105958040439873
-0.0016221417718043085
-0.017832585086580366
-0.025020050175953656
-0.020557213574647903
-0.0012701978266704828
0.10462873696815223
0.05715959137887694
-0.01817724233842455
-0.062166000716388226
-0.16060793306678534
-0.17194476968143135
-0.06844120885943994
-0.017662622361967806
0.25604888889938593
0.28230471862480044
0.17383397580124438
0.08467229547113675
0.1240050251581124
-0.054075526422820985
-0.1249923346331343
-0.2912239218130708
-0.13794323217007332
-0.06530864035448758
0.23460991806496168
0.18856261856853962
0.17224392527714372
0.18473295914009213
0.009836609766352922
-0.12299650053319056
-0.13118278596084565
-0.11898721649777144
-0.10069201263831928
0.018003440534812398
0.03991706636588788
0.04112349644128699
0.05693847178190481
0.00605558499955805
-0.3059630107600242
-0.18008264107629657
-0.21095365076325834
-0.23727107397280633
-0.1591698994161561
0.023786170637322357
0.13160243746824563
0.1611374429485295
0.1581060126191005
0.12488647166173905
0.034618389850948006
-0.14006572775542736
-0.292938350699842
-0.20062137627974153
-0.24414016399532557
-0.08279955259058625
-0.05106491022161208
0.10869007033761591
0.3015677528164815
0.3219243558123708
0.20352745638228953
0.04669419606216252
0.06363813759526238
-0.11299842392327264
-0.1498062980826944
-0.11123383673839271
-0.14995705580804497
-0.08646711858455092
0.009843697494943626
0.1731279636733234
0.171447065891698
0.1259668198908912
-0.05501742532942444
-0.07238718925509602
-0.011789404816227034
-0.040231091814348474
0.01131693460047245
0.08261618739925325
0.04156050246092491
-0.07496493091457523
-0.1991371603216976
-0.05110406840685755
0.0715667899348773
-0.005770852556452155
-0.03446879764669575
0.05807101377286017
0.06944606639444828
-0.04939855833072215
-0.04563826447702013
0.011908087763004005
-0.10389788943575695
0.045508106937631965
-0.030828872782876715
0.044983997344388627
0.061749503074679524
-0.09386478905798867
-0.11155633226735517
-0.07906234503025189
-0.009183962669339962
0.011624370468780398
-0.03047808322662604
0.039576263690833
0.008438469609245658
-0.03403635715949349
-0.18424905207939446
-0.045821714447811246
-0.07848247862420976
-0.057984162820503116
0.10555397160351276
0.14230980537831783
0.14978913078084588
0.12658041110262275
0.12261657288763672
0.00784720986848697
-0.22005074028857052
-0.2049424967262894
-0.26049249758943915
-0.18298573351785308
-0.18565640845918097
0.015035222342703491
0.08927585405763239
0.11973150831181556
0.05503996752668172
-0.017898323319968767
-0.09597363899229094
-0.11174330417998135
-0.06282196013489738
-0.008771200198680162
-0.03627957130083814
0.14313579635199858
0.13714605942368507
0.10549365554470569
0.025546305092575494
-0.06368517058581347
-0.11313391834846698
-0.10937679628841579
-0.024045357189606875
0.0039850313187344
0.04759169914177619
0.06358320999424905
