2.996701
1.279691
1.208436
1.608585
1.519392
1.49423
1.177047
1.478102
1.299325
1.405451
1.33049
1.494457
1.439197
1.535471
1.281821
1.498861
1.3257
1.397153
1.405299
1.593827
1.267306
1.168492
1.5007
1.466998
1.817853
1.55357
1.371993
1.42226
1.104531
1.236091
1.199669
1.501753
1.096353
1.162792
0.459511
1.420343
1.331863
1.446704
1.626315
1.503885
1.475769
1.378
1.224954
1.213594
1.248636
1.256525
1.08182
1.218887
1.297323
1.293385
1.373068
1.041106
1.313835
1.281278
1.40447
1.20536
1.428097
1.361378
1.240221
1.193261
1.339816
1.387955
1.186083
1.262775
1.307399
1.189687
7.658493
12.84128
7.554806
9.093778
4.363441
10.024628
7.225201
13.555188
11.831658
7.750248
7.073556
8.043971
7.867496
10.23463
8.464438
6.693114
7.286249
10.531494
8.256247
8.089837
10.041989
7.626423
7.652045
9.558761
7.480285
10.162956
7.601561
11.976471
8.079059
11.693374
7.04365
11.763857
6.839094
6.271244
6.441428
6.989041
8.996221
12.925687
6.965901
4.174038
9.87988
6.720269
7.181628
9.553457
7.981708
9.635992
7.824112
9.612907
6.887092
6.279677
7.208447
6.163057
7.372567
11.672672
6.818372
7.977528
7.149735
9.207594
10.369764
8.227274
10.589472
8.257147
10.351401
7.227422
7.94534
8.781623
10.173556
11.678485
7.794883
6.702795
7.769895
7.863098
8.62408
6.865568
9.996704
4.218079
8.009543
8.13818
9.613595
9.54178
8.641527
7.179348
7.816227
7.69816
11.054344
9.961027
12.28913
6.185169
10.313361
7.648565
6.798543
11.782925
7.351671
10.717043
9.853595
6.157035
7.27403
9.05335
7.655458
6.496836
6.145945
5.907055
6.222361
6.693072
6.558664
6.166998
6.336999
5.768315
6.936968
6.795457
6.314435
4.224256
7.273897
10.658963
6.4433
6.413512
7.109385
7.313533
6.067567
8.619023
7.874614
7.167133
6.810439
9.25465
6.568823
7.280866
9.920759
7.637061
6.194417
6.124929
6.349415
6.28136
7.322255
6.161702
6.139386
6.185316
6.322217
5.961545
5.954821
5.944944
5.889982
5.789287
6.168916
5.878168
6.720188
6.617189
6.641813
8.527214
4.260663
10.183154
7.982006
6.217228
7.756563
5.913157
6.717769
5.797362
6.412755
5.637435
5.993731
6.192283
6.04226
6.129353
6.059815
5.726792
5.963577
5.615426
6.002264
5.590696
5.770558
5.742523
6.943484
5.996644
6.25703
6.582411
6.366952
5.922692
7.165324
5.723969
5.459161
6.375329
7.002064
6.05295
6.654873
5.989107
4.302604
6.143291
6.779804
6.54114
6.197973
6.24871
6.109204
5.932407
6.016784
10.564391
7.367123
5.975657
6.063636
5.987434
6.360005
6.18241
6.736988
5.909562
6.050483
5.620083
6.098098
5.920094
5.991543
5.872817
5.883983
6.150162
6.00881
6.118759
6.009928
6.234555
6.35419
5.84614
6.309679
6.022164
6.557629
6.307999
4.324669
6.781995
11.460109
7.267649
5.796301
7.210093
6.54884
8.163669
8.552691
11.716351
11.291566
6.667159
12.363124
7.552698
7.020389
8.8836
7.408461
6.056022
6.586498
9.06238
6.817749
7.353327
7.732141
6.005848
5.971101
6.244214
7.114142
6.222982
6.036198
7.113761
6.054018
6.290366
6.576567
6.939348
6.008557
6.110553
4.320552
11.822705
9.329142
6.793375
7.563252
9.047733
6.867695
5.921074
8.324659
7.59443
7.216646
7.985076
6.706896
6.014499
6.495734
5.778033
5.867454
5.952488
6.405989
5.985021
8.663423
7.446423
8.862227
7.167636
6.665162
7.224051
8.305889
6.856345
6.638661
8.686333
7.475433
6.975512
7.437327
7.437893
7.323956
6.256935
6.449349
4.258657
10.530889
12.560549
8.869463
7.151896
8.577094
12.871559
9.104988
7.583844
7.726772
6.612872
6.366999
5.703296
6.485942
6.108116
7.77565
7.23786
13.034752
6.314067
6.400251
6.143599
6.284677
7.595167
6.292252
5.794032
5.709062
5.733788
6.362383
5.876526
5.947815
9.978472
7.323287
6.334617
5.950651
6.27778
5.777426
4.261146
5.951589
8.181816
8.6683
7.931269
7.004948
6.253837
6.1831
6.399527
5.731454
5.89095
5.994178
6.024594
5.983429
5.819414
6.169891
5.948542
6.322029
5.800799
5.849134
5.980124
5.800486
6.112628
6.399478
5.971031
6.733166
6.282715
6.208652
5.997431
5.900259
6.174483
5.827101
5.867776
6.02675
5.572891
5.768138
4.565788
6.391495
6.76819
6.894444
6.664434
10.071236
6.208652
6.072376
5.606975
6.648114
5.966756
6.050109
6.464147
6.656946
8.620231
7.167632
7.304677
6.86811
10.883044
11.828319
8.941485
11.164397
10.432382
7.085092
7.079314
7.868723
6.296542
6.507391
5.928859
6.083183
6.310235
6.369884
6.30664
6.619922
6.38652
5.997068
4.159527
11.685358
7.579773
6.461053
8.333808
7.886489
6.076704
6.71681
6.174747
7.319336
11.271814
8.710495
6.473084
6.799398
6.603368
6.866366
6.25214
7.433311
6.271276
6.325097
7.634401
6.255896
7.690396
8.033588
7.129499
9.86268
8.094833
9.396497
6.617102
8.134465
6.858822
8.339683
7.645633
8.196243
7.250159
7.746801
5.89888
4.257419
11.145971
8.620123
10.063982
7.998683
9.894983
7.510689
7.654223
10.206985
7.804848
10.802649
6.293421
6.625299
8.924017
8.178329
6.621968
7.287736
6.561523
7.436099
6.318479
9.115995
9.131485
8.685077
6.622808
6.590999
6.480266
9.453684
7.199697
8.318536
7.839729
9.383567
6.284456
8.598352
6.717441
9.908331
9.330981
4.436713
9.424283
7.276065
7.00896
9.871195
8.968163
8.264942
18.583803
9.575349
7.50533
19.264377
7.602604
10.512607
7.255831
6.72618
13.469566
6.692079
7.64924
6.373981
5.858948
7.049622
6.107355
7.994373
6.42031
6.282282
6.925963
6.101524
6.088008
7.693399
6.06642
6.210967
6.292423
6.278913
5.91805
5.728216
4.143268
10.492939
7.567582
5.929186
6.123654
5.929275
6.155436
6.231287
6.996149
6.414664
5.759407
6.299839
5.805325
5.855361
5.641153
6.699659
5.886992
5.993406
5.848024
9.318634
6.307344
7.934739
5.961527
6.779674
5.737434
5.475143
5.771586
7.813065
6.005742
5.978089
5.334956
6.139334
6.322103
5.890458
7.229311
6.56697
4.148765
7.880886
10.740567
8.576226
6.068765
6.942802
5.686918
5.637949
5.574116
6.132085
6.062056
6.032434
6.025832
9.734648
5.716803
6.017468
5.665385
6.102126
6.077127
5.841641
7.540877
7.875827
5.475045
5.847925
5.67602
7.328138
6.909631
6.33188
6.024731
6.70281
6.508346
6.237361
6.327784
6.405959
6.539107
9.691302
4.210807
6.859461
6.229673
6.583661
7.576627
6.684275
7.861418
6.405154
5.900518
6.551284
7.055282
6.264075
6.521949
7.136055
6.673993
6.123537
5.77555
6.240172
7.181698
6.219144
6.786884
7.642105
6.858381
9.203418
6.196834
8.742734
6.694085
9.800319
7.751254
8.678869
6.87982
6.638557
6.102957
6.932416
6.495598
7.275171
4.189945
9.233068
6.031523
6.008094
6.138889
7.638165
8.938685
6.002551
6.458706
13.928675
6.632822
8.13989
6.994446
6.568681
8.087666
6.207223
8.790343
6.34378
7.94946
6.420307
6.567861
6.467684
6.728649
6.436207
6.389044
6.04383
5.945977
6.185515
9.40854
8.903838
6.074011
9.242675
5.948693
5.741627
5.789904
6.032241
4.23776
8.334347
6.470881
5.954386
8.69498
5.860858
12.473691
7.528798
6.079444
5.805886
5.761072
6.033311
6.245249
6.145332
5.422027
6.053707
5.501983
5.890069
5.694955
7.842804
5.926665
7.688965
5.888589
5.863631
7.085641
6.702664
7.785707
7.835652
6.537893
7.43443
7.770826
5.934704
5.742566
6.162488
6.285656
6.804884
4.166865
12.169653
9.869723
7.030448
8.067749
9.26436
7.310519
6.329727
7.382797
6.24283
7.063362
7.363607
7.449577
6.960953
6.567154
8.383299
6.41416
6.391237
7.733563
8.093584
6.467585
7.071761
10.582284
9.193189
7.542261
6.85606
7.644907
6.350955
6.379279
6.389331
6.918626
7.306456
6.838126
10.385339
7.275615
5.773134
4.330577
6.796848
6.766829
10.812055
8.571919
9.303684
5.737614
5.663007
7.25632
6.105563
5.704587
5.871404
5.652785
6.127823
5.476838
5.922747
5.749533
5.850597
5.900211
7.387434
6.93764
7.697867
5.955844
6.261594
5.820508
6.207095
5.647348
5.989351
5.635779
5.924261
5.896331
5.746265
5.491141
6.229566
6.578843
6.130913
4.206276
7.693048
6.030374
6.883728
6.741065
6.059406
7.850078
7.542956
7.047025
6.171287
5.97785
6.609964
6.194173
9.250814
6.160041
6.401319
6.189962
6.237316
5.952008
5.890134
5.678874
6.296187
5.924488
6.415052
5.966198
7.660525
5.977791
6.176424
5.845774
6.216139
5.674535
5.901148
6.871256
5.659267
5.759142
6.193789
4.224454
22.37413
5.946833
6.802788
6.96108
7.433897
13.174876
8.85127
5.887462
5.979556
5.761457
7.166698
6.172613
7.307781
6.222718
6.309047
6.936774
6.827572
6.001811
5.692576
6.644886
7.537494
6.845321
7.156924
6.165911
5.962481
5.747157
5.93868
6.435427
6.141567
5.931984
5.902916
6.404979
6.102329
5.837069
5.644215
4.175666
9.168538
7.24971
5.956877
5.556801
8.584807
6.92974
6.494812
7.870428
8.164162
8.095197
6.611614
8.021894
7.397378
8.673226
12.175221
6.14024
7.547766
7.130067
7.844079
15.861219
11.230344
6.212959
8.139598
8.602516
8.279987
5.849814
9.732255
10.251957
7.347496
6.697144
8.080085
6.599117
7.720047
7.339978
4.324035
8.625553
7.033366
6.974191
8.286546
6.021909
9.877226
7.390711
7.264912
6.475282
6.468397
5.831476
6.183201
7.073916
10.38274
6.219804
6.446693
8.405735
6.615989
8.422151
6.477454
6.59973
6.798315
10.178046
8.362036
10.967431
6.826134
6.300851
7.188354
9.456205
7.918207
5.987551
8.673097
6.662277
8.572345
6.111944
4.436452
12.766962
9.065898
6.254719
6.145423
5.967956
6.071494
6.132128
6.146337
5.931003
6.762626
7.522807
6.661199
5.958697
7.144459
6.22793
8.198749
6.329368
6.532703
6.426973
6.171877
5.655737
9.169401
5.895369
5.788096
6.464387
6.712488
6.079456
5.886698
6.470756
6.30318
5.697603
6.381579
5.80197
6.165101
4.442901
5.544123
6.25685
6.063343
6.049969
6.077439
6.114457
6.094672
5.683989
6.159187
5.853822
6.077335
8.116942
8.959767
10.264641
6.830002
6.478409
9.004957
5.916566
7.156134
9.593967
6.182424
6.561484
8.418643
6.144925
8.128088
7.030714
10.919492
8.309725
7.779869
6.757063
7.832816
7.357142
7.007133
6.674747
6.685052
4.263908
10.527762
6.338571
7.094348
6.685664
9.295141
6.242486
8.195233
13.146578
10.476177
9.866899
5.88765
6.195822
6.280409
6.509953
6.32328
5.701569
7.349393
5.863997
7.496173
5.717469
5.83927
7.091477
5.878597
6.041142
7.750339
6.04825
6.792282
6.004804
5.951319
6.156156
6.293833
6.08757
6.115096
6.094954
5.925285
4.244899
13.594643
7.33761
6.695096
6.759072
7.525722
6.363069
8.482523
5.767599
8.730014
7.385658
9.49248
5.923815
6.763829
6.345174
5.886893
7.062674
6.21977
6.824825
7.433402
6.055198
6.623838
6.231187
9.787007
7.901762
7.757107
8.782635
6.52611
8.269722
11.415945
6.705072
7.862264
7.010297
8.883823
6.2379
7.738733
4.25605
12.711395
6.276645
5.79496
6.41221
7.336281
5.655718
7.840445
6.25406
6.100953
5.705119
5.491228
5.992978
6.680622
7.0276
10.503843
5.991317
5.749117
5.786008
5.608312
5.508738
5.434405
5.375732
5.695702
5.884675
7.855204
6.017751
8.614341
7.291696
6.076705
5.808305
5.56476
5.67814
5.780724
5.659845
5.820662
4.143843
8.059928
6.611503
7.423023
6.073661
5.858373
6.485247
5.99421
5.912398
6.070296
6.457945
6.112097
5.363883
7.764259
6.078304
5.795143
5.839051
5.778852
5.921008
6.49636
7.269456
6.135993
6.045537
6.357087
6.259282
13.919055
6.454246
7.600852
6.7585
8.696365
6.765907
6.701835
6.423356
6.137605
7.115161
7.804724
4.515631
9.170164
6.846817
6.814262
7.252151
7.245577
7.177417
7.001674
6.589865
6.40783
6.487805
7.19595
7.233374
7.646338
6.023637
6.518596
6.237867
6.665219
6.030098
6.75456
5.944715
6.191475
6.028646
6.18516
6.120339
6.981863
6.010371
6.427416
7.148119
7.203159
6.137577
5.837528
6.228569
6.480845
6.400114
5.984238
4.221623
12.855196
7.586329
6.233185
5.91897
5.946945
6.805679
6.735622
7.266988
5.869938
6.621887
8.184085
6.929416
7.229937
6.363594
7.26102
6.254022
6.420544
6.868723
6.307639
5.826026
6.273549
5.753834
5.830934
7.379705
7.208365
6.841277
8.74949
6.867441
12.009256
8.278625
9.995919
10.166122
6.128888
6.822595
8.382686
4.207008
10.014116
5.793431
6.859643
6.42068
7.534838
6.923666
6.222669
6.055979
6.2388
5.89919
7.721665
6.440244
6.799757
5.966635
9.750291
7.898492
5.954164
8.085318
6.294559
7.008582
6.223417
6.065613
6.293084
6.319351
5.998034
5.938198
7.17465
5.948905
6.792741
5.738284
6.154164
5.465599
5.689701
5.884182
6.01941
5.609315
4.459489
6.494989
6.601335
6.854162
5.897468
5.600785
6.109494
5.759162
6.08914
5.752828
6.093493
7.309227
6.227072
5.58215
5.448913
5.835131
6.906615
6.262177
5.94085
6.078542
5.888236
5.61515
6.006437
5.934094
5.883781
5.552916
5.820503
6.035492
5.989232
5.75669
6.035611
6.102535
6.224787
5.822555
9.049484
6.9669
4.414457
10.002213
6.199481
9.933208
5.931173
6.514002
8.201174
6.226333
6.041685
6.013214
6.454198
6.549546
6.240029
5.850147
6.249664
6.127265
5.915848
7.116211
6.988887
7.623073
5.778667
5.822516
6.248533
5.825238
5.754977
5.725639
6.484112
6.722945
6.59268
6.470637
7.209585
7.79664
6.173621
6.87705
7.169838
6.408542
6.3846
4.281413
11.238581
6.021206
7.958393
6.435141
6.291397
6.054819
7.755331
6.14426
7.147753
6.577579
8.737867
5.879186
6.574124
7.566364
6.885888
8.536542
6.749006
6.841891
7.059247
6.585153
6.947106
9.529668
7.836586
5.862505
6.437224
6.656628
6.099087
8.716763
6.078081
6.101669
5.606771
6.584679
7.003164
6.147278
7.966563
4.460498
9.777234
6.434716
6.564963
6.360319
8.330215
6.363159
9.636626
9.044269
6.906943
6.184473
7.097451
7.089724
6.301661
6.082769
6.998505
6.427276
6.406714
6.122388
5.906144
5.666159
6.343785
6.12756
6.098555
6.113023
6.698671
7.081485
6.09285
6.146825
5.551476
5.362789
6.451969
5.542042
6.567273
6.001302
6.386207
4.211261
7.401121
6.562705
5.988726
5.785272
6.088192
5.667006
6.007912
6.024153
6.212491
5.902898
6.33275
6.33333
6.327924
5.825186
5.990538
7.253999
7.175807
5.952364
6.99436
8.199953
8.038307
6.271691
7.459789
6.73858
6.277433
5.989064
6.267266
7.506232
6.212673
6.02139
6.871791
5.864341
6.718873
6.12779
5.878022
5.638359
4.312745
11.622168
6.852032
6.335454
6.111973
5.974762
6.305238
6.328942
5.902458
6.339257
6.722365
5.883622
6.319782
5.494296
5.646962
6.114123
5.976642
5.69686
5.991945
7.046754
6.543577
6.346806
5.712563
6.039015
6.192742
6.160041
6.171961
5.817539
6.427758
6.304446
5.960535
5.612628
6.135587
7.533136
7.078934
5.950666
4.396957
12.089198
6.392287
7.231182
6.915318
6.417369
8.134632
6.574537
7.051467
6.400309
6.280718
6.404994
8.210097
7.612354
8.533536
6.94656
7.978579
6.595063
7.350607
6.8902
6.500947
9.167026
7.809232
9.32104
7.347872
7.824788
6.118055
6.246405
7.934833
6.200987
7.365187
7.825454
6.827775
6.40325
6.367334
8.087172
4.391302
7.035824
5.997193
6.668441
9.268544
7.550279
6.255796
5.948825
6.439557
5.822748
6.138267
6.723838
5.855157
6.50256
5.750379
6.2892
5.842336
5.843657
6.254766
5.605174
6.23495
6.072062
5.751267
5.722737
6.261053
6.064485
6.112492
5.925113
6.290163
5.66182
5.986538
6.363002
6.002061
5.680387
5.699372
5.755599
5.582524
4.637783
5.916843
5.834412
6.220091
5.500363
5.841702
5.749898
5.678167
5.337828
5.642924
5.893533
6.10116
5.564514
5.982064
5.875875
5.6031
5.592985
6.01689
6.198238
6.471951
6.387868
5.999115
5.420225
6.268319
6.106439
5.765494
5.91268
7.297291
8.125294
6.19187
5.733038
6.138871
6.525921
8.366998
6.305847
4.56407
7.426072
8.784383
7.88337
6.493451
5.696761
6.145131
6.447013
6.240482
6.467492
6.48784
6.994407
7.410299
7.151603
6.906708
6.600743
7.112003
7.20713
5.922363
6.399629
10.451356
5.956738
7.621037
6.394018
7.542557
7.490364
6.855518
9.088943
6.47979
6.46233
5.877817
6.486247
6.267416
6.068348
6.249713
5.898999
7.649124
6.391942
4.147228
7.917778
8.396692
8.841752
6.490097
6.419952
6.539938
6.504331
6.796883
6.33732
7.065398
6.52778
7.322486
6.588264
8.304075
6.92378
5.887668
5.985003
6.203526
6.592587
6.795546
9.05764
6.630732
6.957278
6.040742
5.987922
6.168468
8.550378
6.380594
5.619154
5.921631
5.671666
5.88765
6.326993
6.349363
6.253804
6.105292
4.188835
12.786365
7.342529
6.3083
6.114875
6.334611
6.944197
6.522629
5.982509
6.191876
6.386059
6.472662
6.76529
6.373887
6.310105
6.473855
6.987529
6.571898
6.469524
7.354973
6.482138
6.771217
6.19399
6.464371
6.624959
6.675064
5.675122
6.120905
6.344551
9.103644
6.689687
6.893695
5.965247
6.648259
6.405773
5.572788
4.77865
6.218959
9.866404
7.510252
11.608146
9.139157
5.994817
5.941947
6.414043
5.986314
7.961599
6.514094
5.756465
5.801977
6.067294
5.929008
6.912006
6.524215
5.899234
5.823333
6.025035
6.138569
5.938944
5.910466
6.19213
5.973748
7.108094
5.856418
5.425878
6.125121
6.002252
5.58554
5.955619
5.751249
5.436376
5.678904
4.099525
6.471384
5.818791
5.571523
5.717898
5.735224
6.454652
5.832215
5.707072
5.908611
5.807582
5.601439
6.265127
6.032329
5.75559
5.980087
5.978209
6.432883
5.736137
5.830726
5.531302
5.685628
5.795687
5.73255
5.639894
5.729067
5.566558
8.104206
6.170549
5.74207
6.093408
5.722696
5.644686
5.823916
5.896075
5.296818
4.735464
5.898295
5.377276
5.523501
5.798143
6.118697
8.250082
6.638242
6.31416
8.429351
6.29334
6.444974
6.213087
6.759844
6.209646
6.285459
5.865845
6.018231
6.191624
6.582594
5.87163
6.680494
5.940605
5.718751
5.946907
6.303932
5.855336
6.179446
6.078466
6.020142
5.976832
6.104077
6.002136
6.626147
5.716898
5.752361
4.15309
6.064019
5.894604
5.5305
5.96984
7.234471
7.603045
6.646847
5.730345
6.931429
6.178229
5.92091
5.687942
6.65297
7.251973
6.201867
6.345309
8.510352
6.33829
6.584769
5.850682
6.737155
8.281726
6.423161
6.496514
6.256391
8.595914
5.657686
6.992794
6.307699
5.977414
5.955704
5.812466
6.465905
7.765128
6.593743
6.085264
4.388593
6.846642
6.428683
6.713862
7.886777
5.635532
5.942656
6.15172
5.921491
5.727109
5.734524
7.41891
5.763313
5.540827
5.62694
6.043198
7.555591
5.700401
5.630739
5.821535
5.876026
5.687083
5.458603
5.986896
5.735022
5.731358
5.885297
5.665622
5.475492
5.892056
5.561422
6.058532
6.255116
6.279941
6.260978
6.240185
4.343562
8.367406
6.202742
5.932676
6.012105
5.768739
6.822648
5.776465
6.438747
7.330699
5.967857
6.411835
6.575945
5.715446
8.144979
7.707412
6.481727
6.396982
6.507792
6.311264
7.662337
6.095277
5.990743
7.305813
6.922167
9.518749
6.281617
5.897193
6.463001
9.345092
10.212155
9.609986
6.254225
7.080926
6.898204
7.07657
6.238387
4.290421
6.992012
6.939289
7.388539
6.395622
6.68057
6.871585
6.682013
6.240076
5.868918
6.951535
6.54458
6.981201
5.970506
7.429579
7.996305
5.926453
6.271153
5.944302
7.691083
5.884237
6.247278
6.016383
5.630495
5.789013
5.712141
7.200614
6.745955
6.655541
5.928686
5.884027
5.874894
5.936708
5.948207
6.431526
5.873037
4.476218
6.468168
6.786775
7.218421
5.763832
6.182336
5.872016
5.890955
5.625769
6.40477
5.897871
5.921831
5.818049
5.963499
5.730073
5.613404
5.79717
5.876439
5.86511
6.239316
5.979607
5.973026
5.46306
5.900238
5.643065
6.027371
5.855176
6.110245
6.234152
5.939683
6.10659
6.078144
7.211776
7.031716
6.646039
5.392597
4.484751
6.017122
6.007749
6.023977
5.447782
6.266469
6.693552
8.160146
6.12209
8.8573
6.00064
7.812852
6.10481
7.074009
8.473183
6.873766
9.040904
6.852242
9.818934
8.196312
7.453192
9.377072
7.230787
6.577613
6.57629
8.62229
8.185859
7.37362
8.907086
5.937374
7.428898
7.996479
6.618459
7.207731
8.073439
8.472537
4.348709
8.612456
7.139152
6.496453
7.272164
7.342319
7.997555
6.299332
7.568416
5.903421
10.405599
6.08735
6.52665
6.536244
8.492257
6.553188
5.921182
6.288068
5.951191
6.124412
5.952686
5.978986
5.974361
7.216435
6.24938
6.195076
6.259991
5.639022
5.698926
5.654686
6.012734
5.595753
5.956159
5.91391
5.607749
5.814526
4.63551
5.341783
5.878031
8.077876
5.967703
6.236358
5.532787
6.097307
5.852904
6.298858
6.209111
6.314137
6.234573
6.477458
6.31675
6.448394
6.178814
6.147487
6.140335
6.040547
6.150042
5.82742
5.884189
6.346569
5.813787
5.956624
6.148433
6.316727
7.649872
6.937617
5.948881
5.930702
6.256911
6.07813
6.376099
6.515647
6.263848
4.173117
7.790194
7.539133
6.515733
9.115419
8.711029
6.326946
6.143833
9.019824
7.263217
6.982097
6.125463
6.260767
7.406239
6.432921
7.140328
11.453974
11.456369
6.809764
7.686292
7.706762
6.50549
7.073008
7.412767
6.267781
5.731866
6.316662
6.299012
6.793334
6.566925
6.590811
6.248741
6.443664
7.182952
8.53586
10.781288
7.454152
4.46982
9.418076
6.628026
7.124137
6.327596
5.988147
7.001608
6.654611
6.00916
6.152154
6.232928
6.261968
6.187136
6.371418
6.017016
6.525379
5.945234
6.103505
5.782581
5.798584
5.941811
5.859549
5.943305
6.008186
5.727677
5.758944
5.682708
5.350559
5.869085
5.843933
5.724069
6.08412
6.447313
6.506608
6.06576
5.345145
4.281298
7.456903
6.437917
6.156198
6.056771
5.920922
5.86395
5.758132
6.507271
5.968643
5.896309
6.731448
6.331383
6.984708
5.951524
5.69261
6.537741
6.28104
7.078656
8.82074
6.411128
8.264833
6.188178
6.514617
6.739166
6.924067
6.671703
7.15882
6.299518
6.230401
6.872544
6.193552
5.815698
5.912065
5.969111
5.164769
5.915173
5.985341
7.445415
6.693511
6.6078
6.743395
6.12896
6.467767
6.555023
6.259645
6.616277
7.332929
6.94165
8.063362
6.163934
6.336382
5.959823
7.199943
6.656253
6.37038
6.189083
7.3039
6.633245
6.389028
7.307983
6.975511
6.574451
7.969538
6.184784
6.401549
6.110577
5.923818
5.79129
6.110884
5.981838
4.772315
7.492915
6.244836
6.880735
5.987638
5.79784
5.890146
6.091009
7.494372
6.65018
5.705058
5.877652
5.744939
6.030141
5.662256
6.190349
5.703153
5.976152
5.690361
5.971068
5.686496
5.458401
5.778605
7.33431
6.138216
5.681059
5.745476
5.713337
5.545877
5.835909
7.40885
6.866665
8.345053
5.7449
5.85161
5.861399
4.710553
5.260273
7.713605
6.79564
7.178336
6.351204
6.729232
6.315989
6.337515
5.974926
6.051296
6.336112
7.841223
6.573982
11.943028
6.697597
6.907744
7.742225
6.195015
5.686672
6.472762
6.862981
6.124475
6.117636
6.903312
6.309103
6.27878
6.07638
6.179643
7.272795
6.512285
6.611823
7.554094
5.91669
6.098963
6.282029
6.375394
4.315043
8.639318
6.398428
6.966906
5.778306
6.32802
5.925937
6.292961
5.534516
6.046632
6.195411
5.895313
6.281767
5.984642
6.134905
5.343647
6.649894
5.732993
5.967946
5.616897
5.960565
6.034243
5.948765
5.63441
5.97323
6.134951
6.141918
5.694729
6.053501
5.73341
5.611945
5.658243
6.259847
5.971699
6.400847
5.864683
6.248557
4.239023
8.591973
6.913561
6.174352
6.329665
6.529527
6.096442
6.094701
6.224663
7.631593
6.243927
6.652309
6.240068
6.558065
7.695356
7.998227
6.208106
7.801795
5.893352
6.45878
6.121514
6.410826
6.752249
7.144653
6.038666
6.001883
8.803012
6.204214
6.31366
8.100486
9.322627
6.037653
7.726738
6.657859
6.335703
6.021653
4.267015
9.966848
6.216312
6.79994
8.408655
5.975836
6.415716
7.848866
7.475613
7.462887
6.241197
6.179333
6.980564
5.552304
7.031123
7.724299
5.928646
6.466606
6.585108
6.081524
5.568137
6.321013
6.316374
6.199778
5.62263
6.204633
5.5463
5.673785
5.633602
5.987815
5.880447
5.947592
6.486756
5.697776
5.543634
5.247575
5.296102
6.34043
5.768374
6.077392
5.472101
5.934383
6.13824
6.188945
5.795805
6.18346
5.518713
6.141224
5.712864
5.914881
5.702661
6.158295
5.81937
5.859505
5.812594
5.78405
6.038348
6.160635
6.28893
8.8692
6.454321
6.144883
7.991847
7.285437
7.212112
9.646614
7.525095
6.130215
7.292691
5.79815
6.741397
7.493907
4.296593
7.940386
6.981321
6.765536
6.490602
6.043287
6.639787
8.100105
6.495749
6.334466
8.089495
8.001171
10.832163
6.082036
6.712136
6.624974
6.871471
6.265792
6.37498
6.284855
6.729317
5.831606
6.273474
6.055616
9.944945
5.987604
6.011805
5.948068
5.725348
5.944658
6.008651
5.940585
5.842983
6.001733
5.870194
5.987782
4.214084
8.670388
5.936996
6.188576
5.937224
5.881795
6.010095
5.633738
5.888447
5.758377
5.599454
5.967395
5.984804
6.07105
5.924616
5.756139
6.055333
5.691163
5.578564
6.675264
5.767136
5.673703
6.185784
5.80708
5.826986
7.526111
7.950232
5.832574
6.042813
5.803475
8.997537
7.841676
6.172959
6.290736
6.661054
6.346281
5.70476
4.170186
8.865665
6.942787
7.206205
6.54871
6.252818
6.202706
7.173722
7.71922
6.443196
6.179868
6.260437
6.654624
6.246813
6.652155
8.25253
6.837964
6.392526
6.422549
6.148945
5.918331
6.540385
6.248822
6.281624
5.962773
6.167955
6.128222
6.069854
5.851737
7.545763
6.685178
6.890809
6.437224
8.058274
6.157811
6.236487
6.002064
4.225659
7.982352
6.881362
5.9453
5.69874
6.493644
6.252011
5.788943
6.048454
5.648311
5.755095
5.543911
5.599589
5.79042
5.775743
6.288228
5.733604
6.039276
6.088919
6.087596
5.896734
6.305784
5.83971
5.755019
5.685912
5.747748
5.695395
5.727289
6.120697
6.151727
5.992648
6.366154
6.104171
6.657796
5.725623
6.411722
5.308665
5.230622
8.579775
6.867804
6.989313
6.538278
7.162914
6.359868
8.138415
6.122272
6.455975
6.816509
7.21902
6.283555
6.146922
8.787897
6.749634
6.289387
6.66775
6.356482
6.519427
6.473104
6.928269
6.780843
9.69201
8.076173
6.25678
5.995044
6.049299
6.139499
7.802163
6.749547
8.260842
9.120778
8.335445
6.097498
4.362432
8.468081
6.127674
6.192213
5.884074
6.723987
6.458575
6.322343
6.443736
6.069413
6.012319
6.446066
5.907157
6.140683
5.70649
5.909376
5.901039
6.0028
6.150573
6.257133
6.615228
6.074611
5.558101
6.188537
5.939102
5.904895
6.013379
5.84473
6.085947
6.361409
6.915873
6.104853
6.231065
5.917934
7.962864
6.305027
4.38055
8.402167
6.319969
7.07326
6.141077
6.219743
5.791868
6.105643
6.116004
6.955862
5.853587
6.374687
7.145132
6.477378
6.553828
5.851738
8.494279
6.402529
6.182733
6.183045
6.305068
6.462272
6.444707
6.375562
6.403116
7.951267
8.147818
6.697749
6.416176
11.684649
7.132925
6.094497
5.891218
5.766511
5.962099
5.94439
4.378469
8.699174
8.149442
5.881283
5.944219
7.326957
6.156724
5.620895
6.032829
5.714772
6.13335
5.84066
6.580006
5.926972
6.095312
5.657868
5.9858
5.88643
6.101454
6.112888
6.145149
5.883019
5.689167
6.472511
5.537438
5.942444
5.631975
6.020355
5.830756
5.938481
5.934133
6.252824
7.76335
8.339812
9.247363
7.22348
4.192448
7.832675
5.95462
6.584233
6.24177
5.726177
10.015612
6.295176
5.946451
6.652307
6.488582
6.517696
6.628642
6.401731
6.436708
8.517485
7.394252
6.590051
6.325488
6.578213
6.357497
6.341837
6.358954
8.154834
6.366674
6.107621
6.261341
6.529479
10.546843
7.032025
6.984571
6.133012
5.972983
6.287348
6.806944
8.239861
5.736684
5.333524
8.424943
8.004629
6.314301
6.460449
6.727516
6.402932
6.293907
5.893323
6.653762
6.047651
6.40149
6.018127
6.678336
5.805036
7.262304
6.963083
6.619251
6.139401
6.008324
5.632971
6.548463
6.694677
6.155999
5.789285
6.697561
6.030088
6.421829
5.889197
5.889531
6.992777
6.0771
7.72157
5.797216
6.07911
4.229454
9.477474
6.068873
7.289465
6.161505
6.353473
7.757824
6.729258
9.05162
6.557765
6.073532
10.411061
5.776149
6.375565
7.331806
6.766751
6.270334
6.799904
6.051435
6.685424
6.075482
6.56084
7.93203
6.911133
6.488022
7.267544
7.070626
8.439936
6.909704
7.350427
5.64425
6.346816
6.067212
6.230336
6.294907
7.256235
4.282096
8.098997
9.543339
6.108445
7.302399
7.952266
6.557178
6.975244
6.083598
6.213128
9.040995
5.917036
6.811153
7.201022
8.533423
7.166939
7.410151
6.631634
6.569768
7.114036
6.023192
7.694443
6.134564
6.458081
5.949971
5.790829
5.926295
5.744209
7.297648
6.172615
6.282149
6.496052
6.28679
5.824268
6.04977
6.849739
4.308253
5.87877
6.593998
9.485817
6.15804
5.557289
5.932422
5.802209
5.882275
5.695524
5.805871
6.020894
5.734036
5.81435
6.144651
7.724173
6.255747
6.3733
6.04612
6.766679
6.270519
7.040272
6.616345
7.022547
7.869099
7.441305
6.030157
6.299551
6.795529
7.956435
5.849501
8.765681
9.875136
8.848689
8.384587
6.838902
4.251485
10.618581
6.791925
6.905789
8.000518
7.362019
6.44708
6.5529
6.296487
6.984483
6.094098
6.546115
6.368511
5.803303
6.242484
5.744476
5.88522
5.914543
6.034388
5.857947
5.982341
5.710652
5.937989
5.595853
5.841054
6.250201
6.026815
5.893
6.011638
5.824461
6.057547
5.790737
5.694639
5.679301
5.878201
5.849758
6.09392
