None
None
None
None
None
None
None
None
None
None
None
None
None
None
None
None
None
None
None
None
None
None
None
None
None
None
None
None
None
None
None
None
None
None
None
None
None
None
None
None
None
None
None
None
None
None
None
None
None
None
None
None
None
None
None
None
None
None
None
None
None
None
None
None
None
None
None
0.004400453239213675
0.02551310497801751
0.046356362639926374
0.06747932615689933
0.09039826900698245
0.11394789326004684
0.13946290826424956
0.16623611515387893
0.1943241972476244
0.22462875116616488
0.2555973408743739
0.2906835526227951
0.3247459623962641
0.36361327581107616
0.40032884012907743
0.44338433817029
0.48715235106647015
0.5351699907332659
0.5801233276724815
0.6322431582957506
0.6886512972414494
0.7432060483843088
0.7926138900220394
0.853948000818491
0.9066881611943245
0.9637471288442612
1.0113418325781822
1.0321444123983383
1.0698867104947567
1.083223283290863
1.0802338682115078
1.0738816633820534
1.0514950081706047
1.0396312437951565
1.0118102133274078
0.9823921397328377
0.962916687130928
0.9354501031339169
0.9181754402816296
0.9005232490599155
0.8928400166332722
0.8862172067165375
0.8830507025122643
0.8831508234143257
0.8926882445812225
0.9088461957871914
0.9253167621791363
0.9450704976916313
0.9610383585095406
0.9843035377562046
1.000994462519884
1.0189887434244156
1.0319462940096855
1.0472347214818
1.0655534528195858
1.074235711246729
1.0879307575523853
1.098926767706871
1.1022844724357128
1.103612244129181
1.0957035794854164
1.0824552737176418
1.0636668056249619
1.050052210688591
1.0353575199842453
1.0214600525796413
1.0219070687890053
1.0214505679905415
1.0272545963525772
1.034034300595522
1.0460761450231075
1.064756277948618
1.081291288137436
1.1027888804674149
1.12118199467659
1.134453572332859
1.1441627405583858
1.1461638025939465
1.1391192711889744
1.1327016539871693
1.121620461344719
1.1204903200268745
1.1256047785282135
1.1397784948349
1.1542171500623226
1.1762457191944122
1.1929787620902061
1.2131065763533115
1.2418559305369854
1.2701459154486656
1.2956180796027184
1.3005656972527504
1.3031350076198578
1.3050237149000168
1.2897092700004578
1.2711820378899574
1.2595171332359314
1.2362291514873505
1.2306445464491844
1.222516130656004
1.219368401914835
1.2266578748822212
1.2393416538834572
1.2622024193406105
1.2686038836836815
1.2932603433728218
1.300682246685028
1.3145045787096024
1.328063003718853
1.3319658190011978
1.3341647684574127
1.350172609090805
1.3419025838375092
1.355439119040966
1.3438301086425781
1.3261002600193024
1.3177444338798523
1.316673256456852
1.3254629522562027
1.3326004818081856
1.3315051347017288
1.3518519848585129
1.382458619773388
1.4050684869289398
1.418436087667942
1.4520853087306023
1.4767970964312553
1.4728351011872292
1.4723919779062271
1.4414001107215881
1.4030312597751617
1.392543025314808
1.4020913317799568
1.3947430551052094
1.3781719729304314
1.4315335154533386
1.413574941456318
1.4622792676091194
1.5458366572856903
1.5448217317461967
1.5680749639868736
1.550511173903942
1.5600410401821136
1.5853859409689903
1.5730187147855759
1.5533154904842377
1.5324959307909012
1.5778704956173897
1.503471001982689
1.493470698595047
1.490111030638218
1.5500333234667778
1.6308933719992638
1.6428599059581757
1.7008747458457947
1.6965667232871056
1.7515286654233932
1.7623924612998962
1.7599654719233513
1.6613037884235382
1.6015887632966042
1.6335167959332466
1.613217331469059
1.559515617787838
1.5070795565843582
1.6183970496058464
1.7415084391832352
1.6687690690159798
1.7345611676573753
1.8507698401808739
1.804182045161724
1.8050907850265503
1.7729764506220818
1.8163157925009727
1.8111243471503258
1.6769380122423172
1.662115603685379
1.629212535917759
1.686208300292492
1.6558082476258278
1.7791378498077393
1.812973529100418
1.87110086530447
1.888425588607788
1.980644777417183
1.9575895443558693
2.0531768202781677
1.8612249866127968
1.8776546716690063
1.9163757786154747
1.7508296221494675
1.7499102428555489
1.8199450299143791
1.7800296321511269
1.9583132565021515
2.0223301723599434
1.9749456867575645
1.9874741211533546
2.0050406008958817
2.102744832634926
2.0642960593104362
2.0799382776021957
1.918651707470417
2.0259838849306107
1.874991238117218
2.026731625199318
1.8773291632533073
2.0171866714954376
2.186271660029888
2.077034965157509
2.074574336409569
2.069454424083233
2.2319590598344803
2.095647908747196
2.038868524134159
2.171845018863678
2.077760249376297
2.0081977993249893
2.0609354451298714
2.1044624894857407
2.2027259469032288
2.068874977529049
2.022331714630127
2.1451996117830276
2.044750213623047
2.0827705189585686
1.970825806260109
2.0783971175551414
2.065204083919525
1.9566621482372284
2.0169692784547806
2.2921594604849815
2.2199459820985794
2.170075051486492
2.216759793460369
2.235359698534012
2.3561916649341583
2.2825926542282104
2.30220465362072
2.260962590575218
2.1937933042645454
2.2933149933815002
2.3409927040338516
2.2250721976161003
2.205273300409317
2.1154083907604218
2.21119587123394
2.36309053003788
2.5770769864320755
2.41315920650959
2.354065477848053
2.615083172917366
2.236638329923153
2.2983660250902176
2.3906243965029716
2.395188622176647
2.17153961956501
2.4237038493156433
2.2473718896508217
2.484953671693802
2.3112861067056656
2.4084498286247253
2.607202932238579
2.3363947942852974
2.6487007439136505
2.4827873706817627
2.489269196987152
2.52607698738575
2.776784226298332
2.530358962714672
2.4032204002141953
2.4404247850179672
2.546397350728512
2.603337526321411
2.631625324487686
2.6150032728910446
2.5197344794869423
2.607518807053566
2.6188257932662964
2.7248234152793884
2.654226303100586
2.5783741921186447
2.5382932275533676
2.7063283920288086
2.660184621810913
2.495465949177742
2.717748388648033
2.686770647764206
2.4860721230506897
2.680533289909363
2.4698516726493835
2.767651781439781
2.6818379759788513
2.764339581131935
2.5636730939149857
2.723049595952034
2.708852455019951
2.477026268839836
2.8232492059469223
2.7575808614492416
2.836123153567314
2.622000202536583
2.6069738268852234
2.77095165848732
2.7484883666038513
2.9004640132188797
2.762205570936203
3.0015017688274384
2.8318277299404144
2.6555383503437042
2.9450360238552094
2.8575072288513184
2.7449445575475693
2.6538825780153275
2.6221679151058197
2.5574657917022705
2.6096995919942856
2.6443355679512024
2.5272701531648636
2.7044024616479874
2.675754025578499
2.9332966208457947
2.900664836168289
2.8870629966259003
2.6953412890434265
3.0320948511362076
2.7619451731443405
2.812193214893341
2.7625856548547745
2.783259093761444
2.968931019306183
2.8404211550951004
2.8380395472049713
2.9107440263032913
2.6918161511421204
2.7182967364788055
3.008890226483345
2.8928858041763306
2.897534355521202
2.9079170525074005
3.092145398259163
3.041237100958824
2.8894251734018326
2.691236913204193
3.1515883952379227
2.8358169347047806
2.8677642941474915
2.952817589044571
2.956973761320114
2.797416105866432
2.8914318531751633
3.1704816073179245
3.0592048466205597
3.1707697212696075
3.096175894141197
2.905516490340233
2.947972819209099
3.0184905380010605
2.8714923709630966
2.8398680090904236
2.98975333571434
3.0157951563596725
3.062322035431862
3.166673943400383
3.1623274832963943
2.863887771964073
3.2121586203575134
2.9292889833450317
2.9728510081768036
2.8373838663101196
2.772546738386154
2.8186055421829224
2.887221947312355
3.1036010533571243
3.068893864750862
3.152113661170006
3.0471786707639694
3.1766175478696823
3.291799545288086
3.0942149311304092
2.974519267678261
2.8203070014715195
2.958013355731964
3.0763231366872787
2.693707764148712
2.8615129590034485
3.172919124364853
3.0281858146190643
3.338416188955307
3.3050286024808884
3.0900998562574387
3.096933901309967
3.0607087165117264
3.1751029640436172
3.1233240962028503
3.335933178663254
3.0697127282619476
3.185241475701332
3.0920601934194565
3.244631677865982
3.0144569277763367
3.226412296295166
2.9674274027347565
3.1304535567760468
3.466371536254883
3.165847569704056
3.5614584386348724
3.442630812525749
3.190860688686371
3.300949305295944
3.241194248199463
3.3315825313329697
3.3384621143341064
3.141740709543228
3.1370840072631836
3.383908972144127
3.309135779738426
3.3376519680023193
3.1116728335618973
3.1928660720586777
3.500011309981346
3.324574276804924
3.3857247680425644
3.5602736473083496
3.492602437734604
3.294919490814209
3.576612487435341
3.235838755965233
3.3253741413354874
3.250031813979149
3.242142528295517
3.1260952204465866
3.2687660604715347
3.191238671541214
3.413099080324173
3.50299234688282
3.3793760240077972
3.4217805564403534
3.2888975590467453
3.318636193871498
3.4277946203947067
3.6587947010993958
3.3409673869609833
3.5248119980096817
3.421702265739441
3.694733142852783
3.5379935055971146
3.300640657544136
3.609755203127861
3.222338303923607
3.4849141389131546
3.7639338672161102
3.6182819306850433
3.7160542756319046
3.5511943101882935
3.287239149212837
3.367035001516342
3.429105192422867
3.4549771547317505
3.4466515481472015
3.491611570119858
3.5391005724668503
3.6551818400621414
3.6158706545829773
3.8260219246149063
3.894062176346779
3.732776015996933
3.5990396291017532
3.8062886893749237
3.7451538145542145
3.65946264564991
3.4638695418834686
3.673126295208931
3.5616214722394943
3.566838413476944
3.711872011423111
3.8825809359550476
3.774101182818413
3.5535882115364075
3.6834832429885864
3.8341347724199295
3.6165373772382736
3.5677323192358017
3.589792624115944
3.710517033934593
3.63782499730587
3.7493275851011276
3.685232788324356
3.5328722447156906
3.8114369064569473
3.7965980917215347
4.120473310351372
4.029144749045372
4.0581075847148895
3.579431265592575
3.895830810070038
3.858384743332863
3.8758755922317505
3.8803086429834366
4.0365815460681915
3.907487690448761
4.047321364283562
3.9927610903978348
4.009674862027168
3.9356683641672134
3.998828709125519
3.8340780586004257
3.979300245642662
3.783001273870468
4.319183886051178
4.0279780626297
3.83969484269619
3.890771210193634
4.101653888821602
4.201384991407394
3.8442800790071487
3.734168663620949
3.901688665151596
3.814474120736122
4.055040135979652
3.9909723848104477
4.113302186131477
4.028794050216675
4.072079837322235
4.363739967346191
4.023924574255943
4.270548850297928
4.303218826651573
4.144718915224075
4.286435902118683
4.074690818786621
4.237349987030029
4.371090993285179
4.046535074710846
4.088547959923744
4.638924419879913
4.206405371427536
4.202938765287399
4.3024269342422485
4.268516704440117
4.242876082658768
4.239305153489113
4.344362750649452
4.05934502184391
4.240650340914726
4.201268270611763
4.361800700426102
4.637767493724823
4.452677384018898
4.661786735057831
4.566146343946457
4.559100523591042
4.557551473379135
4.335750266909599
4.405237212777138
4.4101850390434265
4.180487126111984
4.360212296247482
4.521820515394211
4.43120202422142
4.525898516178131
4.079204708337784
4.456099435687065
4.6081657111644745
4.404758304357529
4.673091948032379
4.4033288806676865
4.366116210818291
4.3814843744039536
4.26905645430088
4.628930449485779
4.9073086977005005
4.687293529510498
5.034091413021088
4.9393510222435
4.562473386526108
5.000117123126984
4.781384468078613
4.678798019886017
4.783097088336945
4.719126462936401
4.743888944387436
4.827350705862045
4.749972492456436
4.90513950586319
4.9154470562934875
4.701119214296341
4.902749627828598
4.801793962717056
4.787794321775436
4.6821891367435455
4.868439972400665
4.432513803243637
4.977333873510361
5.223560333251953
5.056527495384216
4.878830373287201
5.037289768457413
4.79777917265892
4.587409779429436
5.027435302734375
4.701852202415466
4.813343405723572
4.953909546136856
4.7557753920555115
5.10677507519722
4.809432625770569
5.096041440963745
5.0511530339717865
4.7547067403793335
4.689124315977097
4.388679653406143
4.9001206159591675
5.25665208697319
5.171496391296387
5.1275056302547455
4.949563294649124
5.264454811811447
4.85271954536438
5.069680005311966
4.98710709810257
4.844495952129364
4.761661142110825
5.354012608528137
4.975896894931793
4.967271000146866
5.261451840400696
5.379538923501968
5.11143958568573
5.070140331983566
5.446730136871338
5.122706979513168
5.113702297210693
5.251678079366684
5.308284193277359
5.387458711862564
5.102401256561279
5.3869979083538055
5.383844643831253
4.89830955862999
5.282474100589752
5.412632644176483
5.040824472904205
5.016115128993988
4.853447407484055
5.279711335897446
4.876889288425446
5.438884794712067
5.339984714984894
5.092822194099426
5.328446835279465
5.4354487657547
5.065702706575394
5.460045546293259
5.431708723306656
5.140161216259003
5.222853183746338
5.577697038650513
5.7228213250637054
5.268769413232803
5.096089452505112
5.356177777051926
5.362295418977737
5.224657744169235
5.123843997716904
5.175956964492798
5.356191128492355
5.439401149749756
5.855881363153458
4.929821997880936
5.46458175778389
5.577253878116608
5.178729027509689
5.642697989940643
5.854246377944946
5.733307987451553
5.740805804729462
5.598690092563629
5.6424561738967896
5.534387797117233
5.4458476305007935
5.521355718374252
5.526018708944321
5.496294289827347
5.843766063451767
5.046139657497406
5.691446751356125
5.829345911741257
5.854891747236252
6.023792058229446
5.6276194751262665
5.814732104539871
5.7854403257369995
5.763606280088425
5.569924861192703
5.8130395114421844
5.5794446766376495
5.863230854272842
5.665897458791733
5.669741898775101
5.707114160060883
5.729009985923767
5.536130785942078
5.7439141273498535
6.2178115248680115
5.886583834886551
5.797457426786423
5.45285838842392
5.961383074522018
5.846104949712753
6.048942804336548
5.5059643387794495
6.2888365387916565
6.091043561697006
6.3096988797187805
5.837724298238754
6.068859755992889
5.941536366939545
6.043009847402573
5.797337681055069
6.0157135128974915
5.937773823738098
6.047075510025024
5.881909251213074
5.467363238334656
6.245781362056732
6.106165438890457
5.676090180873871
6.31485715508461
6.277541995048523
6.300033539533615
6.138642907142639
5.620505601167679
6.317284315824509
6.01763179898262
5.929432421922684
6.335237294435501
6.319630682468414
6.219901442527771
6.506162852048874
6.575310289859772
5.998163312673569
6.322245717048645
6.45800319314003
5.671837538480759
6.363444775342941
6.061488032341003
5.788977026939392
6.462679743766785
6.190144211053848
6.277346611022949
6.361719131469727
5.846410244703293
6.330530881881714
5.925352901220322
6.282120853662491
5.776992112398148
6.106448650360107
6.223688691854477
6.251526385545731
6.403511613607407
6.2603064477443695
6.0133704245090485
6.65936666727066
6.415323078632355
6.027412444353104
6.684497058391571
5.970065087080002
6.077344655990601
6.404419779777527
6.388721317052841
6.521384954452515
6.279007941484451
6.617504805326462
6.441167116165161
6.393781691789627
6.468725711107254
6.541093945503235
6.130926251411438
6.393791377544403
6.02307054400444
6.624160945415497
6.316527158021927
7.0017885863780975
6.615984082221985
6.770226567983627
6.321225821971893
6.978490591049194
6.392986863851547
6.4390087723731995
6.320167690515518
6.81941556930542
6.869209200143814
6.969512760639191
6.8584873378276825
6.321152061223984
6.775539010763168
6.978725999593735
6.806896775960922
6.5012030601501465
6.739936143159866
6.272223860025406
6.597844451665878
6.680928736925125
7.040263593196869
6.962075978517532
6.745598763227463
6.902682036161423
6.49375781416893
6.352916419506073
6.993306905031204
6.564690738916397
7.031263709068298
6.960003048181534
6.9115301966667175
6.585475355386734
6.303007185459137
6.859553039073944
6.72440567612648
7.043226540088654
7.169252425432205
6.856479823589325
7.092950165271759
6.9253561198711395
6.916805982589722
6.803579270839691
6.803171128034592
6.768040299415588
7.02642422914505
6.602355182170868
7.110360234975815
7.421837568283081
6.90012201666832
7.06023707985878
6.913018316030502
7.00053483247757
7.580858469009399
7.425123184919357
7.255010962486267
6.857217907905579
7.071123450994492
7.334084123373032
7.124411255121231
7.373835116624832
7.132701009511948
7.296759366989136
7.3402222990989685
7.025802880525589
7.110893815755844
7.209947288036346
7.398335009813309
6.932954430580139
7.442278295755386
7.530857414007187
7.378349930047989
7.60217097401619
7.28166276216507
7.63346141576767
7.594113647937775
7.380110263824463
6.9765825271606445
7.555514693260193
7.604144364595413
7.52284163236618
7.3278705179691315
7.713494628667831
7.6223883628845215
7.358897387981415
7.5000350177288055
7.686123818159103
7.609519898891449
7.4931007623672485
7.741455316543579
7.554253280162811
7.4153940081596375
7.5897417068481445
7.581660985946655
7.501859188079834
7.854494392871857
7.4153419733047485
7.540274202823639
7.466531664133072
7.550814479589462
7.575518578290939
7.869106978178024
7.916246712207794
7.483727931976318
7.476881772279739
7.486864417791367
7.786120623350143
7.683125376701355
7.541729182004929
7.675496339797974
7.865542024374008
7.995858430862427
7.780714243650436
7.929973989725113
7.736829876899719
7.544004321098328
7.909522384405136
7.578565061092377
7.819746494293213
8.014403462409973
7.8763545751571655
7.706175804138184
7.64726060628891
7.7836171090602875
7.528480380773544
7.743870794773102
8.116558641195297
7.979988068342209
7.907145828008652
7.989357024431229
7.936792582273483
8.014575272798538
7.751227080821991
7.9355276226997375
7.874103665351868
7.859189182519913
7.873874723911285
8.142026573419571
8.194997757673264
8.067811727523804
8.040490806102753
7.7138751745224
7.696859538555145
7.995351731777191
8.20735514163971
8.014425188302994
7.96413654088974
8.175472497940063
8.047229796648026
7.991038888692856
8.162699282169342
8.195234775543213
8.246320277452469
7.97432142496109
8.214217156171799
8.02501666545868
8.130212485790253
7.914933085441589
8.089958041906357
7.992942065000534
7.922849059104919
8.269518285989761
8.165121704339981
8.322749674320221
8.23298317193985
8.36685711145401
8.35828822851181
8.238238096237183
8.327612489461899
8.205077916383743
8.034469455480576
8.085008978843689
8.21652540564537
8.159672021865845
8.280175030231476
8.318614661693573
8.323888301849365
8.456503361463547
8.418632924556732
8.240297496318817
8.251201063394547
8.091617494821548
8.081904411315918
8.450962841510773
8.352560132741928
8.539408564567566
8.539512157440186
8.571513682603836
8.495069861412048
8.574542343616486
8.285454452037811
8.191247910261154
8.366659700870514
8.398767948150635
8.54794666171074
8.537062615156174
8.519802212715149
8.52114987373352
8.349116086959839
8.43923419713974
8.229896247386932
8.10204902291298
8.72456431388855
8.478745341300964
8.751615166664124
8.764029800891876
8.833483457565308
8.517826318740845
8.6164191365242
8.356421530246735
8.115500271320343
8.512911796569824
8.467501640319824
8.733855843544006
8.596170783042908
8.559261798858643
8.23569267988205
8.520267486572266
8.698160231113434
8.701606214046478
8.600297927856445
8.567741394042969
8.41978132724762
8.594740390777588
8.155312597751617
8.511257290840149
8.714728832244873
8.694914698600769
8.842445969581604
8.697597980499268
8.59002685546875
8.779924631118774
8.66423362493515
8.653513073921204
8.4810591340065
8.68752783536911
8.561307311058044
8.811289310455322
8.942253172397614
8.773353695869446
8.556375086307526
8.725089728832245
8.359428346157074
8.67352432012558
8.850298404693604
9.061653673648834
8.911124229431152
8.774610459804535
8.690083086490631
8.888269126415253
8.932365596294403
8.60833489894867
8.807072401046753
8.794519901275635
8.815724730491638
8.670910596847534
8.626442849636078
8.51819759607315
8.929753124713898
8.890734672546387
8.855221331119537
8.962696433067322
8.917405247688293
8.755195200443268
8.876873433589935
8.925381243228912
8.853365957736969
8.99871289730072
8.857896089553833
8.79714435338974
8.836990177631378
9.054404258728027
9.091638147830963
9.198776125907898
9.038108468055725
8.926139116287231
8.953463971614838
8.843445539474487
8.730688452720642
9.030960023403168
9.00602126121521
9.116083562374115
9.127035796642303
9.094775140285492
8.830094993114471
8.90466022491455
8.5248963534832
9.007019340991974
8.691357672214508
9.185222804546356
8.891659557819366
9.074039876461029
9.033174633979797
9.215231776237488
9.336242139339447
9.195642173290253
9.068234980106354
9.102549016475677
9.33352142572403
9.389638900756836
9.47981721162796
9.126330435276031
9.41720187664032
9.261542975902557
9.332003712654114
9.465607106685638
9.354265928268433
9.317470729351044
9.170597910881042
9.358937084674835
9.489344000816345
9.415029644966125
9.462800562381744
9.55204176902771
9.622709572315216
9.222518742084503
9.266364932060242
9.27665787935257
9.32389760017395
9.103825628757477
9.065816044807434
9.301360309123993
9.530277848243713
9.48814207315445
9.045593500137329
9.626213490962982
9.466460347175598
9.093956172466278
8.949126780033112
9.197039365768433
9.23831969499588
9.555774986743927
9.483272790908813
9.457779884338379
9.379185020923615
9.751329481601715
9.482287108898163
9.538358867168427
9.447053670883179
9.461942732334137
9.798312842845917
9.76287841796875
9.580300092697144
9.611872553825378
9.519401907920837
9.597589910030365
9.59631061553955
9.617331802845001
9.81320869922638
9.835094273090363
9.94096451997757
9.620911240577698
9.454796850681305
9.832360208034515
9.668039977550507
9.165504813194275
9.627497673034668
9.576369225978851
9.705711781978607
9.398359894752502
9.544794738292694
9.626398026943207
9.671955645084381
9.403776049613953
9.91304737329483
9.960398733615875
10.148290455341339
9.810686528682709
9.911379396915436
9.572240114212036
9.463784873485565
9.826779127120972
9.748021245002747
9.656287252902985
9.739655673503876
9.623900771141052
9.933623552322388
9.803005337715149
10.010154962539673
10.120651185512543
9.54665869474411
9.747459530830383
9.666077136993408
9.771517515182495
10.02109032869339
9.897213220596313
9.997781455516815
9.833324074745178
10.059232115745544
10.236070930957794
9.789475798606873
10.006886601448059
10.024033784866333
9.58436369895935
9.666617214679718
9.921920657157898
9.975870072841644
10.056021392345428
10.17534327507019
10.115641593933105
10.132608354091644
10.159700870513916
9.878956854343414
10.12859159708023
9.984270632266998
9.911815106868744
9.825412690639496
9.743569493293762
9.932907700538635
9.826492190361023
9.829039216041565
9.664331555366516
10.09298825263977
9.82669848203659
9.986255824565887
10.175231635570526
10.120619416236877
10.26970636844635
10.221221208572388
10.08639907836914
9.948878705501556
9.813667833805084
10.084619224071503
10.129151105880737
10.268987596035004
9.875862717628479
10.320662915706635
10.45009696483612
10.585415184497833
10.476075828075409
10.438435137271881
10.062452375888824
10.379885494709015
9.864365458488464
10.182757019996643
10.32233476638794
10.062147557735443
9.868247509002686
10.414063572883606
10.37434071302414
10.107245326042175
10.507907390594482
10.581387996673584
10.510509610176086
10.16564553976059
10.41718453168869
10.193744659423828
10.327156066894531
10.258481204509735
10.484246671199799
10.367001712322235
10.358886122703552
10.40221107006073
10.294799506664276
10.105010151863098
10.014339566230774
10.267609238624573
10.82712459564209
10.468792021274567
10.38444858789444
10.313145875930786
10.619016110897064
10.343982219696045
10.413208425045013
10.576865375041962
10.633812963962555
10.620092511177063
10.359491050243378
10.316706657409668
10.441687405109406
10.74652773141861
10.578907549381256
10.191151857376099
10.485004723072052
10.667475879192352
10.52791053056717
10.506311178207397
10.628954529762268
10.567793667316437
10.549922406673431
10.867309927940369
10.76754343509674
10.766190230846405
10.757775962352753
10.689468026161194
10.769058585166931
10.517680764198303
10.514139771461487
10.84166306257248
10.514225780963898
10.585763931274414
10.511337101459503
10.590399503707886
10.904192388057709
10.413950681686401
10.725319147109985
10.69651049375534
10.850006461143494
10.768421471118927
10.631767690181732
10.755934953689575
10.548467576503754
11.090185821056366
10.863821744918823
10.776645720005035
10.327031970024109
10.776954054832458
10.747246742248535
10.635340988636017
11.048903346061707
10.97940456867218
10.430033683776855
10.871399343013763
10.484544396400452
10.950677931308746
11.24896377325058
10.814477622509003
10.435168147087097
11.112363398075104
10.763740181922913
10.854098677635193
11.081387221813202
10.830785751342773
11.012822806835175
10.964384257793427
10.663886487483978
10.805290520191193
11.081362903118134
10.808747947216034
11.05508679151535
10.930846214294434
11.008034586906433
10.957470655441284
10.916617572307587
10.951664447784424
11.045604944229126
10.867632508277893
10.899049758911133
10.8262859582901
11.252845406532288
11.090776145458221
10.76302045583725
10.952497661113739
11.36977344751358
11.301953673362732
10.9852574467659
11.080965757369995
10.923934638500214
10.926013469696045
11.016477823257446
10.91944670677185
11.019716441631317
11.184972703456879
11.301810443401337
11.008813083171844
11.55294156074524
11.106418371200562
11.068439602851868
11.475312411785126
11.111338198184967
11.541669368743896
10.94812148809433
11.58558577299118
11.409973442554474
11.090613424777985
11.136302769184113
10.873529851436615
11.096690595149994
11.181933104991913
11.054434061050415
11.492437183856964
11.018214583396912
10.85994565486908
10.986101388931274
11.48676472902298
10.871415734291077
11.33692318201065
11.384202003479004
11.1424320936203
11.28761512041092
10.765154361724854
10.909529685974121
11.68778681755066
11.518063962459564
11.570193469524384
11.535393357276917
11.793630957603455
10.973562002182007
11.131777346134186
11.039109408855438
11.336506843566895
11.614005506038666
11.675137162208557
10.811970233917236
11.79041999578476
11.58455753326416
11.34759896993637
11.47615921497345
10.84713864326477
11.487633287906647
11.614419162273407
11.490748643875122
11.914623200893402
11.3674818277359
11.788535237312317
11.44954663515091
11.644056379795074
11.463795900344849
11.152741074562073
11.192969918251038
11.450961351394653
11.996260344982147
11.500772774219513
11.764268815517426
11.646331012248993
11.514724850654602
11.597993016242981
11.628453373908997
11.37613296508789
11.82389360666275
11.98825204372406
11.74718165397644
11.983190894126892
11.888686895370483
11.31538462638855
11.3493532538414
11.414727747440338
11.13049978017807
11.847083032131195
11.782894670963287
11.760094165802002
11.542723834514618
11.912354707717896
11.586543679237366
11.41894119977951
11.369288861751556
11.6839919090271
11.788216650485992
11.318101584911346
11.687012553215027
12.017329514026642
12.164063692092896
11.945267021656036
12.14022696018219
11.761555850505829
11.192834496498108
11.572331488132477
11.611160933971405
11.918652951717377
11.983174800872803
11.751430034637451
11.89310371875763
11.954459190368652
12.090996205806732
11.906472027301788
11.947704195976257
12.081341326236725
11.935545265674591
11.928410053253174
11.596430540084839
11.442153692245483
11.988367974758148
11.981928944587708
11.681737959384918
11.964815020561218
12.196722328662872
12.056551933288574
12.092474520206451
11.968681514263153
12.186555206775665
11.7736496925354
12.097570419311523
11.750967144966125
11.810249388217926
11.773736417293549
12.119853615760803
12.09410148859024
12.051135778427124
12.297421216964722
12.331372439861298
11.85077714920044
12.141391277313232
12.323876440525055
12.35139936208725
11.717375993728638
12.094438254833221
12.127634882926941
11.951940476894379
12.462425589561462
11.882411003112793
12.239216923713684
11.749720871448517
12.315775394439697
12.089426457881927
12.030563235282898
11.895485818386078
12.16345751285553
12.314983665943146
12.354350447654724
11.926743268966675
12.252990901470184
12.26662677526474
12.367883920669556
12.571772515773773
12.55308997631073
12.44580614566803
12.197742342948914
12.293193459510803
11.995823860168457
12.369708895683289
12.503535449504852
12.53999799489975
12.337402999401093
12.506295502185822
12.187820613384247
12.554704248905182
12.336328983306885
12.406059801578522
12.481240212917328
12.156486630439758
12.343473315238953
12.167390763759613
12.48126071691513
12.524495422840118
12.624885201454163
12.770037829875946
12.364967465400696
11.841451406478882
12.363535046577454
12.599802732467651
12.637164831161499
12.82726901769638
12.52203094959259
12.233901798725128
12.300793826580048
12.163369715213776
12.454284191131592
12.409479141235352
12.408979773521423
12.360097229480743
12.607981324195862
12.697880387306213
12.730312585830688
12.680017590522766
12.519606411457062
12.448863744735718
12.357097804546356
12.5299072265625
12.587377548217773
12.670002579689026
12.715688228607178
12.679276585578918
12.681686162948608
12.549914062023163
12.68521124124527
12.391173779964447
12.31482481956482
12.399543046951294
12.635169088840485
12.429011642932892
12.448425829410553
12.63801908493042
12.68272864818573
12.585516333580017
12.714790940284729
12.497882902622223
12.953530430793762
12.471514463424683
12.592982530593872
12.469204008579254
12.863928437232971
12.799206614494324
12.696835100650787
12.677076160907745
13.04213571548462
12.530712604522705
12.875551044940948
12.403021931648254
12.504541575908661
12.40816605091095
12.584460616111755
12.947986543178558
12.893290877342224
12.96887481212616
13.077693700790405
12.799705982208252
12.947307884693146
12.604598104953766
12.868628561496735
12.859044969081879
12.943210780620575
12.523954689502716
12.89060753583908
12.985485851764679
12.718876242637634
12.970292031764984
13.007835805416107
12.980747282505035
12.795001149177551
12.82007747888565
13.053416013717651
13.084681034088135
12.664933145046234
12.646718144416809
12.895874857902527
12.800723016262054
12.869307816028595
12.824060082435608
13.016298115253448
12.975516676902771
13.089386463165283
12.96091091632843
13.297347724437714
13.15237820148468
13.110711455345154
13.034244775772095
12.813437759876251
13.208075821399689
13.303217768669128
13.018319010734558
13.200769186019897
12.956179797649384
13.240692734718323
13.077212512493134
13.29391074180603
13.075103461742401
13.356847882270813
13.180695414543152
13.154934465885162
13.391843795776367
13.17511236667633
12.922968983650208
13.093434154987335
13.259135127067566
12.980703949928284
13.164365649223328
13.117666602134705
13.11568146944046
13.263852775096893
13.46895968914032
13.371455132961273
13.14859402179718
12.805573046207428
12.746306419372559
13.298912703990936
13.51592642068863
13.420409142971039
13.370986700057983
13.67721426486969
13.344356656074524
13.224896430969238
13.205148100852966
13.13851797580719
12.937447190284729
13.346555829048157
13.446835339069366
12.84016865491867
13.594540655612946
13.48512601852417
13.394228219985962
13.385870337486267
13.311523079872131
13.326633095741272
13.423493683338165
13.449718475341797
13.23084008693695
12.981592357158661
13.519571304321289
13.412187933921814
13.442352831363678
13.177868843078613
13.565986692905426
13.40891832113266
13.32664829492569
13.586883842945099
13.38765013217926
13.584994435310364
13.411583125591278
13.709414184093475
13.635066986083984
13.467694520950317
13.444280564785004
13.217768251895905
13.67553585767746
13.63871717453003
13.685557246208191
13.454710125923157
13.60680741071701
13.700103163719177
13.199289679527283
13.351360857486725
13.530792355537415
13.654170334339142
13.477194547653198
13.097849428653717
13.649860262870789
13.240273594856262
13.381570518016815
13.500107884407043
13.449648082256317
13.42497992515564
13.393474638462067
13.939960598945618
13.289412438869476
13.757204174995422
13.845193684101105
13.463915944099426
13.311033308506012
13.639023840427399
13.370091915130615
13.7795969247818
13.927562773227692
13.852191686630249
13.733807981014252
13.58677089214325
13.691722989082336
13.264918625354767
13.53026568889618
13.301959574222565
13.304312646389008
13.670527637004852
13.371977984905243
13.527514457702637
13.659749805927277
13.801369607448578
13.564922273159027
13.150798499584198
13.42714387178421
13.80535751581192
13.891709089279175
13.654603660106659
13.92140781879425
13.845618486404419
13.659831643104553
14.014480292797089
13.797543287277222
13.558765888214111
13.644149720668793
13.749788284301758
13.944205045700073
14.08673882484436
13.54274171590805
13.825708508491516
13.95257318019867
13.833300530910492
13.531335830688477
13.660353004932404
13.735722362995148
13.674883961677551
13.717466950416565
13.942361116409302
13.982931971549988
13.695854187011719
13.686052024364471
13.89326959848404
13.915767848491669
13.862144351005554
13.284008145332336
13.964427709579468
14.065315902233124
14.080848693847656
14.169621467590332
13.828384101390839
13.680976271629333
13.746313393115997
13.85876214504242
13.734590590000153
13.725846409797668
13.977396488189697
13.825040817260742
14.335471153259277
13.847475588321686
14.248799204826355
14.21658605337143
13.64089548587799
13.665234565734863
14.233391344547272
14.028947830200195
13.846682608127594
14.226332008838654
14.182821691036224
14.394306719303131
14.194386065006256
13.971402943134308
13.492279529571533
14.141688168048859
13.994621098041534
14.134155988693237
13.883942902088165
14.132120013237
14.03657978773117
14.409561097621918
14.107173800468445
13.705851972103119
13.977517485618591
13.664903402328491
13.803801953792572
13.723464548587799
14.054219424724579
14.2775958776474
14.146705389022827
14.23052030801773
14.462612748146057
14.24092549085617
14.30009549856186
14.185774207115173
14.111255466938019
14.11328411102295
14.173753023147583
14.360696077346802
14.145287990570068
14.343149304389954
14.196298003196716
14.64911824464798
14.413995265960693
14.390777707099915
14.442796766757965
14.260509848594666
14.12687474489212
14.214104950428009
14.036309719085693
13.973613023757935
14.338567852973938
14.430272996425629
14.567800223827362
14.541702568531036
14.4005868434906
14.1976877450943
14.394908010959625
14.128547191619873
14.387982070446014
14.390461802482605
14.509885549545288
14.100616157054901
14.235859036445618
13.81305307149887
14.534240782260895
14.485013723373413
14.326673865318298
14.634657382965088
14.387356340885162
14.22171264886856
13.69821685552597
14.398501634597778
14.637264788150787
14.6655712723732
14.573693096637726
14.232508480548859
14.073992252349854
13.904994904994965
14.145365357398987
14.18383914232254
14.12090915441513
14.43128114938736
14.746776700019836
14.426136493682861
14.579749703407288
14.513991951942444
14.076864957809448
14.429752171039581
14.702367186546326
14.304152131080627
14.076933205127716
14.245754420757294
13.95276415348053
14.07470989227295
14.726329267024994
14.175301253795624
14.812223374843597
14.5449960231781
14.51435399055481
14.896800875663757
14.65161520242691
14.553803980350494
14.78942757844925
14.602177262306213
14.928869307041168
14.646493017673492
14.480268836021423
14.1711066365242
14.563600838184357
14.637380540370941
14.096932649612427
14.781932413578033
14.515495538711548
14.661713123321533
14.892232775688171
14.736114978790283
14.31562340259552
14.511796534061432
14.910882532596588
14.914122521877289
14.715322613716125
14.24248743057251
14.394802570343018
14.805630207061768
14.719752311706543
14.699697434902191
15.004707872867584
14.597065687179565
15.15197229385376
14.670343220233917
14.792276799678802
14.74274057149887
15.122235774993896
15.006256401538849
14.918076753616333
14.98416155576706
14.878302097320557
14.76558804512024
14.557807981967926
14.584940314292908
14.578383684158325
14.827296912670135
14.723921000957489
14.94271045923233
15.056364357471466
15.115400433540344
14.81106984615326
15.101740956306458
14.806712925434113
15.112147748470306
14.938140511512756
15.197616338729858
15.062994241714478
14.851750314235687
15.095362722873688
14.903344511985779
14.946081519126892
15.043256998062134
15.302911818027496
15.156074464321136
15.056191682815552
14.88210415840149
15.224910020828247
15.241064131259918
15.119538068771362
15.142935693264008
15.188666641712189
15.014021217823029
15.120660066604614
14.665356874465942
15.158618032932281
15.091881453990936
15.260567545890808
15.332539677619934
15.233008682727814
15.204364895820618
15.092991590499878
15.424942016601562
15.319492936134338
15.293808698654175
15.34258383512497
15.259126842021942
15.294274389743805
15.167240142822266
14.869153916835785
15.0351282954216
15.248612940311432
15.329717516899109
15.255647838115692
15.410662055015564
15.244252860546112
15.47360360622406
15.347536742687225
15.157595098018646
15.227656841278076
15.529029190540314
15.206242799758911
15.377559959888458
15.210062563419342
15.22672414779663
15.434717953205109
15.30371230840683
15.448482036590576
15.487857282161713
15.542317390441895
15.46749097108841
15.431096196174622
15.422192335128784
15.51856791973114
15.410366714000702
15.647947549819946
15.524019658565521
15.324110269546509
15.253653049468994
15.507368445396423
15.426954090595245
15.567473292350769
15.475055992603302
15.481446027755737
15.60074508190155
15.598865866661072
15.612632095813751
15.465967953205109
15.480774223804474
15.509877145290375
15.541115820407867
15.529825627803802
15.572339296340942
15.544978678226471
15.587732017040253
15.647467017173767
15.326850175857544
15.623307049274445
15.525916695594788
15.536827802658081
15.626436471939087
15.548245191574097
15.723523139953613
15.67618989944458
15.634792923927307
15.494487881660461
15.458091378211975
15.613850951194763
15.710705518722534
15.690009713172913
15.876360177993774
15.701841294765472
15.774386703968048
15.691004872322083
15.630048751831055
15.658007144927979
15.634286105632782
15.704328536987305
15.848368406295776
15.764838755130768
15.735819697380066
15.70543485879898
15.72574895620346
15.743078231811523
15.701683104038239
15.639757692813873
15.828979849815369
15.653706789016724
15.750709772109985
15.600006401538849
15.772099792957306
15.880172312259674
15.833729565143585
15.699680745601654
15.602540254592896
15.717289805412292
15.759487092494965
15.70493769645691
15.563692152500153
15.82260149717331
15.823068857192993
15.675804674625397
15.866978645324707
15.8027623295784
15.903664410114288
15.768599271774292
15.865642845630646
15.842032313346863
15.811080515384674
15.918106019496918
15.781029403209686
15.735751569271088
15.866292536258698
15.953347623348236
15.904723286628723
15.761747658252716
15.757634222507477
15.794989049434662
16.00025826692581
15.894642233848572
15.945931136608124
15.903250813484192
15.802437722682953
15.722574472427368
15.753452718257904
15.810135245323181
15.764944970607758
16.03106677532196
15.874906837940216
15.875401556491852
15.835355460643768
15.487458407878876
15.885737478733063
15.42765098810196
15.62426882982254
15.804832875728607
15.795686185359955
15.968703985214233
15.947353422641754
15.824909389019012
16.115028023719788
15.50314176082611
15.701107740402222
16.11411088705063
16.08768993616104
16.19931012392044
15.72317785024643
15.993535280227661
15.934641420841217
16.00574892759323
15.802282392978668
16.128797471523285
15.916832327842712
16.109436213970184
15.938603699207306
15.966371357440948
15.85910302400589
15.937618434429169
16.208229303359985
16.112988650798798
15.686591565608978
15.992855191230774
15.750385642051697
16.047729194164276
15.929473519325256
15.767743110656738
15.772098958492279
15.83427608013153
15.73660135269165
15.948973894119263
16.005916357040405
15.827508866786957
16.016641855239868
15.5758655667305
15.762738168239594
15.776149272918701
16.151333451271057
16.25846439599991
16.246191561222076
15.90145480632782
15.934844553470612
15.926591753959656
16.06254070997238
16.174238801002502
15.530553221702576
15.88055682182312
15.776188313961029
16.159615874290466
16.029594004154205
16.197354793548584
15.832565307617188
15.870868504047394
15.876220345497131
16.169636070728302
15.725899517536163
15.63671749830246
16.13093775510788
15.905839681625366
16.126398980617523
16.229378879070282
16.230581164360046
16.095434069633484
16.159117698669434
16.000714421272278
16.117429673671722
15.99564415216446
15.746118366718292
16.228703677654266
16.110308527946472
15.908773422241211
16.275551855564117
16.081291556358337
15.932341456413269
16.07971328496933
16.177587807178497
16.031367480754852
15.933151066303253
16.127426624298096
15.867227435112
16.102973341941833
16.312393367290497
16.231730818748474
16.142735719680786
15.892547130584717
16.010516107082367
16.1591237783432
16.051234185695648
16.40541112422943
16.045362770557404
16.454884231090546
16.537285327911377
16.376529812812805
16.038016200065613
16.21111685037613
15.958312511444092
16.229670643806458
16.17966800928116
15.912391483783722
16.356557965278625
16.398789644241333
16.00780290365219
16.124193131923676
15.726954936981201
15.862867176532745
16.480573773384094
15.75244015455246
16.295028388500214
16.310864627361298
16.540653944015503
16.015504956245422
16.064362466335297
15.852620661258698
16.207508981227875
16.135879814624786
16.24260663986206
16.34900850057602
16.456480503082275
16.270642518997192
16.0404531955719
16.255455374717712
16.027592420578003
15.666045069694519
16.546696066856384
16.568859696388245
16.573651432991028
16.314819872379303
16.553220748901367
16.682433366775513
16.502545833587646
16.04830151796341
15.988435208797455
16.047786235809326
15.758837819099426
15.700019776821136
16.150174021720886
16.45101034641266
16.070221424102783
16.54415988922119
16.08488017320633
16.86358869075775
16.57260274887085
16.84647512435913
16.526235580444336
16.36855113506317
16.469005525112152
16.20758330821991
16.50510263442993
16.767815351486206
16.458511352539062
16.405017018318176
16.323716282844543
16.41735988855362
16.328971028327942
16.25660264492035
16.932957530021667
16.823542952537537
16.855989813804626
16.903653740882874
16.55764675140381
16.911251187324524
16.000179886817932
16.67284858226776
16.893977761268616
16.823135375976562
16.317192375659943
16.36591124534607
16.411394715309143
16.21805429458618
16.842442512512207
16.530609369277954
16.826221704483032
16.84370231628418
16.519388914108276
16.392637014389038
16.482892990112305
16.258837163448334
16.663163542747498
16.73638427257538
17.125511288642883
16.625854194164276
17.01595890522003
16.534556031227112
16.024747610092163
16.60044503211975
16.487886786460876
16.527418851852417
16.537358164787292
16.656723260879517
16.615337669849396
16.425964891910553
16.37283891439438
16.514137506484985
16.404814779758453
16.544471740722656
16.77628231048584
16.790552377700806
16.786039233207703
16.809486150741577
16.66164743900299
16.621784806251526
16.741467356681824
16.446078896522522
16.721601605415344
16.695225834846497
16.784437656402588
16.623273968696594
16.333248138427734
16.60275435447693
16.361350178718567
16.42521023750305
16.53040724992752
16.78945302963257
16.796587228775024
16.44660836458206
16.90394365787506
16.56882655620575
16.000359058380127
16.54960346221924
16.375170707702637
16.817206263542175
16.808290600776672
16.8186217546463
16.671054124832153
16.581615209579468
16.29622197151184
16.889158129692078
16.683265805244446
16.60895586013794
17.07449460029602
16.481474459171295
16.843314290046692
16.554605960845947
16.821953773498535
16.879916787147522
16.568915367126465
16.991159319877625
17.119529008865356
16.763490080833435
16.89162254333496
16.948477625846863
16.705198884010315
16.641768634319305
16.94193696975708
16.33121770620346
16.77641189098358
16.684603452682495
16.53158724308014
17.077332377433777
17.142430305480957
16.495189249515533
16.926497220993042
17.051053047180176
16.671381950378418
17.05119788646698
17.12500274181366
16.605032682418823
16.287055253982544
16.703084707260132
17.078670978546143
16.814918398857117
17.073100209236145
16.836087346076965
17.26254415512085
16.567625999450684
17.27747905254364
17.083102703094482
17.205310344696045
16.834529161453247
16.50261902809143
17.18902349472046
16.449142277240753
16.74496638774872
16.67612248659134
16.928409099578857
17.060479521751404
17.059388041496277
17.286991834640503
17.22883450984955
16.92687153816223
17.072908878326416
17.028101801872253
17.203739762306213
17.2752822637558
16.81508755683899
16.67721736431122
16.799497365951538
17.654475569725037
16.8437317609787
16.41348248720169
17.330679059028625
17.16162419319153
17.41278338432312
17.456336855888367
17.071678519248962
16.521551609039307
16.940495133399963
17.32709300518036
17.03951895236969
17.256134510040283
17.339852929115295
17.325137495994568
17.01567542552948
16.879674792289734
16.978590726852417
16.917614817619324
17.540047764778137
16.74696445465088
17.459715008735657
17.635655641555786
17.11203444004059
17.044912457466125
16.903003692626953
16.821189999580383
17.127472400665283
17.19813621044159
17.22890031337738
17.340734362602234
17.242823004722595
16.9322749376297
17.088286519050598
17.131980061531067
17.041154623031616
17.383660674095154
17.49898648262024
16.73834204673767
16.734184622764587
17.238064646720886
16.674260020256042
16.945000052452087
17.018577456474304
17.185603857040405
16.93420422077179
17.536749243736267
16.827354788780212
17.039695262908936
17.294493556022644
17.106913566589355
17.78296732902527
17.069056510925293
17.258084535598755
17.223912477493286
16.949416160583496
16.96581208705902
17.053451657295227
17.20078182220459
17.39452302455902
17.54780125617981
17.72628104686737
17.304412603378296
17.28188419342041
17.399964570999146
17.246134161949158
17.43394410610199
17.110342741012573
17.729580283164978
16.89411187171936
17.3524032831192
17.474923968315125
17.316285490989685
17.12667989730835
17.419748663902283
16.884445428848267
17.197333335876465
17.43376874923706
17.57366645336151
16.60936999320984
17.354083776474
17.178928017616272
17.31107771396637
17.443756699562073
17.01889407634735
17.284724950790405
17.179439425468445
16.749996066093445
17.479971647262573
17.249807000160217
17.53889513015747
17.46930754184723
17.16490936279297
17.46384358406067
17.124088764190674
17.259496092796326
17.372085213661194
17.16572344303131
17.43732786178589
17.169209241867065
17.099098563194275
17.452141523361206
17.156325101852417
17.311199426651
17.42922818660736
17.725781559944153
17.317943811416626
17.76516592502594
17.392618656158447
17.846036553382874
16.859825015068054
17.22042691707611
17.239819288253784
17.08061969280243
17.270532369613647
17.523802876472473
17.044607639312744
17.405760407447815
17.402804017066956
17.1686931848526
17.641305804252625
17.4819974899292
17.520095109939575
17.51684832572937
17.564198970794678
17.702922701835632
17.43020236492157
17.142118215560913
17.414721727371216
17.70138919353485
17.74594748020172
17.652926802635193
17.422539830207825
17.67211651802063
17.434874057769775
17.30484390258789
16.913074493408203
17.29097282886505
17.36471939086914
17.347700476646423
17.21172297000885
17.59087383747101
17.143532276153564
17.617098808288574
17.306846261024475
17.353164315223694
17.649673342704773
17.284547686576843
17.035588145256042
16.84576439857483
17.680714011192322
17.570597648620605
17.588237166404724
17.256277441978455
17.089779138565063
18.048906326293945
17.10448908805847
17.287068724632263
17.36070692539215
17.606871604919434
17.23154079914093
17.37857222557068
17.497293710708618
17.514519810676575
17.574474811553955
17.374260187149048
17.548155069351196
17.905940294265747
17.486415147781372
17.852668046951294
17.67160725593567
17.37144160270691
17.64274251461029
17.7427179813385
17.477187395095825
17.739379286766052
17.36194396018982
17.9009850025177
17.71240532398224
17.857912302017212
17.790476322174072
17.50027084350586
17.2968932390213
17.411940217018127
17.338958382606506
16.873273134231567
17.6163729429245
18.140814423561096
17.929283499717712
17.16513454914093
17.488248586654663
17.556366562843323
16.78882348537445
17.498221158981323
17.12498641014099
17.685163378715515
16.993163108825684
17.63438332080841
17.596094250679016
17.371219277381897
17.32946002483368
17.80976164340973
17.828286290168762
17.51398193836212
17.724456071853638
17.72185218334198
18.18702006340027
17.609744548797607
17.651684880256653
18.167341351509094
17.131816506385803
17.84724771976471
17.67313241958618
17.898560047149658
17.83932399749756
18.049031138420105
17.670875191688538
17.603670597076416
17.069118857383728
17.601068139076233
17.978514075279236
18.026711463928223
17.889291286468506
17.64135992527008
18.107624888420105
18.119385600090027
18.029422283172607
17.86387324333191
17.441490173339844
17.599153995513916
17.81937265396118
17.43306565284729
17.877947092056274
17.929069876670837
18.28514063358307
17.516966104507446
17.467569828033447
17.993404626846313
17.775134325027466
18.021600008010864
17.533135533332825
17.856782913208008
17.964266300201416
17.85209596157074
17.891767144203186
17.489148378372192
17.980735898017883
17.99329948425293
17.636065363883972
17.959280490875244
17.62708079814911
17.867507100105286
17.717714190483093
17.98983132839203
18.451404571533203
18.04955744743347
18.156184792518616
18.360675573349
18.078847408294678
18.07615089416504
18.42188560962677
18.134262204170227
18.305377960205078
18.230682611465454
18.413246870040894
18.05640697479248
18.221240401268005
18.3581223487854
18.140069365501404
18.21202778816223
18.113650798797607
18.509632468223572
18.3782240152359
18.287853002548218
18.10457694530487
17.86048996448517
17.77799344062805
18.210176825523376
18.222744941711426
18.126709580421448
18.640197038650513
18.577511310577393
18.605976104736328
17.56029963493347
18.43448007106781
18.72480845451355
18.39544141292572
18.39840793609619
18.451290607452393
17.974098682403564
18.610714316368103
17.824103355407715
18.22090518474579
18.511560082435608
17.925456762313843
18.112951636314392
18.608641743659973
18.66655969619751
18.3582421541214
18.341633319854736
18.252248287200928
17.775601267814636
17.881548047065735
18.254422664642334
18.104696035385132
18.054856777191162
18.59962236881256
18.505430698394775
18.694109559059143
18.61514699459076
18.067615628242493
18.54359757900238
18.161060094833374
18.20733606815338
18.497435331344604
18.152271509170532
18.367867827415466
18.369146823883057
18.796918749809265
18.393961548805237
17.44547724723816
18.527379035949707
18.114314913749695
18.486764788627625
18.087174892425537
18.25868594646454
18.18734073638916
18.77076804637909
18.009154081344604
18.364959239959717
18.533480286598206
18.12629759311676
18.428447246551514
18.400067687034607
18.330747604370117
18.072336792945862
18.442625284194946
18.458495378494263
18.280327916145325
18.227407217025757
18.358194231987
18.786323070526123
18.69861662387848
18.35104727745056
18.556990146636963
18.623740673065186
18.26659321784973
18.491308212280273
18.423104166984558
18.73679554462433
18.60037648677826
18.619802236557007
18.25956392288208
18.499497056007385
18.669514775276184
18.546976566314697
18.64450478553772
18.628665685653687
18.0929514169693
18.622843384742737
18.441339015960693
18.365208625793457
18.78904688358307
18.43408179283142
19.01243019104004
18.235318660736084
18.713481903076172
18.34957730770111
18.88232457637787
18.098750472068787
18.762250542640686
18.61448836326599
18.90906810760498
18.527893900871277
18.41608726978302
18.515750288963318
18.446227192878723
18.44459295272827
18.74199140071869
18.794092416763306
18.698094248771667
18.80744469165802
18.631279349327087
17.925734519958496
18.804696559906006
18.9962055683136
18.628093004226685
19.04623031616211
18.727429032325745
18.923025250434875
18.61383318901062
18.744556188583374
18.477676272392273
18.629406809806824
18.73577392101288
18.624574661254883
18.75396168231964
19.025379419326782
18.454431414604187
18.979512691497803
18.939260244369507
18.646385192871094
18.66066873073578
18.70535433292389
18.977211952209473
18.6207914352417
19.09475874900818
18.189090847969055
18.95593297481537
18.895412921905518
18.97802197933197
18.33668303489685
18.85453164577484
18.371337890625
18.764649629592896
18.92119300365448
18.78525674343109
18.86666965484619
19.21980381011963
19.005221724510193
18.9976487159729
18.952576518058777
18.88277018070221
18.651193857192993
19.101608157157898
18.295216917991638
19.097965002059937
19.22375452518463
18.706687688827515
18.56864595413208
19.31805729866028
18.683327436447144
18.50677978992462
18.7986319065094
18.287228226661682
19.252561688423157
18.43727397918701
18.601502060890198
18.979360699653625
18.61525070667267
19.058199644088745
19.029795050621033
18.583972930908203
19.360654830932617
19.24055254459381
18.886746525764465
18.796690940856934
18.751857042312622
18.919256329536438
18.505305767059326
19.250855803489685
18.866280913352966
19.265751123428345
18.65345335006714
18.682430386543274
18.980428099632263
18.380231618881226
18.416606664657593
19.074655175209045
18.767415404319763
18.955641984939575
18.81859004497528
18.935746431350708
19.345134973526
18.728389859199524
18.479092359542847
18.946736931800842
18.798548817634583
18.999375581741333
19.366129279136658
19.09321653842926
18.929451823234558
19.23205041885376
18.893216013908386
18.89679229259491
18.864781260490417
19.342716693878174
19.36264193058014
19.05982804298401
19.344327688217163
19.190000295639038
19.10792326927185
18.643717527389526
18.799098134040833
18.78784966468811
18.65726351737976
18.781505823135376
19.25519108772278
19.03113031387329
19.199003219604492
19.15314745903015
18.996904253959656
19.064279198646545
19.463194370269775
19.25389301776886
19.11090326309204
18.411757349967957
18.43641996383667
18.929142355918884
18.79212510585785
19.238574624061584
18.645885348320007
19.12468147277832
19.678216814994812
19.396527886390686
19.11757755279541
19.17317569255829
19.13452696800232
19.099291443824768
18.772257089614868
19.17755377292633
18.651036739349365
19.19435739517212
19.176613092422485
18.909483432769775
19.18736243247986
19.3206125497818
19.17227852344513
19.198939204216003
19.030049085617065
18.69163715839386
19.415019631385803
19.07328224182129
19.401607990264893
18.910518765449524
19.409839987754822
19.253584504127502
19.262142181396484
18.79251277446747
19.38583195209503
19.276819944381714
19.662100553512573
18.93222403526306
19.53416097164154
19.204909920692444
19.44615399837494
19.673035860061646
19.402097582817078
18.680327892303467
19.105968356132507
19.367091298103333
19.29877531528473
19.350484609603882
19.465891480445862
19.242395520210266
19.299443006515503
19.07578456401825
19.271519422531128
18.792447805404663
19.39526915550232
19.559381365776062
19.84815263748169
19.266825437545776
19.52095639705658
19.495431065559387
19.5701721906662
18.63650870323181
19.020882606506348
19.552680253982544
19.086588501930237
19.067062854766846
19.53784930706024
19.51825451850891
18.512060165405273
19.74397599697113
19.486353635787964
19.13065767288208
18.890686750411987
19.713344931602478
19.595685720443726
19.57176673412323
19.43790555000305
19.616714596748352
19.431106328964233
19.75758457183838
19.804529309272766
19.597496390342712
19.276535630226135
