0.4829588712
0.48286677738
0.979687454516129
1.0
1.0
0.9999574619354838
1.0
1.0
0.9999185725806451
1.0
0.9999574277419355
1.0
1.0
1.0
1.0
0.9998653758064516
1.0
1.0
1.0
1.0
1.0
1.0
1.0
0.999880215483871
1.0
1.0
0.9997729032258064
1.0
1.0
1.0
1.0
1.0
1.0
1.0
1.0
1.0
1.0
1.0
0.9999502180645161
1.0
1.0
1.0
1.0
1.0
0.9999119409677419
1.0
1.0
1.0
0.9999502380645161
0.9998037138709678
1.0
1.0
1.0
1.0
1.0
0.9999574109677418
1.0
1.0
1.0
1.0
0.9999954932258065
1.0
1.0
1.0
0.9998500825806452
1.0
1.0
1.0
1.0
1.0
0.9998038709677419
1.0
0.9999265838709678
1.0
1.0
1.0
0.9999502380645161
1.0
0.7320942703225806
0.7335410338709678
0.7329305370967741
0.9982651125806452
0.9999347538709678
1.0
1.0
1.0
1.0
0.9999111277419355
1.0
0.9998500225806451
1.0
0.98102482
0.693388642580645
0.6925006122580645
0.6932063148387096
0.6926816083870967
0.6926389429032258
0.9801051761290323
1.0
0.7226913912903226
0.6930853403225806
0.6934900174193549
0.6929201003225807
0.978526663548387
1.0
0.8048851612903226
0.6930518116129032
0.9956255548387097
1.0
1.0
1.0
1.0
0.9324394416129033
0.69236034
0.9768430296774194
0.9511726983870968
0.6364414316129032
0.9792203603225806
1.0
1.0
0.9996577274193549
0.9997346529032258
0.8329548387096773
0.5087030932
0.50892409796
0.50869235082
0.9757764096774193
0.9999038612903226
0.9998884206451614
0.9999574277419355
0.8210088503225805
0.50873518056
0.5087570459
0.9700040719354839
1.0
0.5328223058064516
0.9815279183870967
1.0
0.7170368841935485
0.50875410754
0.979227536451613
1.0
1.0
1.0
0.9999800419354838
1.0
1.0
1.0
1.0
0.9580845122580645
0.99254135
0.9999728870967742
1.0
0.9999038612903226
0.9999492403225807
0.8016681074193548
0.6922293690322581
0.9869122212903225
1.0
1.0
0.7904678177419355
0.6912361177419354
0.6811167516129032
0.6796748703225807
0.6803791719354838
0.6528740674193548
0.98925848
1.0
0.6519559919354838
0.45303032476
0.45314054488
0.9796416632258065
0.999627085483871
1.0
0.9999110922580645
1.0
1.0
0.7327996703225806
0.98776961
0.9996807154838709
0.7368840109677418
0.9859949964516128
1.0
1.0
0.9998114016129032
0.9997963058064516
1.0
1.0
1.0
0.9998575761290323
1.0
0.999919314516129
1.0
0.8542581938709678
0.9826731429032258
1.0
0.9996884183870969
1.0
0.6958357770967742
0.42009036387096776
0.40446551566
0.49781810914
0.5383845161290323
0.5378306161290323
0.53843836
0.9841125080645161
0.9999574448387096
0.7205502012903227
0.6519217880645162
0.5380616790322581
0.53843836
0.5383152938709678
0.9911427448387097
1.0
0.9999038229032258
0.7064564309677419
0.6518064838709677
0.9653792274193548
1.0
0.9995040196774194
1.0
0.7306772419354839
0.9726459332258065
1.0
0.5493706725806452
0.9775866570967743
1.0
1.0
0.9998884206451614
1.0
0.9709574441935483
0.7611971583870968
0.9908927906451613
0.999880263548387
1.0
0.9998729412903227
1.0
1.0
1.0
1.0
1.0
0.9171483870967742
0.7555605729032258
0.7584035822580645
0.7079158954838709
0.7024429154838709
0.9833225548387097
0.9998192103225806
1.0
0.7746478329032258
0.9840232258064516
0.9996729358064516
0.9634176319354838
0.49507450612903225
0.4874117474193549
0.48796410677419355
0.9804723445161291
1.0
1.0
0.8929238709677418
0.7030106029032258
0.6354055087096774
0.589817800967742
0.6395785229032258
0.6426515774193549
0.7740954348387096
0.9205935483870968
0.85274816
0.6383040812903226
0.9953809741935484
0.9999883848387097
0.9202564135483872
0.9924670967741936
1.0
1.0
0.9998876919354839
1.0
0.9999729087096775
1.0
0.7407282248387097
0.993918820967742
0.9999883848387097
1.0
0.9999800577419355
0.7025293841935485
0.6277256838709677
0.6275295051612904
0.9723949441935484
0.9998038709677419
0.8238483293548386
0.8264697438709678
0.8393668635483871
0.7853081825806452
0.9757745096774193
1.0
1.0
1.0
0.9999729193548387
1.0
0.9997113922580646
1.0
1.0
0.9999038612903226
0.9642522051612904
0.7337187096774195
0.7271509677419355
0.7270587706451612
0.9820844619354838
0.7625419354838711
0.7772852687096774
0.7800066496774194
0.7918329441935484
0.993536775483871
1.0
1.0
1.0
1.0
1.0
1.0
0.6802575480645162
0.6977802839399999
0.6969421903
0.9891722854838709
0.9999883848387097
0.7014139903225807
0.63607106842
0.6359119999999999
0.63605494352
0.9836654758064516
1.0
0.9999883848387097
1.0
0.9801939093548386
0.6361745047
0.9844721596774194
0.9998574051612904
1.0
0.9999585606451612
0.7826392022580644
0.73355880412
0.9949295374193549
1.0
0.9759697425806452
0.84792
0.62848051042
0.64339460544
0.9616407503225807
0.8637950551612903
0.72633489302
0.9544282229032258
0.9995576848387097
0.999880359032258
0.64918392282
0.64404071856
0.6440222311
0.64538635728
0.9830575819354839
1.0
0.6769395467741935
0.9752322638709677
1.0
1.0
0.9998193548387097
0.9997499474193549
1.0
1.0
1.0
0.9999119764516129
1.0
0.9999574109677418
0.8398761290322581
0.65495439368
0.65512781112
0.8790986832258065
0.7237936696774194
0.9972119793548387
0.8326226170967742
0.69732741452
0.9814062232258065
0.9997346529032258
0.7613355245161291
0.58839833036
0.9856783529032258
1.0
0.5884709458199999
0.5884704000000001
0.5884495801599999
0.5891706712
0.58680431828
0.58655942376
0.5864430399999999
0.88705194
0.6295148387096775
0.9853545935483871
1.0
0.6998076651612903
0.41094819161290325
0.9894430503225806
1.0
0.99991925
0.32342838709677424
0.808891064516129
0.9640785254838711
0.7826966183870967
0.992811133548387
0.9999119764516129
0.87892099
0.9754606567741935
1.0
0.9999883848387097
1.0
0.9183800583870968
0.67881748896
0.6788203620400001
0.67485541662
0.67725435456
0.9761531564516128
0.9259767741935483
0.9698776329032257
1.0
1.0
1.0
0.9999883893548387
1.0
0.658
0.6182130213
0.75975634436
0.9864080425806452
1.0
1.0
1.0
1.0
0.8227106061290324
0.6753393739400001
0.62310391708
0.9780378474193548
0.9184280680645162
0.6066258587096774
0.9691116525806451
1.0
1.0
1.0
0.9181816722580645
0.9954513761290322
0.9997114293548387
0.9998883758064516
0.8999252209677419
0.9932644025806451
0.9999883848387097
1.0
0.7757374358064516
0.9373934761290323
1.0
1.0
0.9997039006451613
0.9663354838709677
1.0
0.8839121429032257
0.9024703693548387
0.888220855483871
0.8637715383870967
0.6668639874193547
0.9015241403225807
0.7158877903225808
0.7104682
0.993438346451613
0.9999574277419355
1.0
0.9998574622580645
1.0
1.0
1.0
0.9958360106451613
0.8474646974193548
0.8478352164516129
0.9947056906451613
0.9999728977419354
1.0
0.9999193467741936
1.0
0.868973326451613
0.9770702080645162
1.0
0.9241620935483871
0.8509110380645161
0.9809625806451613
0.9998884206451614
0.8596541
0.9937424790322581
1.0
0.9963867867741936
0.7475767741935485
0.9746920087096774
0.7754758725806451
0.9961564035483871
1.0
0.9062965851612903
0.7241212903225805
0.6474083580645161
0.9838109796774194
1.0
1.0
1.0
0.9997498077419354
1.0
1.0
0.9997193829032258
0.8128632296774193
0.7309540012903225
0.7303659180645161
0.9936449006451613
0.9999119764516129
0.911876114516129
0.99306571
1.0
1.0
1.0
0.9999038996774193
0.68739445664
0.68270780342
0.63366288628
0.57226869252
0.5558018392599999
0.9799740593548388
0.9999574277419355
1.0
1.0
0.9927890703225807
0.9825176270967741
0.9998729412903227
0.9999038996774193
1.0
0.8643522745161291
0.9960035735483871
1.0
1.0
1.0
1.0
0.9705732187096774
0.9948010019354839
1.0
0.9460298261290323
0.9957703145161291
1.0
0.9998037925806451
1.0
1.0
1.0
1.0
0.9441899893548388
0.7190351932258064
0.7191070967741935
0.7094232512903226
0.6916681180645161
0.9924701087096774
1.0
1.0
0.999943043548387
0.7619407751612903
0.5939611664516129
0.59848873
0.9798995783870968
0.9670890322580645
1.0
0.9999717596774194
0.9998735993548387
0.9999883848387097
1.0
0.9999729193548387
0.9994191225806451
1.0
1.0
0.9997805222580645
1.0
1.0
1.0
1.0
1.0
0.9998419196774193
0.9999491796774194
1.0
1.0
0.9999419470967742
0.9998574051612904
1.0
1.0
0.9999183664516129
0.999641900967742
1.0
0.9999419238709677
1.0
1.0
1.0
1.0
1.0
0.8911458603225806
0.5888152696774194
0.9791271348387096
1.0
0.7516164525806451
0.7024178522580645
0.5030678867741936
0.6236722638709677
0.9802169951612903
1.0
0.9996460061290322
0.8275956712903226
0.8111531983870969
0.810768605483871
0.9427507764516129
1.0
1.0
0.9975665364516129
1.0
1.0
1.0
1.0
1.0
0.9999967661290322
1.0
0.87327055528
0.7421173103225807
0.68600275972
0.6720804451612903
0.7414914725599999
0.6934921895199999
0.74604035
0.9689177722580645
0.8379380645161291
0.7662493306451613
0.7671725429032258
0.7649410103225807
0.7747661080645161
0.69042912582
0.9901870425806452
1.0
0.7446791804
0.7447593356000001
0.74505446188
0.7423072092799999
0.9806966196774194
1.0
0.9914505006451613
0.74644361308
0.7428022793200001
0.7446224
0.990389045483871
0.8543558548387097
0.8026855996774194
0.7409574506400001
0.74038643594
0.74099614038
0.9829921412903226
1.0
0.7484309503225806
0.72185839896
0.7365092076199999
0.9865074503225807
0.9998192103225806
0.9999883941935485
0.8190967741935483
0.7364839709677419
0.74029355742
0.7374430809199999
0.73761058116
0.9876814070967742
0.9999502380645161
1.0
0.7254975712199999
0.7814768574193548
0.7812424612903226
0.7805114490322581
0.8644423519354839
0.874016703548387
0.8758145145161289
0.8747486541935484
0.8754455561290322
0.7814768574193548
0.7664792287096773
0.7665645306451613
0.764698575483871
0.7666325703225806
0.7280442661290323
0.727181935483871
0.8217992867741936
0.8497172664516128
0.8432517980645161
0.8904028051612903
0.851894109032258
0.752702375483871
0.7321745251
0.9872914961290322
0.9985195029032259
0.8494503148400001
0.8495054132200001
0.9863062654838709
1.0
0.84669213078
0.8468071242799999
0.8466377490799999
0.84559385414
0.6153339596774193
0.6156094048387097
0.6167842893548388
0.6159175883870968
0.6686184151612903
0.8306167741935485
0.8610796564516129
0.8012333016129032
0.8997643112903226
0.996627449032258
1.0
0.9997883870967742
1.0
0.9999883848387097
0.9995349780645161
1.0
1.0
0.9243211045161289
0.8826461738709678
0.8476202458064516
0.7108190122580645
0.7168455912903225
0.7273482470967743
0.7249473335483871
0.7334409674193548
0.7347866438709677
0.7452422987096775
0.7448817525806452
0.97796344732
0.8628692106451613
0.8041026964516129
0.7668036948387097
0.7812120177419355
0.7821377758064516
0.7853224032258065
0.7800891435483872
0.9895054022580645
1.0
1.0
0.999765430967742
1.0
1.0
0.9998112509677419
1.0
0.9998574622580645
1.0
1.0
0.9999585106451614
0.9998728906451614
0.9997574193548388
0.8776619596774193
0.7323669233000001
0.7322664534200001
0.7324470588199999
0.7335971291800001
0.73167573204
0.73151366274
0.9653888577419354
1.0
0.8905178293548387
0.7471940477419354
0.7457840067741935
0.7468322741935484
0.73238947874
0.794008340967742
0.7966996848387097
0.7962337087096775
0.7965997906451613
0.7956654232258065
0.9279925883870968
0.9968117180645161
1.0
1.0
1.0
1.0
1.0
1.0
0.9483460199999999
0.81090975
0.8123379516129033
0.7776892738709678
0.778686785483871
0.7782916129032257
0.778311736451613
0.7774603183870968
0.987089035483871
1.0
0.7688325761290323
0.9355587096774194
0.9959587096774194
0.9999883893548387
1.0
0.9997805922580646
0.76479293952
0.76460439824
0.7859343096774193
0.8053192416129032
0.7960103225806452
0.7740929032258065
0.7726321019354839
0.67740423116
0.08233565709677423
0.59154047718
0.8029174965
0.7159328248387097
0.880075825483871
0.8810443932258064
0.8782812903225806
0.8791200590322581
0.9971817864516129
1.0
0.9998038709677419
1.0
0.9997729938709677
1.0
1.0
0.9997961422580646
0.9999574277419355
1.0
1.0
0.9997575164516129
1.0
0.9997883870967742
0.9999184316129033
1.0
0.9997883870967742
1.0
1.0
1.0
1.0
0.9999492000000001
1.0
0.9997729938709677
1.0
0.9997883022580646
1.0
0.9998420461290323
1.0
0.9998340461290322
1.0
1.0
0.9997883022580646
1.0
0.9998419829032258
1.0
0.9997880716129033
1.0
0.9999883848387097
1.0
1.0
1.0
0.9997883870967742
1.0
1.0
1.0
0.9997728122580645
1.0
1.0
1.0
1.0
1.0
1.0
0.9999120470967743
1.0
1.0
1.0
1.0
1.0
1.0
1.0
1.0
1.0
1.0
1.0
1.0
1.0
1.0
1.0
0.9998728906451614
1.0
1.0
1.0
0.999580409032258
0.9997728396774194
1.0
0.9996729358064516
1.0
1.0
1.0
1.0
0.9999419470967742
0.9249386080645162
0.9952674364516129
1.0
0.9998884206451614
0.8933395729032257
0.7270725982199999
0.7270692653599999
0.7270307830799999
0.8485957629032258
0.8615294990322581
0.8489886496774194
0.8487340548387097
0.9945024125806452
0.9996577274193549
0.8498966025806451
0.9932768622580646
1.0
1.0
1.0
1.0
1.0
1.0
1.0
1.0
1.0
1.0
0.9999800419354838
1.0
0.9998419829032258
1.0
1.0
0.9995104958064516
1.0
1.0
0.9997034261290323
1.0
1.0
0.9997191583870968
1.0
0.9995338596774193
1.0
0.9996036332258065
1.0
1.0
0.9999419703225806
0.9997959532258065
0.9999502380645161
1.0
0.9999347538709678
1.0
0.9999883848387097
0.9998884206451614
0.7813832258064516
0.7285567092599999
0.72862743212
0.73637164284
0.73636740978
0.77317627288
0.9878374193548386
1.0
1.0
1.0
0.9997650780645161
1.0
0.9903054822580645
0.8648772748387097
0.8820065374193548
0.880412304516129
0.88094192
0.9980670416129033
0.9999800338709678
0.9998192825806452
1.0
0.9950882038709677
0.8593948187096775
0.8608059032258065
0.8601936064516129
0.9983223735483872
1.0
1.0
1.0
1.0
0.9997193829032258
0.9769128019354838
0.8584848541935484
0.8548973135483872
0.8431905196774193
0.8419528996774194
0.8419051551612903
0.9876244106451613
1.0
0.9998649212903226
0.9999967648387097
1.0
0.9305754838709678
0.9095542306451614
0.9097000067741935
0.7297598880799999
0.9962405941935485
1.0
0.8839939664516129
0.9030554496774195
0.9028748387096773
0.8810204951612903
0.9970956125806452
1.0
0.9999038612903226
0.9998340461290322
1.0
1.0
1.0
0.8614452593548387
0.8172138332258064
0.9999556219354838
0.9998603490322581
1.0
1.0
0.9995118464516128
1.0
1.0
1.0
1.0
1.0
0.9999812358064516
0.9998729412903227
1.0
1.0
1.0
1.0
1.0
1.0
1.0
1.0
0.9999729087096775
1.0
1.0
1.0
1.0
0.9997269225806451
1.0
0.8862074419354838
0.8257134925806452
0.8263110470967742
0.8260697038709678
0.8258503358064515
0.8992035877419354
0.9738864522580645
0.9040667603225806
0.8971123932258065
0.8530053377419354
0.8504955954838709
0.8510812370967742
0.8506116129032258
0.8508170754838709
0.8629215195
0.9846844319354838
1.0
1.0
1.0
1.0
0.9717823135483872
0.8691221832
0.8693084949
0.86911186712
0.74885245902
0.940368091935484
1.0
1.0
0.9964712887096774
1.0
0.9998884206451614
0.9998728906451614
0.9010888187096774
0.9122295570967742
0.914590729032258
0.9898064516129033
0.9970824574193549
0.9997883870967742
0.9997883870967742
0.9238694196774194
0.9305786832258064
0.9235897138709678
0.9235897138709678
0.9998729412903227
0.9516326338709677
0.85699309794
0.86171529152
0.995275610967742
0.995275610967742
0.9977800070967743
1.0
0.8740146054838709
0.8740146054838709
0.8547904895199999
0.85665546218
0.8565642543
0.8486023322999999
0.84846959662
0.84847713686
0.84847713686
0.8500253124
0.85000981668
0.8499495905800001
0.85011750124
0.8540912028800001
0.8540912028800001
0.8543123683399999
1.0
0.9784735358064516
0.9897950496774194
0.9903016022580645
0.9917883287096774
0.9968986216129032
0.9968986216129032
1.0
1.0
0.9999038612903226
1.0
0.9999347538709678
1.0
0.9997268132258064
1.0
0.9999883893548387
0.9998038709677419
1.0
1.0
1.0
1.0
1.0
1.0
0.9999883893548387
0.9999469625806451
0.9659111090322581
0.9971111025806452
0.9999038612903226
1.0
1.0
0.9557933574193549
0.8584289229032258
0.9974957725806451
0.9996884183870969
1.0
1.0
0.8192318893548387
0.7057975367741937
0.7074979161290322
0.7090941935483871
0.9938218806451613
1.0
1.0
0.9998804067741935
0.952289125483871
0.8480048003225807
0.8478197341935484
0.8479045161290323
0.8477136970967741
0.8494828058064516
0.8486580645161291
0.8479770312903225
0.9966975658064516
0.9999574448387096
1.0
1.0
1.0
1.0
1.0
1.0
0.9998729412903227
1.0
0.9999883848387097
0.9998574622580645
1.0
0.9999728977419354
1.0
1.0
0.9998884206451614
1.0
1.0
1.0
1.0
0.9997499077419355
0.8501515741935484
0.7793202648387096
0.778686785483871
0.7790606451612903
0.7797570641935483
0.7793981893548387
0.9753842780645161
0.9801103125806452
0.9805260825806452
0.9800955387096775
0.9794162825806453
0.9806451612903225
0.9804645341935484
0.981543405483871
0.9803056703225805
0.9815847541935484
0.9800720861290322
0.9815124316129031
0.9806374216129033
0.743421439032258
0.7363239676000001
0.7362536
0.73622654444
0.73605398132
0.73626786606
0.73610846916
0.7045504551612902
0.72990672664
0.7361332666799999
0.72168551504
0.5012318238709678
0.6879076719354839
0.7338833869800001
0.7105277974193548
0.791644949032258
0.7937063725806451
0.795625806451613
0.996982559032258
1.0
0.9999038612903226
0.8524626151612903
0.7257699650599999
0.7154163429032258
0.7154187867741935
0.71574467
0.7157347706451612
0.715954384516129
0.7150204235483871
0.715785264516129
0.7151634848387097
0.7167389887096773
0.7154765783870968
0.7149411529032259
0.7155126525806451
0.7157180235483871
0.7152464516129032
0.7160309677419354
0.7158723093548387
0.7153603074193547
0.703748700967742
0.7356863151599999
0.7367918170800001
0.73674873538
0.88826917384
0.88894087548
0.88898897448
0.88905157484
0.8139630837
0.7154890816600001
0.7120551129032259
0.71313038088
0.712710058064516
0.7127410164516129
0.712911294516129
0.712640975483871
0.7126224693548386
0.7254405519354838
0.7257071364516129
0.9962420983870968
0.9997883870967742
0.9999883941935485
0.7900746403225807
0.7262831303225806
0.7266339606451613
0.7481514567741935
0.7489495648387096
0.9971810083870968
0.9999729087096775
1.0
0.907925861935484
0.7515567629032258
0.7522099877419355
0.7532697464516129
0.7506282174193548
0.7717534780645161
0.771986434516129
0.7693708048387098
0.9924980645161291
0.9996655861290323
0.8276492148387097
0.7696019470967742
0.7876049580645161
0.7923757183870969
0.7915389529032258
0.8916043922580645
0.9945885951612903
1.0
0.9997961422580646
1.0
1.0
0.9997037822580646
1.0
0.9997729938709677
1.0
1.0
1.0
1.0
1.0
0.9996807661290322
1.0
0.9997728122580645
1.0
1.0
0.9999574448387096
0.9998884206451614
0.9999883848387097
1.0
1.0
1.0
1.0
1.0
0.8621867380645161
0.7333341935483871
0.7334831809677419
0.7341242761290323
0.7335209525806452
0.7330446661290323
0.7323325112903225
0.733596664516129
0.7327143793548387
0.7326411370967743
0.7335766848387097
0.9935818951612903
0.9998728906451614
1.0
1.0
1.0
1.0
1.0
1.0
0.9973815522580645
0.899928730967742
0.9000187058064516
0.9004599993548388
0.9336626638709677
0.937112258064516
0.9370243332258064
0.9373247932258064
0.9374125838709677
0.8538179012903225
0.850986696451613
0.8502677145161291
0.9383934470967742
0.9478733429032258
0.9472198832258064
0.9479889925806451
0.9126294370967741
0.9108486274193548
0.8696523141935484
0.8118411841935484
0.8073416375000001
0.99880411
1.0
1.0
0.9737248661290323
0.8161306581
0.8165532859799999
0.81654913896
0.81695383694
0.81762048
0.81995403218
0.81969816908
0.8196939394000001
0.81981380418
0.72847608196
0.7028571885599999
0.70299531906
0.6792147658064517
0.6797058470967742
0.8290787096774195
0.8328003629032258
0.8331161225806452
0.8323728803225806
0.8324921409677419
0.9982651125806452
1.0
0.9998883758064516
0.9999954951612903
0.9810178177419355
0.8444061838709677
0.9981652561290322
1.0
0.9997039006451613
0.9148258064516129
0.8443527432258064
0.66233439744
0.6622632697999999
0.6623293153400001
0.662959952
0.66305234954
0.6631216565000001
0.78791059576
0.78901587048
0.78498175656
0.77857146298
0.77540586058
0.78090030996
0.7815107735400001
0.7815267199999999
0.78143136
0.78099155832
0.81264679832
0.82000898696
0.8198585317
0.8199720883799999
0.8209740278000001
0.82105868934
0.82159176248
0.8223070175400001
0.82280665998
0.79306683758
0.35857192612903227
0.7583828292
0.931463936
0.93151473494
0.9314269373
0.9299281012599999
0.9944540614399999
1.0
0.94391877294
0.9196439585
0.92264923538
0.9201181272600001
0.92001788968
0.9199516645
0.9931495577419355
1.0
0.9995040196774194
1.0
0.9203722827799999
0.9940759706451614
1.0
0.9999967635483871
0.9556
0.92340061994
0.9241007597
0.92410004002
0.9240987703600001
0.9241596169199999
0.9242720144400001
0.99973405298
1.0
0.9999956092200001
1.0
1.0
1.0
0.9991830229032259
0.988740744516129
0.9891363329032258
0.9888396512903226
0.988938525483871
0.9893454451612903
0.9817152729032258
0.9810606867741936
0.9805165406451612
0.9817890093548387
0.98066838
0.9805702925806451
0.9988346054838709
1.0
0.9995884693548387
1.0
1.0
1.0
0.9997039006451613
1.0
0.9820911680645161
0.91897720912
0.9883116212903225
0.9885221903225807
0.9967557419354838
0.9986199067741935
0.9972119793548387
0.9979810883870969
0.9978666596774194
0.9976110635483871
0.9983327870967742
0.9977976732258065
0.9995884693548387
1.0
1.0
0.9999883941935485
0.9997036635483871
1.0
0.9994663306451612
1.0
1.0
1.0
0.9999574277419355
1.0
1.0
1.0
0.9996034164516129
1.0
1.0
1.0
0.9999883848387097
0.9996884183870969
1.0
0.999880359032258
1.0
1.0
0.9555489551612902
0.9368312087096774
0.9356625270967741
0.9359741935483871
0.9363277419354838
0.9357613458064516
0.963757324516129
0.9641081867741936
0.9608405103225807
0.9979664164516129
0.9996884183870969
1.0
0.9996810206451613
1.0
0.9999728977419354
1.0
1.0
1.0
1.0
1.0
0.9997039719354839
0.9998891564516128
1.0
1.0
0.9998193548387097
1.0
1.0
0.9996810206451613
0.9918144999999999
0.9922965238709678
0.9921972841935484
0.9918719735483871
0.992098064516129
0.9927523377419355
0.9928516129032259
0.9923089051612904
0.9929177006451613
0.9923802948387096
0.9998728396774194
1.0
0.9998038709677419
1.0
1.0
0.9997575945161291
1.0
0.9998729922580645
0.9999909658064516
1.0
0.9997729938709677
0.9522921168399999
0.8318267901599999
0.83086730364
0.8308601755799999
0.8282371585799999
0.7657771468599999
0.73920831916
0.7409136454599999
0.7975936603225807
0.79855200642
0.79877632946
0.6839089378800001
0.6729391096
0.846381935483871
0.8667612903225806
0.86610146
0.8660906335483871
0.9925214457800001
1.0
1.0
0.930327353548387
0.84257768892
0.84163855614
0.8407025324
0.8407266018199999
0.8421645364599999
0.9900764761290323
1.0
1.0
0.9564666083870969
0.8391365536600001
0.84557771788
0.8817327322
0.8824079984
0.88224115176
0.88247351264
0.96705632816
0.99754318342
1.0
1.0
1.0
0.9996039503225806
1.0
0.9997884716129033
1.0
0.9442310548387097
0.8433928800000001
0.851843225483871
0.869192145483871
0.8619349677419355
0.8539014777419355
0.88274589836
0.8839066866599999
0.889936735483871
0.8899112406451614
0.8896028580645162
0.8880277851612903
0.9947035722580646
1.0
1.0
0.9413367287096773
0.4563667096774193
0.6120714561290322
0.9768369183870967
0.9806761322580646
0.9750163067741935
0.9291843487096775
0.9253928206451613
0.9349246838709678
0.9834936748387096
0.8610111819354839
0.8113161483800001
0.99274424558
1.0
0.99999616192
1.0
0.99996240752
1.0
1.0
0.9972807464516129
1.0
1.0
1.0
1.0
1.0
0.99997655034
0.9989944616129032
1.0
0.9999686588
1.0
1.0
1.0
1.0
0.9999879651
1.0
1.0
0.9879826693548387
0.9903248416129032
0.9884071977419354
0.988538565483871
1.0
0.9998271367741935
0.9998729412903227
1.0
0.9998729922580645
1.0
0.9999038612903226
0.99978068
1.0
1.0
1.0
0.9999883893548387
1.0
0.8749081361290322
0.8516594338709678
0.850532394516129
0.9310649758064516
0.9379750877419355
0.9996884183870969
1.0
0.892523870967742
0.8931608516129033
0.89217916
0.8941182529032258
0.8921980719354838
0.8923299209677419
0.8972123019354838
0.8971380645161291
0.8977275512903227
0.972887741935484
0.9809470967741936
0.9793584416129032
0.9950697619354838
1.0
1.0
1.0
1.0
0.9998728396774194
1.0
0.9998965258064517
0.9999729087096775
0.9999883848387097
1.0
1.0
0.9999574277419355
1.0
1.0
0.9999274516129032
1.0
1.0
0.9998883758064516
1.0
1.0
0.9998494838709677
1.0
1.0
1.0
1.0
0.9998266422580645
0.9999729087096775
0.9997883870967742
1.0
1.0
0.8894030403225807
0.8810610093548387
0.9989035419354839
0.9999419703225806
1.0
1.0
1.0
1.0
0.9999038612903226
1.0
1.0
1.0
1.0
1.0
1.0
1.0
0.9999729087096775
1.0
1.0
0.9998345738709679
0.9999800419354838
1.0
0.9998964429032258
1.0
0.9999574277419355
1.0
1.0
0.9999728977419354
1.0
1.0
1.0
1.0
1.0
0.9998574622580645
1.0
0.9999728977419354
1.0
0.9705286387096775
0.78558928214
0.7864439244
0.78637143714
0.7883954813599999
0.78391072
0.7947100837
0.8597467567741935
0.8722714625806451
0.8708160229032259
0.99346579
0.9998884651612904
0.7937155674193548
0.77671642508
0.8325470770967742
0.8345775422580645
0.9960273445161291
1.0
1.0
0.9997039006451613
1.0
0.9999491796774194
1.0
1.0
0.9994041093548387
1.0
1.0
0.9997883870967742
1.0
1.0
0.9999967661290322
0.9998728906451614
1.0
1.0
1.0
0.9998957548387097
0.9999038996774193
1.0
0.9999967661290322
0.9999038612903226
1.0
0.9997729032258064
0.9999038612903226
1.0
1.0
1.0
1.0
0.9998192825806452
1.0
0.9670123925806452
0.9969815922580646
1.0
1.0
0.9999896277419354
0.9999954932258065
1.0
0.9996346193548387
1.0
0.9999729087096775
1.0
0.9997652438709678
0.9999585270967742
0.8676627096774193
0.7315945622580645
0.95061156762
0.955786296451613
0.9410360390322581
0.94552151546
0.9568194396774194
0.95100465768
0.95090938188
0.95045631436
0.95043312
0.9607601061290323
0.9950041622580644
0.9999574448387096
0.9998883312903226
0.9997729032258064
1.0
1.0
0.89395424
0.89939925978
0.9965992693548387
0.8709839209677419
0.8471354838709677
0.848379360967742
0.8467051335483872
0.847674050967742
0.8480501009677419
0.8148792096774192
0.8134679267741937
0.8128889851612903
0.7922316105199999
0.7979120975799999
0.9968961535483871
1.0
0.7983836751
0.7979505096999999
0.8957579966
0.9012314689600001
0.85884442668
0.9971964938709678
1.0
0.943209414516129
0.9269516800000001
0.9297329481000001
0.99247505518
0.9997729032258064
0.94223216
0.93343116624
0.9319809600000001
0.93250965806
0.93193111312
0.93691154998
0.93709077786
0.94073024
0.9348417600000001
0.93478843654
0.93558620414
0.8903187109677418
0.8908967167741936
0.9134217738709678
0.9141074838709677
0.9157046435483872
0.9921135483870969
0.9998883758064516
1.0
1.0
0.9999646467741936
1.0
1.0
0.9998883758064516
1.0
1.0
0.9999883848387097
1.0
0.9998648674193548
1.0
1.0
0.9999728977419354
0.9998729412903227
1.0
1.0
0.9994817619354839
1.0
1.0
0.9998193548387097
1.0
0.9132823364600001
0.86132842716
0.93045751424
0.93827149268
0.9381096379399999
0.9415615148387098
0.9400228432258065
0.9420322483870968
0.9426052283870967
0.9200250270967743
0.9081982125806451
0.9392060790322581
0.9396716919354839
0.9388715158064516
0.9387596825806452
0.9372310887096773
0.9381782277419355
0.9387686919354838
0.9390098945161289
0.9384926396774194
0.9391707832258064
0.9385172993548387
0.9969400406451613
1.0
0.9997345467741936
1.0
1.0
1.0
1.0
1.0
0.9999574277419355
0.9999883848387097
1.0
1.0
1.0
0.9998117496774194
1.0
0.9999038612903226
0.9978666596774194
0.9413419354838709
0.9421669377419354
0.9510196219354838
0.9504293851612904
0.9503647658064517
0.9998883312903226
1.0
1.0
1.0
0.9999728977419354
1.0
0.9998117496774194
1.0
1.0
1.0
0.9998728906451614
0.9957578612903225
0.9870324638709678
0.9873074841935484
0.9860989693548388
0.9620096054838709
0.9989039806451613
1.0
1.0
1.0
0.9998495438709677
1.0
0.9999995204400001
1.0
1.0
1.0
1.0
1.0
1.0
1.0
1.0
1.0
0.9997729032258064
1.0
0.9997421416129033
0.9995810474193548
1.0
0.9998038709677419
1.0
1.0
1.0
1.0
0.87219838016
0.8725839649
0.8723675393799999
0.8718809957000001
0.8759009798
0.92227808
0.9226616538399999
0.92252269546
0.92260327084
0.90240369144
0.8775263284000001
0.88325317318
0.8835787578800001
0.88364328866
0.8585777688799999
0.80363505546
0.8143677606
0.80759875464
0.91496850724
0.9154970012
0.91560288
0.9131225599999999
0.9130119247599999
0.9130403279
0.9132714186
0.91328365934
0.80554071408
0.8045929807000001
0.78355448594
0.4783829367741936
0.66361680552
0.77726827552
0.78003333868
0.77959184326
0.7795816172000001
0.77976618714
0.7805619808400001
0.78044643536
0.7805145850799999
0.7674985017399999
0.77510511086
0.77520879296
0.92152482256
0.92234647464
0.92233513946
0.8333544617799999
0.7887421804400001
0.8315167614
0.8327304069
0.9698444177600001
0.9717142388800001
0.9998177053199999
0.94806354804
0.92309586744
0.84621537846
0.81561792
0.8157561005
0.8071791470999999
0.6211355793200001
0.62039719382
0.6200942128
0.62030119904
0.76670736086
0.76781247242
0.76863462346
0.76919059342
0.76915505798
0.70936187238
0.6842864513600001
0.73274832516
0.73616913556
0.7187142943
0.7182550544999999
0.71851859558
0.71858912
0.71832656734
0.71780213978
0.7278576075000001
0.72755630386
0.72724183582
0.74433923392
0.7433952818799999
0.7835336158064516
0.7767651658064516
0.7767424548387096
0.7764741603225807
0.6868937619
0.6873503651
0.6876164285
0.6875788042400001
0.68754839356
0.68793702926
0.8309181983870968
0.8376481170967742
0.8378662193548387
0.837423354516129
0.838223274516129
0.8208397029032258
0.8191477212903225
0.8191477212903225
0.8197547693548386
0.8196020319354839
0.8189424567741935
0.8200963293548387
0.8198503225806452
0.8190408022580645
0.8193522561290323
0.8202193548387097
0.9857884322580646
0.9998655374193548
0.9544154838709678
0.8173884422580645
0.8169136354838711
0.8174857038709676
0.8166687083870968
0.819305334516129
0.837346177
0.7990645735399999
0.80098016
0.7913488000000001
0.7937328
0.79362990804
0.7936929693
0.79365646496
0.8030165512999999
0.8031708887400001
0.8031935967999999
0.8040050384799999
0.80393022604
0.7987224955000001
0.7957363199999999
0.7957947594
0.8781737925399999
0.8822053362600001
0.99567531246
1.0
1.0
1.0
1.0
0.99997192702
1.0
1.0
0.9999779288199999
1.0
1.0
0.99996144772
1.0
1.0
0.9916947422580645
0.9998038709677419
1.0
1.0
1.0
0.99999744
1.0
1.0
0.9999955199999999
1.0
0.99999648
0.95501322646
0.93054802396
0.93045288528
0.93042839482
0.8491125200599999
0.8223464983870967
0.82109585208
0.8211120219354838
0.9940027622580645
1.0
0.9995813812903226
0.9474499041935485
0.8221820948387096
0.9059288232258065
0.910509906451613
0.9130548690322582
0.9140567741935484
0.91270125
0.92150192366
0.92816431652
0.8469815712903226
0.856919770967742
0.8283925167741936
0.8290787096774195
0.8298848203225806
0.8841374461290322
0.8864184354838709
0.8859809332258064
0.8860748225806451
0.8860447335483872
0.8855133722580645
0.8855133722580645
0.8884076096774193
0.8851203770967742
0.9218392806451613
0.9643307377419355
0.9698150229032257
0.9620247941935485
0.9641402848387097
0.957892971935484
0.9602975193548386
0.9602975193548386
0.9979053370967742
0.9998574622580645
1.0
1.0
1.0
0.963578480967742
0.9652811767741935
0.9477561083870968
0.9047379132258064
0.9071354838709677
0.9076322264516129
0.8910439432258065
0.8910439432258065
0.999818680967742
1.0
0.9997574193548388
1.0
1.0
0.9998956716129033
1.0
1.0
1.0
1.0
1.0
1.0
1.0
1.0
0.9999347277419356
0.856648584516129
0.66664282372
0.74428040016
0.7205889855
0.72083008
0.7207130852399999
0.7207130852399999
0.7060040987096774
0.7064336061290323
0.7290431922999999
0.7343025405
0.73427584
0.63982176
0.6480569714
0.6480569714
0.6503246493
0.65036775798
0.65036775798
0.65077913252
0.64690559168
0.7302855087000001
0.7342310061999999
0.7343015901600001
0.73382288
0.73388320208
0.72579356262
0.7255732026799999
0.7258116800000001
0.72564793438
0.7260217891
0.72602936588
0.8562224838000001
0.85836263184
0.85836279442
0.8583583075
0.8569951219599999
0.8568035185999999
0.85352734546
0.8532336732600001
0.85326240654
0.8524054992400001
0.8539110267
0.7717874775
0.74460769616
0.74220422212
0.7939958606451614
0.811626404516129
0.8123930019354839
0.8116943145161291
0.8122473483870967
0.8548954383870968
0.8862529725806452
0.8082420558000001
0.81043511648
0.8104449850400001
0.8095929381
0.8095684862999999
0.7232831750400001
0.6616126774193548
0.75739072742
0.7589200480199999
0.75999024196
0.7589425865
0.7573517850000001
0.81907778444
0.8232133559999999
0.8980390117
0.8985701140200001
0.8965890021999999
0.88852945048
0.8653721849
0.70435772422
0.83718107432
0.8379430171
0.83874358872
0.83998367346
0.84003805336
0.8400575642799999
0.84009484454
0.8396829117
0.83975453546
0.83969526094
0.8392175929600001
0.8392567483800001
0.8392051974
0.83914616688
0.8392139702999999
0.79849247076
0.77337982606
0.77318272
0.7734862858799999
0.77330773078
0.77304529506
0.695925024516129
0.6956187577419355
0.6974376848387096
0.6958814687096774
0.6955665722580645
0.75357856428
0.75546557344
0.75550381968
0.7574586065200001
0.7574160368
0.75754368
0.7023681296774194
0.7020872106451613
0.702785894516129
0.7022586129032258
0.7005258941935484
0.9089924812903225
0.9166567212903226
0.9165471803225808
0.9176091803225807
0.9165650741935484
0.916641239032258
0.9171647383870968
0.7596015645399999
0.7613442367200001
0.8913629585199999
0.8918635590599999
0.8918997499800001
0.89173712
0.89176810318
0.89213164556
0.89042174742
0.89112544746
0.89130992
0.9034941400000001
0.9027921280645161
0.9034710167741935
0.9035844803225805
0.9038586200000001
0.9004942116129032
0.9006975325806451
0.900893136451613
0.9003942722580646
0.89175752972
0.8919226322599999
0.8918937574600001
0.8835672096774194
0.85091138886
0.85212518748
0.85194561088
0.8517039912000001
0.85391787178
0.8542000200000001
0.8538742720400001
0.8545803449600001
0.85461111556
0.85419510146
0.85328072036
0.85357640708
0.85427552882
0.85458173862
0.9281779112903226
0.9304669532258065
0.9304979180645161
0.9303894061290323
0.9300854770967742
0.9302963948387096
0.9302994816129033
0.9305929351612904
0.9004542612903226
0.9005174832258065
0.9004533619354839
0.9004688503225806
0.9001331593548386
0.8902451922580645
0.8904312283870968
0.8897470483870968
0.889838741935484
0.8902451922580645
0.8896256670967742
0.8921515264516129
0.8929083870967742
0.8933006458064516
0.985366449032258
1.0
1.0
1.0
1.0
1.0
0.9998883758064516
1.0
0.9996990277419354
1.0
1.0
1.0
1.0
0.9997883870967742
1.0
0.9998341783870968
1.0
0.9999657480645161
0.9997883870967742
1.0
1.0
0.9999038612903226
1.0
0.999880359032258
1.0
0.8584726925806452
0.8036856767741934
0.999946295483871
1.0
1.0
0.9998883758064516
1.0
0.9999657206451613
1.0
1.0
1.0
0.9998883312903226
1.0
0.9999492200000001
1.0
1.0
1.0
0.9994730612903225
1.0
1.0
0.9998113261290322
0.9999029783870967
1.0
1.0
0.9998884206451614
1.0
0.9997729938709677
1.0
0.9824616787096774
0.9968123783870967
0.9021908574193549
0.839862764516129
0.8240250938709678
0.8723034929032258
0.8744361290322581
0.8740864945161291
0.8745737567741935
0.8740321935483871
0.8737544722580646
0.8748552193548387
0.9960412464516128
1.0
0.9999729087096775
1.0
0.9998804067741935
1.0
1.0
0.9998574051612904
0.9999264664516129
0.9999883893548387
0.9999883800000001
1.0
0.9997730848387096
1.0
1.0
0.9999728977419354
1.0
0.9997192706451613
0.9999883848387097
0.9999338196774193
1.0
1.0
0.9999574109677418
1.0
1.0
0.9996729358064516
1.0
1.0
1.0
0.9995729887096775
1.0
0.9999574448387096
0.9810606867741936
0.9807354658064515
0.9854896564516129
0.97966376
0.9845123880645161
0.9998810525806452
1.0
1.0
0.9256374870967742
0.8866376041935483
0.8946330919354838
0.8908777390322581
0.8959365477419355
0.8873476916129033
0.8645961451612904
0.8651057474193548
0.8650827506451613
0.987089035483871
0.9724609325806451
0.9615296545161289
0.9614174319354838
0.9599912274193548
0.9441348241935483
0.9397012651612904
0.9396753193548386
0.9977903851612903
1.0
1.0
1.0
1.0
1.0
1.0
0.821003870967742
0.8161747199999999
0.8167540080645161
0.8162500364516129
0.8871702932258065
0.892345401935484
0.892935729032258
0.8777910793548387
0.8792744677419354
0.8781061206451614
0.9869997087096775
0.9999883848387097
0.9998884206451614
1.0
1.0
0.9997191583870968
0.9998575190322581
1.0
1.0
1.0
1.0
1.0
0.9998728906451614
0.9998884206451614
1.0
1.0
0.9997883870967742
1.0
0.9998883758064516
1.0
1.0
1.0
0.9999337932258064
1.0
0.9999883848387097
0.9999038612903226
1.0
0.9999038612903226
0.9999038612903226
1.0
0.99992751
0.9998728906451614
0.9999883848387097
0.9999419703225806
1.0
1.0
1.0
0.9995659483870967
1.0
1.0
1.0
0.9999728977419354
1.0
0.9996885429032257
1.0
1.0
1.0
1.0
1.0
1.0
1.0
1.0
1.0
1.0
1.0
1.0
1.0
1.0
0.9999800338709678
0.9998728906451614
1.0
1.0
1.0
1.0
1.0
1.0
1.0
1.0
1.0
1.0
1.0
1.0
1.0
1.0
1.0
1.0
1.0
1.0
1.0
1.0
1.0
1.0
1.0
1.0
1.0
1.0
1.0
0.8575388674193548
0.8068618832258065
1.0
0.9999602761290323
1.0
1.0
1.0
1.0
1.0
1.0
1.0
1.0
0.9999840032258064
0.9999883848387097
1.0
0.9999264958064515
1.0
1.0
1.0
1.0
1.0
1.0
0.9999883848387097
1.0
1.0
1.0
1.0
1.0
1.0
1.0
1.0
1.0
1.0
1.0
1.0
0.9998884206451614
1.0
1.0
1.0
1.0
0.9996884183870969
1.0
1.0
0.9999038229032258
1.0
1.0
1.0
1.0
1.0
0.9999119409677419
1.0
0.9999729193548387
1.0
1.0
1.0
1.0
0.9999800577419355
0.9999145996774194
1.0
1.0
1.0
1.0
1.0
0.9999729193548387
0.999903784516129
0.9999574277419355
1.0
0.9999280719354839
1.0
1.0
1.0
0.9999491593548386
0.9998117496774194
1.0
0.9998883312903226
1.0
0.9998039493548386
1.0
1.0
0.9999030558064517
0.9999896277419354
1.0
1.0
1.0
1.0
0.9998575761290323
1.0
1.0
0.9999574277419355
1.0
1.0
0.9998883312903226
1.0
1.0
1.0
1.0
1.0
1.0
1.0
0.9999038612903226
1.0
0.9997192706451613
1.0
0.9998810048387097
0.9996884183870969
1.0
0.9998412903225806
0.9999883848387097
0.9998575190322581
1.0
0.9996266593548386
1.0
0.9998419829032258
1.0
0.9998884206451614
1.0
1.0
1.0
1.0
1.0
1.0
0.9998193548387097
1.0
0.9995194990322581
0.9877787358064517
0.9228544519354839
0.8845183258064516
0.9921201329032258
1.0
1.0
1.0
0.9999883848387097
1.0
1.0
1.0
1.0
0.8542549554838709
0.8466663009677419
0.8466049493548388
0.8467967651612904
0.8478138274193548
0.8461672912903225
0.8464970187096774
0.8893440511799999
0.8911090145999999
0.95993957438
0.8880110455200001
0.88112262818
0.8769214336
0.8764022002199999
0.8461817312903226
0.8803985201400001
0.8879353470600001
0.8878490053
0.8857586876
0.88550990632
0.9255705116129033
0.9526071209677419
0.9512597125806451
0.9529882019354838
0.9535634883870967
0.997041154516129
1.0
1.0
0.9999896277419354
1.0
1.0
1.0
0.9999657480645161
1.0
1.0
0.9998042609677419
0.9998038709677419
1.0
0.9998729922580645
1.0
0.9996884183870969
0.9999038612903226
1.0
1.0
1.0
0.9163973119354838
0.8977919180645162
0.8302846603225806
0.7856283870967742
0.904534324516129
0.9454799003225806
0.93934968
0.9396400867741936
0.9479836693548387
0.9164734451612904
0.9140567741935484
0.8931142803225807
0.8610160116129033
0.8604989161290323
0.8612334574193549
0.7639477787096773
0.7559515903225805
0.7547844945161291
0.7551760951612904
0.7518803522580645
0.3678561016129032
0.6424756022580645
0.8346133741935484
0.8404818219354839
0.8401456629032258
0.8406624448387097
0.8453974664516128
0.8463664516129031
0.8464495548387098
0.845997514516129
0.8462126929032259
0.9916453516129032
1.0
1.0
0.9999038612903226
0.9998343106451613
1.0
0.9999038612903226
1.0
0.9999883893548387
1.0
1.0
0.9998884206451614
1.0
0.9093673638709678
0.9094580645161291
0.8583174193548387
0.6422689432258064
0.8701125222580645
0.9067321038709677
0.9076322264516129
0.9076010454838709
0.9061901309677419
0.9077982525806452
0.9065322741935484
0.9079798303225807
0.94328
0.9987192267741936
0.9997039006451613
1.0
1.0
0.9999419470967742
1.0
0.9999883848387097
0.9999728977419354
0.9998728906451614
1.0
1.0
1.0
0.9997883870967742
1.0
0.9997729032258064
1.0
1.0
0.9995739983870968
0.9999274516129032
1.0
0.9996729358064516
1.0
1.0
0.9999574277419355
1.0
0.9998424222580645
1.0
1.0
0.9997883022580646
1.0
1.0
1.0
1.0
1.0
1.0
0.9999883893548387
1.0
0.9998192825806452
1.0
0.9093724106451614
0.8707014441935484
0.872367284516129
0.856181559032258
0.7984623967741936
0.9949751983870968
1.0
0.8647122187096774
0.6767578816129032
0.697847733548387
0.7019076241935484
0.9521047129032257
0.9660630580645161
0.97171454
0.9692177693548387
0.9710312967741935
0.9997344777419355
1.0
0.9996884183870969
1.0
0.8717909677419355
0.8521060035483872
0.8522804893548387
0.8207408167741935
0.8088386774193548
0.8215264451612904
0.8272097612903226
0.829327508064516
0.8637241877419355
0.865098239032258
0.8656943112903226
0.865778429032258
0.8566861435483871
0.8149916316129031
0.8203168703225806
0.8205373009677419
0.8033541938709677
0.7404633383870968
0.6463197683870968
0.6108426958064516
0.6076801832258064
0.6095809580645162
0.6090136812903226
0.6487484697
0.65360743926
0.7104601539800001
0.65263128436
0.6603090909
0.6572069048600001
0.65734924538
0.64129411764
0.63884245452
0.6386945178000001
0.6387471517000001
0.5845152569400001
0.5841944327999999
0.58426318956
0.58402543746
0.5841731934000001
0.58434141656
0.58475360928
0.6555025492400001
0.7282190512903226
0.7434290922580645
0.748170257419355
0.7478710193548388
0.746348590967742
0.6993375432258064
0.65241555844
0.7662479390322581
0.7586726493548387
0.7598382241935483
0.761015346451613
0.9258970151612903
0.9855111809677419
1.0
0.9998883312903226
1.0
0.9999492200000001
1.0
0.9999883848387097
1.0
1.0
1.0
0.9999883941935485
1.0
1.0
1.0
1.0
0.9999729087096775
1.0
1.0
1.0
0.7883409080645162
0.8024869635483872
0.9615445670967742
0.9837525687096774
0.9834663706451613
1.0
1.0
1.0
1.0
0.9999967635483871
0.9999883893548387
1.0
0.9999729087096775
1.0
1.0
0.9999646329032258
1.0
1.0
0.9998728906451614
1.0
