None
None
None
None
None
None
None
None
None
None
None
None
None
None
None
None
None
None
None
None
None
None
None
None
None
None
None
None
None
None
None
None
None
None
None
None
None
None
None
None
None
None
None
None
None
None
None
None
None
None
None
None
None
None
None
None
None
None
None
None
None
None
None
None
None
None
None
0.005410537344687327
0.025344981248053955
0.04679098952328786
0.06856044701999053
0.09089032839983702
0.11451872112229466
0.14036780665628612
0.1660854546353221
0.19483248074539006
0.2246921961195767
0.2576795546337962
0.2901100106537342
0.32394290808588266
0.3651712159626186
0.40120803844183683
0.4397844225168228
0.490804978646338
0.5360892610624433
0.5796385305002332
0.6295271078124642
0.6891288794577122
0.7464964827522635
0.8012597635388374
0.8564673066139221
0.9168979935348034
0.9803978037089109
1.029630733653903
1.058770215138793
1.1039158664643764
1.1111793015152216
1.113870745524764
1.1056515146046877
1.0927651766687632
1.0873715300112963
1.0547105222940445
1.0299196317791939
1.0171581208705902
0.9907915238291025
0.97637689858675
0.9604691918939352
0.9566931687295437
0.9512827917933464
0.9559253472834826
0.9557880014181137
0.9658468794077635
0.9859036635607481
1.0081274453550577
1.0253746788948774
1.0392459463328123
1.0707204584032297
1.0910698622465134
1.1106228176504374
1.1109948065131903
1.13152845390141
1.1362247988581657
1.143618045374751
1.159321652725339
1.1748757902532816
1.1854667719453573
1.1863493043929338
1.1937336046248674
1.1896248795092106
1.1816363763064146
1.1747962012887
1.1725841276347637
1.1668282337486744
1.1625210996717215
1.1616298723965883
1.1659837532788515
1.180785033851862
1.2011567056179047
1.2079034727066755
1.2337309047579765
1.2466604448854923
1.2543298918753862
1.2623188830912113
1.2693038489669561
1.2702840585261583
1.2610059026628733
1.2528400011360645
1.242346651852131
1.2374673187732697
1.2405352164059877
1.251834787428379
1.2612958140671253
1.2799452058970928
1.3064621724188328
1.3317275419831276
1.364057321101427
1.401640947908163
1.4232410863041878
1.4421567358076572
1.4487401023507118
1.4593752175569534
1.4592361077666283
1.4523626193404198
1.43607646971941
1.4198201149702072
1.404869943857193
1.3970756717026234
1.3987853527069092
1.40062690153718
1.4133491814136505
1.4316035360097885
1.444962851703167
1.4642204381525517
1.474640466272831
1.4842695780098438
1.4906849674880505
1.493360124528408
1.489588912576437
1.4933890327811241
1.4933518767356873
1.505497895181179
1.5058254934847355
1.5061128735542297
1.5090522579848766
1.5195132158696651
1.5283499397337437
1.5347433872520924
1.5437536276876926
1.5436559803783894
1.552816316485405
1.5572174787521362
1.5639473386108875
1.5827611833810806
1.591229759156704
1.6030536368489265
1.6291444934904575
1.6408802382647991
1.64115734025836
1.6672156155109406
1.6902094669640064
1.7074793688952923
1.6771363280713558
1.7200845517218113
1.6888470314443111
1.6914845518767834
1.7577556371688843
1.7350023686885834
1.74062092974782
1.744253482669592
1.755714688450098
1.7843991294503212
1.7711415961384773
1.7594816572964191
1.7625242657959461
1.8508068658411503
1.7963385321199894
1.8171675726771355
1.8009723015129566
1.8012301661074162
1.8434632308781147
1.8085970655083656
1.845421388745308
1.8687965050339699
1.9670900255441666
1.9919244907796383
2.020746450871229
1.8904205709695816
1.8034709244966507
1.889466106891632
1.900189321488142
1.8357199095189571
1.7434068098664284
1.921897053718567
2.1097705848515034
2.033093359321356
2.010003350675106
2.1565929874777794
2.0128208100795746
1.9864723309874535
1.901646863669157
1.9900725595653057
2.0413468703627586
1.9698092266917229
2.0214686766266823
2.0306562706828117
2.1706186681985855
2.176815699785948
2.275487821549177
2.280788939446211
2.255775924772024
2.1946079581975937
2.24727363884449
2.126296002417803
2.1997131630778313
1.928555242717266
2.014973994344473
2.114535540342331
2.013632155954838
2.0424318872392178
2.1951326318085194
2.1537285670638084
2.3523689173161983
2.3372088745236397
2.299083895981312
2.2675699926912785
2.2256176993250847
2.3361043706536293
2.2576030008494854
2.25574504211545
2.1073473542928696
2.3094134777784348
2.0907673947513103
2.3180925361812115
2.2213373370468616
2.3567149378359318
2.558645710349083
2.3757239803671837
2.3844812214374542
2.384644567966461
2.5193948969244957
2.3697565123438835
2.3009568452835083
2.47149271517992
2.3561525121331215
2.2899089865386486
2.416783057153225
2.475941803306341
2.576388545334339
2.3709245771169662
2.262701813131571
2.4400539845228195
2.2678109779953957
2.3748626448214054
2.340863898396492
2.4954347647726536
2.4434401988983154
2.2633245028555393
2.23068692907691
2.626907967031002
2.5118717923760414
2.491979490965605
2.5469798520207405
2.626907415688038
2.6590964645147324
2.6332314535975456
2.6276580095291138
2.5191517919301987
2.5115550868213177
2.5133306235074997
2.655863270163536
2.5008341297507286
2.494837984442711
2.4812005907297134
2.501167558133602
2.713868372142315
2.8778299391269684
2.6930197179317474
2.7202830612659454
2.92485374212265
2.482205346226692
2.680605448782444
2.78184287622571
2.7892104610800743
2.555561400949955
2.8307156562805176
2.6156749948859215
2.824206106364727
2.570462055504322
2.5847905315458775
2.8631108924746513
2.5710932165384293
3.017828069627285
2.868466377258301
2.8795035406947136
2.9234592095017433
3.1479359045624733
2.9680585265159607
2.7533548027276993
2.764328308403492
2.865742467343807
2.8790114670991898
2.9553327038884163
2.9207044914364815
2.850437209010124
3.0700673162937164
3.016156420111656
3.0844840183854103
2.992808997631073
2.900193750858307
2.8403622657060623
3.008488655090332
3.0463432520627975
2.911767430603504
3.1055529713630676
3.098547726869583
2.820488005876541
3.021258443593979
2.8674478754401207
3.202304244041443
3.1619999557733536
3.254663422703743
3.112669639289379
3.2465783059597015
3.055305853486061
2.7627681866288185
3.1517047211527824
3.082472041249275
3.0805297642946243
2.9311645701527596
2.903272271156311
3.090744473040104
3.08238073438406
3.2677575796842575
3.2027863189578056
3.3471933975815773
3.2114887312054634
2.9454646185040474
3.268612749874592
3.1633448153734207
3.068086303770542
2.999992936849594
3.044443719089031
2.992734484374523
3.109501987695694
3.161630779504776
2.972459092736244
3.1711422875523567
3.086917795240879
3.3657769709825516
3.292120598256588
3.1680712923407555
2.907658636569977
3.4708401039242744
3.14106098562479
3.230224773287773
3.1501765325665474
3.2563327476382256
3.4494998529553413
3.282000720500946
3.277713343501091
3.2615883722901344
3.0559189319610596
2.996689662337303
3.3156266286969185
3.2972694858908653
3.2827355712652206
3.277123585343361
3.561099886894226
3.489172048866749
3.2699282318353653
3.10181538015604
3.4743283838033676
3.1121703311800957
3.160456381738186
3.394728161394596
3.30707136541605
3.206824764609337
3.3037972524762154
3.502633236348629
3.501603990793228
3.5658484995365143
3.506867028772831
3.277372784912586
3.20034546405077
3.3331057280302048
3.1943941488862038
3.1573940739035606
3.358103170990944
3.3143109157681465
3.446707881987095
3.4648373872041702
3.5035442039370537
3.275987610220909
3.62947366386652
3.219220608472824
3.3575961887836456
3.25378680229187
3.1715365573763847
3.1594522818922997
3.3261829763650894
3.5620726123452187
3.494944781064987
3.506110057234764
3.4247163757681847
3.4076239243149757
3.5293632596731186
3.3663380667567253
3.3153208419680595
3.2853436395525932
3.559816434979439
3.7010875046253204
3.273046091198921
3.424070656299591
3.6122451201081276
3.3033633902668953
3.650331199169159
3.5965583696961403
3.293086461722851
3.332125835120678
3.3797564804553986
3.529143624007702
3.548221118748188
3.729594923555851
3.60367064923048
3.6820636317133904
3.588410310447216
3.6319816932082176
3.330596588551998
3.5755629390478134
3.2645351961255074
3.4408313259482384
3.7657477781176567
3.5515060499310493
4.005637660622597
3.8628853261470795
3.720450647175312
3.812041252851486
3.6925455778837204
3.7031167671084404
3.7593184113502502
3.526639074087143
3.650914452970028
3.8823281303048134
3.8361212834715843
3.767616756260395
3.521196871995926
3.5703789740800858
3.900129087269306
3.5864057317376137
3.585910402238369
3.863093674182892
3.7304124608635902
3.7049919813871384
4.021359473466873
3.57963564991951
3.8023995608091354
3.8468639105558395
3.9415031895041466
3.741394020617008
3.820333980023861
3.6069887578487396
3.903986170887947
4.017719432711601
3.840950720012188
3.9061101227998734
3.7084525674581528
3.8336791172623634
3.8973452523350716
4.165761791169643
3.766927197575569
3.901807479560375
3.711879462003708
4.191398039460182
4.023898474872112
3.856010854244232
4.114797458052635
3.6518746837973595
3.863272324204445
4.177586525678635
4.064363114535809
4.230956256389618
4.052874803543091
3.879367910325527
3.785636268556118
4.06901328265667
4.106340132653713
3.851505070924759
4.089323945343494
4.046694211661816
4.172718033194542
4.001549020409584
4.271373361349106
4.2190196216106415
4.037725858390331
3.9624341875314713
4.253138817846775
4.284678630530834
4.309148944914341
4.0498965457081795
4.327491864562035
4.127760000526905
4.017298251390457
4.312894731760025
4.5358855575323105
4.293594188988209
3.9664315059781075
4.079830884933472
4.271020419895649
4.074460610747337
4.149867817759514
4.099716544151306
4.369245454668999
4.256456717848778
4.40143670886755
4.334597617387772
4.181983157992363
4.438726507127285
4.388032987713814
4.582300998270512
4.580325432121754
4.584974437952042
4.112152524292469
4.537674710154533
4.588097803294659
4.558874562382698
4.518592968583107
4.520278729498386
4.354850232601166
4.576925665140152
4.480143770575523
4.5542774349451065
4.496807932853699
4.578962862491608
4.408136293292046
4.681819774210453
4.422863371670246
4.984634891152382
4.697450801730156
4.500312440097332
4.332540795207024
4.645214080810547
4.783501133322716
4.388979442417622
4.242000289261341
4.4496732875704765
4.3768318220973015
4.616058178246021
4.525830931961536
4.765086248517036
4.6662973910570145
4.793240636587143
5.090624615550041
4.660317957401276
4.951570481061935
4.964733436703682
4.765161260962486
4.8645776361227036
4.631706848740578
4.665046155452728
4.909216180443764
4.625374831259251
4.749411150813103
5.325586214661598
4.898786962032318
4.884622469544411
5.016466856002808
4.93466629087925
4.932639345526695
4.857370689511299
5.053006201982498
4.6967069655656815
4.884184688329697
4.792225271463394
4.960693262517452
5.33708630502224
5.115851312875748
5.3198849111795425
5.255430951714516
5.3374785631895065
5.288475930690765
5.059412717819214
4.990789487957954
5.0387792736291885
4.860265329480171
4.970794156193733
5.081281200051308
4.857520192861557
5.194757923483849
4.738597244024277
5.154892265796661
5.214302018284798
5.040738090872765
5.326598733663559
5.092124506831169
5.0328896045684814
5.037770375609398
4.982425972819328
5.2692593187093735
5.585465744137764
5.237618163228035
5.604016050696373
5.5067857056856155
5.169861868023872
5.696424916386604
5.453438401222229
5.567730188369751
5.545083001255989
5.53261299431324
5.503259479999542
5.543225854635239
5.149061813950539
5.4477318078279495
5.449763089418411
5.261348620057106
5.641483083367348
5.5735029727220535
5.599882885813713
5.366987943649292
5.464761465787888
5.002601742744446
5.546140879392624
5.85929362475872
5.611438572406769
5.477029979228973
5.690926909446716
5.639901652932167
5.361919865012169
5.862057656049728
5.459195449948311
5.448552429676056
5.494382277131081
5.201892584562302
5.617368504405022
5.534002840518951
5.738435015082359
5.701440751552582
5.622926503419876
5.632627531886101
5.1753813326358795
5.645619973540306
6.048491954803467
5.772561177611351
5.601920068264008
5.442896828055382
5.953753486275673
5.53430512547493
5.892075315117836
5.7804871797561646
5.4841786324977875
5.564114227890968
6.105680376291275
5.712995857000351
5.696743756532669
5.874475449323654
5.98835876584053
5.883490592241287
5.656026855111122
6.177373990416527
5.807472288608551
5.9664891213178635
6.094006970524788
6.110393732786179
6.161560028791428
5.810843616724014
6.008487358689308
5.91996693611145
5.620240703225136
6.027363985776901
6.167230904102325
5.87464927136898
5.783754080533981
5.6102654337883
6.038829937577248
5.54423426091671
6.063551843166351
5.994175106287003
5.815705373883247
6.225857824087143
6.326850786805153
5.967456817626953
6.175159350037575
6.100697919726372
5.703219458460808
5.893465638160706
6.2659900188446045
6.4890629053115845
6.079740464687347
5.981028512120247
6.3187157809734344
6.409974709153175
6.139886140823364
5.881846904754639
5.956896677613258
6.015336409211159
6.227142974734306
6.698377907276154
5.5307794362306595
6.234572559595108
6.4605185985565186
5.986531391739845
6.432330176234245
6.651887834072113
6.423139348626137
6.379969522356987
6.239303901791573
6.422232165932655
6.255206570029259
6.216020569205284
6.352127522230148
6.318747386336327
6.228773817420006
6.632800385355949
5.808689102530479
6.477220982313156
6.56291002035141
6.585238933563232
6.86474122107029
6.5716971307992935
6.619556367397308
6.532288372516632
6.504792928695679
6.31788033246994
6.568194776773453
6.420848861336708
6.718721762299538
6.490343660116196
6.480220630764961
6.478057622909546
6.4331129640340805
6.44122339785099
6.3803331553936005
6.993942216038704
6.642944499850273
6.616021990776062
6.309025317430496
6.767533287405968
6.623698055744171
6.820207640528679
6.343189939856529
7.07294674217701
6.887736335396767
7.101661652326584
6.719461366534233
6.9464376121759415
6.769734472036362
6.848953008651733
6.559158161282539
6.675360724329948
6.5723893493413925
6.767363861203194
6.635548010468483
6.340809658169746
7.121809631586075
6.922222450375557
6.339506879448891
6.998399198055267
7.028581157326698
7.058550849556923
7.008085116744041
6.487988233566284
7.164186701178551
6.958211675286293
6.883549436926842
7.188414588570595
6.961673855781555
6.787155523896217
7.085602521896362
7.176305055618286
6.714717775583267
7.14193519949913
7.331950977444649
6.534180045127869
7.191269427537918
6.876142978668213
6.69856821000576
7.162397086620331
6.9089484214782715
7.051946803927422
7.22181011736393
6.682616084814072
6.989927738904953
6.747768610715866
7.030645787715912
6.526948720216751
6.807420268654823
7.0779992789030075
6.993466258049011
7.284526228904724
7.100257128477097
6.872685447335243
7.428858146071434
7.209945350885391
6.850864186882973
7.473085626959801
6.901732340455055
7.018532708287239
7.15606227517128
7.189467176795006
7.367943644523621
7.077950432896614
7.323025897145271
7.296030282974243
7.173729419708252
7.152043730020523
7.218201458454132
6.875549092888832
7.224347248673439
6.908123046159744
7.312272667884827
7.133732452988625
7.833318918943405
7.570256784558296
7.631190285086632
7.130243077874184
7.7099622786045074
7.200382620096207
7.240840375423431
7.137436270713806
7.68198923766613
7.743537172675133
7.9205819964408875
7.55192331969738
7.193309888243675
7.503389447927475
7.700108662247658
7.620062634348869
7.348497286438942
7.580950066447258
7.303524821996689
7.437397792935371
7.390488803386688
7.723951771855354
7.685323461890221
7.495621308684349
7.653147980570793
7.358406662940979
7.019082382321358
7.816591128706932
7.362626448273659
7.838814437389374
7.749155357480049
7.724931821227074
7.445068508386612
7.186497911810875
7.7104770094156265
7.6260557770729065
7.962448209524155
8.085579812526703
7.772668018937111
7.970677495002747
7.841918736696243
7.73230467736721
7.565338283777237
7.550387859344482
7.512338280677795
7.841954439878464
7.39705753326416
8.049498170614243
8.357734441757202
7.9497250616550446
7.909656077623367
7.643049240112305
7.7216076254844666
8.213938519358635
8.110920205712318
8.020001694560051
7.751370623707771
8.06352350115776
8.293805807828903
8.044710382819176
8.224583625793457
7.965376451611519
8.047703564167023
8.052009359002113
7.740157872438431
7.7965687066316605
7.987032860517502
8.191911593079567
8.034364745020866
8.398918479681015
8.439863368868828
8.22403933107853
8.349474906921387
8.03424546122551
8.309196010231972
8.35565635561943
8.281796708703041
8.02923834323883
8.449042290449142
8.467838615179062
8.35610981285572
8.094024553894997
8.474216163158417
8.417233660817146
8.12237598001957
8.420909225940704
8.567512586712837
8.435645192861557
8.146265164017677
8.521071434020996
8.33488915860653
8.290181070566177
8.482501819729805
8.466305613517761
8.335633158683777
8.604625910520554
8.259859085083008
8.333821803331375
8.295348674058914
8.508792638778687
8.471210345625877
8.687467336654663
8.628129124641418
8.300764873623848
8.31818899512291
8.45252001285553
8.689632773399353
8.542383179068565
8.371199697256088
8.362600207328796
8.61577145755291
8.697238862514496
8.606799155473709
8.792354881763458
8.617805451154709
8.48522113263607
8.75997680425644
8.42860595881939
8.632883876562119
8.787642672657967
8.82476058602333
8.6850426197052
8.672636821866035
8.69038112461567
8.36905361711979
8.484137445688248
8.721129298210144
8.616066202521324
8.55274523794651
8.772989928722382
8.829015046358109
8.979342192411423
8.850058555603027
9.015188753604889
8.88916939496994
8.79279625415802
8.559298262000084
8.664319813251495
8.72831729054451
8.64534193277359
8.718584835529327
8.591702461242676
8.767794460058212
8.945580661296844
9.084795266389847
8.97315326333046
8.909377127885818
9.000493049621582
8.856376618146896
8.705585151910782
8.915701061487198
8.905817091464996
9.056527316570282
8.870707362890244
9.098053336143494
8.872122347354889
8.840030789375305
8.62503331899643
8.79121220111847
8.738684594631195
8.798168063163757
9.199177503585815
9.098321408033371
9.18814605474472
9.032573968172073
9.065099030733109
9.0551977455616
9.006744474172592
9.088145673274994
9.105548560619354
8.972446411848068
8.95069009065628
9.160371392965317
9.075602024793625
9.090695947408676
9.112833827733994
9.098162367939949
9.135459512472153
9.166097521781921
9.147395879030228
9.21904319524765
9.105939954519272
8.887896060943604
9.116575717926025
8.995725363492966
9.238350093364716
9.21263712644577
9.364561975002289
9.373498678207397
9.480085879564285
9.189761072397232
9.061552941799164
9.21390825510025
9.11702287197113
9.35445573925972
9.353545278310776
9.39171901345253
9.4291333258152
9.218421936035156
9.296278685331345
9.067812621593475
8.92754140496254
9.497835278511047
9.221822291612625
9.523417502641678
9.47376236319542
9.54778128862381
9.327502369880676
9.465813934803009
9.350325375795364
9.179645299911499
9.380682975053787
9.255803495645523
9.520454406738281
9.410025298595428
9.441776156425476
9.214118838310242
9.408364534378052
9.544785529375076
9.573327720165253
9.484833270311356
9.412201702594757
9.326950907707214
9.452392935752869
9.041125655174255
9.33633092045784
9.540970355272293
9.529257774353027
9.68908542394638
9.527534872293472
9.516628384590149
9.65396723151207
9.549424260854721
9.514576584100723
9.454434514045715
9.51742109656334
9.452886581420898
9.666263312101364
9.782079935073853
9.608204543590546
9.456241816282272
9.61608824133873
9.16328638792038
9.541820049285889
9.675016045570374
9.89644318819046
9.773046404123306
9.714826136827469
9.631495863199234
9.787645876407623
9.783959180116653
9.540214836597443
9.760501623153687
9.642722964286804
9.652238994836807
9.503521054983139
9.545357018709183
9.479958057403564
9.834818959236145
9.770829975605011
9.796552330255508
9.82873159646988
9.768853455781937
9.585783809423447
9.742730289697647
9.647291719913483
9.602741718292236
9.862367331981659
9.742308527231216
9.706856340169907
9.79300981760025
9.998713821172714
10.002737641334534
10.00906103849411
9.81372144818306
9.851444900035858
9.754227727651596
9.760820716619492
9.719718754291534
9.963959753513336
9.852812081575394
10.017912685871124
9.946940273046494
9.966978460550308
9.796834081411362
9.851470708847046
9.645515352487564
9.958527028560638
9.74523913860321
10.141181588172913
9.79414051771164
9.904352575540543
9.865370064973831
9.995738565921783
10.174980282783508
10.103204190731049
10.066717267036438
10.155174851417542
10.113904058933258
10.112881660461426
10.21668815612793
9.850008219480515
10.18048045039177
10.132908374071121
10.26550766825676
10.413733065128326
10.381652414798737
10.442382544279099
10.258390367031097
10.332925885915756
10.245702028274536
10.167672991752625
10.078345894813538
10.221450567245483
10.321365296840668
10.137563019990921
10.215041786432266
10.339662313461304
10.388911843299866
10.10228842496872
10.024050533771515
10.239704132080078
10.248408377170563
10.225690603256226
9.894516855478287
10.439976692199707
10.305740714073181
10.042297065258026
10.088411509990692
10.288461029529572
10.120801955461502
10.39229753613472
10.280413746833801
10.33948603272438
10.321306258440018
10.675898551940918
10.554679661989212
10.523814111948013
10.430041253566742
10.347998917102814
10.496315628290176
10.525818318128586
10.432206898927689
10.573392689228058
10.499262005090714
10.56320771574974
10.579499334096909
10.520720839500427
10.559177100658417
10.618485122919083
10.701017826795578
10.538687735795975
10.544247299432755
10.853089481592178
10.70524725317955
10.25999230146408
10.358595848083496
10.457245469093323
10.52893927693367
10.346519142389297
10.458902806043625
10.588497370481491
10.638879984617233
10.388829052448273
10.758858948946
10.78615191578865
10.929882019758224
10.649059534072876
10.750087946653366
10.431407034397125
10.350875616073608
10.720281690359116
10.69746246933937
10.657335430383682
10.664824962615967
10.660985171794891
10.664381355047226
10.555233031511307
10.716484814882278
10.856517672538757
10.497456550598145
10.733035951852798
10.692520886659622
10.782543629407883
10.926888436079025
10.842582494020462
10.899175822734833
10.59661415219307
10.82760837674141
11.052966862916946
10.716433048248291
10.950255215168
10.919822067022324
10.623686224222183
10.690765619277954
10.797668695449829
10.889693200588226
10.91669973731041
11.028654366731644
11.039729565382004
11.052205234766006
11.098943144083023
10.80794444680214
10.949026584625244
10.85323652625084
10.80783662199974
10.793755650520325
10.629436492919922
10.919158220291138
10.875087887048721
10.814386248588562
10.668403327465057
11.027588278055191
10.769634306430817
10.87232992053032
11.10358276963234
11.12252363562584
11.189787536859512
11.05960339307785
10.95190542936325
10.874589174985886
10.74795064330101
10.989656627178192
11.015484720468521
11.096612453460693
10.862408578395844
11.19880199432373
11.32407295703888
11.40399706363678
11.309007078409195
11.251565515995026
10.913782805204391
11.274248331785202
10.943119376897812
11.25779503583908
11.428362131118774
11.26130798459053
11.078115344047546
11.444343745708466
11.317985147237778
10.975655198097229
11.170647293329239
11.237265199422836
11.275532186031342
11.043022900819778
11.334342330694199
11.275135725736618
11.38950303196907
11.22075679898262
11.471917510032654
11.30850937962532
11.242971390485764
11.209191977977753
11.185455411672592
11.036265581846237
10.969733893871307
11.154681384563446
11.645608365535736
11.313396900892258
11.266387283802032
11.132664799690247
11.494246065616608
11.30070012807846
11.446864128112793
11.439172983169556
11.437305808067322
11.507109940052032
11.318875104188919
11.366032510995865
11.459795206785202
11.602392554283142
11.465551495552063
11.00728851556778
11.304857939481735
11.653005540370941
11.617844611406326
11.577084004878998
11.52071613073349
11.459117442369461
11.255516111850739
11.552605330944061
11.564965665340424
11.599785923957825
11.576461851596832
11.59495347738266
11.680483728647232
11.448096096515656
11.38631421327591
11.628765225410461
11.362597405910492
11.53147691488266
11.469049394130707
11.616999804973602
11.803208649158478
11.369785517454147
11.507223933935165
11.443383693695068
11.597079336643219
11.575175762176514
11.457158714532852
11.717013627290726
11.574891239404678
12.003264278173447
11.795209467411041
11.702345818281174
11.31326249241829
11.684590220451355
11.553828477859497
11.39988398551941
11.933298408985138
11.914199441671371
11.541336923837662
11.768846839666367
11.498956471681595
11.702406406402588
12.004398822784424
11.674362868070602
11.517696857452393
12.04024875164032
11.825724631547928
11.874024212360382
11.942247480154037
11.764931797981262
11.937630146741867
11.898334741592407
11.71206471323967
11.762557238340378
11.95539739727974
11.778827726840973
11.934649556875229
11.757093012332916
11.864674150943756
11.861483216285706
11.923984676599503
12.03288009762764
12.03906711935997
11.83788612484932
11.694802850484848
11.725300997495651
12.04494097828865
11.961273312568665
11.819670140743256
12.039648741483688
12.33948329091072
12.246080875396729
12.007880091667175
11.962570130825043
11.819801777601242
11.854112982749939
11.891362339258194
11.874066978693008
12.073376208543777
12.123597890138626
12.310927242040634
12.032871544361115
12.39917767047882
12.005493462085724
12.047007352113724
12.327624440193176
12.161385536193848
12.456015169620514
11.946699738502502
12.39708262681961
12.228795647621155
12.046991139650345
12.077517479658127
11.963422507047653
12.116771697998047
12.201198279857635
11.997949182987213
12.29421004652977
12.081927925348282
11.970420151948929
12.071068704128265
12.457201182842255
11.904323697090149
12.2565259039402
12.286724090576172
12.038777858018875
12.225278109312057
11.836362034082413
12.027316749095917
12.541195273399353
12.391246050596237
12.474819511175156
12.459939152002335
12.632510483264923
11.993759632110596
12.178130447864532
12.0814970433712
12.349824577569962
12.501995414495468
12.495291203260422
11.842800110578537
12.542848199605942
12.377798318862915
12.045619904994965
12.247058153152466
11.881944239139557
12.476843565702438
12.600973755121231
12.597253412008286
12.822368443012238
12.353359282016754
12.59506031870842
12.37793043255806
12.552632063627243
12.387970209121704
12.254831343889236
12.312807351350784
12.501244902610779
12.88762253522873
12.537793129682541
12.63020646572113
12.590461134910583
12.5359987616539
12.650227397680283
12.636792331933975
12.454337686300278
12.612126648426056
12.69840943813324
12.437441021203995
12.696439117193222
12.699105262756348
12.282678574323654
12.571445256471634
12.764723271131516
12.551948606967926
12.976378977298737
12.806406170129776
12.666028469800949
12.367193013429642
12.668992638587952
12.457107961177826
12.445375978946686
12.521604627370834
12.677585691213608
12.79308170080185
12.498219192028046
12.528351694345474
12.769127011299133
12.815676361322403
12.636734694242477
12.893492609262466
12.726547628641129
12.418186515569687
12.76501739025116
12.731719464063644
12.892880588769913
12.786558836698532
12.55516403913498
12.62093523144722
12.799580216407776
13.042163968086243
12.943473905324936
13.021436899900436
13.148009836673737
12.99377578496933
12.942811191082
12.560465067625046
12.439120888710022
12.836782306432724
12.816578298807144
12.729410171508789
13.021220624446869
13.194536179304123
13.039315015077591
13.082763969898224
12.90077355504036
12.992855191230774
12.697539687156677
13.043396681547165
12.887508362531662
12.930778980255127
12.87293627858162
13.159533083438873
12.937039971351624
12.93912798166275
13.147654712200165
13.152206927537918
12.830846041440964
13.148654520511627
13.299665838479996
13.30524268746376
12.924978345632553
13.003996074199677
13.069345831871033
13.00003895163536
13.351463496685028
12.991217851638794
13.162584751844406
12.833071827888489
13.14003375172615
13.028556853532791
13.08930218219757
12.96010810136795
13.208979964256287
13.312614887952805
13.297994405031204
12.899675697088242
13.18064096570015
13.093038767576218
13.226673871278763
13.422850996255875
13.458734571933746
13.368549168109894
13.12245512008667
13.181797921657562
13.0387422144413
13.226383775472641
13.343342334032059
13.444569736719131
13.306554198265076
13.406745344400406
13.051796525716782
13.402927100658417
13.166022181510925
13.20669275522232
13.368103832006454
13.124173492193222
13.356434762477875
13.227771162986755
13.46733096241951
13.486869871616364
13.43845522403717
13.511552929878235
13.185463070869446
12.936680018901825
13.308006584644318
13.492126524448395
13.457632690668106
13.590555012226105
13.374661594629288
13.112785667181015
13.367574483156204
13.374906241893768
13.50315347313881
13.429768741130829
13.384756624698639
13.275592714548111
13.427910894155502
13.51837608218193
13.608528643846512
13.622240841388702
13.542254865169525
13.39672476053238
13.393423289060593
13.45054304599762
13.425067871809006
13.479264229536057
13.463913947343826
13.475930482149124
13.607399106025696
13.594539046287537
13.745712846517563
13.450846791267395
13.361792534589767
13.33959186077118
13.444948464632034
13.336277097463608
13.47282588481903
13.686504572629929
13.758741617202759
13.621873706579208
13.587207823991776
13.37894281744957
13.652129143476486
13.270619362592697
13.574851512908936
13.544947296380997
13.826547622680664
13.774611234664917
13.569872051477432
13.468732595443726
13.777647972106934
13.43186703324318
13.742752999067307
13.572041034698486
13.632872998714447
13.617176711559296
13.676946699619293
13.869030088186264
13.707030922174454
13.765567272901535
13.895190685987473
13.665686666965485
13.908657968044281
13.632280349731445
13.729794710874557
13.704959601163864
13.764959514141083
13.512627124786377
13.935632348060608
14.03090900182724
13.711750447750092
13.852385073900223
13.849998116493225
13.827558606863022
13.788638591766357
13.85782104730606
13.968874007463455
13.93864306807518
13.580912679433823
13.685634732246399
13.845621526241302
13.842785984277725
13.845190167427063
13.842735648155212
13.843316555023193
13.828386783599854
13.819112181663513
13.765209674835205
14.139476865530014
14.080312997102737
14.085593461990356
13.979689806699753
13.86038824915886
14.062638968229294
14.191092699766159
13.880047708749771
14.154848217964172
13.95849284529686
14.242409765720367
14.041607320308685
14.1981420814991
13.958545118570328
14.142646104097366
13.976414203643799
13.96736428141594
14.202346831560135
14.04555544257164
13.886072129011154
14.143943727016449
14.30633071064949
14.007606565952301
14.158914804458618
13.983777552843094
14.02953189611435
14.070507973432541
14.356070876121521
14.311065256595612
14.026643216609955
13.869862735271454
13.86542347073555
14.273162215948105
14.35690638422966
14.218415975570679
14.105589926242828
14.438299894332886
14.191074460744858
14.248377680778503
14.269840896129608
14.21907702088356
13.99251052737236
14.305900603532791
14.162497818470001
13.663954496383667
14.353310853242874
14.255653589963913
14.316644549369812
14.378836989402771
14.2589792907238
14.216786891222
14.236833602190018
14.264718472957611
14.030663967132568
14.12765821814537
14.604746460914612
14.52721157670021
14.543949127197266
14.301270186901093
14.565379083156586
14.41897827386856
14.264660030603409
14.380000412464142
14.142509162425995
14.228336542844772
14.114040195941925
14.394763678312302
14.500310808420181
14.51356753706932
14.612594813108444
14.443666845560074
14.73425567150116
14.62131056189537
14.60149222612381
14.195006966590881
14.380412817001343
14.544785261154175
14.245593279600143
14.44376203417778
14.683607786893845
14.760744750499725
14.507193684577942
14.115916222333908
14.438175529241562
13.970290839672089
14.161259651184082
14.398469090461731
14.43607223033905
14.548989951610565
14.50886794924736
14.864364504814148
14.4107124209404
14.6149220764637
14.622114598751068
14.328465104103088
14.214397490024567
14.547215729951859
14.399417638778687
14.761669844388962
14.833930969238281
14.72054836153984
14.62653523683548
14.395569115877151
14.56626906991005
14.253647655248642
14.61312410235405
14.461481392383575
14.51046672463417
14.7501080930233
14.375075101852417
14.419177770614624
14.516234129667282
14.649907797574997
14.532020777463913
14.276910930871964
14.430173337459564
14.765879541635513
14.705611199140549
14.579118251800537
14.850752741098404
14.824594974517822
14.623043984174728
14.961748272180557
14.702806115150452
14.608218878507614
14.565993666648865
14.74701276421547
14.985830157995224
15.042136996984482
14.469872176647186
14.692886382341385
14.902469515800476
14.790900737047195
14.685555666685104
14.840378046035767
14.748808234930038
14.617628663778305
14.469886928796768
14.687417447566986
14.724939316511154
14.578401118516922
14.704455375671387
15.004517316818237
15.048284262418747
15.003974467515945
14.546718806028366
14.981089383363724
14.970659017562866
14.966313660144806
14.99635535478592
14.736576735973358
14.714349925518036
14.87725281715393
14.967937380075455
14.950528740882874
14.902709305286407
14.941969484090805
14.82787600159645
15.116324573755264
14.738837033510208
15.032552778720856
15.116475880146027
14.79339125752449
14.820657551288605
15.319019258022308
15.154342979192734
14.90207552909851
15.06899031996727
15.042119652032852
15.299673318862915
15.141238540410995
14.994819432497025
14.629266798496246
15.169858545064926
15.007929801940918
15.143625885248184
14.956202238798141
15.127430260181427
14.917646139860153
15.263106405735016
15.008746176958084
14.653845399618149
14.994448095560074
14.875791609287262
15.036205798387527
14.967006117105484
15.151659399271011
15.163380533456802
14.964807122945786
15.102974027395248
15.36529865860939
15.30240747332573
15.314714908599854
15.061527073383331
15.040108978748322
15.054641723632812
15.211323201656342
15.342154175043106
15.176796078681946
15.345829725265503
15.150707721710205
15.424283295869827
15.15575510263443
15.220539450645447
15.257800966501236
15.200238198041916
15.033985823392868
15.22383165359497
15.289673924446106
15.215304970741272
15.573035299777985
15.580124318599701
15.58972242474556
15.424788743257523
15.22241660952568
14.924851953983307
15.226237207651138
15.141130954027176
15.378826946020126
15.482896089553833
15.611824005842209
15.381030142307281
15.468466520309448
15.115323960781097
15.617972552776337
15.477216869592667
15.248329877853394
15.432056367397308
15.206774562597275
15.27490371465683
14.987504005432129
15.430789202451706
15.489221513271332
15.592416375875473
15.434611737728119
15.202738136053085
15.23417654633522
15.115888476371765
15.305298179388046
15.155412495136261
15.119824796915054
15.260654300451279
15.55459412932396
15.38707521557808
15.463727742433548
15.608572393655777
15.267112046480179
15.539322853088379
15.706561625003815
15.292086273431778
15.15923073887825
15.223202377557755
15.089064508676529
15.298768937587738
15.77136954665184
15.383479177951813
15.775791615247726
15.51515132188797
15.410426199436188
15.822342813014984
15.625451624393463
15.569210231304169
15.79569137096405
15.550732493400574
15.905422329902649
15.651493221521378
15.511296778917313
15.312643826007843
15.720130562782288
15.619848161935806
15.213265866041183
15.639530211687088
15.488594502210617
15.673521310091019
15.877048939466476
15.773663759231567
15.435024827718735
15.516842275857925
15.798279792070389
15.699357628822327
15.639244377613068
15.312227457761765
15.626891940832138
15.975939840078354
15.92494249343872
15.828359454870224
15.947221487760544
15.662269651889801
16.02089625597
15.624878644943237
15.699287861585617
15.693517029285431
15.986041933298111
15.905157297849655
15.853988111019135
15.956919878721237
15.911829799413681
15.842203736305237
15.735112756490707
15.613004982471466
15.536887466907501
15.829317301511765
15.760286659002304
15.954750388860703
15.999761074781418
16.03437113761902
15.766346961259842
16.048276603221893
15.914396047592163
16.081935733556747
15.945993065834045
16.113756775856018
16.042290031909943
15.911037415266037
16.09207445383072
15.902769297361374
15.906544059515
16.078233540058136
16.21223509311676
16.121347695589066
16.024910271167755
15.920195758342743
16.148772031068802
16.12982025742531
16.001143723726273
16.135583132505417
16.139736026525497
16.119128823280334
16.22351023554802
15.751508325338364
16.085128903388977
15.895761787891388
16.036446034908295
16.14975294470787
16.198899298906326
16.189211279153824
16.124800264835358
16.290746927261353
16.157398134469986
16.18057817220688
16.30476665496826
16.237552046775818
16.288554340600967
16.143461018800735
15.852699398994446
16.002678155899048
16.166828900575638
16.277725249528885
16.198826283216476
16.312425583600998
16.163614690303802
16.375294148921967
16.39817190170288
16.290358066558838
16.30980271100998
16.408921897411346
16.11077246069908
16.2294160425663
16.165172338485718
16.1884363591671
16.375541299581528
16.364006340503693
16.440143913030624
16.472180724143982
16.43051639199257
16.40585196018219
16.449048578739166
16.402267277240753
16.446194410324097
16.326862692832947
16.516628801822662
16.32760399580002
16.252735823392868
16.27022585272789
16.52375155687332
16.55262315273285
16.554723024368286
16.378369987010956
16.35124835371971
16.449476271867752
16.445525109767914
16.582324028015137
16.533460021018982
16.52488088607788
16.516133248806
16.5442653298378
16.462332546710968
16.471144139766693
16.386537194252014
16.508005678653717
16.572129130363464
16.460084199905396
16.579034686088562
16.49920254945755
16.51229065656662
16.53322470188141
16.489006340503693
16.616790890693665
16.606151282787323
16.569996684789658
16.539242029190063
16.465542882680893
16.605522751808167
16.696035623550415
16.554818630218506
16.646035075187683
16.539181917905807
16.698553025722504
16.73045188188553
16.70337563753128
16.690995275974274
16.61463075876236
16.625516712665558
16.695498526096344
16.736358404159546
16.740908324718475
16.741125464439392
16.71014976501465
16.633262634277344
16.595009326934814
16.617221295833588
16.748695194721222
16.735717713832855
16.79725271463394
16.72480934858322
16.72659993171692
16.737554132938385
16.695234179496765
16.6211054623127
16.67946082353592
16.768041014671326
16.800724387168884
16.730458080768585
16.595632910728455
16.718503534793854
16.646327137947083
16.60772493481636
16.756985664367676
16.75866210460663
16.93263429403305
16.89748251438141
16.9484823346138
16.937315046787262
16.901331782341003
16.82045888900757
16.793079257011414
16.671595811843872
16.775363504886627
16.78369578719139
16.876184165477753
16.8298402428627
16.77631449699402
16.761574625968933
16.916374564170837
16.82998412847519
16.889939665794373
16.892204225063324
16.915147721767426
16.887346506118774
16.867370069026947
16.859660804271698
16.734053373336792
16.89860635995865
16.808914184570312
16.841143012046814
16.916434466838837
16.54043608903885
16.81056797504425
16.491948425769806
16.60508766770363
16.820775866508484
16.855422019958496
17.02009290456772
16.962738037109375
16.872214674949646
17.096506118774414
16.722117573022842
16.65596467256546
16.958527743816376
16.94867366552353
17.105547964572906
16.81891268491745
17.023161232471466
16.999104022979736
16.983089327812195
16.777682453393936
16.968051850795746
16.90324294567108
17.06919836997986
17.03786075115204
17.147923469543457
17.126327335834503
16.987822830677032
17.05417162179947
17.000758290290833
16.669132858514786
16.9712136387825
16.99020940065384
17.129531621932983
17.043774604797363
16.956251800060272
16.89086478948593
16.869909942150116
16.809039890766144
16.839414715766907
17.037872076034546
16.919634759426117
17.101159989833832
16.738463401794434
16.774905890226364
16.892847061157227
17.165232002735138
17.25729888677597
17.178140699863434
16.84440988302231
16.884825229644775
16.734508275985718
17.021723866462708
17.047753036022186
16.59229004383087
16.917168617248535
16.869037210941315
17.22486424446106
17.02808129787445
17.213921070098877
16.684870302677155
16.903305172920227
16.914950609207153
17.156406581401825
16.842939466238022
16.879127144813538
17.13294869661331
17.00235241651535
17.1732936501503
17.16525411605835
17.026896834373474
16.996783077716827
17.13812607526779
16.99787124991417
17.27315753698349
17.125385522842407
17.110732853412628
17.45853316783905
17.368077993392944
16.97922670841217
17.172974169254303
17.17271798849106
16.938743352890015
16.99304708838463
17.184702038764954
17.08100187778473
17.13090220093727
17.33975923061371
17.13323003053665
17.115900695323944
17.306989550590515
17.17592751979828
17.02231252193451
17.022226572036743
17.217836141586304
17.291118919849396
17.292705833911896
17.303753554821014
17.166000723838806
17.37802094221115
17.261888027191162
17.287919580936432
17.100958287715912
17.339896976947784
17.25992089509964
17.411487638950348
17.397393822669983
17.16889238357544
17.174519300460815
17.179590225219727
16.87497240304947
17.177641212940216
16.915430665016174
17.103691279888153
17.408438682556152
17.04323649406433
17.403908252716064
17.367750227451324
17.524247765541077
17.188235759735107
17.215713143348694
17.125625610351562
17.322477757930756
17.34803742170334
17.38009238243103
17.476330995559692
17.501623153686523
17.357485830783844
17.258361339569092
17.406870484352112
17.264021337032318
17.004189610481262
17.611026227474213
17.603085100650787
17.57171356678009
17.34134691953659
17.556396067142487
17.46499925851822
17.29351246356964
16.971164345741272
17.10454022884369
17.307549715042114
17.275630295276642
17.406185925006866
17.60376077890396
17.67575377225876
17.532417058944702
17.47241371870041
17.214930176734924
17.51567393541336
17.345063507556915
17.642983615398407
17.563327610492706
17.540901005268097
17.651131689548492
17.54675668478012
17.569960176944733
17.680048882961273
17.400735676288605
17.40331393480301
17.47287356853485
17.556036949157715
17.466215133666992
17.488588213920593
17.8132061958313
17.722488701343536
17.771345555782318
17.847371101379395
17.644224107265472
17.870692491531372
17.359708189964294
17.662953555583954
17.82220709323883
17.702070653438568
17.42454969882965
17.490040600299835
17.473703682422638
17.446943640708923
17.742987275123596
17.687732815742493
17.87000596523285
17.946941554546356
17.642412841320038
17.445564210414886
17.533343076705933
17.26606035232544
17.53413099050522
17.751716375350952
17.906778872013092
17.443063139915466
17.950729370117188
17.520941376686096
17.40526831150055
17.884666562080383
17.675707757472992
17.558221876621246
17.637659013271332
17.738061606884003
17.694676995277405
17.65684312582016
17.755927205085754
17.68889433145523
17.599152386188507
17.72412896156311
17.7035955786705
17.792199790477753
17.771757304668427
17.88252329826355
17.783389627933502
17.865564227104187
17.670333862304688
17.622194588184357
17.865504264831543
17.916608214378357
17.849451184272766
17.56827425956726
17.54565066099167
17.78009819984436
17.72614198923111
17.720233738422394
17.736244916915894
17.827880680561066
17.78661358356476
17.497069358825684
17.815816640853882
17.57530665397644
17.41720885038376
17.987154126167297
17.780925393104553
17.919692397117615
17.917294025421143
17.927107453346252
17.744718611240387
17.586356103420258
17.337056636810303
17.770114541053772
17.80900400876999
17.704516530036926
18.058997452259064
17.85319596529007
17.983127236366272
17.723483204841614
17.893818974494934
17.73513525724411
17.556959211826324
18.00971496105194
18.00661301612854
18.074109375476837
18.044909715652466
18.07112568616867
18.291946589946747
18.02547812461853
18.024251222610474
17.358117759227753
17.87320864200592
17.800945460796356
17.74639093875885
18.204172730445862
18.187593698501587
17.840214371681213
18.170807123184204
18.13739985227585
17.884055614471436
17.953246533870697
18.03334242105484
17.664743721485138
17.494218349456787
17.891851365566254
18.059801042079926
18.01480108499527
18.077226042747498
18.018344521522522
18.2124125957489
17.89339542388916
18.27288317680359
18.15279221534729
18.278367161750793
17.892185926437378
17.698330283164978
18.26077526807785
18.015412092208862
18.00883972644806
17.98801225423813
18.078567624092102
18.04344928264618
17.967808425426483
18.21323984861374
18.05718994140625
17.928216516971588
18.216729521751404
18.24422985315323
18.43341463804245
18.483970940113068
18.15324294567108
17.887963712215424
17.978861689567566
18.408240616321564
17.96705436706543
17.911973357200623
18.421175837516785
18.316344022750854
18.42865961790085
18.42001962661743
18.34009164571762
18.093013525009155
18.11927205324173
18.263584077358246
18.02290791273117
18.209319293498993
18.311854124069214
18.478060364723206
18.269372940063477
18.12206721305847
18.188093543052673
17.952913403511047
18.490326941013336
17.998161017894745
18.439615726470947
18.55232983827591
18.31104463338852
18.34242582321167
18.362784385681152
18.181172788143158
18.13664948940277
18.16783505678177
18.137271225452423
18.355264484882355
18.480271577835083
18.220092594623566
18.40590399503708
18.38126015663147
18.145613312721252
18.402441203594208
18.30882304906845
17.724302768707275
18.061753392219543
18.416470408439636
18.041849493980408
18.414580941200256
18.55179464817047
18.57048112154007
18.55350661277771
18.753900229930878
18.22815316915512
18.27926379442215
18.29085862636566
18.089822232723236
18.419353485107422
17.920669555664062
18.275512039661407
18.317239582538605
18.339469492435455
18.355774462223053
18.33361840248108
18.441340625286102
18.71787530183792
18.661125659942627
18.689776718616486
18.413501620292664
18.511372208595276
18.50439453125
18.40096926689148
18.640606224536896
18.386660993099213
18.74765831232071
18.25335782766342
18.412023901939392
18.524765968322754
18.408944070339203
18.40916234254837
18.669570207595825
18.401493072509766
18.510247111320496
18.673698663711548
18.672920525074005
18.047611117362976
18.49149990081787
18.386850118637085
18.579298555850983
18.616629242897034
18.353994071483612
18.527815997600555
18.453073740005493
18.149168372154236
18.511060893535614
18.30865502357483
18.497229278087616
18.623996913433075
18.530780255794525
18.74305236339569
18.46620947122574
18.30385309457779
18.479706168174744
18.28490823507309
18.339875519275665
18.313069760799408
18.555168449878693
18.75526314973831
18.560239732265472
18.691113471984863
18.52608162164688
18.785467445850372
18.533345758914948
18.746043801307678
18.75320965051651
18.79609513282776
18.47340875864029
18.496154010295868
18.43750500679016
18.228888630867004
18.603286743164062
18.730441510677338
18.386959969997406
18.78667664527893
18.747319161891937
18.541157245635986
18.822434723377228
18.785211622714996
18.598315238952637
18.681824386119843
18.56609171628952
18.857056379318237
18.868718445301056
18.541558980941772
18.79451149702072
18.783037841320038
18.827866792678833
18.765416741371155
18.654045939445496
18.908888280391693
18.794666588306427
18.66996604204178
18.43584305047989
18.79561322927475
18.727907180786133
18.62689971923828
18.533710300922394
18.818870067596436
18.56322830915451
18.659474968910217
18.6014666557312
18.847113847732544
19.06949955224991
18.666909515857697
18.556778073310852
18.24821972846985
18.693297624588013
18.647616505622864
18.68401449918747
18.712989509105682
18.398650586605072
18.919448256492615
18.459969639778137
18.539644598960876
18.699049949645996
18.7892524600029
18.56781303882599
18.613587200641632
18.68203377723694
18.605367243289948
18.755939781665802
18.747179806232452
18.679653525352478
19.08135360479355
18.75638175010681
18.995561063289642
19.05679941177368
18.750524401664734
18.898501873016357
19.054093658924103
18.437271118164062
18.943920850753784
18.628874480724335
19.02142059803009
19.003090262413025
18.90924298763275
19.11175376176834
18.870163142681122
18.98913472890854
18.861762523651123
18.73779159784317
18.6107040643692
18.73608499765396
18.920971393585205
18.79698657989502
18.182376086711884
18.71097856760025
18.67856001853943
18.704305350780487
18.996820628643036
18.611920595169067
19.036948323249817
18.27714216709137
18.769512474536896
18.811936676502228
19.016287446022034
18.858572721481323
19.10097759962082
19.353432714939117
18.867407858371735
19.149464547634125
18.871709883213043
18.977044582366943
18.72735834121704
18.75573980808258
19.194754481315613
18.84222984313965
19.11101919412613
19.13065993785858
19.321921050548553
19.075241148471832
19.14900505542755
18.784265995025635
18.64911824464798
18.86648291349411
19.088388085365295
19.2993381023407
19.367770195007324
19.39802122116089
19.085802972316742
19.239143669605255
19.189951181411743
19.1488174200058
18.74754285812378
18.82198941707611
18.906823754310608
19.183337807655334
18.97922158241272
19.232184767723083
19.459527730941772
19.584958612918854
19.043426990509033
18.995805025100708
19.339285790920258
19.179576754570007
19.22831118106842
19.03438115119934
19.301374554634094
19.17313528060913
19.478818356990814
19.336812734603882
19.0177144408226
19.206122756004333
19.153676211833954
18.98401790857315
18.960784375667572
18.96439278125763
19.07728111743927
19.111493408679962
19.425355076789856
19.571253538131714
19.3541077375412
19.29054355621338
19.34303069114685
19.305655777454376
19.335449934005737
19.54488229751587
19.252990782260895
19.3787379860878
19.41190677881241
19.396608412265778
19.25853568315506
19.279941499233246
19.609994113445282
19.44943016767502
19.430670261383057
19.37834483385086
19.568371891975403
19.49880164861679
19.513454020023346
19.300888001918793
19.422191202640533
19.024102747440338
19.42724311351776
19.29068773984909
19.469554901123047
19.662397921085358
19.539672136306763
19.70154446363449
19.144595444202423
19.54708105325699
19.611979484558105
19.440370976924896
19.438952088356018
19.360749065876007
19.230891406536102
19.79269975423813
19.502392172813416
19.73624551296234
19.7890585064888
19.262747824192047
19.251399099826813
19.52986317873001
19.591403424739838
19.417177498340607
19.61013925075531
19.649130046367645
19.350332140922546
19.472188532352448
19.48112601041794
19.553938448429108
19.33348298072815
19.44363683462143
19.427302360534668
19.64798092842102
19.717221200466156
19.345781445503235
19.769856452941895
19.66195845603943
19.500451803207397
19.61129331588745
19.546183168888092
19.55628615617752
19.591904759407043
19.806691825389862
19.596734523773193
19.66741394996643
19.665625751018524
19.589614391326904
19.880511224269867
19.520097017288208
19.51620489358902
19.67032492160797
19.752207815647125
19.299978733062744
19.734699249267578
19.779126286506653
19.440287172794342
19.88115704059601
19.585859417915344
19.275426149368286
19.491783916950226
19.542889893054962
19.708793878555298
19.672931849956512
19.650758743286133
19.655574440956116
19.857461512088776
19.754828095436096
19.372135639190674
19.71898376941681
19.891617238521576
19.853783547878265
19.87867033481598
19.547022700309753
19.83108252286911
19.538318991661072
19.748026072978973
19.852493226528168
19.851275324821472
19.82686483860016
19.758464813232422
19.616238594055176
19.957547426223755
19.468106985092163
19.762394547462463
19.657774925231934
19.657134354114532
20.10133785009384
19.86912727355957
20.223028361797333
19.78708291053772
20.12717765569687
19.586413264274597
19.98389983177185
19.406108796596527
19.9680158495903
19.371238946914673
19.86520344018936
19.675644755363464
19.850228905677795
19.89526343345642
19.94657701253891
19.75731998682022
19.86769151687622
19.85965859889984
19.745135962963104
19.656984269618988
19.760409832000732
19.702957928180695
19.928104043006897
20.130506932735443
19.93976616859436
20.018101155757904
19.795881509780884
19.90162479877472
19.624447345733643
19.94785737991333
20.084943056106567
20.07905411720276
20.138249278068542
19.87514442205429
19.89662879705429
19.91231781244278
19.709916472434998
19.91527420282364
20.050375044345856
20.122996866703033
20.07845050096512
20.108319222927094
20.25312829017639
19.991832613945007
20.239953100681305
19.648353457450867
20.127497494220734
19.928505420684814
20.00434112548828
19.679940044879913
20.085545778274536
19.756150901317596
20.091947615146637
20.01726323366165
19.976021647453308
19.859909534454346
20.066662907600403
20.129582941532135
20.19343066215515
20.10123199224472
20.05762481689453
20.080399692058563
20.08009147644043
19.686273276805878
20.174563229084015
20.235401809215546
20.105296194553375
20.141633689403534
20.311280846595764
19.784313321113586
19.84194189310074
20.057031571865082
19.86717015504837
20.416041374206543
19.97247737646103
19.944210529327393
20.086482644081116
19.790555953979492
20.090500712394714
20.094927072525024
19.689899623394012
20.18512612581253
20.204961836338043
19.72376000881195
20.03771322965622
20.300783812999725
20.208864092826843
20.205999672412872
20.27559459209442
19.867211997509003
20.166530966758728
20.097931742668152
20.090542018413544
20.353444278240204
20.043236553668976
19.991701424121857
20.148877322673798
20.036654353141785
20.040445029735565
19.914504945278168
20.19977158308029
20.424163281917572
20.247773110866547
19.907650887966156
20.252171754837036
20.3983011841774
20.344502687454224
20.353666841983795
20.22226107120514
20.069503962993622
20.353052377700806
20.345338225364685
20.33144837617874
20.12317830324173
20.33547854423523
20.471016705036163
20.070036828517914
20.381361663341522
20.388682186603546
20.114255666732788
19.929040610790253
20.057089745998383
20.13584864139557
20.166263580322266
20.25318717956543
20.25158166885376
20.275595724582672
20.217402756214142
20.18043214082718
20.121689677238464
20.238673388957977
20.507146060466766
20.378051578998566
20.34360671043396
20.25577414035797
20.181797564029694
20.350227117538452
20.01708894968033
20.441426992416382
20.019814431667328
20.341707408428192
20.55213189125061
20.457792818546295
20.340853095054626
20.324690103530884
20.546907484531403
20.431440889835358
20.456043303012848
20.504546284675598
20.07649564743042
20.335049331188202
20.401529610157013
20.285614669322968
20.507795095443726
20.51661568880081
20.258294463157654
20.31707513332367
20.400918304920197
20.114559590816498
20.371418714523315
20.158945441246033
20.45195370912552
20.199035465717316
20.635330975055695
20.435163736343384
20.367385983467102
20.40425431728363
20.56401640176773
20.278590261936188
20.699029088020325
20.4217911362648
20.524494409561157
20.67182856798172
20.580888748168945
20.71204787492752
20.527038156986237
20.281936705112457
20.564740419387817
20.648313879966736
20.556493639945984
20.1243714094162
20.55730563402176
20.422029852867126
20.465925812721252
20.29367172718048
20.46994185447693
20.408991873264313
20.649017989635468
20.69819414615631
20.77432030439377
20.36289244890213
20.53399431705475
20.50404316186905
20.610732436180115
20.102061450481415
20.489342212677002
20.629272520542145
20.480718970298767
20.636914432048798
20.6939395070076
20.822298645973206
20.46625131368637
20.821300268173218
20.68496596813202
20.45668852329254
20.517006635665894
20.84329468011856
20.72806590795517
20.675057411193848
20.647903740406036
20.882791578769684
20.564989686012268
20.858989119529724
20.798330426216125
20.563160300254822
20.58858960866928
