0
0
42504
26918
33793
25020
24434
35926
39603
26143
26631
27922
25411
28404
32029
29216
36379
35417
26315
30819
28838
30975
34907
26497
27339
24306
27998
21358
28236
32611
36015
48305
41103
22561
99200
52460
36908
45309
35208
32706
30773
25617
32505
29526
32590
31836
31111
29812
30885
38903
33737
26713
32814
33507
28418
37206
26953
34510
37789
32415
34964
39939
39914
32530
35354
31279
27335
40971
34807
28804
99200
45020
25922
32907
23175
34086
27616
44813
35635
33205
27911
32032
32109
44210
34510
33311
36405
37508
32131
22630
28429
33609
29515
42816
35048
34828
42804
47910
43708
39844
28891
34308
30928
36029
33760
41446
99200
43125
37897
40153
41826
30310
42427
31729
34256
39457
40314
35551
33457
30244
33607
38489
39983
36962
38125
38408
38769
42918
36980
39496
48707
33153
31238
35678
39374
35424
30433
44787
40105
33566
31624
33087
48229
99200
48709
48224
33632
47223
50737
37924
47810
32708
39936
39745
43907
49662
56534
43043
49219
39171
46419
45327
43408
43428
45878
57282
46612
40577
48759
37614
50433
45685
50635
50233
41531
59309
53589
45566
58604
99200
49624
55242
53159
47728
54715
59732
57615
52523
57117
63137
57237
47521
61414
52410
68205
68107
60716
62541
59729
63840
70610
53539
58636
63414
79310
62915
66411
70232
54250
63431
71603
70120
69612
76014
68412
99200
72513
64125
68037
60370
57108
56129
70614
76107
62614
64212
78019
61604
71409
76205
58715
71505
57513
56726
69740
71907
72707
64364
65935
67110
65314
61908
70107
70409
72310
72009
73507
76818
64307
71710
80902
99200
87837
73606
72221
83107
75446
81102
74741
79405
72209
74804
85507
95500
85906
79106
87913
74515
74703
83603
74643
69932
76808
75220
67136
79405
80708
78325
84705
91002
83213
83707
95700
95200
90414
77717
79005
99200
94901
88402
91313
77325
81328
88306
86158
71521
79732
81556
91400
94800
83308
76515
72534
73621
85604
83533
83209
84857
85202
90500
95400
84909
85814
91601
93333
89822
93401
90738
85402
79431
79426
78433
89402
99200
73561
75104
82201
74922
74821
78304
82405
74629
79405
74107
73407
80710
84202
75918
64324
74529
75207
70908
66725
69712
78004
73834
81702
79805
74706
80204
74206
70305
71409
82201
73422
78402
82402
75211
82002
99200
76638
71444
68153
68312
68933
70875
68405
68006
64220
58809
63925
71728
79122
71429
69406
69911
68109
68104
69205
70607
65611
62312
65650
58217
64309
62034
67222
68717
55124
71310
61247
63516
62529
54880
74903
95111
40230
32824
37510
40309
27311
36317
39306
43416
39516
38063
31609
39740
47111
47698
40815
31617
31013
30509
30918
35819
40810
37226
42718
42618
40807
38211
42816
36217
38637
44423
38116
34527
42510
35114
53903
99200
59819
51234
48714
52121
54220
53521
55208
49422
46510
49110
48012
49810
52823
46013
53728
56913
45122
43343
39025
48806
49804
59511
60812
42422
41913
55421
57924
48602
61407
50414
51907
48012
51513
56622
72403
92801
52901
51465
62942
63806
52214
59745
62819
55116
54013
56121
74522
65015
61209
56007
59109
68109
66844
71605
61655
67605
65117
63705
73772
62709
57076
56428
59924
67831
71705
72010
60907
65222
66350
73815
79006
92701
71917
74909
67980
69229
61918
75105
64220
64509
68120
69217
76428
72512
81403
74507
72211
72605
62209
56409
64625
78980
73111
75914
75604
59110
70614
74213
75911
85201
71421
72707
78108
70552
74115
67922
73623
99200
97208
87610
90001
95800
96701
90703
89301
90010
91014
87209
90405
90006
91903
89710
92601
95301
85603
91700
96046
91405
89701
92601
92901
94000
91111
88602
88501
92004
88506
93402
99200
92006
87810
95800
95900
99200
89806
90302
99200
95100
95200
99200
99200
99200
99200
95805
85608
84604
96400
95303
89207
95101
89202
92300
99200
99200
89016
91402
99200
99200
90805
96401
99200
99200
91308
90601
92804
94336
99200
99200
99200
99200
91002
87802
89907
94900
87606
86804
83711
83007
82310
90002
92303
99200
91500
88911
89604
92001
86805
82515
95301
95811
88403
85606
88404
92712
96701
95100
95300
96601
97000
99200
99200
96001
89609
89803
95700
99200
85602
91401
95300
94600
87802
81903
89701
95000
91558
84108
87601
92301
86704
85403
84609
86502
76007
83522
85564
83910
85107
88106
91505
90102
91101
88801
88001
88801
95800
89500
90500
85403
81143
80613
89801
99200
99200
99200
95200
92303
91596
91102
99200
96500
96600
99200
88104
86701
90800
93200
95901
91611
95002
93716
93502
94501
91806
99200
96601
96900
99200
96202
90405
96700
99200
94603
93001
93801
90001
89101
93400
99200
85611
92301
96300
99200
90715
93503
99200
99200
99200
99200
99200
88603
85705
99200
95502
96001
97308
94910
99200
94500
96300
99200
99200
99200
94500
95400
99200
87567
89706
97401
99200
96400
93002
95801
99200
99200
99200
99200
99200
97200
97100
95506
96402
97407
99200
99200
99200
99200
99200
99200
95700
93001
97400
99200
99200
99200
99200
99200
99200
99200
99200
99200
99200
99200
99200
99200
99200
99200
99200
99200
99200
99200
93101
91600
90103
95700
94602
97200
95801
93001
94600
93300
93700
95300
99200
94604
94300
91618
99200
95902
92303
86898
87413
94702
99200
95300
91409
91304
90402
95007
94500
95300
97300
93302
93504
97100
97500
99200
99200
97306
96600
96901
94305
94000
94404
99200
99200
99200
97001
96903
94401
93303
97700
99200
91302
92303
99200
99200
99200
99200
96113
96605
99200
99200
99200
99200
99200
99200
99200
99200
99200
99200
99200
99200
94200
95102
99200
99200
99200
93611
92401
93504
99200
99200
99200
99200
96800
97200
99200
93106
94010
97500
97202
99200
96300
96900
93801
94003
99200
99200
99200
95906
94217
93802
93802
96902
99200
99200
99200
96100
88903
92500
92303
91405
92008
87501
89400
86805
97100
86803
89700
90103
88401
85905
88611
91821
97002
94001
91602
88811
92210
95400
87319
92205
94904
90400
84305
88921
99200
91600
86104
88305
82519
87188
96400
97200
92703
91606
89303
84696
86805
89608
88615
87458
88303
87407
81809
85423
91106
90500
90802
92700
87403
88212
85920
80977
85733
83726
89608
82950
84439
87103
88304
90413
92500
90401
87713
87806
90810
91207
95300
91102
89313
85010
78489
84038
90530
84424
85125
91205
85067
84402
83730
89597
88405
89784
88704
78297
73472
71813
75674
79133
76318
86699
84767
85356
78573
76977
80527
81239
80022
75616
73345
79316
83140
83540
94301
99200
92113
92104
92903
91700
90909
86202
84215
94712
89706
90511
93110
94101
91207
97500
96000
94500
89907
90928
94902
92103
94305
92203
92219
95700
94702
94200
94400
89602
88203
90208
90902
91904
93701
87904
91201
96200
89806
89202
90002
92900
92101
89307
89411
87747
92110
94000
90201
88902
80814
82043
83804
87981
88123
81932
86101
84146
85902
85602
83155
80964
83591
91412
94500
92205
84002
86604
93203
86402
85120
89301
90501
99200
99200
99200
99200
99200
99200
97501
99200
99200
99200
99200
99200
99200
99200
99200
99200
99200
99200
99200
99200
97505
97114
99200
99200
97331
97300
99200
99200
99200
99200
99200
99200
96800
97001
99200
99200
99200
99200
99200
99200
99200
99200
99200
99200
99200
99200
99200
99200
99200
99200
99200
99200
99200
99200
99200
99200
99200
99200
99200
99200
99200
99200
99200
99200
99200
97301
99200
99200
99200
99200
97000
97600
99200
99200
99200
99200
99200
99200
96400
99200
99200
99200
99200
99200
99200
99200
99200
96800
99200
99200
99200
99200
99200
96800
99200
99200
99200
99200
99200
99200
96902
99200
99200
96900
99200
99200
99200
99200
99200
99200
93801
99200
99200
99200
99200
99200
96801
99200
99200
99200
99200
99200
99200
99200
99200
97100
99200
99200
95200
96900
99200
99200
99200
99200
99200
99200
99200
99200
99200
99200
99200
99200
99200
99200
99200
95900
99200
99200
99200
99200
99200
99200
99200
99200
99200
99200
99200
99200
97602
94205
97300
96801
99200
97600
99200
99200
99200
99200
96900
99200
99200
99200
99200
99200
99200
99200
99200
99200
99200
99200
99200
99200
99200
99200
99200
99200
99200
99200
99200
99200
99200
99200
99200
99200
99200
99200
99200
99200
99200
99200
99200
99200
99200
99200
99200
99200
99200
99200
99200
96802
99200
99200
99200
99200
99200
99200
99200
99200
99200
99200
96600
99200
99200
95801
99200
99200
99200
99200
99200
99200
99200
99200
99200
99200
99200
99200
99200
99200
97402
97400
99200
99200
99200
99200
96401
97429
97000
99200
99200
99200
99200
99200
99200
95401
99200
99200
99200
99200
99200
99200
95803
96100
99200
99200
99200
99200
99200
93105
99200
99200
99200
99200
99200
99200
99200
99200
99200
99200
99200
99200
99200
99200
95513
96300
99200
96002
99200
99200
99200
99200
99200
99200
99200
99200
99200
99200
99200
99200
99200
99200
99200
99200
99200
99200
99200
99200
99200
99200
99200
99200
99200
99200
99200
99200
99200
99200
99200
99200
99200
99200
99200
99200
99200
99200
95901
96200
96500
96301
96401
96600
96805
96500
99200
95900
96500
99200
97201
99200
99200
99200
96204
96300
96408
96800
99200
99200
96000
95701
95402
96600
99200
97003
99200
99200
96701
99200
99200
99200
96601
99200
99200
99200
94001
99200
96600
96200
96001
89505
90802
96619
96201
93202
93400
96401
93210
91701
94004
87805
91101
88775
93903
89607
90810
93501
96100
96200
96500
95400
90205
94100
94402
96600
99200
89711
91302
99200
94601
94902
87004
87315
87902
90704
89702
94101
87624
87918
88706
89605
95809
90137
95100
93143
84509
89604
92001
92801
96200
94201
93604
97200
91603
89809
90703
94002
94500
92802
94600
91612
92101
95702
92702
99200
95801
95900
93601
93701
95500
94200
92502
93100
94100
96500
96500
96100
95103
96600
95200
95300
95201
97200
97400
92605
94700
95900
92215
93701
94005
95100
93502
89602
93303
94302
96200
96200
97200
94202
95502
99200
93701
99200
99200
94001
93700
87633
90315
96900
93903
96910
93903
97100
99200
96501
94707
95000
99200
96829
90811
93401
96608
99200
95719
92402
91402
96900
96600
91905
88149
87806
93132
96710
99200
96301
94201
99200
99200
99200
99200
99200
99200
99200
99200
99200
99200
99200
99200
99200
99200
99200
99200
99200
99200
99200
99200
99200
99200
99200
99200
99200
99200
99200
99200
99200
99200
99200
99200
99200
99200
99200
99200
99200
99200
97300
97800
97101
97700
99200
99200
99200
99200
99200
99200
99200
99200
99200
99200
99200
99200
99200
99200
99200
97401
99200
96600
95600
97900
99200
99200
99200
99200
99200
99200
99200
99200
97501
97400
99200
95403
96101
99200
95500
96100
99200
99200
99200
99200
99200
99200
99200
99200
96400
96200
96200
99200
99200
96131
96101
99200
99200
99200
99200
99200
93602
94000
99200
99200
99200
99200
96201
99200
97100
96600
99200
99200
99200
96002
96800
99200
99200
99200
99200
99200
99200
96701
99200
96501
99200
99200
99200
99200
99200
99200
99200
99200
99200
99200
99200
99200
99200
99200
99200
99200
96100
96600
99200
99200
99200
99200
99200
99200
99200
99200
99200
99200
96901
97100
99200
99200
99200
99200
95600
96200
96601
97400
99200
99200
99200
99200
99200
99200
99200
99200
99200
99200
99200
99200
99200
99200
99200
99200
96244
96601
99200
99200
99200
99200
99200
99200
99200
99200
99200
99200
99200
99200
99200
99200
99200
99200
99200
99200
99200
99200
99200
99200
99200
99200
99200
99200
99200
99200
99200
99200
99200
99200
99200
99200
99200
99200
99200
99200
99200
99200
97701
99200
99200
96600
97300
97593
97501
99200
99200
99200
99200
97022
97700
99200
99200
99200
99200
99200
97500
97900
99200
99200
99200
99200
97308
97901
97300
97600
99200
99200
99200
99200
99200
99200
99200
99200
99200
99200
99200
99200
99200
99200
99200
95901
96600
99200
99200
99200
99200
99200
99200
99200
99200
94403
94901
93801
94700
99200
99200
97406
99200
99200
99200
97201
97400
99200
99200
97502
97600
99200
99200
99200
99200
99200
99200
99200
99200
99200
99200
99200
99200
99200
99200
99200
99200
99200
99200
95700
96200
99200
99200
99200
99200
99200
99200
99200
99200
99200
99200
99200
99200
99200
99200
99200
99200
99200
99200
99200
99200
99200
99200
99200
99200
99200
99200
99200
99200
99200
99200
99200
99200
99200
99200
99200
99200
99200
99200
99200
99200
99200
99200
99200
99200
99200
99200
99200
99200
99200
99200
99200
99200
99200
99200
99200
99200
99200
99200
99200
99200
99200
99200
99200
99200
99200
99200
99200
99200
99200
99200
99200
99200
99200
99200
99200
99200
99200
99200
99200
99200
99200
99200
99200
99200
99200
99200
99200
99200
99200
99200
99200
99200
99200
99200
99200
99200
99200
97400
98200
99200
98200
98102
99200
98302
99200
99200
99200
99200
99200
99200
99200
99200
99200
99200
99200
99200
98401
99200
99200
99200
99200
99200
99200
99200
98100
99200
96900
97600
99200
99200
95207
95600
95306
94109
95003
97200
97200
97502
97300
95006
97700
99200
94920
94706
99200
99200
97600
95800
97500
99200
97141
97204
99200
96900
97100
97400
99200
99200
99200
97200
95601
99200
97200
97401
97002
96800
97200
99200
99200
99200
97309
97100
94600
95100
95502
99200
96600
93002
93103
95400
97300
97200
97300
97602
97200
97201
95000
95601
94314
95406
99200
96600
94802
97200
95703
97402
99200
99200
93039
94500
94601
94600
85007
87405
86603
84506
89601
88706
86205
90902
93101
93602
97400
97300
91701
91201
92700
93800
93500
90901
91101
88802
94700
94301
89505
86408
86805
88704
89001
85505
85212
93600
90603
99200
93400
94001
88906
86229
88406
92302
85604
87005
94501
93401
93502
93664
93505
96600
88802
87310
86706
90104
90201
90003
89803
90003
96500
92801
93202
96600
84315
84509
93001
88704
91802
94300
96100
96300
94104
99200
95802
95800
91602
92205
97400
97500
95900
95801
95700
97500
97600
97701
97400
97500
97300
97800
97800
97400
97900
97400
97400
97400
97100
97400
93409
93806
97500
97500
97200
93002
90105
95202
97500
95702
96100
99200
99200
99200
99200
99200
99200
99200
99200
99200
99200
96300
96800
99200
99200
99200
99200
99200
99200
99200
99200
99200
99200
99200
99200
99200
99200
99200
99200
99200
96800
97203
99200
99200
99200
99200
99200
99200
99200
99200
99200
99200
99200
99200
99200
99200
99200
99200
99200
99200
99200
99200
99200
99200
99200
99200
99200
99200
99200
99200
99200
99200
99200
99200
99200
99200
99200
99200
99200
99200
99200
99200
99200
99200
95800
96202
96000
96100
96200
94701
97900
96000
96100
96201
96000
96100
95900
96300
96305
99200
96200
94701
94603
96306
96100
95104
98000
99200
95001
95005
96306
95900
96402
99200
96501
96300
96100
96200
96200
99200
99200
99200
99200
99200
99200
99200
99200
99200
99200
96901
97112
99200
99200
99200
99200
99200
99200
99200
99200
99200
97501
98300
97716
99200
99200
99200
99200
99200
99200
99200
99200
99200
99200
99200
99200
99200
99200
99200
99200
99200
99200
99200
99200
99200
99200
99200
99200
99200
99200
99200
99200
99200
99200
99200
99200
99200
99200
99200
99200
99200
99200
99200
99200
99200
99200
99200
99200
99200
99200
99200
99200
99200
99200
99200
99200
99200
99200
99200
99200
99200
99200
99200
99200
99200
99200
99200
99200
99200
99200
99200
99200
99200
99200
99200
99200
99200
99200
99200
99200
99200
99200
99200
99200
99200
99200
99200
99200
99200
96351
99200
99200
99200
99200
99200
95901
99200
99200
99200
99200
99200
99200
99200
99200
99200
99200
99200
99200
99200
99200
99200
99200
99200
99200
99200
99200
99200
99200
99200
99200
99200
99200
99200
99200
99200
99200
99200
91900
92109
95000
99200
95202
92407
93007
99200
95800
95809
99200
92101
92198
95600
99200
95402
91705
91775
91502
92415
91841
92300
92108
96003
99200
95400
99200
99200
95801
95705
99200
96100
95817
97502
94100
95306
93700
92859
92501
94100
93601
93600
87422
87718
92707
93701
88736
92900
85709
91408
93606
92601
91400
95201
91502
87101
92510
90706
90528
90003
97500
93800
87831
86811
94700
86506
87903
93616
88503
99200
99200
99200
98100
98339
99200
99200
99200
97800
99200
98100
99200
99200
99200
96500
99200
99200
99200
99200
99200
99200
99200
99200
99200
99200
97504
97700
99200
99200
99200
96701
97400
99200
97200
97300
99200
99200
94305
90738
93115
93524
97562
97300
93301
95102
91400
93961
90600
95717
95203
88804
96600
99200
89503
94300
97800
96800
99200
92500
91201
92605
95902
96801
97000
97813
94906
97700
97500
95103
88404
96500
96200
99200
99200
99200
99200
99200
99200
99200
99200
99200
99200
99200
99200
99200
99200
99200
99200
99200
99200
99200
97403
99200
99200
99200
99200
99200
99200
99200
99200
99200
99200
99200
99200
99200
99200
99200
99200
99200
99200
99200
99200
99200
99200
99200
99200
96301
96201
99200
99200
98500
99200
99200
99200
99200
99200
99200
99200
99200
99200
99200
99200
99200
99200
99200
99200
99200
99200
99200
99200
99200
99200
99200
99200
99200
99200
99200
99200
99200
99200
99200
99200
99200
99200
99200
99200
99200
99200
99200
99200
99200
99200
99200
99200
99200
99200
99200
99200
99200
99200
99200
99200
99200
99200
99200
99200
99200
99200
99200
99200
99200
99200
99200
99200
99200
99200
99200
99200
99200
99200
99200
99200
99200
99200
99200
99200
99200
99200
99200
99200
99200
99200
99200
99200
99200
99200
99200
99200
99200
99200
99200
99200
99200
99200
99200
99200
99200
99200
99200
99200
99200
99200
99200
99200
99200
99200
99200
99200
99200
99200
99200
99200
99200
99200
99200
99200
99200
99200
99200
99200
99200
99200
99200
99200
99200
99200
99200
99200
99200
99200
99200
99200
99200
99200
99200
99200
99200
97000
97201
99200
99200
99200
99200
99200
99200
99200
99200
99200
99200
99200
99200
99200
99200
99200
99200
99200
99200
99200
99200
99200
97000
99200
99200
99200
99200
99200
99200
99200
99200
99200
99200
99200
99200
99200
99200
99200
99200
99200
99200
99200
99200
99200
99200
99200
99200
99200
99200
99200
99200
99200
99200
99200
99200
99200
99200
99200
99200
99200
99200
99200
99200
99200
99200
99200
99200
99200
99200
99200
99200
99200
99200
99200
99200
99200
99200
99200
99200
99200
99200
99200
99200
99200
99200
99200
99200
99200
99200
99200
99200
99200
99200
99200
99200
99200
99200
99200
99200
99200
99200
99200
99200
99200
99200
99200
99200
99200
99200
99200
99200
99200
99200
99200
99200
99200
99200
99200
99200
99200
99200
99200
99200
99200
99200
99200
99200
99200
99200
99200
99200
99200
99200
99200
99200
99200
99200
99200
99200
99200
99200
99200
99200
99200
99200
99200
99200
99200
99200
99200
99200
99200
99200
99200
99200
99200
99200
99200
99200
99200
99200
99200
99200
99200
99200
99200
99200
99200
99200
99200
99200
99200
99200
99200
99200
98100
99200
99200
99200
99200
99200
99200
99200
99200
99200
99200
99200
99200
96705
96900
99200
99200
99200
99200
99200
99200
99200
99200
96806
97000
99200
99200
99200
99200
97739
97900
99200
99200
99200
99200
99200
96600
99200
99200
96503
96900
99200
99200
99200
99200
99200
97600
97600
