0.0
0.0
109404.05741117826
87470.99597601812
101239.99681132787
86567.9606157865
83238.03731369274
99464.55953498122
107512.14973042524
84277.77966689516
86688.24272296658
77605.30788559033
69069.31095031626
91245.21469683362
85147.98638764217
79477.3636232133
97397.73479316343
99463.01511964019
81123.93704568953
88920.9547312537
85481.26799106665
83792.45621065167
89511.12624116281
75925.01635092008
77995.05577122037
65172.24013469673
88153.043686302
55732.94819725069
86604.54455508103
90142.81917125882
90104.954729876
122004.45964334685
101026.96368464509
148617.62587181217
296937.12082847
119404.13538673735
94559.44760133009
105630.87398749644
100668.65196692712
81433.4993061345
84315.46703447677
86176.21328026033
87554.75640248913
73557.27144004301
83900.75450165087
78626.37228676304
81799.27482561675
85372.26318647215
83072.39421071894
90907.4935334287
95702.29956317638
80940.1293210646
89431.1763876705
79822.34391180359
75930.50299659082
95538.44191161667
75341.57331607297
79360.5659357105
98145.44148588444
86158.20833601526
91749.8734193704
105360.63814822225
98581.64192345674
86562.93309090256
91762.01829953192
89848.39402079003
84286.25641355946
104301.26438327332
84939.94839009276
152732.56482539154
297256.4489537543
108345.12562804444
66824.4513058952
81729.18922077646
64407.48716906323
93815.71032054882
88327.8477152375
99004.17517659169
85997.71028989767
80598.3563126778
80695.83000339796
80474.22452879044
91873.31460231102
108933.94133901266
88780.38299266194
91552.37594641275
102644.90384110897
96049.07171927705
88993.36161121918
72924.62938650364
78024.11587663922
97011.93217595901
98755.9171277686
118813.185352479
89263.57553333107
90486.65044884842
111246.74491156555
117167.12501264465
106958.66799456991
102085.3998431338
82606.0655865062
97716.18742807489
85033.76080948241
94670.34468915577
96154.4792645181
174885.1707330092
297110.37304214214
127389.70581471494
98335.01924361876
100930.71121167975
111912.72135390519
93549.70447164832
102442.48031600972
98652.3176333037
99206.17324995341
113317.01159687588
113468.08474435081
100211.34214655551
91446.96557956231
97590.54210128119
87998.91551086323
105342.43487160432
108271.28980050281
102571.6519306252
105434.01833501163
110535.32329070974
120948.96974607605
112016.48489937511
106646.08228345145
112450.59012551018
108024.7729961455
92639.30854209526
95616.31135954654
125022.465263496
105775.54585270413
99673.43132794151
92868.17452429161
117854.32295093077
105639.69309121792
101376.43753032129
94399.80635098167
103892.4690707825
246379.38548814767
248827.1686197836
129873.63813972456
128052.82439524052
107767.13930821497
122404.67380479138
132088.66582761463
118140.62743301585
120756.17029761772
97554.50010002607
107976.75715072747
108218.41954429413
122172.89876129314
141850.3371745447
141931.84937129516
131712.9644528444
130132.69284567736
114523.66440260329
122161.98746683274
109891.58702306605
122780.61127773345
114792.3392844657
114288.42871049113
128213.14330974098
109678.38170814005
134448.27856383225
123454.79276237333
118886.40170273595
117830.69983705896
137519.15807958343
122052.8828494453
127964.7362536637
111034.71202304165
142126.97738984897
122142.44957764089
119258.40236470329
256838.6833960641
240835.9973499023
134000.0547912132
151054.49243002996
141902.59107378713
131910.28732377276
139850.50082280525
149726.00631779854
146556.94654256277
137046.48789659614
171805.64079735056
155470.74226682342
146744.09574653037
130142.73419658712
142073.40530229517
152296.4967130188
172753.33156148574
167356.45977106752
171789.06042713198
163558.61921653818
157669.41860619537
169209.64978398583
167894.91368715113
165974.3276844794
156006.45490347513
170547.15815452542
183748.74426898165
160171.2834524491
179038.45019003743
169964.25414727262
155164.3977189549
173143.2233103318
181515.69371266957
176319.3701822582
172149.16889647237
174905.96708901858
266705.31707865733
250735.65999581467
182735.4979385614
178926.94467414403
174434.74548575582
149658.72392761247
156497.65688986468
147979.82938059108
180006.3283805958
194183.86261769466
162401.00031479012
181183.0483575836
196385.70130240833
169497.0091900113
189175.59853223292
198712.97088958247
168859.8322946721
179979.65843355464
159249.1004199298
163110.71333805117
187759.10630286162
199039.32161418488
177643.67281178033
170292.24100463552
176929.4790094636
197580.23501182868
166020.03596492505
165351.72703850223
187831.63959247782
200139.5008251064
193981.92789798946
190323.62878628398
193153.74223421473
183054.9634323338
186374.74449988085
196372.4943899487
279272.0019736103
264521.87459719914
219218.86549807407
194820.19680153127
193055.41443890773
217987.7941636823
199049.95503426724
229209.55834967943
198654.31817658944
202218.67061626725
188639.68569434562
194170.702308209
225640.59397470162
232596.4678133147
217570.8319752541
224806.48470506747
236145.57730496954
200839.66604707326
217075.07448338903
218898.6453997786
188513.58635794328
188101.42933707623
194520.66592023155
185965.01194479188
195055.89160638172
201516.38883051212
212242.99513409683
198678.04713803658
230036.7876928664
215217.8655342442
217786.99799608748
224418.06303948374
251387.01821974083
234611.17552684285
236441.6900212664
202810.61994272494
277205.2559610914
269522.5829440819
239593.45284803072
235325.13025982332
225097.10596420898
213458.57454595593
228442.3862154002
236367.57373476189
213987.72844299508
200795.33467790217
217019.60634621864
230155.05843937406
241635.4578274866
241264.05577783074
220568.65552045518
200042.7437614597
195366.4939449246
214876.80115947628
229117.06972934163
227055.89056243084
233598.63449663584
221051.1163202208
229866.20637693003
238498.0591543481
242665.46780357332
227256.12351648806
222793.4389543686
239843.62736600696
240306.60374329204
226655.48341003666
245043.65239905706
233390.79451686644
229931.39364981407
215997.54984726134
219719.2796254717
219224.47123632315
287659.94329844386
256189.9591021044
201111.74200008478
213477.95262930126
213071.89806095534
192760.40699345287
208788.2872315285
215135.38264912067
210986.34317802737
203828.0570917738
213696.56536584086
204159.68183575076
207285.12151217373
222861.24569645012
216291.53464458967
198794.45835187848
181691.97385879917
204335.8722178047
205765.04281355246
188191.66225452692
187787.24896789674
203893.6320693909
205644.93089739172
196339.00216493616
229953.74737426173
210779.99433968737
215426.06998782084
213081.5168218706
200224.49606397576
201803.14385906403
194120.9137129101
221728.33485788997
206934.2599130223
217983.8102219143
222024.20184824505
203768.0247524663
280029.1333079425
262219.2388081841
206752.70509812506
189214.7546121427
188879.71720759652
197804.14682418364
185473.26972623335
184366.5875404718
181830.62048745318
186004.25834115842
179863.29596391093
171629.77190411626
188291.36941130555
183576.23504820958
212063.88513137255
201534.30039128603
194503.13169592968
201871.45130171088
185302.53236579482
194343.06678740954
189777.9503021368
182073.69823019917
181940.89318507886
187320.13897165394
176299.1675796864
169279.03583838657
186604.2022094221
167856.4644335309
185088.28896068293
181353.20605831573
170003.94228932145
202224.5888629562
180072.6083118961
180363.02314271475
172368.98579244828
167963.9289284558
272526.9949909741
236310.68623051708
115692.31710704073
110127.37194583131
122402.54535580197
126841.32637239569
111188.9326365364
123916.37008181108
134307.37567950215
134331.3204723405
126622.91946640989
122298.0088547997
108087.09163984196
130060.28097712358
146186.47959303934
146447.52648632444
122418.8423514418
111655.59548428311
115264.08291049271
112938.4825641334
105243.45292875681
128432.78060580228
127748.46955245138
133415.09474877457
128126.2943169034
133996.40008347947
126903.84340482089
127708.61418816958
129200.10620800033
113812.11151920275
132432.87348346706
136969.8399673628
117185.85562890972
120004.19004893008
138652.17168419977
118401.83632217944
250961.7649663835
245713.478065602
177307.18748102436
149145.02148482754
144190.00140976193
161790.61747205417
143996.05351187114
154144.72654917036
157055.25100462788
155033.93385621803
134101.06478493926
154651.91953271063
143076.8934276912
154463.72955403375
150469.97602218323
140950.96709960754
163680.59058436516
171236.4204832335
140189.28923222466
141001.0199523637
130645.59664865503
136027.16639014895
155744.24604588232
173751.69723980266
170312.3370633968
131293.39085608438
142348.42964636217
169091.82579694773
169144.4115594343
146591.25981609555
165316.70656841662
158947.0803333756
149684.7511577131
159487.3338953054
165340.29777982627
169405.48840756656
269665.73441690195
243956.39472378002
156710.28145606696
163654.70029382894
172014.33526513306
175558.59949835367
156061.1093693095
182405.2943252456
172262.06492468985
170290.46468964923
156958.61324235128
174004.50761110123
198343.26278995982
173753.36496921946
184007.86348311085
171430.35323555025
195160.72300971733
201344.84792437262
191170.3441557477
192147.36291382968
181077.7750898933
197009.77515868144
176119.20954468736
194486.8459148259
201376.41792341095
175444.04595288957
170982.32673185057
157395.21339696442
184158.24266537468
197306.6974744814
205706.00172489215
183251.81335666473
180805.742435018
177297.00335029254
191347.8019719572
203913.4149496455
276116.0881388295
244123.5197445104
202618.84562020027
212232.49458871857
201872.265176431
189365.902404651
182622.4796111486
205883.52023281984
188425.05866436806
187123.46405179834
198007.99061316496
202076.66486291616
216656.20708559846
205677.1756750831
225488.76711725834
200159.6260200039
204084.03693843962
197127.47671353197
185022.98472424413
179515.7482225703
201309.36862377665
220390.40904908295
199338.53483509537
218714.34382878532
201257.52946075526
174722.25946270782
202867.21385942862
205303.1350512978
217535.57010211656
224076.85264650307
191235.0318084127
214249.86304458664
213867.82888815828
188298.25489082813
218386.53185743748
183053.6967429724
270323.9866214036
276120.84861275967
254806.53837925618
238652.58700893237
242622.04168860355
258458.06938886756
256898.8000808894
242534.3464056682
240338.94692617573
230496.4850371724
236136.11934709552
239483.3671343871
240611.88872674442
249229.61814185837
245127.82390552637
241487.4642578105
249013.9645466378
253048.31713749934
226727.4207400263
251414.6362766309
260460.44814882768
240586.166958609
248085.92276828445
247460.67554463205
244257.59065237961
244773.9507315572
255331.55881041725
231862.85559966965
237040.84066562078
236422.93789613424
245838.27492059537
257874.56241256103
264343.8732743149
237748.95907774087
243853.90945178637
250382.50548617882
292853.91554282396
278819.6969575861
238037.7956649612
250187.39921953084
262286.96037353616
252862.73552727912
250174.33623062813
265265.3208727772
262642.08320840524
259542.7895840686
267308.5126589655
256775.968473366
238752.7148770364
237996.44993506913
263089.65856875846
241973.5905027634
247376.94017532683
255296.19039568465
243405.2045152335
254714.97020842944
263991.1433928895
262070.71682479736
238134.85038103964
256787.42327448417
264500.11949915194
258911.72033505875
246110.36820517443
251276.49087467513
263445.1870781237
263572.1487136776
246534.4369969963
247989.27526822768
245372.01380282704
256391.44161980264
264611.2984961918
266924.31507643894
296273.2646007789
277553.65362873214
243023.65368887916
234013.061975722
242586.08778896084
253967.19192834035
245914.20422369678
225846.2103271899
230632.04285798152
228658.57532325885
234729.75692456722
240846.00480677056
254603.26520704012
257532.9513991013
245852.50628667194
239989.07464221225
239007.08346912614
247683.05279688575
230080.78330638492
238611.39358298245
256454.27280451008
250480.68034732642
242194.91291576656
237944.73955113822
243673.27243827458
251658.2929814071
259486.69044455685
251056.89393435357
258991.27436709372
257001.7729739471
257305.201588242
257982.16720353058
258364.87526211393
252968.59816319766
244443.86845221967
249927.99786436945
292696.59842044534
274243.2206258545
236018.6818090037
251954.79430269278
252216.648585193
254633.03866509956
233650.40353154336
230046.47048763026
257544.3913154907
253698.92203820517
235064.5994012651
234158.43969753775
239290.98181646582
242630.1704490407
235689.72021575194
233624.43011535538
231083.02942373318
235605.9352817384
204538.6525934992
236339.22780841816
229956.14172690205
235768.8199168566
236318.45668812425
246205.644626438
244836.17416328297
238700.03110270848
248217.88194896982
238959.86187809883
236698.0178112767
240819.95489727615
254385.09095648595
244174.69409679814
249723.80212485694
228779.74101278218
226060.53264980347
234706.40281385332
286589.6808902398
271440.62819909677
261299.09469248448
260737.19657525222
248276.66085371215
241648.6025924205
243861.3824041823
250625.96597832456
247499.01578021605
247266.8180657103
253968.72971348854
256974.76652782437
234110.4989056006
239555.14705339354
245636.09311279893
239959.32552742123
256273.60507083306
245384.09934204564
251013.72848102485
244515.12600134706
259715.57777111197
247862.57751778737
257323.91838417118
258873.05147395344
256510.40738378008
259007.67154529615
261573.27160447394
244545.5752872127
252476.6522836272
255621.29907455188
261802.52642030315
253286.12155274162
245770.91623559184
249391.93335750332
241858.71139068512
242233.5407206003
290031.11510499555
263259.5144669507
241586.5501231377
249968.63609585448
263425.22783704154
267304.6321358218
240962.82454781784
252080.00113057968
258756.00113707833
260394.61381518963
262269.0030320612
264483.13685041916
252475.9280881443
228501.53342345447
253099.23657618836
266749.48181796854
256912.04733263823
258103.8746309308
258552.31950345356
255977.12052395983
260941.5008292338
255006.38715599818
255975.78091516698
264294.1399053275
264708.08795316034
265658.15434504114
253535.29087988136
260482.2687551431
258245.57041588772
236920.82880972658
248680.31288534368
263067.37445055327
261679.3974929581
260974.87525231723
250420.65006031588
259863.4704458648
295595.32923154294
280504.5273875843
268099.6102020548
262451.7605437814
260461.02997509326
260872.82895853784
260077.68882507036
257217.40955185334
262002.69032630525
264425.85534708883
268153.64010045526
270203.3763876138
272471.25007928046
265221.87920245517
264819.3479350074
267771.58820076706
259433.9259738055
258355.35390139345
269313.4224398825
266915.45013638673
264540.2769323529
268485.67580651207
268674.4883920249
258909.18702250285
266339.98355563683
268049.8978202328
273720.39082854457
263734.6842411192
266602.43013517204
266934.8894151913
268511.37696860044
265977.4308450119
268993.7854442986
270746.50700599275
270323.5422898972
268414.20288397814
295788.3718103592
274513.146619539
248924.63264317202
247310.94373278442
248005.34487782212
255760.46643168712
253069.97612550948
262684.48486999975
257524.33692182973
256543.73344100785
251338.5328889028
247681.6597859317
253879.7241869759
263636.71681801334
254682.55136582785
250029.49532238618
247221.21349868499
258478.53915438632
269825.90529363556
257865.05709729236
257188.446919867
236955.64661697164
252227.1769307924
260318.20709138105
265895.04055882705
255439.93231574778
253229.19392915015
253637.73640449205
251556.87371152767
257802.0413092289
253286.6323153595
253509.42846326026
265413.0127548002
251070.04676293142
258636.02105559438
250967.12061687378
293460.5966080073
280223.6105864097
265310.87153115834
263625.18878499523
256311.5588606875
264823.02059164963
258391.6812851459
256472.4868102556
255876.86318255877
268627.96569341194
266677.04009279894
266546.30800900725
258215.41352275148
263761.0936789322
258961.7813028851
256851.35685160052
263655.3874695823
260988.87300338125
242924.99830378292
258514.03389843946
264850.88706312864
265241.6258484648
265405.5123492051
264378.49098151666
258615.07687320988
262130.3943282948
249898.28613120827
270972.9067793654
261685.1578963532
262880.30734628544
262460.3620833837
267547.6239680384
267249.5253517056
266367.0506488992
265011.55987541855
269124.4012230716
295409.17119818396
279966.61374169297
253179.15295296488
269314.6620991165
266740.8200829316
266423.5941305879
266751.0415210261
260791.72165351766
247429.47323319712
260745.54372219782
270283.4911036919
264673.00659664534
260587.04021787
265997.2808966705
262231.4840269145
264004.15852493764
268683.3614524556
258416.87698806624
260139.06643184202
265811.6365704591
266641.10230611573
267341.67579029186
264113.3048456471
263327.3173458338
259267.0170274305
262304.8532614154
266787.26137408207
264944.04480768397
267685.8292934125
260072.47594322677
261010.07622443602
258807.45826077813
256797.05887588675
267617.7888477942
269286.755118835
267323.64190405986
295164.23498733214
269380.4250106026
242039.7775924647
247751.36404013177
258134.5910371719
244304.13936394328
246525.73421018364
237295.2866711021
241321.35981384866
247396.482939968
257651.24737858697
237688.3684859807
241714.3791193342
247834.79627186622
237795.55602934712
236732.79738933858
240133.76953538603
249960.64549866013
258862.03857678582
253274.88494676223
248143.4141085343
246948.82612719078
250925.68742098656
243745.26145220496
242332.5038888069
249344.42620944942
258851.07120775845
247136.49074578605
237659.21859334316
251237.17603279912
263501.86945830286
248771.6027233252
241711.4463942033
240432.5746318028
226262.82748881882
244556.07389533342
291795.5336151435
274286.60495309054
248223.1445893934
248445.49826555146
236104.1452568206
234499.71837471338
229996.1278408474
242682.76778935408
236741.71133966913
226869.8927038141
235523.48168354525
236677.7407568716
221138.15933340075
234519.74079271147
245159.52094158265
241432.24256450543
243461.12406753938
245778.1673054404
235406.9855220366
238759.7145067038
219192.34263471284
232316.3958681548
232362.5459216479
239347.62108502354
240752.0939819261
230397.66777985787
233198.1466458499
238260.1284373318
240974.88774740574
246390.68459003014
242880.41223451463
239587.03707525617
240872.39164419763
241691.39664529232
254396.71490126563
244781.94913220088
290700.05913439934
259269.33897650658
233968.13290990412
225499.22080231225
219182.9579527528
232079.68526418172
240961.78469716414
221746.44425844823
240570.2437197594
235269.07635210323
234891.12791564342
229382.55615331748
232453.98089826526
242063.46258598333
233256.08440104587
241833.9386592557
235549.2266871044
218439.23379296972
208788.94680546492
200598.27940526363
211494.3880814101
217903.34388061208
221593.1802694449
230191.6871951551
238048.30906910048
227297.37526869957
221637.3831149871
215501.17582026735
218395.39327438525
231809.63175048245
209997.12815807646
207096.8774780897
209042.00290984137
211571.64118483756
222038.77329704692
233577.54208544325
289426.10405638936
274424.7522160846
245829.50683160135
253035.66365056424
248332.8536432583
246808.47258012756
248482.14956614535
230499.21177688372
243226.95701528588
253407.28808689435
236038.27246368435
241118.21482270802
253712.5265021023
248232.63668898947
239720.9937596946
257472.29141455208
257110.3871990757
250877.9270222792
243456.81914737078
245678.64338815457
254675.40580343094
244985.49333058493
250376.18522509775
243959.92566347786
241046.31043269683
253443.3013677019
254438.20603777617
248937.3717965631
245015.5773406836
236572.5403004177
241754.9878746838
248185.39798876643
246074.8030894937
242841.3360497505
244429.5737161115
239198.57340699964
286527.02625645744
269089.8842446426
238722.84097184116
243241.2021990518
236741.67506785225
251735.0960959987
244096.69384774647
245063.45801177766
239743.82507963106
244212.54223151237
251588.9985164714
247406.0019239753
236273.18856204816
235930.90794490237
221404.1073129228
229461.1467588098
227321.69845544134
227100.49897803788
230503.55293685978
226536.9153205106
222972.4808390604
231873.91703230405
230195.12349901814
233951.4875492313
223935.51629374392
224191.71987605855
216092.89058763918
236633.10384564166
245251.83574943457
243205.44336501107
221378.69683815778
231792.10791429173
247876.80622609053
236040.89478659644
235059.10459288806
237161.56848467613
285808.1790485836
282865.3915075643
272338.64867929986
272626.70938834635
272477.4012421341
271527.7061695713
269319.37284997274
267772.0639004905
272409.67160869145
270334.2159410884
272843.5784587121
269337.29869135923
272449.54902260005
272624.8139227795
274529.8613973212
277206.5723328544
274476.7008285861
274013.49430018815
275963.16114596167
273298.9636272656
275268.63512044196
273831.6163889691
272619.4823656886
269294.5342794173
278131.04848183284
263448.44059768907
267905.313915884
272677.74505492335
274077.2644073458
273282.2762539931
270454.25081608695
265146.203873293
266317.7609924125
265830.9293781397
271359.7405106898
273616.2125649405
295146.98369485716
286434.21887585265
275412.5399252036
273134.87636542326
273467.60886872717
270681.3974941946
273246.683519482
277254.31624130736
275888.4339730907
268611.4067855594
272992.0345842068
270349.5708497844
271750.2466071604
271934.0791515892
275043.83536477457
272551.13757147326
273163.2859042052
274659.07023626927
273864.2037048266
271118.23877093755
273407.5453335496
268416.8253226912
274749.26246521174
273153.1112305953
270712.1500474342
270980.6875713572
274054.4132856075
271055.99589201936
274035.90691225353
271370.9937209233
270723.6859833942
275056.4807591844
272408.02344819333
268603.91731657455
268453.8711953431
271818.9920111923
293085.6202595929
284707.3200584551
270538.1223520564
269765.91293862433
265505.2739582635
269442.5597717931
263829.8184166893
266588.27896993834
276532.6789786839
271599.2723758114
270432.79502615426
270463.39645149687
268958.31616757147
266525.07022256014
267156.12203899183
272210.3239516829
268572.6243980196
269907.29274816107
270806.7667904781
268830.6733728859
273649.715279744
270423.92281075
262441.64045188285
267832.8350881417
267227.04808715405
270178.6253842476
266486.30936463794
268709.4160663947
266199.8813297586
268293.51500698825
273828.6478420761
269654.73892063176
263353.7040963629
267007.6938398645
269355.23071242095
295044.0522196955
295097.1899241316
285075.1265126755
266402.63010318665
260356.58498121626
273612.83124485705
272359.4642167039
261667.27317469864
274120.23824289185
272236.7214128629
272544.86237091577
273294.3841197933
275986.1027844782
274138.5152102063
272885.67761015444
272460.9579691198
273381.2800268917
273568.0309073133
269791.9276509211
268568.02653026854
272814.36888535426
265800.6962767477
257550.39253248848
271543.61836694216
271472.7947083136
273183.2212713689
275101.9104698471
277718.82290616457
273212.19601921964
273704.15294316376
272655.05416692636
273448.52306749375
267367.3978138657
270666.5172365819
270252.1131663168
272483.0219608908
294713.8008552792
282613.04862864484
283346.4038012985
256995.72485705742
266884.72045566357
273054.7571633498
271425.2839578956
271199.017819817
270663.3923008288
269927.83971788053
270992.207438205
270637.2882017321
265305.0615979001
270320.89720648585
272459.64361908496
263688.97825743194
261313.9466290763
261725.3470032439
266794.37120602623
269098.5804023005
263145.35472084366
265558.772282995
268260.7699883443
271479.29852905177
274018.6460116752
267162.7389861366
265612.4170677876
269332.17815056274
267197.675196673
272734.81123712834
269538.39057644387
265312.8402274798
270851.0294303954
266688.6013107653
268857.1616468201
270044.79826379963
294401.21619326016
284528.8560331084
273178.4430362724
268082.40880004375
270634.5423194969
271337.72108130984
274020.9414405705
272496.54582623596
274501.4295380717
271072.0973109537
272233.59299766936
267783.01795962336
272469.3306174833
272424.5411609543
271745.8510976982
273059.86514973483
274673.6575519127
271656.8299374662
270011.3893154458
272642.8871355808
269923.76713069546
267697.3962768537
271641.72190385027
270664.06235595
274109.09649771976
273136.2956355915
275782.4518929805
270010.56770186557
268086.717465766
273687.9023877499
264079.7265793157
274027.0004173492
272341.338773692
272046.7108653183
268908.36359389755
268414.02180352213
293713.295061133
288261.5917243815
274411.00023428316
272321.70674865163
279415.54752646724
272424.6546711617
273765.10742451664
278730.42740161775
270176.0768817087
272575.0018337281
276996.1794226189
278388.50419868465
274564.0801059465
274061.9601098647
271325.6373399713
274692.1792425534
275936.21387712157
276596.47498896107
273192.27472879546
273702.31526860216
274608.3668021648
279400.5111975596
277036.49185908335
278407.0702085301
271435.2042827994
275011.9871316742
279520.2445180906
275718.72403295577
274067.82440325693
269740.50712259073
273887.0545919006
271184.2814612846
274472.32432576694
278254.10233365395
275847.0101459796
276077.367579773
294399.2031447235
286140.3120629454
268117.3845656882
266493.4021525989
266232.04829526297
270873.93429551116
272075.599206039
269785.9857779868
270691.82160027337
269838.71749757655
264434.1626185332
265619.65127859573
274612.0574588226
271994.70114177617
272642.8159889015
269110.29560998623
260936.4452174188
263031.2158830542
275516.582608323
272173.6743790931
274115.8641017672
272596.22586051974
271257.073734332
269773.9567679121
272108.51895994315
266035.7705531294
271276.84378880943
275456.801522432
269786.7846724334
272697.70551167097
270036.66713852
272266.3324930092
263725.3872067845
269690.8677112925
267795.72073712735
269356.9815685824
293776.9736711728
286445.31734305585
277447.6404073968
272388.57558087574
274939.3880511161
275525.74249823426
274002.16259053745
276604.8592924163
276575.53676880646
275055.47112133057
276799.9584334329
276431.01143443596
274214.11090520816
272694.85641604767
276400.5359297354
277320.71390400175
277984.0465825702
271652.90109207906
274312.3941958023
275885.3467542899
273289.4966192098
271867.598796923
277814.2817535295
274747.0068644686
275276.22786753584
271585.2488176982
274507.1423342147
274866.26411531377
272868.3820634364
276773.32607045746
272188.0542596604
277940.05316292116
273157.9128142268
273554.2299287667
275901.19065298594
274771.1981765253
293229.005969792
285511.7241989023
269782.45377218875
267430.46360915765
265918.4906553095
269055.01045827207
268842.1657925401
267872.28569295374
270234.75921373983
267783.2810797392
275361.9821973525
268427.630251719
271096.7010857968
273531.6307112105
272856.22926427005
272614.9888652078
277534.38601812033
271172.5853134236
269384.2098819943
271723.39358335204
271231.7819265452
271503.95669802814
277906.0065895808
275126.25576535444
267547.03079343506
270913.8672146401
267001.43960105255
271732.3442822344
272099.43576902413
272557.34942701337
273137.2786007828
270236.5771455993
274432.71174785343
274475.7664240775
269677.3213632306
276448.243389171
291289.488922805
283867.26482783374
268768.48207383265
254204.78598019065
261754.7508055817
265873.01544623845
260509.4492883608
257794.51226992471
250401.3429444327
239122.33324076596
254148.30938684885
264328.8486931508
260546.095444691
252260.9146989511
254614.77205140528
257819.12728671925
247515.17606945458
254913.89893283887
251530.32333202922
239824.32621802588
254276.33308128495
247508.8216986963
254231.4265500278
246054.37730743882
252814.6772876415
258977.52602514124
255406.16505790595
259632.8719497395
265798.1325391611
259710.30237332862
248726.0807954853
258276.09944057112
259719.37887861033
267429.7514268869
261635.9127385293
248744.49658996574
284140.39199357294
284558.7505561452
257705.56783378913
248735.30911402276
237878.2589295069
239021.25504380144
242185.87082113963
247950.20469865922
250288.66629416126
253637.81649336652
235304.62743711015
249861.09603156164
237667.74880704226
254036.57703045386
251101.12112138362
250518.62309289168
259213.1357992609
249704.61799874544
240185.10378455668
249218.32600789555
246439.26907610995
255451.14990051094
258839.19590719766
255945.82509350186
259030.67751595893
259920.74402732064
250273.54822910533
247601.93206017985
249085.53744048657
246273.40364143328
257306.95735380045
254816.23564074686
261831.25022407086
247332.89511626115
255585.66447349015
255684.97796731742
286072.4911066003
286293.04458974383
265090.57005434117
262038.22734229424
257133.71725952113
256228.5466916074
254034.93406560834
259074.29619764053
250173.4139311797
253539.90411223072
255228.9712897873
264080.2908095596
259007.25044212732
253660.54120941382
259064.2083962464
258212.18709240603
252315.3152933964
257057.15228965806
259268.24119891497
262833.2408773702
263620.2882562615
252332.0196051946
258205.20533016507
261180.74420501053
249243.4437040006
259071.69476285097
253683.69099093878
264421.1653444366
253251.63556988497
250093.55928833268
256629.10248249516
261288.8686110813
262460.2340180369
260801.114015482
258612.97046304523
261350.87153455883
289134.8622882186
286886.68713741144
259315.36311642878
270309.9360270005
263850.36775295046
253280.79673000146
241115.2585622804
241833.6537314578
252126.88149305087
255526.68665366885
255742.06327147875
261694.60774297712
254295.4850085362
265355.2720569357
262697.7022363225
259445.6723519471
256339.61803631048
263755.2567127925
266821.0653433519
265740.43279548537
250724.68912704554
251711.2373792841
259296.8673441861
264106.32998725405
259662.55363650422
243977.03885209313
255311.9670873055
262937.7681265546
253743.92529152162
249921.61868544843
236549.84271633203
245611.82249165935
251920.48142294955
265354.4689622977
264112.74473674316
251505.8611300225
286566.0182965555
289839.27260440885
279067.617272572
279414.01322900003
273700.9206087837
274799.3793304949
276526.8880241056
276051.40772636357
275764.81594507257
278597.3096640828
277593.0061994117
274486.76661351864
278191.3728205908
280731.44580005226
277459.3084011691
275720.05726716586
277338.9879136352
280764.3725916783
278670.27757654287
278651.05357957655
283713.57737520564
278628.8845925558
277781.3808293845
275679.60870868416
275491.2548184784
278944.0202287845
278273.5897430713
277959.7357277785
278512.53459482593
279809.48736992764
279772.957459965
278679.0197632048
279480.76731955516
277214.57201379637
278065.67377327086
274096.80352060363
293097.8014707683
287782.6967744202
276475.76565444143
268365.58562057506
274845.1688481421
269880.3246034371
273081.21848798887
277291.3030673748
275195.1390165799
277085.1855918001
276304.510281376
277100.47725784703
275955.3494598422
275143.890957969
275978.0035188941
274426.57341062505
277988.77320612123
276498.2340232523
273254.5906553726
275490.35964824125
276133.2392878989
273277.5811758896
272548.9893002097
276383.25395369716
268504.1323832389
270412.56742703036
275167.04908288695
276223.17551720055
274130.17111286166
276510.062812839
275857.31028943916
277407.05944018415
278039.71620298445
276612.8397308252
273285.95445094997
270735.822188586
291480.34019714076
289161.4575465027
268283.51000432053
273783.25475783955
272711.78413644386
263784.35483218817
268986.71416634135
274432.14494734554
273545.3594961136
273699.8112574514
274438.95013548457
272433.33376496023
274157.00975302677
272824.2247922851
274049.960870012
268930.62714487466
268237.8339477696
271371.4775366825
276362.9976463668
276139.59669140313
268695.5986135424
274428.89706380223
275923.8561916534
278016.68279549526
272526.3945982482
273179.45709748176
272133.98392901185
259009.12763486098
264585.95963698946
277854.93983634445
274546.0883014878
275420.0027854874
272184.925731035
274730.4838728892
275217.6962629046
267287.709415284
289286.38325169554
290014.12426397175
271197.7626837883
271863.1974062577
262700.4838461629
271477.0811688976
273396.2135313395
271385.1481855791
271408.5988277041
270781.19499444385
274522.30819043604
273604.79028819775
267524.7337223743
268149.9263172974
269724.2037737516
273116.302850481
270505.7464609419
269331.9666505267
272143.43972020975
273507.66439225787
272440.3354948578
271830.088211004
270758.53362650314
273403.1010156641
271624.44238899986
273648.9340154025
273133.47759716655
270807.40847749746
271374.01014647447
275327.98461219843
272423.254021145
262434.66330416483
267140.49334660586
272696.3933745431
274571.4128584025
273467.4463722021
292397.81863919954
290811.69245476276
266852.00807197456
278656.1934722701
271508.87702512636
270800.6196664112
272335.52687327465
268418.2664076698
271089.18449200864
272427.2903207025
273393.2900763005
273140.87005869584
269307.4473543068
263853.7178914409
268265.65285610274
266884.12083766103
267328.6594013378
270755.47276087635
272724.80733276147
275287.79543479416
272756.99659123184
273106.64811112365
275992.2363761426
273642.5900138027
275652.6369974544
270247.9003565801
269240.12135805166
270445.92581614945
271951.4093002396
271620.8420544552
272167.4934659011
269675.95848965907
272324.01835752535
266981.8901365622
270397.5608283997
270579.76085373946
292029.6908866612
290135.9092510958
277389.7178470986
278123.34320759657
276732.7317996952
280033.3786356789
279057.5377618567
273431.655944537
275248.1132970439
273218.6303961982
273463.9698035775
276396.73768452555
276312.6780391991
279673.4231440849
279174.7702870552
278543.67368025496
276723.1310386823
278790.34737729945
278992.39207996166
275333.0875833823
279631.46087800886
278514.3864483836
277623.0112454433
279536.27063278353
277068.44362419774
276579.7034179153
277538.49714342365
273938.25321577577
272482.35197081865
275496.4857267381
272905.39084199024
278134.4612658703
276663.79513129854
274620.05311765714
277469.35845870356
273179.3314176427
292848.91096055927
290524.57286714873
277204.24366318405
277548.73429114267
278059.7124172403
276611.41868660605
268702.75051718723
275804.3214817684
273323.44708204136
272094.0939778236
278646.37859202817
275554.78205418075
276227.43587908684
278256.00647106976
272624.275761237
274966.67103980255
277940.2275459545
274861.4689443369
278082.2069174541
274863.0010039269
278751.71275357885
268881.6145844122
276127.63276491436
277398.2631209331
276906.09043833276
277805.4524374558
273631.266961736
274741.08092251077
276882.37952232145
271038.7657438473
274553.1994963929
271065.38461463386
278697.74341699755
279046.3005395457
276614.4740889454
276215.54697320284
292714.4800501607
289722.45050042815
272112.51808960276
276399.07789902925
275150.1647154878
270859.1697651331
273497.53427479835
272334.84214802866
270660.9168885226
272226.95557769435
262617.5505202344
274675.288341352
277496.47110561933
276999.40091214253
274295.2076626291
277921.40967791755
271532.1591430294
270778.77372121386
272313.0295128083
274388.78558198886
259661.316500928
269312.19303635386
262275.4796592571
266913.4795085154
273915.0368656959
271592.3481915107
270507.337796041
276676.5412868697
274677.47417069564
277179.01789574034
267386.15274050605
271738.5040893521
274027.8216727712
276663.49342545506
270106.3702175267
270934.751225578
292227.46276612266
292193.4273028048
278776.9532142125
275425.3772065209
280601.76963176037
278981.0090487186
279501.1563970409
277469.67432254297
278852.2276918232
278124.0590826435
276870.09671936056
276599.9945035797
275188.6561002515
278975.43154144805
277692.84466024564
278482.82628423505
275453.89863246446
277454.5816213561
267592.2900994305
274569.6058684407
277671.73269968
277676.0466395236
277144.8580039166
281203.86226502963
279979.6413521464
278370.5381054795
276634.8688951317
280927.019357797
279988.61100802716
277340.1442035147
279291.4117439856
279314.0987246662
276673.39724532765
276908.29769961745
277910.5642372974
276978.49849256664
292414.1984870003
291196.3093181237
282737.6110175074
280941.81159140903
279376.8163802082
284136.8789425011
281181.2335012279
282240.0048451296
279786.6666308087
282976.35683505115
280793.87513949926
282506.1611017125
282560.91714753973
284612.2989342203
280824.5253228539
280388.00578888657
281302.4641808322
282339.10369920224
281249.2455557915
282247.7592559824
281448.2079358467
281353.0738480441
281216.0720757509
280127.76835728687
282853.5893901709
281669.5793687815
281330.5350410075
282199.06920764095
281515.70140305324
283452.54931111675
281805.69642614765
281844.6416003739
282682.47529367293
282238.22890839394
282547.1324931254
280981.362478667
292925.0866445941
291589.899164144
277476.4020725406
277416.69330095896
281023.2934954994
280828.9092132338
281998.15355458524
278909.0235534798
280062.2620919336
279582.2493282803
280792.4694440917
278312.8811400176
280786.7763263426
281540.30517723
276872.84518592927
283387.7538064008
277582.37565897504
281654.8525799339
277652.8187526653
281791.8545061092
277916.7209680572
279623.67963227455
278521.6802024439
280800.8624738336
277258.1721129854
279447.8105641734
281209.3340980014
279380.7752820933
279893.4983045275
280450.63664268964
281799.9373368713
278847.11983735574
279365.04866781767
279735.0047708237
277405.73996221134
277225.26990550896
292656.1658676555
291416.41879896127
276133.57954304194
274794.52219445823
276008.67366671853
279470.8584604518
277382.07557747076
278808.28567652224
273301.06984790944
269346.6089846792
277914.0102042922
277543.8187758767
275311.6594029876
274678.3674478264
274903.01998601056
276822.4205725576
277304.23801300215
279008.5383581117
275498.8592693757
277015.3701159413
277879.06416580675
276865.8600138121
279739.81246984995
279486.0236965341
278163.01101431256
276686.8304902557
275875.506316601
276327.3055514165
276982.80311594537
278030.3695785182
277526.6237049026
274486.63949238375
278061.3373794627
276802.5994712944
277169.9997674925
278802.5401107039
290666.79822058824
290137.12361455796
261522.17489345206
268414.07572491537
269782.5516063308
266132.14504705434
258780.68797682386
257551.48494725267
263876.2270084536
257318.89983791063
260276.48953521202
259115.1304784401
262259.42701110017
266299.97957182204
260168.99503415087
259293.0951799945
266878.08117286285
270400.8755267322
260944.69771593568
264082.2927086988
269977.1907365354
268650.75640390284
260386.45051923138
264057.63501799083
266440.8272610446
269082.9859257197
265809.99898647197
268148.21228837495
267719.4260714343
264169.69348645734
261200.6290465321
268341.55827679223
267514.7350610635
267346.5365542532
268099.7271699551
264759.4379583036
286153.2393308335
291424.42878854583
269735.71209399047
266958.662797361
266491.0456996109
265689.88365711673
264766.2864612752
270193.85012329696
267606.7748148559
268601.31427189265
267711.04251880286
265372.420179523
263405.21888780966
262470.8165347723
263690.22754891356
269365.6107962626
264558.96865173004
261721.9178198819
259957.37513561678
265328.46714136854
271296.9900758863
268990.7957424815
266770.9706961729
271320.48211517
266051.24995683436
266645.51602813776
258803.79261326732
267784.65659299586
259910.5085968643
268582.9807117425
269781.0984234748
266451.590746039
264714.0973016654
269189.01693729055
266323.66790229763
266762.7399452365
290766.08072435367
289409.2375873994
257679.07337078016
252002.751604996
250122.31853772624
252935.90016544738
236437.3200521144
245127.42090573066
237164.42026190797
241544.1665637133
241213.146301602
239997.14501436334
237329.07515942794
245473.5707594178
250287.64990704964
252509.95115155992
258852.39340025073
259390.82266224743
244645.84473480875
247468.33103242354
249185.08294519922
251184.05308468413
251261.27201262998
251439.40993682714
243417.55946602175
248601.3653395005
252944.02672535687
253332.39404353965
243232.83259709607
239929.77293042318
241548.191199002
245151.44746758218
240308.22713689815
233133.54912977104
244416.9711362601
255661.12602356207
279428.5448965776
291436.844481438
250085.03537810565
256079.6200581912
239354.37051548052
240467.7347604153
244606.80882496104
250918.81403585742
230932.21552872667
247230.28633504215
256664.9101700207
255168.5710382335
255311.56454887928
244397.6326484886
251676.74052931234
257118.9607701591
242425.93540692277
245979.3814419147
238702.31173210838
247635.21548672195
245243.21048510913
250724.19336315079
242931.94386877402
245692.758633869
254339.88767328355
253166.95435126964
253324.15928230467
258692.99966171815
230081.2528022531
247395.54610440298
252227.0984591557
245477.44987571528
250831.11279710016
259261.2733244452
257458.3454009526
260632.34917937205
284273.2571272391
291411.4568948644
264895.10803038045
261372.99050685958
249971.39370606435
264625.72366137535
268418.82053333666
265892.9070255682
266716.409093894
261872.75702130207
263550.53290991305
264046.4260979828
270539.87216948066
271528.23426113994
267164.9643251541
262646.91074453515
270529.4286496918
267635.6777223641
269441.207769723
267155.6738688147
271329.34713716595
268881.4163977969
270651.66264519084
267420.2864880246
264156.36323816865
267292.6116556855
256009.37367994114
264527.1434631977
267592.7150742057
266940.5604439429
268751.4841077404
261552.76129061944
253827.96455846267
263883.69243348844
267964.1266569402
262655.548319535
287650.3511205086
292095.01533233153
277797.9700723233
277504.31928244204
276334.39592694415
274851.06287219754
275486.7286703952
278646.5016691937
276600.7688072201
276103.4107855601
275870.38422727794
268255.9850926195
274281.71310886275
278982.100781772
278077.43897200795
276077.0601607001
273885.61710603104
275561.97146630724
276827.3495977181
275598.39197777305
279387.1961134393
278375.6172910118
277417.12060229445
280137.16793892754
277526.3772332007
273484.3191345359
278878.58916988794
276143.4915280355
277123.2104769454
277947.69660239154
272486.2585276821
276642.377898833
277868.8784851865
276377.63884980744
278426.2714992049
277398.85256757337
291457.09954974765
293441.52850953117
279003.9487736912
280110.18928512867
280111.99661088566
279823.84139483125
277591.1009307822
277584.7297195878
279922.0567618669
279179.9125150144
280234.99418995524
278043.02273651335
278682.8628104146
281301.71816144744
280329.92431216757
279481.4802746427
279761.5487532792
281231.9978343813
278628.0579612708
280645.13756097853
280560.6172894797
280669.96111072355
280265.4935045265
278956.5040289559
278885.9966992898
279699.7123804066
277052.09446042165
279619.5273926875
276147.67243687174
276213.1993620487
280972.6942080263
275976.4173570924
276417.4697325831
280230.135809048
279766.57055319956
279746.9242714549
290980.5607233039
291361.7379814112
269559.8645191288
269294.72041019134
267998.7025866628
269506.7060831621
266446.4048649445
269886.00212476874
274061.15167619917
267843.2416284333
269348.7933897262
267078.19699736533
270211.5619203009
271653.31865761324
269131.8869503407
271045.9265914492
271159.31613287976
275649.14485160005
270340.36907476035
266116.36020492815
266380.8762565414
276553.36313872586
269838.24043579167
274857.4459437139
277159.7151683598
277252.56137360446
267251.85755817976
267210.1453850073
271053.6322871056
265533.54733667045
273600.45594312524
274123.42986780807
271800.9319927917
270186.8029991251
269097.0241814315
270851.59535525105
287999.14292212593
292786.84528249316
279930.20729383745
277731.8510306513
277886.1872264645
280965.6454271614
280748.24377345183
274598.11204095464
276838.7712841932
281646.21950969653
281471.8553176434
272374.0085757556
277871.0407236442
279963.103617905
278362.3055797936
278082.3484671496
280440.56883126986
279027.26433042454
278927.6819109042
279495.1148462703
277279.0643772142
277632.00064010586
273983.68051003857
275942.4810920529
278420.124191298
279923.4909194969
279191.1285686409
276810.21946024115
277686.15921914787
279322.4689532586
279508.9269542593
278558.4839381799
279977.0651787295
278672.6679220105
278229.72339442704
279903.4767671143
291276.03614889854
291915.6049949211
277101.5640029436
279789.2259018368
277646.96345523273
277245.0824832593
278937.2906137344
275858.4296108539
277153.87006685656
278522.86510917963
275740.1879552008
278733.3908078201
280383.5440336151
279512.95829945634
279277.8238248925
278308.8018817375
277232.7049088105
278928.98875921115
275363.45394313644
279334.3907886417
277025.6487537499
277336.8905600681
277980.484251893
280071.56967313786
279234.608669804
277171.37512772594
278321.9556248836
278651.6386082733
278824.5780451629
275602.7974216127
278243.8358043388
277497.67066492175
276619.42005901533
279557.0037211919
278524.8325477206
279614.9219509238
291679.1512371527
292601.27853803686
275513.2974743861
276509.7284753601
273347.9896064512
275575.2971961889
277048.79282170784
275965.0721366489
275391.6724333366
277979.3766065772
274813.7374407565
274863.53219519573
273970.19819801697
277511.7116000652
276322.08068398223
274883.8034448993
274137.2490994732
274352.3050639189
276231.0429788157
276455.68687882734
277031.456523995
275347.01317691675
277616.312457541
274603.4800589933
278352.3443507535
278536.623896053
277350.101246275
277113.6317308863
277260.7952891101
275818.3286346819
275268.0119346274
276921.0538880335
276860.4500141065
274626.7160366854
278953.3923303523
279943.3710729073
289221.7214295929
292878.5928881454
271522.3242769616
276448.7559051847
278274.76664553006
278310.1219834005
275688.86027195456
276304.2197677432
269124.1412269715
276795.5764811883
277420.2913930871
276607.47591970966
275249.8771418205
278749.256992816
278116.0098480822
275993.3804996561
277030.72732368845
276115.16939481534
279216.3060973775
280088.3306062302
276650.1212385854
278042.86035172304
277809.8043813181
277015.7114015586
277768.82916171907
277969.6262216864
277263.7425755869
278256.84891796584
275881.41175114113
276655.08215470216
277735.5958482971
274524.1663975853
276262.3430525717
277191.8676911863
277227.5809888506
276709.25965761516
290344.26165368763
291347.20438926324
267578.7698789055
267344.68216432154
251362.96691784516
258681.22638767003
256078.5777946057
267044.3214458414
260538.7097866976
253006.72262165698
261176.74971493238
270834.16514365986
264732.55886986386
262770.8083147247
268612.9439011725
254377.07399215244
254589.20893037287
262947.07645523635
266766.0642754361
262365.76060368103
252302.09651244179
263248.2499442198
250896.4989982631
256087.64357877374
256233.61198814778
253459.20443345114
254949.73621526558
261848.41067794603
268718.5688157455
262655.45670744387
265296.83021294134
270835.621199472
262601.4723469189
266926.38781877
265909.21466139023
263259.72418236185
285084.10804675595
284756.0347549662
256867.01092884233
255419.8588655714
252201.2972823323
249535.57567204823
251707.19435340769
250939.94856023372
251549.2923830128
252412.57711359378
244396.64925722824
246846.55842132936
254950.11782067036
248992.5561077276
244398.68186127522
244773.57979279564
233986.71854831866
250773.98662784958
260118.2465703577
251028.8073216749
247276.2346781199
258875.61512688396
251953.99864603663
234975.03821279283
251574.96629059152
239748.71966623666
244365.4645140348
247592.63541474708
255282.25715584564
254619.6235621254
242079.5729227597
238332.13574723614
255956.89137730692
237704.68197586207
244808.73446139618
255877.6133931712
274747.8001973331
293717.0635061612
275780.9797246506
273300.433437191
272195.30680859246
272343.2612060969
273146.7760477318
269561.0244533132
270784.0499319224
267838.6922777926
270113.2433731802
268634.3916668112
275720.9890970652
270687.3454502765
271158.72929251613
260460.14178023295
270754.96464262553
272679.41364165733
269084.65380430775
272135.22788362886
270910.37526295026
273301.81314569816
275978.10683036206
270184.79811526975
270569.23016408714
269309.19840854226
267917.225399894
264550.8106071893
268826.0866624684
269869.35783149523
273592.14602501335
265160.08600841014
268162.6776664736
272617.1309118591
269858.78732623986
268114.67334483797
288089.22717592464
292721.46454240376
252187.7445308842
245587.9259300539
250185.4151371048
256566.45647326406
264426.3429905546
256622.01644344587
252543.29645475707
254418.92146205466
246573.09479004412
251927.68681500168
250771.9580718811
257707.73417513195
254381.5764781636
246172.5555419863
262734.0085521798
258887.9589796124
244004.58999407775
257044.480222313
263710.18939939066
264596.3847349661
257521.53848511673
249679.15766383265
250102.7355617945
253898.8707813346
257846.42949033694
266240.1281441809
255797.25948661368
266072.7018181488
262407.1621032599
263825.6342002905
257070.91108573784
254072.38401440074
246084.26696366383
281744.4015985454
281907.305177046
293759.80511056294
279853.471041653
274768.01500126114
278434.7853954397
271641.3842058595
276873.0893310698
275282.6641757527
276781.30095162004
279797.4159237357
279433.0188431123
274437.04777940654
274025.3183084458
275982.08481884724
276705.33771357656
277230.81513831415
274151.3722384679
276618.12701929524
276860.8525440535
275421.01981940446
275297.7745050109
275030.22811727744
274962.83250704914
278814.3271470259
277697.11472778284
279528.1613754047
277266.5683311511
278431.20741460467
279226.67152415414
274405.4742706715
278819.2106381555
276461.78169589327
280684.22167592036
274075.9755188233
276965.9479267874
289050.499257858
293472.13633399457
276665.4592092304
277180.50077940914
274527.37212937436
277493.2672381169
277216.13592083746
276879.4778633041
276926.450063773
276570.7741338921
274791.3225087095
274581.5203042676
277065.3049710124
277672.8920596097
278380.5460004967
277133.348670962
277064.0414773803
278900.7912941185
278712.7846909554
277259.3144338035
276939.36067818664
276368.22344933124
275867.50250013365
276465.59716056776
276107.07500782463
276500.36451703135
275751.6209585289
274701.26359447005
276691.9500606153
276258.3795320742
275993.45806905185
278549.88664533105
279508.30082114163
277113.30691790814
277763.6811465849
273782.9208767179
288179.85008759785
294179.61893314024
277933.79189749
276350.4898145681
278379.50983034755
276061.2491184844
275648.33955817996
279358.4009740535
275921.7172111144
274888.68220097566
275700.8220951111
280541.35214734264
276099.44118371455
277138.98306041706
275450.3745592433
278405.85817631165
277268.43063621176
277907.90814267984
275647.3217482164
276199.0511972935
278376.1662635077
279144.3137364075
278989.11522728694
277988.0894086209
276672.32321964426
277289.64761952515
279281.96993814304
277142.8117943329
274636.25762195257
274529.3368394328
277314.5203155372
277743.19205221755
278470.5624723044
273534.6688365668
278521.28364674695
277583.9372301815
288397.45238798985
294025.618796004
280910.72501263936
281519.71051334
279007.22927817894
280532.1955632295
278506.06836455467
279740.5683773974
279052.67961174203
279269.8989312253
281342.7297007305
280011.16759722785
280335.96137522464
279852.0728785012
280179.5775177564
278700.8348338429
280332.4041850291
277186.5422594661
280093.11910371686
279854.8744785208
282214.2531177672
279776.25254355284
280938.75622461154
278972.15016980574
280149.12385799474
280111.4012496859
281062.3215647979
279888.1973686752
277827.68880379444
280378.35619467567
281777.7759862388
281792.73939130316
275484.2457580312
277735.9383085025
279317.21573553333
277320.39776402304
290627.4933356942
294597.9498383349
278532.00058911444
276366.0412216391
278930.94126782526
277497.9308751455
278972.86327438115
281183.82408596633
279751.79603148904
277461.9206174854
278472.9096158801
278393.0640132852
277336.527892362
277361.2251163156
279122.4457399149
279200.52195102914
276190.94888577133
279407.0977221706
277320.72674800066
278969.25998753816
279523.4403635067
279051.65561576316
281883.7938258046
279426.04986437876
280291.0858746836
277025.03703082877
279104.68395269924
280131.2073617598
276657.6160709855
278711.6837969333
278912.68618756643
276154.8224093051
277083.66175518715
277520.4994582904
276268.78096058685
279123.7798674285
288807.2652810991
294566.51792990864
279836.24081218994
281152.91506619967
280057.6312284866
276319.18545093195
278551.6581999794
274962.5294142642
276774.2982440709
278842.68231076165
277161.4444207895
277173.8034918609
278059.3415169141
279739.2638823431
279076.26561816764
277768.337430448
280955.7626623664
278998.21274975635
279860.6711356299
279293.9713122884
278073.9386015465
278978.0360553639
279828.80421970406
279049.56933006144
276328.4448900912
275836.18067901005
276713.0522792302
275143.9777734157
277651.41218241357
272858.2340390887
276080.3001036178
279170.8571967391
278114.7874393613
280257.5251990778
278691.8905679774
277473.9616276538
288442.5838126197
294859.9783949397
279395.8232686828
278620.3575846411
277212.17254964774
278573.4234498052
279250.615781094
277353.2593370513
275326.36904644273
278489.8207090217
279850.4831433824
277217.5009105003
279203.2007170909
276484.8803962206
279600.204047992
277787.27958152816
275503.60364177584
276538.6465742269
277061.4598468602
279724.80270408496
278842.9808045173
277478.54336733255
277978.180066816
277421.0013126111
274436.1108617534
277940.0562764029
276922.1174450423
276046.2161389294
279234.1563347295
279251.4119159754
277766.89719733206
278437.083046468
278605.35856721026
275996.3756108887
278156.28294466465
276563.2326585867
287795.90300755267
294852.1220631721
282083.42614161136
280421.00642966514
282588.5311601748
280280.6259141907
281316.7446412559
283886.61596522806
281640.63201309025
281320.25529596885
279864.3848487683
279577.4440018298
283744.9370523634
283046.903872631
279797.47145708813
281403.2288724429
279593.70425055665
283158.64310072735
280403.0161018599
277535.0780943746
281058.38632125
281288.28020730737
281216.4206051908
281250.37585115636
282875.8568394213
277344.1490639953
282662.5301565132
280856.10351037636
281546.66306121164
283442.66378923965
282785.73466072
281240.4566851474
281718.05015857134
282235.4874304652
283074.94046402693
282113.0588223867
289159.8958833406
295419.4076251275
282579.3734896369
281735.54939949064
281342.17298574036
283435.22048410616
282613.0991751102
280043.54159345856
283735.05044643156
280702.5732788239
282181.11452742736
281013.84454134596
281433.2447253375
279123.2236031936
281081.5161964837
281188.91865353537
281136.1791945718
281359.4496486888
281841.41413881094
284133.52685374086
283239.20734879235
285076.96947612526
279267.00685986166
281661.1992056035
281714.5491384046
282517.4903304002
281966.0881557552
282265.6812551715
282666.49001521873
283525.76948146
280926.6185394888
282465.5600531279
280977.35607681185
279880.72718875064
280673.34745837445
279656.6962155671
290264.47645635495
294789.4557213293
280833.97351900005
281007.89957349445
280177.0136951664
279483.84815116914
281768.63784386654
280934.1667255206
282091.3134612222
280465.18630763853
280527.51715774124
280237.9114314678
281962.2467667583
280694.08289567806
281465.5971632404
278196.2045708352
279733.7157907652
279599.73738466855
280278.858142464
281500.8270848643
281883.67669773946
280549.9121791484
280641.24789456866
280093.40279344295
278996.6565339537
281704.36062311335
280647.08901498426
281196.4642678025
281234.7924984884
281834.24432279123
279525.14115763025
281588.5015944764
280683.16408123437
278628.1892631765
281051.5973230668
282215.0985194782
288586.63862602814
294388.4625579207
273378.2670580396
271811.06435777043
277821.3354655436
277886.87110344967
274418.088867698
275485.08592565526
272518.7687112207
275196.7256522569
275548.5202356644
277029.28452970885
275155.83378182445
275081.0228070866
276916.5559020259
273270.976739256
269894.2640870971
275647.2504345806
275626.5503054014
271256.35240417393
272181.3038525681
275639.89100557996
275237.4482330264
273286.8898356305
275052.027942966
273751.02004925493
267968.9157662825
272575.49991721375
277024.91505198856
273648.53750953625
275642.7918858203
274732.07892579096
267810.62179162324
274842.2513855553
273729.13997583126
274557.0781106513
285636.44371682534
294834.1671593057
273580.6081396727
271155.5418063904
271989.8180317997
273573.36633422645
265630.2821596443
269682.2670851789
269874.87579109235
268306.17431939463
268575.4816353756
270557.8120087282
272327.8934578014
266875.9619913439
267570.81333926006
