0
0
26616
20106
23144
17688
18698
19862
22368
19298
17536
17131
15327
21421
16634
16694
18901
21444
20597
20630
19162
18940
20210
18762
19063
15029
19218
13171
20016
20887
18987
24639
23762
26855
98537
36306
21299
22471
22572
18172
19952
21863
22380
17240
20044
17583
17542
23001
19491
19944
22175
18233
20949
19413
18813
22931
19490
18503
24221
20871
20473
21735
22861
20026
20380
23436
19264
23880
18247
24728
98856
34063
17175
19702
18155
19620
19926
21641
20342
15803
17855
18869
19630
25195
21330
17428
24049
21107
24800
17764
18562
21092
20888
24584
20674
19789
22855
25484
24323
22766
20169
21639
22504
21736
23782
34238
98710
41820
24455
23184
27520
18023
23740
26079
25149
27099
25247
24574
26001
25292
24965
22294
23762
26118
23517
24336
29594
23496
24063
26472
23332
23500
27116
27296
27288
25490
20293
29517
25359
26353
23738
30286
98950
50427
25092
29623
28622
29526
29313
29914
30705
26844
25391
25726
28771
28045
35495
30577
34019
28110
30748
25812
32139
26462
27572
28776
25793
33368
28931
32837
25863
34872
29916
31974
29853
32557
25261
33789
99034
47193
34438
34561
34643
29678
29173
33301
33610
33085
42688
33021
32682
30346
32296
41917
36810
36572
39394
37566
38240
39402
37091
40645
37901
39967
40118
37891
39985
38799
36919
37253
39387
38747
36940
37636
99093
55825
39420
40997
39318
35371
36872
37751
42271
45671
36879
44134
41576
40762
44319
44473
42434
41134
37443
41751
45601
47937
36504
39898
39917
48356
38915
38026
40160
43683
43964
40034
43648
43097
44780
48516
99169
66132
47264
48525
41483
49833
45287
56923
41635
41628
44601
42948
49577
47909
51472
54651
57881
46670
52994
51759
39289
44552
41476
45696
46061
46894
49989
43799
51979
46482
51707
47294
56536
47207
51913
50405
98999
71122
54031
52788
48122
51500
58397
54186
48530
47809
52047
57363
53288
55301
49513
46130
46538
54349
52919
57017
56341
45719
55141
53090
54297
54846
53058
56237
53020
49887
57285
54314
57615
48564
54625
52492
99057
66624
50190
50880
47995
45839
49120
53488
48339
46922
50802
49924
48149
55756
48931
43722
40909
47943
49605
44946
40801
47487
47411
46354
54309
49156
55896
49176
50476
50124
46121
48370
49078
51590
52924
49367
98826
67621
47605
45366
42842
49087
43110
40869
40804
43828
45705
45173
45681
38321
49172
47234
44883
46692
43730
45980
46409
40764
42935
45746
39573
43054
42243
40490
44672
44465
42056
47427
41928
44117
42745
41088
98423
61571
29829
31756
34507
34586
31842
33574
36291
36053
35788
35610
29363
40306
36317
39816
33313
32517
34726
36506
31290
32412
36258
39000
32827
34349
34528
37387
35883
32372
38805
36156
30995
30802
38997
35699
97858
66572
45660
36782
35746
43197
34091
40606
40903
39747
35169
40269
38016
40883
35274
38388
44892
45275
38781
39111
37562
32956
37253
43474
38781
35965
36796
45424
39942
38606
37769
40177
38267
44795
40404
43493
98062
65071
40632
45408
42730
42361
41699
48800
42894
43482
41233
47056
47052
45527
47498
48264
52017
49996
48826
44717
46275
48338
42554
49962
45636
40903
43861
39526
49445
48712
47292
43173
46200
43315
42717
50751
97909
66727
49069
54219
48861
47695
45690
51895
48714
45385
52227
48465
55362
49723
57580
49275
49992
47219
49684
47542
53489
54098
46035
52399
50551
44480
47674
50938
53988
55875
46992
53319
48849
46460
53623
45324
97500
77720
60379
59002
60643
63457
63473
59173
55779
55586
56797
58675
57652
62883
61261
59221
59229
62410
55316
63340
65214
58514
66019
58865
58396
60626
68531
57487
51900
56674
61796
65271
65954
57866
56898
59725
97753
80419
58219
60687
63913
62623
59645
66865
64242
61146
68908
65152
65039
57382
67495
58523
64507
63570
63243
63220
65591
63670
60022
66386
66116
60511
60579
55800
65058
65172
61770
62348
57150
62855
66214
68555
97873
79153
60944
57508
60432
64126
67527
54514
57859
56760
60648
58673
63099
61873
62779
57292
57541
56481
58732
61155
65193
59130
61920
61063
60364
62727
63585
60818
64500
63775
64444
59666
59964
60947
61206
64900
97796
79398
60839
61386
61579
60943
58012
59156
68672
63659
54905
59372
60017
59650
57240
59501
57535
60367
51618
60699
58761
58109
60430
62764
58588
59608
63809
61319
57521
59791
59387
65096
65195
58117
54369
64139
97588
76818
62899
62337
61400
52993
61107
60355
56801
54250
58168
59405
57823
61404
61517
52640
64441
59641
63024
57081
67013
61584
66317
60473
63300
62956
63183
56966
65446
65633
67001
64042
59727
61756
61772
59698
97430
72817
62818
61141
67930
72452
59515
59376
62902
61994
63879
66086
59183
55846
68193
68349
65897
65664
68592
61889
65508
65962
60485
65894
66308
67258
64490
66011
63490
58574
65842
66465
63279
68147
63018
64884
97195
82104
69739
64051
62061
66453
63777
66176
68776
67825
69753
71803
74071
66876
66419
69371
68003
68531
72713
70668
66140
70085
70274
60509
67939
69722
75320
65334
68202
68534
70111
67577
70593
72346
71926
70014
97388
78691
61279
64042
63258
64327
63696
68265
64507
68998
63638
61049
64743
69142
60726
63743
63410
67659
71425
66031
70143
59789
69378
66415
67501
64802
66384
67690
66708
63594
64242
62336
70794
64412
65931
59805
96760
81823
69186
67118
63086
68721
69746
68423
62340
70227
68290
68146
64209
67657
70119
66527
66754
62588
60257
67023
66483
66841
67005
65978
66376
66328
59414
72572
63285
64480
64060
69147
69041
69006
66638
70724
97009
81566
64730
75022
68347
68023
68351
67979
62565
68041
71883
66273
65925
67597
68608
67603
70283
72164
69351
70804
70238
68941
71485
67272
71614
69100
68393
66544
69285
68235
70267
68875
66534
71515
70979
68923
96764
81108
61366
62688
66631
61427
59577
62213
62430
64164
63441
61989
62230
62417
60916
59163
59801
61606
62709
65268
64176
65591
61713
57468
61064
59820
66852
65074
64953
66000
65101
65502
61954
62042
56420
61238
96195
79866
61177
63696
59061
58336
53973
61795
57049
54828
59575
57005
55192
55444
60698
60353
59800
60320
58316
58765
50917
59281
59332
60963
59176
58155
59190
61849
60308
62712
57821
58704
61108
60925
66237
59327
96199
80208
51502
53490
51896
56867
56121
52752
62197
52591
58179
57274
57354
58838
56354
57815
53907
56414
51056
50167
47248
54369
55700
52334
58852
56693
55263
54180
52943
58242
48569
50668
52271
48972
53782
55532
95924
83461
64068
67576
62047
63350
68072
61212
63291
62685
58903
60083
63089
58506
60256
63034
66678
64298
64777
61645
66550
57118
63061
61361
60355
63339
63087
62578
58796
59625
63167
66437
64569
59653
63110
63022
96126
82234
59886
63164
59336
65923
63496
65406
60637
64305
63251
64165
57223
61439
58743
59439
56203
57399
58165
57699
57389
60499
58856
62410
56552
58468
53399
57227
62015
64049
56111
58945
62777
62125
60379
62257
96106
84465
73938
74226
74077
73127
72882
71070
74009
71934
74443
70937
74049
74224
76129
78806
76076
75613
77563
74898
76868
78810
76305
70894
79731
72363
73170
74277
75677
74882
72054
66746
72220
71592
76244
75216
96746
88050
77012
74734
75067
72281
74846
78854
77488
70211
74592
73962
73350
73534
76643
74157
74763
76259
75464
72718
75007
70016
76349
74753
72312
72580
75654
72655
75635
72970
76101
76656
74008
70921
72020
75618
96285
86307
72138
71365
69962
72987
67688
73561
78132
73199
72032
72063
73925
69263
71221
74862
72572
71507
72409
72962
75252
74229
68752
69432
68827
71778
68086
70309
69544
74458
75428
71254
69529
68607
73017
96650
96700
86789
68136
72617
75212
73959
69164
75720
75108
76546
74894
77589
75738
74485
74060
74981
75168
73566
74342
74414
72024
68937
75442
73072
74783
76701
79318
74812
75307
74255
75048
68967
72276
71852
75076
96313
84213
84946
67701
68487
74654
73025
72799
72263
71527
72592
72237
66905
71920
74075
69183
69175
70103
72402
73096
67007
68774
69860
73079
75618
70915
71765
70932
68797
74334
71138
66912
72451
68288
70457
73336
96001
86128
74778
69682
72237
72937
75620
74096
76114
72672
73924
69386
74072
74027
73345
74659
76273
73266
71658
74242
71523
69297
73241
72387
75712
74739
77382
71610
72324
75287
68744
78037
73941
73646
70508
70014
95313
89861
76011
73921
81015
77119
77964
80330
74548
77573
78596
79988
76167
75661
72925
76292
77536
78196
74792
75302
76208
81000
78636
80007
76615
78411
81120
77318
75667
73864
78285
77118
78271
79854
77447
77677
95999
87740
73513
71892
67832
72473
75436
71385
72291
71438
72798
72729
76212
73594
74242
70713
68550
70725
77116
73773
75761
74196
72857
71373
73708
71395
72876
77056
71400
74297
71636
73866
72677
74371
73278
74154
95376
88045
79047
73988
76539
77125
75602
78204
78175
76655
78399
78031
75814
74294
78000
78920
79584
73263
75912
77485
74889
73467
79414
76347
76876
74393
76107
76466
74468
78373
73788
79540
74757
75154
77501
76371
94829
87111
77950
76128
72893
76426
76014
72071
76620
74716
76961
76596
75396
77764
76454
74225
79134
72772
76951
76222
78397
75503
79506
76726
76781
76012
76163
75931
76445
76353
74737
74380
78531
76075
72962
78048
95488
85467
70368
61363
68857
67473
67284
65058
63590
59694
64146
68509
68578
65806
67707
62243
63702
66786
65493
63907
66698
62999
68817
62516
69045
66300
64712
67204
70097
68873
64741
68511
69286
71629
69027
65934
93637
86158
68138
63444
56369
62129
63657
62964
66852
64086
60779
67403
60624
65724
62112
63757
68281
66356
64218
65603
61674
65576
68829
68083
68014
68956
64225
65616
63235
61800
65689
68460
69714
64052
66067
64194
94169
87893
71080
70207
69874
67642
64181
68352
66125
65003
68505
73231
65995
62994
66642
64977
64466
66215
68742
68414
68803
67064
65493
68457
64760
66170
67066
70120
66198
67312
66403
70660
68545
67984
66225
71610
94432
88486
67978
72139
66246
65232
59088
62875
65385
65178
67050
68650
64294
69530
66965
66396
67250
71656
68444
72087
67063
64589
63811
67579
66030
60622
67395
69080
65332
61716
60498
63945
62852
69444
67799
61540
93164
91439
80667
81014
75300
76420
78126
77651
78063
80197
79193
76086
79791
82331
79059
77320
78952
82364
80270
80251
85313
80228
79381
77279
77097
80544
79873
79559
80112
81415
81372
80279
81080
78814
79810
75696
94697
89382
78075
73747
77845
75658
76184
78891
76854
78685
77904
78700
79453
76743
77578
76026
79588
78098
74854
77090
77733
76458
77696
77983
75298
77196
78113
77823
75730
78110
77457
79007
79639
78212
74885
75718
94879
90761
77443
78481
74311
72749
73686
76032
75145
75299
76038
74033
75757
74424
76578
76103
75809
75970
77987
77739
76435
79127
77523
79616
74129
74779
73733
71755
72691
79454
76149
77020
76932
79328
76817
74065
93486
91614
72797
73463
70667
75476
74996
72985
73008
72387
76122
77871
71623
73118
74022
74716
72105
70931
73743
75107
74046
73430
72358
75003
73224
75248
74733
72407
72974
76927
74023
70204
71340
74296
76171
75067
93997
92411
68452
80256
73108
72400
73935
74595
74788
74027
74993
74740
70907
72619
72865
73658
70731
72355
74324
76887
74356
74706
77592
75242
77252
71847
70840
72045
73551
73220
73767
73481
73924
74509
74596
72179
93629
91735
78989
79723
78332
81633
80657
75031
76848
74818
75063
77996
77912
81273
80777
80143
78323
80390
80592
76933
81231
80114
79223
81136
78668
78179
79138
75541
74082
77096
74505
79734
78263
76226
79069
74779
94448
92124
80484
80647
79659
78211
75477
79303
78214
77040
80246
77154
77827
79856
78580
78065
79540
76461
79682
76463
80351
73865
79027
78998
78506
79405
75231
80114
79780
76420
77753
72665
80297
80646
78214
77815
94314
91322
73712
77999
76750
72459
75097
73934
72260
73826
70785
78874
79096
78599
75895
79521
73132
72378
73913
75988
73835
75210
74624
73012
75515
75162
73901
78276
76277
78782
72966
76816
75627
78263
75088
74133
93827
93793
80376
77025
82201
80581
81101
79069
80452
79724
78470
78199
76788
80575
79292
80082
77053
79054
76158
79169
79271
79276
78744
82803
81579
79970
78234
82527
81588
78940
80891
80914
78273
78511
79510
78578
94014
92796
84337
82541
80976
85736
82781
83840
81386
84576
82393
84106
84160
86212
82424
81988
82902
83939
82849
83847
83048
82953
82816
81730
84453
83269
82930
83799
83115
85052
83405
83444
84282
83838
84147
82581
94525
93189
79076
79016
82623
82432
83598
80509
81662
81182
82392
79912
82386
83140
78472
84987
79182
83254
79252
83391
79516
81223
80121
82400
78858
81047
82809
80980
81493
82050
83399
80447
80965
81335
79005
78825
94256
93016
77733
76394
77608
81070
78985
80447
76188
74529
80527
79143
78901
77379
76506
79320
78904
80608
77098
78615
79482
78465
81339
81086
79763
78286
77475
79015
79381
79633
79126
76086
79661
78412
78769
80442
93366
91737
67871
71613
71382
67735
66453
67123
71268
69064
66092
64695
67840
69597
67629
67195
69977
72030
71083
70176
71577
70250
66982
71334
69740
70699
71548
71744
69322
70346
66980
71754
71028
68946
69699
70339
91351
93024
75316
70370
72467
72067
68365
71793
69236
70201
73086
71152
72576
72232
70166
70965
73012
73580
71717
72807
74796
74571
72152
74518
71631
70244
68807
72986
71252
73976
71381
73225
72890
74769
73104
70160
92366
91018
67519
62957
59696
63691
63251
66131
63851
66564
60634
59364
60841
59927
64032
65570
64034
64772
62507
63115
67580
60856
64208
69561
63313
63587
63507
64684
64151
61961
64954
63995
62239
60516
66050
68395
89624
93043
63240
68042
62543
64671
64826
65935
61407
65581
65593
68316
65508
60099
64383
66176
64724
64818
62710
66049
66654
64227
61060
64633
63434
67507
63794
67653
61381
67054
66168
64615
64920
68525
67244
68004
90968
93764
71804
68056
66706
74805
73601
72713
74884
68657
70534
69030
75370
76403
72357
67640
75911
72035
72450
72338
74228
74064
75834
72603
69939
72485
69144
73303
72576
71924
74332
74005
71852
71164
72947
71220
92349
93695
79397
79104
77934
76451
77086
80246
78200
77703
77470
75629
78280
80585
79677
77677
75485
77161
78427
77198
80987
79975
79017
81737
79126
75084
80478
77743
78723
79547
78862
80239
79468
77977
80026
78998
93057
95041
80603
81710
81711
81423
79191
79184
81522
80779
81834
79643
80282
82901
81929
81081
81361
82831
80228
82245
82160
82269
81865
80556
80485
81299
78652
81219
77747
77813
82572
77576
78017
81830
81366
81346
92580
94372
77928
75165
75968
77277
74034
77568
78240
75813
77119
74648
78181
79424
77311
78418
78514
79693
77961
76673
75553
81047
77608
81840
79959
78852
77211
76075
75547
73701
77998
75723
78774
77562
76868
78423
92598
94386
81530
79331
79486
82565
82348
76345
78441
83246
83082
78550
81558
81579
79965
79682
82040
80627
80527
81095
78882
79232
78975
79333
81503
81523
80791
79006
79286
80922
81108
80158
81577
80272
79829
81503
92876
93515
78701
81389
79246
78845
80537
77458
78753
80122
77340
80333
81983
81112
80877
79908
78861
80528
76963
80934
78625
78936
79580
81671
80834
78771
79921
80251
80424
77202
79843
79097
78219
81157
80134
81214
93279
94201
77113
78109
75984
77175
78648
78560
77013
79579
76413
76463
75570
79111
77928
77829
75737
75958
77831
78055
78631
76947
79216
76203
79952
80136
78950
78713
78860
77418
76893
78521
78540
76226
80556
81543
90821
94478
78852
78048
79874
79910
77288
77983
77259
78395
79020
78207
76849
80349
79716
77593
78630
77747
80816
81688
78250
79642
79409
78615
79368
79569
78863
79856
77481
78255
79335
76124
77862
78795
78827
78319
91944
94610
69181
72493
67996
70661
68471
68644
71065
68869
71688
73553
73100
70694
70212
70107
70136
71688
71982
71527
68827
72272
67833
67358
69081
68797
66413
69812
70318
73778
69747
72435
70968
72021
70739
71030
90066
93865
70496
64776
67471
64277
65453
65835
64295
65854
65704
67481
66200
66898
63202
62699
60931
68278
70690
65597
64415
68388
68880
60511
64123
60730
64194
66112
66746
66972
65034
62519
68424
64581
66495
68166
87044
95330
77380
74900
75984
74803
74756
71161
73855
72218
72904
71354
77320
72287
72819
67463
72354
74329
70684
73735
72510
74901
77578
74199
72178
70922
74555
67650
70426
71469
75192
71734
73306
74266
75439
71640
89689
94796
63510
64403
64686
66027
69426
65698
63816
67785
64423
67628
66848
66177
72472
64328
69504
68318
63052
66629
70426
68595
70098
65504
66898
66748
66014
72582
61772
72875
70626
68410
67168
67761
68227
88352
88750
95363
81453
76368
80034
73241
78473
76882
78381
81397
81033
76037
76825
77582
78305
78830
75751
78218
78460
78795
78694
76630
76566
80414
79297
81128
78866
80031
80826
76005
80432
78061
82284
75675
78565
90650
95072
78265
78780
76127
79093
78816
78479
78526
78170
79299
79189
79704
80028
80680
78733
78664
80500
80312
78859
78539
77968
77467
78065
77707
78100
77351
76301
78291
77913
77593
80153
81108
78713
79363
75399
89779
95779
79533
77950
79979
77661
77248
80958
77521
76488
77300
82141
77699
78738
77050
80005
78868
79507
77247
77799
79976
80747
80589
79588
78272
78889
80881
78742
76236
76129
78914
79343
80070
75134
80121
79183
89997
95625
82510
83119
80607
82132
80106
81340
80652
80869
82942
81611
81935
81452
81779
80300
81932
78786
81693
81454
83814
81376
82538
80572
81749
81711
82662
81488
79427
81978
83377
83392
77084
79335
80917
78920
92227
96197
80135
77966
80530
79097
80572
82783
81351
79061
80072
79993
78936
78961
80722
80800
77790
81007
78920
80569
81123
80651
83483
81026
81891
78625
80704
81731
78257
80311
80512
77754
78683
79120
77868
80723
90407
96166
81436
82752
81657
77919
80151
80940
80373
80442
78761
78773
79659
81339
80676
79368
82555
80598
81460
80893
79673
80578
81428
80649
77928
77436
78313
76743
79251
76635
79879
80770
79714
81857
80291
79073
90042
96459
81034
80220
78812
80193
80850
78953
76926
80089
81450
78817
80816
78084
81200
79387
77103
78138
78661
81324
80442
79078
79578
79021
76036
79540
78522
77646
80834
80851
79419
80037
80205
77596
79756
78163
89395
96452
83683
82021
84188
81880
82916
85486
83240
82990
81464
81177
85344
84646
81397
83003
81193
84758
82003
79135
82658
82888
82816
82850
84475
78944
84262
82456
83146
85042
84385
82840
83318
83835
84674
83713
90759
97019
84179
83335
82942
85035
84213
83470
85335
82302
83781
82613
83033
80723
82681
82788
82736
82959
83441
85733
84839
86676
80867
83261
83330
84117
83566
83865
84266
85125
82526
84065
82577
81480
82273
81256
91864
96389
82433
82607
81777
81083
83368
82534
83707
82065
82127
81837
83562
82294
83065
79796
81333
81199
81878
83100
83486
82149
82241
81693
80596
83304
82247
82796
82834
83434
81125
83188
82283
80228
82651
83815
90186
95988
76362
74510
79421
79486
76018
77085
74118
76796
77148
78658
76755
76681
78516
74870
76464
79546
77226
73719
73781
77239
76837
74886
76652
75427
74350
76374
78624
75248
77242
76332
74699
77741
75329
76173
87242
96434
77751
75354
73589
75173
72601
73581
71474
69935
70175
72157
73927
71660
70770
