0.9630190592200001
0.96301943247
0.9974227822799999
1.0
1.0
1.0
0.9999890411000001
1.0
1.0
1.0
1.0
1.0
1.0
1.0
1.0
1.0
1.0
1.0
1.0
1.0
1.0
1.0
1.0
1.0
1.0
1.0
1.0
1.0
1.0
1.0
0.9999942428799999
1.0
1.0
0.95193612465
0.019627869470000003
0.9454459606900001
1.0
1.0
1.0
1.0
1.0
1.0
1.0
1.0
1.0
1.0
1.0
1.0
1.0
1.0
1.0
1.0
1.0
1.0
1.0
0.9999785557099999
1.0
1.0
1.0
1.0
1.0
1.0
1.0
1.0
1.0
1.0
1.0
1.0
1.0
0.96851754235
0.00947631779000003
0.9312268660899999
1.0
1.0
1.0
1.0
1.0
1.0
1.0
1.0
1.0
1.0
1.0
1.0
1.0
1.0
1.0
1.0
0.99999775978
1.0
1.0
1.0
1.0
0.99999160252
1.0
0.9999937631199999
1.0
1.0
1.0
1.0
1.0
1.0
1.0
1.0
1.0
0.9682035334
0.015219258520000003
0.90785709758
1.0
1.0
1.0
1.0
1.0
1.0
1.0
1.0
0.9999624638100001
1.0
0.99999775978
1.0
1.0
1.0
1.0
1.0
1.0
1.0
1.0
0.99996334102
1.0
1.0
0.99999983965
1.0
1.0
1.0
1.0
1.0
1.0
1.0
1.0
1.0
1.0
0.98296585992
0.005848080000000045
0.91741731451
1.0
1.0
1.0
1.0
1.0
0.99997240552
0.99997453602
1.0
1.0
1.0
1.0
1.0
0.99998072
0.99899589959
1.0
1.0
0.99998848115
1.0
1.0
1.0
1.0
1.0
0.99995338797
1.0
0.99999029049
1.0
0.9999672898099999
1.0
1.0
1.0
0.99994525263
1.0
1.0
0.98463209718
0.005162569170000061
0.90761483735
0.99996431138
1.0
0.99995232307
1.0
1.0
0.9999672898099999
1.0
0.9963615237700001
1.0
1.0
1.0
0.99998870645
0.99994077932
0.9988721822500001
0.99999520958
1.0
1.0
1.0
1.0
1.0
1.0
0.99998041596
0.99976145572
1.0
0.99999840064
1.0
1.0
1.0
0.99998848115
1.0
1.0
1.0
1.0
0.98868749077
0.0034132452700000432
0.9303901741699999
1.0
0.9999321467600001
1.0
1.0
1.0
0.99968908402
0.9999827638
0.99314762095
0.9993380000000001
0.99273197252
1.0
1.0
1.0
0.99991036482
0.99519021456
1.0
0.99752191028
0.99992239817
1.0
1.0
0.99992763538
1.0
0.99810485281
0.9999837924199999
0.99731949093
1.0
1.0
0.99799779846
0.99936136
0.9999679234
0.9995353183000001
0.9900243575600001
1.0
0.99999664269
0.003249092729999975
0.7846589896999999
0.9983778043899999
0.9996975522000001
1.0
0.99542728
0.99996711342
1.0
0.9997682332900001
0.98997427369
1.0
1.0
0.99830543925
0.9523484
0.9981651193
0.97198396633
0.99617700599
0.9955991985599999
0.9928310361999999
0.9913425679100001
0.9982349460200001
0.99839735921
0.99917262297
0.9997701684
0.99816946443
0.99998254604
0.9999235516599999
0.99785458927
0.9933894231699999
0.9984986301400001
0.98616592
0.98612795688
0.93281407859
0.99933737859
0.96536278559
0.99888189387
0.01011351588999998
0.8072896402899999
0.98448750747
0.94322590996
1.0
0.99994131151
0.9672723349
0.99464584585
0.98969942012
1.0
0.97198184171
0.96763786768
0.96598584
0.9917906549500001
1.0
0.9999334003599999
1.0
0.9847299047600001
0.97813500948
0.9793331866799999
0.99851694219
0.9690788315300001
1.0
0.99998631863
0.99274126014
1.0
0.99296221272
0.96447276745
0.97096120836
0.9817050294999999
0.9918863740399999
0.99512947791
1.0
0.9717720115999999
0.99655979154
0.99990454545
0.00838951568999997
0.85962150245
0.99988804944
0.99993284642
0.9999920617400001
0.9999765246
0.9999639553399999
0.99993940733
1.0
0.99997391739
1.0
1.0
0.99999183183
0.99998011426
0.9996588071
0.99747774992
0.9977578568600001
1.0
0.9999626421900001
0.9999591738499999
1.0
1.0
0.99841939346
1.0
1.0
1.0
1.0
1.0
1.0
1.0
0.99661608091
0.9977319119300001
0.99393571429
1.0
1.0
1.0
0.02031261513999998
0.88994306075
0.98742058765
1.0
0.9982294964
0.99593311331
1.0
1.0
1.0
0.99996862431
1.0
1.0
0.98499275565
1.0
1.0
1.0
1.0
0.9999262326199999
1.0
1.0
1.0
1.0
1.0
0.99844434643
0.99245632058
0.99999624075
0.99968766305
0.99330587644
1.0
0.9999692553399999
1.0
1.0
0.9952728
0.999960008
1.0
0.99740361156
0.032958975999999966
0.8570512262500001
1.0
1.0
1.0
1.0
1.0
1.0
1.0
1.0
1.0
1.0
1.0
1.0
1.0
1.0
1.0
1.0
1.0
1.0
1.0
1.0
1.0
1.0
0.9999843231400001
1.0
1.0
1.0
1.0
1.0
1.0
1.0
1.0
1.0
1.0
1.0
0.059102777110000025
0.83498360407
1.0
1.0
0.9999815587800001
1.0
1.0
1.0
1.0
1.0
1.0
1.0
1.0
0.99999976088
0.99999118678
1.0
0.9999540478300001
1.0
1.0
1.0
1.0
1.0
1.0
0.99997409036
1.0
1.0
1.0
1.0
1.0
1.0
1.0
1.0
0.99998890109
1.0
0.9999931200000001
1.0
0.05129108183999997
0.86763545045
0.999993712
1.0
1.0
1.0
0.99998819462
0.99999711827
1.0
1.0
0.9999889611
1.0
0.99997056243
1.0
1.0
1.0
1.0
0.99965849454
1.0
1.0
1.0
0.99998038038
1.0
0.9999952809399999
1.0
0.9999852445899999
1.0
1.0
1.0
1.0
1.0
0.99999775978
1.0
1.0
1.0
0.9999553733900001
0.059636327350000067
0.8169989698399999
0.99999371594
1.0
0.99893522761
0.9999434569600001
1.0
1.0
0.99999935859
1.0
1.0
0.9827263189400001
1.0
1.0
1.0
0.9976896159599999
0.99997842607
1.0
1.0
0.99660956183
0.99864699278
1.0
0.99539617962
0.9904964788
1.0
1.0
0.99998384323
0.99998783513
1.0
1.0
1.0
0.99775918408
0.9999949765799999
1.0
0.99999112266
1.0
0.07049275594000005
0.66841187976
0.95828224243
0.9997186593299999
0.97367126185
0.9351857243099999
0.99950713857
0.9750891176200001
0.96719920152
0.99996864789
0.97920799361
0.99596150075
0.9979861213900001
0.96500490333
0.9990629741100001
1.0
0.97469725028
0.97706046883
0.99523015237
0.98555480452
0.94245687431
0.99606959992
0.99993831364
0.99232020808
0.99989531141
0.9999932156
0.98107875263
0.99491885623
0.99999823982
0.9962984538699999
0.9999255012
0.98066155076
0.96901036622
0.9985031200000001
0.9469252815100001
0.99728213355
0.07044570513
0.7254698250899999
0.9848967568099999
0.9167347364199999
0.91104048785
0.98297136
0.95231607303
0.8923280016
0.94940505949
0.89892792162
0.9087612053499999
0.95687376228
0.99767312731
0.97558940741
0.86929408946
0.99658125
0.98776661666
0.96144462446
0.99236974052
0.96297737248
0.9596439199999999
0.85979692062
0.9802443444300001
0.96708943219
0.9848788698500001
0.9031261526200001
0.99160558659
0.96271549409
0.97279407941
0.8783972
0.99388218822
0.99757071322
0.9888933346700001
0.9717561463100001
0.87705837416
0.94353729169
0.06081286158000002
0.68040256595
0.9946039331800001
0.99996528332
0.9904191178799999
0.9982602539700001
0.99287681087
0.99998642985
1.0
1.0
0.98831350595
0.99347336
0.94093476874
0.9727542627900001
0.9916615200000001
0.99107696
0.99850401835
0.9445429573899999
0.9976505802300001
0.98645284301
0.9692495215300001
0.9695429316699999
0.9998685874300001
0.99777775112
0.9967531434300001
0.98007747856
0.92684739375
0.99631025308
0.9354092209199999
0.96728939439
0.97526452259
0.9279942394199999
0.95553152
0.99355585271
0.98652443375
0.9829022902300001
0.08635434286999996
0.78467791363
0.99551643945
0.95392212672
0.96749283713
0.96307403779
0.9942966377299999
0.99997842607
0.90158225242
0.9914302969700001
0.99998578417
0.99079623095
1.0
0.9999811539200001
0.99995271962
0.99379901931
0.97533651904
1.0
0.9989055411100001
0.99992956226
0.99999576085
0.9990915768499999
0.9943324383900001
0.97073808904
0.99553504
0.99340117682
0.99708978651
0.9864466493299999
1.0
0.9962323173800001
0.9550756087800001
0.99913844304
1.0
0.99589216
0.99300887603
0.98714377945
0.09994943494000007
0.7541381687300001
0.93999456775
0.92927662356
0.99803124312
0.98407152715
0.9773240582
0.94584316085
0.95933686843
0.98552288483
0.9945027919499999
0.94949874327
0.98357377181
1.0
0.9999323661799999
1.0
0.9920787003599999
0.97449058718
0.96623923254
0.9720957319500001
0.93580176494
0.99558691869
0.91418546145
0.9261239504200001
0.98436837283
0.89042113299
0.94296832
0.96219270219
0.9804011571100001
0.9797009720400001
0.9543759928
0.97243784757
0.99998519845
1.0
1.0
1.0
0.11252995706000002
0.7560681695199999
0.9820716656699999
0.99846890067
0.94233720628
0.96652046795
0.9964362255099999
0.97098853427
0.9950462861099999
0.94370579667
0.92449642177
0.9339801600000001
0.9908109989
0.99057875312
0.95100917652
0.91698044631
0.97747860856
0.98630692675
0.98284951768
0.91578908655
0.99245526763
0.9679821671300001
0.98207715797
0.9334590499100001
0.97287319268
0.9147886834
0.9762587108399999
0.93999775574
0.9761985401500001
0.97143109866
0.99706312955
0.9999951898999999
0.9589048295200001
0.99603649095
0.9897989604199999
0.8958919760499999
0.09414521905000002
0.7271989122200001
0.8796364508400001
0.94677446469
0.94057028032
0.9536243127099999
0.9349318931899999
0.96685549018
0.9838425822
0.9065450255
0.8996814158599999
0.9343981645899999
0.82408351032
0.87589143315
0.88738138558
0.8348892
0.9652648379100001
0.95704218123
0.8783363391000001
0.9896094334
0.89464914628
0.9176446403499999
0.90071720828
0.9223871122699999
0.9411051464
0.8387548083699999
0.8122217956399999
0.96020482048
0.93402014388
0.93694578842
0.83293142227
0.93118792483
0.88638055222
0.95517967925
0.8245473515200001
0.9502509600000001
0.08729763905999993
0.5993528555800001
0.99693507119
0.9999931200000001
0.99994875587
1.0
0.9999877193000001
0.99750997894
0.96427208162
0.99741279488
1.0
0.99995253558
1.0
0.9508469599999999
0.96799385781
0.99999454582
1.0
0.9511566356600001
0.8762298364600001
0.96597108192
0.9710391525900001
0.9983198639
0.9774094971499999
0.87424468806
0.90207069208
0.96848606279
0.96097194317
0.99865515109
0.99835125276
0.90943868839
0.98869459784
0.9699123080000001
0.99701105769
0.99994940965
0.94148976
0.99823689631
0.11524249274999995
0.6722687804899999
0.9739935606400001
0.92246544
0.99608442893
0.86785677626
0.9666847145899999
1.0
0.9375945730199999
0.8315683609
0.9477851629699999
0.8663580000000001
0.9964204759
0.91764542008
0.9975025856899999
0.99980581593
0.96596770385
0.9403956526099999
0.9744077802300001
0.94157488251
0.9546975590200001
0.90742443691
0.8989093389499999
0.88397576
0.96728053584
0.96193172683
0.99969907232
0.8199664795499999
0.9534336166399999
0.97345522895
0.98529995012
0.87254543997
0.9547095200000001
0.96120544
0.98551952805
0.8296676775699999
0.10326241202999997
0.65347156822
0.9966582676500001
0.90676935966
0.93146931328
0.93902523495
0.97200496
0.94799162596
0.9597922390500001
0.8641855872099999
0.83077462477
0.96393876898
0.96756244637
0.8147350516499999
0.9989793765
0.9342746197
0.9246769905300001
0.99103499449
0.99117655766
0.9980919632099999
0.8754336134499999
0.9044788379300001
0.9527860128600001
0.91517424258
0.9928929935
0.92926666667
0.8838330358
0.90638807165
0.90608494301
0.9990235376500001
0.9676680766200001
0.95874980958
0.99625450545
0.9120318336300001
0.9118507677
0.9735613123299999
0.11727540754000002
0.7643648051199999
0.9999870749
1.0
0.86147350735
0.9822918832499999
1.0
1.0
0.99999823982
0.95382746275
1.0
0.9931541352600001
1.0
1.0
1.0
0.99996131605
1.0
0.98849526095
0.9751952009599999
0.99957745186
1.0
0.99993332666
0.9696448
0.99328216
0.99205794094
0.9730239359
0.99353605442
0.98540859828
0.99994660281
0.9988983961500001
0.9148759696100001
0.9755342328800001
0.99688461077
0.9999580165599999
0.9871485216
0.97153338665
0.14732894711
0.70040106688
0.99877379878
0.99997041479
0.99995338406
1.0
0.99993873367
1.0
1.0
1.0
1.0
0.99996401606
0.99998184908
1.0
0.99997498008
1.0
1.0
1.0
1.0
0.9999646599199999
1.0
0.9999432686499999
1.0
1.0
1.0
0.99894316547
1.0
1.0
1.0
0.99993158367
1.0
1.0
1.0
1.0
0.99294504792
1.0
0.15610920052000002
0.7454252715999999
0.99999952043
1.0
0.9999837924199999
1.0
1.0
1.0
1.0
0.99995470942
0.99939988002
0.99995206082
0.99996530082
1.0
1.0
1.0
0.99874892511
0.99991839665
0.9943850871900001
1.0
1.0
1.0
0.9964825067399999
1.0
0.99775923146
0.99911056
1.0
0.99520881675
1.0
0.99538008
0.9984119724599999
1.0
0.9999811999999999
1.0
1.0
0.9999844389
0.16653475875999996
0.69727418619
0.99115639564
1.0
0.99999054108
1.0
0.99999775978
1.0
0.99111161905
0.9795383999999999
0.9999904781000001
0.9999480903800001
0.99973934557
0.99575468484
0.99998583858
1.0
0.99997124314
1.0
0.99997656234
1.0
0.9999217991
1.0
1.0
1.0
0.99994544
0.99061202513
0.9999882081600001
0.9999833133699999
1.0
0.99999099512
1.0
1.0
0.99874892511
0.9999262326199999
1.0
1.0
0.17371795864999992
0.62844824647
0.9997642971199999
1.0
1.0
0.9999880012
1.0
1.0
0.99997656234
0.99994875587
1.0
1.0
1.0
0.99999840064
1.0
0.99997826217
1.0
1.0
1.0
1.0
1.0
0.99999295648
0.9999798561200001
1.0
0.99995007501
0.9988044791
1.0
0.9999811999999999
0.98661446673
0.99997594708
1.0
1.0
1.0
1.0
1.0
0.99997391739
0.18403435983999997
0.5563868146800001
0.78151404298
0.87658462461
0.8950323497
0.8825272854199999
0.8187903006
0.99971042502
0.8347817510200001
0.88663539292
0.84082058648
0.8901036502199999
0.7919750524699999
0.87139488927
0.80944197629
0.88797002605
0.7445325858399999
0.7973709497199999
0.83024775253
0.8500371610799999
0.77987727501
0.8040313568599999
0.99993019113
0.91054166418
0.9056236192
0.99017861133
0.9999811999999999
0.91720556056
0.84809848243
0.89574358974
0.79918088191
0.94716351635
0.8481068154600001
0.99985952357
0.99805245181
0.98519020686
0.13326036407000008
0.47925580836000004
0.81586906619
0.89149388081
0.85147051745
0.85609207427
0.79843544507
0.76976235012
0.7391096090400001
0.79294581753
0.86306171978
0.93302861714
0.8829387200000001
0.80409984
0.84795944921
0.88935337743
0.76468242352
0.79583905657
0.8158561421
0.86169946857
0.8078520383700001
0.85639336
0.78619854044
0.84486496409
0.8412132758399999
0.8644591956900001
0.94907513524
0.78869018356
0.7657028846199999
0.8385996797399999
0.98657218015
0.9258186415199999
0.8597292897000001
0.90043952696
0.97657309731
0.99704453555
0.1670426986
0.50436278473
0.80366680371
0.8533426998899999
0.91637657892
0.85221750199
0.99746895928
0.9420162205400001
0.79085672
0.9181828845
0.8922918203700001
0.9627211667200001
0.80397073269
0.92904880192
0.93256658354
0.8463861392099999
0.9650870009
0.96759504
0.8562395534299999
0.9513077138799999
0.8296267521
0.8569460228399999
0.97309380248
0.8854357584200001
0.89742700321
0.88296432497
0.87449166417
0.98472921696
0.9090411894699999
0.98558696782
0.90326810379
0.89414946505
0.97259768185
0.8755849509700001
0.8660544108799999
0.15580638722999995
0.15580638722999995
0.52179661261
0.9607238438400001
0.88965458354
0.86996179259
0.91594137135
0.9075957617
0.8286777355499999
0.95402972892
0.82317248804
0.9004912153999999
0.85612611858
0.9336044867300001
0.74825095541
0.9172465827899999
0.93335472642
0.88721601434
0.99472537883
0.9763114655999999
0.8470309452100001
0.9618347295799999
1.0
0.83874062873
0.96981808703
0.82572661121
0.77045054989
0.7958602553899999
0.89491696607
0.8777579106000001
0.93234278875
0.81726443598
0.9308611183100001
0.7983151515200001
0.94687979244
0.94529224
0.19548198841999997
0.61039012019
0.61039012019
0.95532426076
0.8338897060299999
0.9101843715499999
0.8512944989000001
0.8920526242099999
0.83859380372
0.81021044209
0.81021044209
0.88395118726
0.96623929712
0.84765944384
0.94423738825
0.93216733227
0.9982512075400001
0.99998449086
0.96098712891
0.96389920818
0.96679847695
0.85368383305
0.9617537352300001
0.86598889891
0.90015531341
0.9627270691700001
0.9335731656199999
0.95093539202
0.9271195209599999
0.9328104747600001
0.91440882117
0.8709050328200001
0.8977367088600001
0.88616135024
0.93171731732
0.98671620679
0.17508940136999998
0.5547923622900001
0.72939958845
0.96248554061
0.8296573955
0.8488172437899999
0.83053530825
0.89470395842
0.9578554990499999
0.8312664726500001
0.87094894426
0.9116216075900001
0.8539459480999999
0.8368345945900001
0.8856020002
0.96516068855
0.81957402182
0.84392268874
0.8901713140199999
0.86032383425
0.8368771151700001
0.90366293078
0.7992748922499999
0.88052704377
0.9221986182
0.90996402116
0.80306641336
0.9328342216000001
0.99150553166
0.84608441688
0.99120007971
0.86702263242
0.85672520455
0.85191279583
0.92509716567
0.97187131752
0.17609871759
0.48321661145
0.80913947395
0.83891547916
0.74313928822
0.9665171821999999
0.82221119552
0.85931820454
0.92524557972
0.97836062155
0.89098965483
0.88677063007
0.8981790764900001
0.88707414018
0.81144489306
0.7948937887
0.87633240112
0.76646746795
0.9277767812700001
0.95597779114
0.95221582215
0.8599845938899999
0.83166991496
0.90688294194
0.99607733413
0.88427570486
0.8220157543100001
0.8912767288
0.91954381686
0.9528380571699999
0.8969757188499999
0.96749576927
0.8424071057900001
0.91288891559
0.85878527093
0.8536194555600001
0.17686455747
0.5342729011599999
0.9648607605
0.86557763303
0.9078716098699999
0.90892885637
0.9625874975000001
0.9082175368700001
0.9301097330899999
0.91879995992
0.9965186664
0.96416882417
0.9802148378700001
0.88927268736
0.9062429614799999
0.8757152
0.9741953061
0.8661700992700001
0.78168335664
0.8344004789499999
0.8555157726200001
0.86745393776
0.90458276553
0.82030535875
0.9162337823
0.9980664461200001
0.8693821817799999
0.8716583982399999
0.9728328295500001
0.91246540076
0.90095988774
0.95318394569
0.97598005407
0.9538260332599999
0.97234795509
0.86119230769
0.20607526920000005
0.47336434627
0.8165097252899999
0.81741845506
0.78651814279
0.79585819345
0.7931339199999999
0.68978340174
0.85895933527
0.77645636618
0.87182040816
0.74887943432
0.87673888722
0.82452288577
0.7182925671
0.7752049501
0.69921028216
0.92899666633
0.81914077932
0.82357493014
0.78957679768
0.85578923785
0.7762688826599999
0.75226746555
0.80777398601
0.9481512733099999
0.8269593937
0.8401937475
0.82926959648
0.88062112297
0.9119168987299999
0.70322082082
0.79804335035
0.8476757446000001
0.8034316782
0.82413388082
0.19243434513
0.5669494982500001
0.98682893054
0.99997867252
1.0
0.9999964905300001
0.99998449086
0.9651760937
0.99826911278
0.9907045181899999
0.97604963649
0.99992351939
0.93688507746
0.98518961612
0.89791159493
0.9392988611399999
0.88841821099
0.93293009495
0.9955740093800001
0.9487378416100001
0.9958864485
0.86779266953
0.84423754621
0.9312147199999999
0.9989776176199999
0.86415918286
0.99040175509
0.89607580548
0.97651166417
0.94457542313
0.9130209958
0.9811127614899999
0.94602554039
0.97212116832
0.99620256
0.99884388539
0.2607221296999999
0.59260745505
0.91195214429
0.97035143029
0.97791728
0.9544447457599999
0.99964606595
0.99846146459
0.9999891265199999
1.0
0.94766187469
0.94969345458
0.98448872436
1.0
0.99994762475
0.97543071371
0.9833230154
1.0
0.9974660799999999
1.0
1.0
0.97317116288
0.99994761048
0.9999916368
0.9999957434000001
0.9166813925599999
0.9993852000000001
0.99992473505
0.91481929005
0.9894487225899999
0.99003097213
0.98149634817
0.99899754613
0.8622106276299999
0.96467242551
0.98705469094
0.27221806864
0.57830239679
0.9979552800000001
0.99993620758
0.99901227842
1.0
1.0
1.0
0.9986251946500001
0.98279767675
0.99959866373
0.99997436358
0.99999118678
0.9652570742900001
0.99932930983
0.99997994384
0.99996265494
1.0
0.9986088173500001
0.99958915903
0.99999791228
1.0
0.99995471246
0.99596337099
0.9957673616699999
0.9999604879
1.0
0.9999505550600001
0.9980876860100001
0.98914779471
0.9989193290699999
0.99977689848
0.99780458807
1.0
0.9999619962
0.99864907019
0.2779145026
0.49439329120000003
0.9983259200000001
1.0
1.0
0.9998002790499999
1.0
1.0
0.9999750499800001
1.0
1.0
1.0
1.0
1.0
0.9999870749
0.99997312205
0.99803238705
0.99935630437
0.9999904781000001
0.99999680798
1.0
0.99991962411
1.0
0.9994754163799999
0.9999877268599999
0.94419842047
0.99794101769
0.95672462493
0.9995942954
0.99999189731
0.9828224755
0.99942096
1.0
0.9992853707400001
0.99999511854
0.9999811999999999
0.2867169703
0.5685359615
0.9966593881199999
0.94888628783
0.98222420306
0.99946037774
0.99993411576
1.0
0.9912344241000001
0.99736346576
1.0
0.99996930475
0.96414683443
0.95759128523
0.986112221
0.9982007393300001
0.99959723585
0.9960917468
0.95238536293
0.96797379269
0.98181094927
0.99998163306
0.93772857856
0.95892765447
0.9995091547199999
0.99808324346
1.0
0.97685552328
0.99513190812
0.98265906902
0.99598164145
0.9972991999999999
0.96110548793
0.94587588141
0.97823459038
0.9890904082199999
0.28851251250999993
0.40801020869
0.6759459974
0.70170434087
0.80724494292
0.79942261703
0.79334310017
0.81640693178
0.8701974207700001
0.7837436358200001
0.82042096453
0.85342465644
0.75477082541
0.7517865011
0.79264175912
0.92902339321
0.7941211634900001
0.6886519852
0.7649880662499999
0.7766851899899999
0.6917864097199999
0.76886725911
0.76332703622
0.7471949504100001
0.7561721398
0.7994796826399999
0.77052851438
0.77860853915
0.79065648611
0.72342774832
0.73901660491
0.80639128087
0.73795576
0.74718212647
0.71724288577
0.76549915966
0.22627327271000003
0.46970565269
0.8288329558
0.98719960004
0.89557814404
0.9801794220600001
0.94640039936
0.93319719888
0.97536536268
0.9356388361200001
0.95761350649
0.86359449322
0.9702154155399999
0.86338734633
0.94686096267
0.96714127855
0.9030438164000001
0.8193157936800001
0.8594369985999999
0.81466728166
0.8565242258300001
0.98157379808
0.99857512
0.8539346096
0.98839540781
0.95895745956
0.95084413296
0.8689088800000001
0.9277511697699999
0.97380091871
0.8640216086400001
0.88127339744
0.904710009
0.83992465794
0.86521271043
0.9931184583
0.30885751728000005
0.46561288156
1.0
0.92187115654
0.9016291404000001
0.98050626556
0.9392988683
0.79458784552
0.95902790091
0.9161107335600001
0.89416699262
0.87893761212
0.93743906659
0.88069393456
0.95259968
0.9977809218399999
0.99992960894
0.96174866192
0.96097686396
0.94809308452
0.9966280164200001
0.92653340014
0.9516688606600001
0.86424510332
0.8853514672
0.95614344663
0.92307325861
0.98169532017
0.9923246875299999
0.78934447666
0.88661488725
0.9329811986400001
0.95906295298
0.84985347326
0.8584191904
0.98462922338
0.31979233666999995
0.3875079908
0.8987106581600001
0.85150236284
0.9621606871799999
0.87215511022
0.94810113841
0.85608941176
0.9643094362400001
0.92638112378
0.8867042141
0.9509465655
0.9455871341500001
0.9698283306600001
0.83978826117
0.8743440838700001
0.9912044626
0.90693255721
0.7830934989499999
0.81433369989
0.8841416991900001
0.7706406063
0.87625250075
0.86316056394
0.8478754701900001
0.8355896249000001
0.79347141428
0.98082332899
0.8172459724200001
0.77562164537
0.7961023348599999
0.9763616295399999
0.89040495406
0.80102352706
0.7973444133
0.73333857513
0.25618674153
0.36357534888000004
0.8851571528400001
0.80133080607
0.90342927123
0.9057134644199999
0.90723612335
0.97291461638
0.90325225045
0.8423678524900001
0.9406488844399999
0.92687626273
0.90152327019
0.9897297970700001
0.93114785386
0.9688810015
0.92338646677
0.9644824023999999
0.9866690392899999
0.8396913725899999
0.8543908
0.91786307493
0.8139753926200001
0.90867603719
0.85559451067
0.9753771737
0.97077870768
0.9150582715100001
0.89420897551
0.9330430056000001
0.8819973705199999
0.9760971474500001
0.85307986825
0.95272879455
0.91963002595
0.82785753425
0.31044665465
0.42524276965999996
0.88907555022
0.8324388667199999
0.8074366389300001
0.79166390722
0.7286939199999999
0.82497270273
0.82202146848
0.7856975395099999
0.79407387514
0.7918316042
0.8064333633399999
0.80610504889
0.91929124073
0.83295844831
0.71908795518
0.9007019138800001
0.87470384924
0.90580122061
0.75190030978
0.87325627437
0.80667512468
0.87230168404
0.80702651084
0.81285040064
0.83662888556
0.89795080854
0.86002424727
0.80102734735
0.8385622248900001
0.75939489022
0.8587523656799999
0.92193351955
0.7934411540799999
0.84435268473
0.27402286856999997
0.39119435031
0.9617115107900001
0.88576713915
0.8535234101999999
0.88053394734
0.95177189851
0.88275024995
0.96387593072
0.99792088265
0.7885157620700001
0.8013171765599999
0.85553117247
0.80008742646
0.9703888532499999
0.9526585175600001
0.88433835384
0.8049636763200001
0.9280453702800001
0.8689197710600001
0.92268707293
0.99892869008
0.8850355750100001
0.89109564868
0.8402310062
0.83173141372
0.91569921984
0.99678940028
0.89728948636
0.99056809681
0.95558674915
0.9424568336700001
0.94057591059
0.92650251478
0.89602857998
0.8098554386000001
0.28977535821
0.36650806975
0.87707746451
0.88979572257
0.84844922093
0.93639073282
0.8276061415000001
0.9077207940600001
0.9139824659700001
0.97432315978
0.96935362342
0.7728106357500001
0.81904752
0.85209024
0.88471139493
0.8800155231
0.9466517079000001
0.91717660234
0.8871905797799999
0.88817324535
0.99064509273
0.92284418674
0.9911058870599999
0.87090458716
0.83781315184
0.9869717034100001
0.93616266454
0.84418939136
0.8681593790400001
0.88499702692
0.9802401437999999
0.99550803768
0.9451721972199999
0.84421093376
0.98237989185
0.84690330967
0.29249877926999995
0.32136053476999993
0.89890234646
0.91844977493
0.7130546654700001
0.80281296
0.7779454563599999
0.74130310684
0.8326384338800001
0.77979349414
0.8511746107799999
0.91434106445
0.78033234089
0.79394556166
0.83561899419
0.82922511229
0.8185971339799999
0.8957050400000001
0.99727972797
0.75717432513
0.7826764577099999
0.89153184234
0.7420602750599999
0.7417802308099999
0.72197976654
0.75145276664
0.7527999199900001
0.7596775044999999
0.73564989497
0.81030129663
0.83647961515
0.76758888
0.85030335034
0.80361727654
0.84388243015
0.80128537518
0.29841687325000005
0.32023713062
0.63359664369
0.7124628623
0.79610744957
0.6742606917299999
0.65343493711
0.71891093985
0.7507486421699999
0.67697507987
0.68776755351
0.7163193132999999
0.69802000601
0.64741169182
0.7472615693
0.69737707146
0.63016805348
0.6984375287
0.65226077526
0.70346945857
0.9048773035500001
0.72029552449
0.7772144424499999
0.67388941788
0.63566641389
0.70449496058
0.7492529684
0.7091062387899999
0.7078504104100001
0.6512695199
0.64755091633
0.7790184766299999
0.7022239728099999
0.65317965694
0.69600031857
0.6707174666800001
0.3076870883
0.32766238224
0.77898604837
0.8225827249200001
0.69692044132
0.75286953742
0.7140195737
0.75614767639
0.69345477938
0.7423119016699999
0.6855316526599999
0.74711501099
0.70427379551
0.76051608504
0.74877808876
0.69895075015
0.87585094509
0.82157087282
0.71894127318
0.78619854044
0.7149864213599999
0.85208131671
0.77981345363
0.70775468266
0.75619373812
0.7406161535400001
0.77753032026
0.78531790656
0.75239536093
0.67991461123
0.81427194878
0.8051207821999999
0.80562188815
0.73423291342
0.8669848369700001
0.8338773067299999
0.29261501250999994
0.2959813666800001
0.88697538523
0.9654017600000001
0.87888199501
0.8765897816100001
0.82989517048
0.92706786715
0.98032427262
1.0
0.9496295318100001
0.956996661
0.9988368799999999
0.90681391408
0.9480410030099999
0.99311528
0.89472127936
0.8751676703
0.9084604948099999
0.9585467375
0.80451704
0.84613093309
0.8146903360900001
0.92720320802
0.95175409836
0.85922487502
0.8554098229499999
0.9810048274500001
0.88150765531
0.9031587034799999
0.9862883888399999
0.99116528694
0.96591757431
0.9386392381
0.9144829516999999
0.8614393282
0.40128866161
0.3559896185
0.99258058812
0.9830222844000001
0.94417364527
0.99942153601
0.97887480916
0.9973668233199999
1.0
0.9999130972600001
0.9285547521299999
0.9948092483200001
1.0
0.9221298690899999
0.99920629858
0.9999500552
0.9443010202000001
0.95693755873
0.9986675177000001
0.91977216205
0.9379858513200001
0.94836650995
0.99645670866
0.99998180186
0.94045693665
0.9404076784600001
0.99905929407
0.9043281271899999
0.95467049671
0.9964279013799999
0.99997903581
0.90478856
0.99698476854
0.96689144922
0.9441193396700001
0.9942360308099999
0.41254014604000006
0.38169704199
1.0
0.97964245453
0.9988168100900001
0.9999890061700001
0.99031235955
0.91682081041
0.9486417600000001
0.95535324597
0.9900715881900001
1.0
0.99710848
0.99997439744
0.99241061029
0.9695237599000001
0.99946314526
0.99996928
0.9999816800000001
1.0
0.89495183215
0.9967174013000001
0.99991213364
0.9848481197
0.99962489227
0.9576783435
0.99935088456
0.90271748699
0.98236920315
0.9345088904500001
0.9357765153000001
0.97015784
0.9885852
1.0
0.99498654906
0.93038001
0.41323994397
0.38675193937999996
0.99997546848
1.0
0.99938890776
1.0
0.99996462721
0.9999910220399999
1.0
1.0
1.0
0.99995984339
1.0
0.9999527247300001
1.0
0.99993273489
0.99999254285
1.0
0.99999992001
0.9999816800000001
1.0
0.9999752223
1.0
1.0
1.0
1.0
1.0
0.99997192561
0.99996928
1.0
1.0
1.0
0.99997639056
1.0
1.0
1.0
0.43870244098000005
0.34506894416
0.99998385951
1.0
1.0
1.0
1.0
1.0
1.0
1.0
1.0
0.9999507396999999
1.0
1.0
1.0
1.0
0.99992351648
1.0
0.99997206983
1.0
0.99992092046
1.0
0.9979531365700001
0.9999870749
0.99994276553
0.99999759856
1.0
0.99993550065
1.0
1.0
0.9999745701699999
1.0
1.0
1.0
0.99999328336
0.9999619962
0.43801729687
0.3292548873500001
0.99816676665
0.9995328332800001
1.0
0.99994697498
1.0
1.0
0.99995007501
1.0
0.99899357945
1.0
0.9999434569600001
0.9972515200000001
1.0
0.99997794486
1.0
1.0
0.98068430082
0.9917812643999999
0.9435410059
0.98599952
1.0
0.99996923077
1.0
1.0
0.99996663333
1.0
0.9999777733199999
0.99998384323
0.9999906428099999
0.99963009204
0.99999952239
1.0
1.0
1.0
0.44742609563999997
0.29043481881999994
0.8815939982000001
0.84200620062
0.86473129374
0.8838729956099999
0.7871648827400001
0.82961912574
0.81396176765
0.84978973183
0.9516058804699999
0.99123176953
0.74726987807
0.77319707971
0.86116208342
0.7712718966000001
0.8926707353700001
0.8794223200000001
0.88965655434
0.87216081364
0.8065516895600001
0.9235056072
0.8502426399999999
0.89300139693
0.83194028654
0.8198050420199999
0.84983490858
0.93789962967
0.8951763252300001
0.7936833617500001
0.97735704
0.8308114834499999
0.89307379338
0.8751171943900001
0.82633064
0.8103147317899999
0.36570804759
0.26569266308000006
0.74387432581
0.7816664
0.80107690155
0.8040360008
0.8102736842099999
0.82615596202
0.8237574642500001
0.7976355235499999
0.96438926255
0.8382599037699999
0.85323323668
0.71304382247
0.8278689731
0.79442922156
0.77109301813
0.7871045732
0.76547960428
0.8193743477
0.78937174803
0.82943082782
0.8623186251
0.77013287986
0.90623450753
0.78074782609
0.8158266613299999
0.70675088982
0.9763007001399999
0.92665711721
0.8318922429300001
0.8249588958899999
0.9625634236599999
0.8618357785299999
0.76817080714
0.8314482703300001
0.37848024010000003
0.25006771937
0.9999936945
0.9601668805100001
0.99529247075
1.0
0.99992555533
0.9837006482499999
1.0
0.99617020596
0.99994658671
1.0
1.0
0.99992092046
1.0
0.9999203670500001
1.0
0.9999485702900001
0.99948330334
0.99998184908
1.0
0.9334132879
0.9939060305999999
0.98885010004
0.96451858814
0.9382858054900001
0.9954093825200001
1.0
0.9825808980899999
0.99762631054
0.9983871614800001
0.8849156231199999
0.9911879988000001
0.99994923553
1.0
0.99996334102
0.47950333400000006
0.25226893616999996
0.9466498813700001
0.86096915663
0.88548619414
0.8877979806099999
0.94949020392
0.9584298573
0.95247823647
0.88963688738
0.89700540108
0.9851225754799999
0.9534694252899999
0.91431622324
0.90874151415
0.86723144314
0.8797675540900001
0.92706246993
0.92981056423
0.88771330867
0.95081147885
0.95577618193
0.98992912407
1.0
0.8869204799999999
0.84729628079
0.84601507618
0.98396398199
0.9883288942199999
0.90172618524
0.8929192660599999
0.90873368083
0.86095163033
0.9005079784
0.86326532081
0.8812146078599999
0.42039289475999997
0.30967371451
0.8546769599999999
0.8058315768400001
0.79115892928
0.88170585527
0.8402168583099999
0.88816341512
0.8312482420099999
0.8216767507
0.9511327798300001
0.8295504898999999
0.8309050867700001
0.85426913902
0.81237629659
0.82818010597
0.94497056121
0.84071871187
0.84380032064
0.73255821582
0.81504433557
0.82876842105
0.8286713225
0.78594094308
0.84561874249
0.8738206813899999
0.7875710573700001
0.8583384307
0.85752029609
0.86675728854
0.8281531506300001
0.8657563512700001
0.84412184689
0.8026153968899999
0.8563162828
0.83629367696
0.40134150395999996
0.23946274047
0.88417630089
0.89992124476
0.93554059962
0.9495628297400001
0.87574756584
0.9271421184499999
0.9149455198600001
0.92763908991
0.8706740777799999
0.85382813719
0.95869133827
0.7638039012699999
0.90169891523
0.94021030309
0.89164220623
0.96092867801
0.86715773403
0.78458359539
0.8548255676700001
0.9886852233000001
0.8638225861200001
0.8583382338200001
0.80456167485
0.87907066827
0.8374147326299999
0.8512426262199999
0.87640850211
0.87484354855
0.94153763527
0.8804020741899999
0.79934306014
0.94162676014
0.85541171766
0.7463122048799999
0.46128656091
0.21197810746000004
0.98019656275
0.94256366363
0.90969954174
0.9054930712899999
0.9833945123200001
0.7866133066900001
0.9922410805399999
0.9471302334899999
0.85027309736
0.90547255647
0.95880167732
0.91553049574
0.92407049686
0.94181142685
0.85880364036
0.85077364791
0.92632791858
0.88825086241
0.92819006099
0.8599603517200001
0.7692673869500001
0.93273383758
0.93595586373
0.89145112932
0.8008104
0.98657576788
0.9495986451499999
0.85495922096
0.81333349292
0.85602441465
0.8431172027999999
0.8185187556300001
0.79193227132
0.84755752849
0.39572401278999997
0.24828397404000002
0.97225876701
0.9155238477000001
0.99660784
0.96430429594
0.9993466318099999
0.97446822636
0.97754297141
0.9999997599000001
0.98795770609
0.91824738956
0.98685874238
0.9890473279399999
0.9687291362199999
0.9954103751
0.9726184516599999
0.99993569286
0.97968738019
0.99105279553
0.99996382232
0.95455217565
0.99432175569
1.0
0.99966927909
1.0
0.96163295341
0.97842040204
0.97049487333
0.9933019545
0.99604254298
0.9292540281499999
0.97462220441
0.99122944345
0.94525469298
0.98606944861
0.50756495802
0.3383002475
0.99996117859
0.9892103179399999
0.99933294671
0.99948514851
0.99942102533
0.99997594708
1.0
1.0
0.99995802099
1.0
0.99999671211
0.99999640252
1.0
1.0
0.9999717807399999
1.0
0.99999759856
1.0
1.0
0.9999899980000001
0.9999432686499999
1.0
0.9999415004
1.0
1.0
0.9999770423000001
0.9996442138899999
1.0
1.0
1.0
0.99994544
1.0
1.0
0.99997192561
0.54133376538
0.23908572797
0.86859073963
0.9109115776800001
0.98385041496
0.90910009998
0.91261071749
0.95996784927
0.9727201600000001
0.99830196902
0.9722423153699999
0.9966950385900001
0.91072089582
0.91269222467
0.92675245147
0.97692011173
0.9269071371300001
0.96124015197
0.97308968
0.9290124587499999
0.96344562594
0.91073292573
0.9216072
0.9792876361799999
0.9924258257699999
0.9646815586499999
0.9762648253799999
0.99742032983
0.97561188356
0.94789314713
0.85891015539
0.96164567543
0.9988209179099999
0.94245275779
0.9966971451400001
0.9999640008
0.47749394103
0.262380904
0.98709789442
1.0
0.98789432
1.0
0.95676165699
0.9984862643400001
1.0
0.9972444444399999
0.9993897789799999
0.9964238304699999
0.99010533041
0.99964193225
0.99995603517
0.99863949555
0.999119258
0.96860651498
0.9927338400000001
0.99994080592
0.98276970424
0.9815236650400001
0.98924941389
0.9936757254399999
1.0
1.0
1.0
0.9999910220399999
0.9999811999999999
0.95596064
0.99884297257
1.0
0.99995736
0.97150135068
0.99879371937
0.54594467582
0.54594467582
0.22941257872
0.8216657881
0.9122271437099999
0.8928493945800001
0.88475824484
0.9513118399999999
0.88577739617
0.9022090755000001
0.83738245123
0.83738245123
0.9248092624
0.9060064076900001
0.95184596718
0.89792406181
0.8533239583300001
0.96636765822
0.97072759928
0.80984698202
0.99676505747
0.8920456
0.95997115173
0.8425277512
0.87007914911
0.85326418075
0.8220004401300001
0.93390646289
0.92337170264
0.8447812406099999
0.85340971377
0.9040152830599999
0.87866491071
0.7797163643700001
0.9060116528200001
0.93397020298
0.43882667200000003
0.18485770650000005
0.78895377538
0.78895377538
0.82255950479
0.80472016064
0.80472016064
0.7975395307
0.7975395307
0.80220168202
0.9005872929800001
0.9005872929800001
0.99321064
0.99321064
0.8248530673300001
0.88515760848
0.88515760848
0.7973810315500001
0.95885738178
0.8015193736199999
0.79546101898
0.7955103951999999
0.79550188075
0.82847971275
0.79575054108
0.86204036844
0.8346981222500001
0.86487248054
0.7933389911900001
0.7793437644
0.8338167499500001
0.8151193109
0.8890333001
0.8073111978399999
0.9093425822000001
0.8493604149999999
0.49851469339000004
0.17120568685999998
0.81467181782
0.77413202483
0.69451916592
0.82321692784
0.7575869456400001
0.71731285543
0.74106057692
0.8531682121799999
0.82207314149
0.7281437029600001
0.74529535232
0.73930245754
0.74005515036
0.71305251777
0.79436529388
0.7597709145400001
0.80527118135
0.84127216515
0.71946060667
0.81658012634
0.7577736105599999
0.71412960671
0.82516866029
0.7232317300899999
0.7454003604999999
0.78211168649
0.86622325859
0.78356765001
0.7488010377200001
0.6926512204899999
0.77531396514
0.83201148669
0.69393396813
0.91521996207
0.43043756313
0.18455045299999998
0.83307373697
0.8333158684099999
0.67206733307
0.81050574024
0.91750971611
0.75974068357
0.84890566943
0.77311464268
0.75744571371
0.7778634467600001
0.8551750651400001
0.7644971502800001
0.77859737974
0.83100019948
0.83473507769
0.7031727988800001
0.70536672013
0.88342695488
0.81082831681
0.97084760854
0.76335728
0.7692783208399999
0.8249058894
0.74796965462
0.7955026334199999
0.7778838580299999
0.7625926768399999
0.85711655537
0.71799123794
0.70831188881
0.8386669865999999
0.7725184844499999
0.85041771775
0.8715078783
0.40202435616000004
0.18278012982999994
0.803133968
0.76693982762
0.7577945211
0.8826682104
0.7787452109599999
0.69582155689
0.7082259492999999
0.73174378562
0.71690521052
0.76899997995
0.7723418776200001
0.68105477095
0.75612095448
0.7645234548200001
0.7637784393999999
0.79245288163
0.76699444111
0.7151170317
0.67689722832
0.72379468744
0.7695405562800001
0.75762316063
0.70770354965
0.80718971702
0.76669737715
0.7104781558700001
0.79985183403
0.77791662501
0.88321764295
0.87566020602
0.75030078203
0.73658832467
0.8397997000299999
0.70955316178
0.44453141368
0.17844229462000002
0.8607462034500001
0.8692171519699999
0.8211631758800001
0.89021446264
0.96034134721
0.99993352
0.88983929783
0.87564317931
0.88440830671
0.79217984
0.8980913178100001
0.8418945553
0.91849477046
0.84357888
0.7900467138699999
0.8997470694099999
0.8271479518099999
0.91201742258
0.92685513524
0.79455979185
0.83635379696
0.838346
0.8655945621800001
0.87093863523
0.81173661563
0.8312683582400001
0.8966057405700001
0.97370784451
0.95072747275
0.82130770763
0.8965860240999999
0.8106725054999999
0.93594209949
0.85706367011
0.56263565347
0.15768454964999998
0.8974075392499999
0.9391397221900001
0.9478836218900001
0.9390942819799999
0.86345581116
0.9342585034
0.96473833267
0.80806871805
0.8525152569500001
0.83072985403
0.87278288
0.9398069651700001
0.93910560851
0.93907059295
0.87106365454
0.92761231015
0.9389921694
0.93909447115
0.8713632179299999
0.92820812943
0.9390807726999999
0.9390363455
0.93906321161
0.8921648
0.93521699569
0.8802242804500001
0.92200357179
0.9379259702699999
0.92189251701
0.9083945864699999
0.93281420591
0.9390257560599999
0.9390656396899999
0.93908561137
0.56157058776
0.16426972595
0.77882398402
0.75161144229
0.7293633363300001
0.7459253168300001
0.78821421554
0.7466628081
0.69834596653
0.7037405405400001
0.7741275472500001
0.7644550010000001
0.7024724655100001
0.7792044795499999
0.6876863840399999
0.87141622271
0.732044996
0.73630943472
0.7560527261800001
0.75565124115
0.7555881904
0.78559559956
0.84042043912
0.7619750124899999
0.73502932158
0.74683226387
0.7026324588499999
0.77465763527
0.87120979884
0.7309145664200001
0.6893580835900001
0.76202527494
0.74350764924
0.7526211021099999
0.847257497
0.7674032950599999
0.48960627890999997
0.13541338111000004
0.81245265294
0.8789189534699999
0.8590415841600001
0.79464338118
0.85677936986
0.9906079488699999
0.87393510702
0.88750218481
0.81128290114
0.83417249849
0.8513660769599999
0.95538985493
0.8737126399999999
0.88238870214
0.87457325558
0.86810578711
0.86092113943
0.86648226016
0.80867124962
0.8117814544399999
0.7534376083700001
0.8752983495000001
0.9465761292299999
0.87517627664
0.8754283429899999
0.8620930465200001
0.92308251525
0.8649736952000001
0.86019776638
0.8326879041899999
0.85897178257
0.90430876773
0.7972161988800001
0.85597944822
0.49557039735999997
0.16769800457999998
0.81979135059
0.85981258657
0.71057459492
0.77833995409
0.6682135508899999
0.73882478589
0.68548072205
0.76622696854
0.7307323463700001
0.66787669475
0.7472607584800001
0.72994527244
0.69499063405
0.83917846246
0.73510296474
0.70600096096
0.790836997
0.71449769162
0.72822450814
0.70403330998
0.72041786859
0.73015150669
0.7636531440600001
0.72355344361
0.81853012865
0.68630025995
0.7792334402600001
0.78558467494
0.72341166533
0.7220563312700001
0.72172920797
0.74129146621
0.7344163004400001
0.69427981145
0.469626224
0.16782866487000006
0.95787363873
0.92754723029
0.91098308338
0.8060723055400001
0.93070903277
0.86826060243
0.9036875012500001
0.82944423788
0.8350669995
0.83182833167
0.8546455985600001
0.8587987601199999
0.95188516593
0.89401836551
0.9888775892999999
0.7714273464900001
0.93076045627
0.98379956026
0.91269477896
0.8857580522799999
0.8964187849699999
0.92365427055
0.8294238510099999
0.86060259429
0.9927841203000001
0.89716429071
0.9208057605800001
0.84549515145
0.9085257485
0.80508704798
0.97110618814
0.85957115135
0.88607168416
0.8904733805799999
0.6009135235799999
0.16348263785000003
0.907316176
0.92937833532
0.95358901473
0.92009522857
0.98516322942
0.9020310093
0.93456033503
0.95465270338
0.8359140171999999
0.92782137634
0.91986465956
0.99803358351
0.90598740726
