None
None
None
None
None
None
None
None
None
None
None
None
None
None
None
None
None
None
None
None
None
None
None
None
None
None
None
None
None
None
None
None
None
None
None
None
None
None
None
None
None
None
None
None
None
None
None
None
None
None
None
None
None
None
None
None
None
None
None
None
None
None
None
None
None
None
None
0.7901512235403061
0.8272125124931335
0.7639235705137253
0.9607459157705307
0.9203644543886185
0.7920145392417908
0.7926276177167892
0.8966324031352997
0.7653718292713165
0.7844797074794769
0.7484703660011292
0.7587664574384689
0.8227310180664062
0.6938091069459915
0.7387223541736603
0.8628145605325699
0.5965348333120346
0.5921025574207306
0.7413083761930466
0.6631143093109131
0.6001841574907303
0.5587945431470871
0.618215024471283
0.6770778149366379
0.6140162497758865
0.6029252707958221
0.5738952457904816
0.6217392385005951
0.5559260696172714
0.6010171622037888
0.5920431613922119
0.6079939156770706
0.5786417722702026
0.5660522282123566
0.6088421046733856
0.6106067597866058
0.5462003350257874
0.6168312281370163
0.5671798437833786
0.6081816703081131
0.5608280599117279
0.5345527231693268
0.5594277232885361
0.6411175578832626
0.612537071108818
0.5814634263515472
0.5317479223012924
0.630021408200264
0.6290941536426544
0.574206992983818
0.5678434818983078
0.5446157604455948
0.634515717625618
0.5884407311677933
0.5787806361913681
0.6168574392795563
0.5808155089616776
0.5990628898143768
0.5546069890260696
0.5975133180618286
0.5414309501647949
0.5530002117156982
0.6049289703369141
0.5668884366750717
0.5647195130586624
0.5426354259252548
0.5931908935308456
0.5810558050870895
0.6133826673030853
0.5685741454362869
0.5372968912124634
0.6358439177274704
0.5658941268920898
0.5222243666648865
0.6092230826616287
0.5599465519189835
0.5316453278064728
0.5172493010759354
0.5481855273246765
0.5346304476261139
0.5781549960374832
0.5508321970701218
0.60273876786232
0.5304317772388458
0.5572135746479034
0.6638801246881485
0.5707034319639206
0.6012877374887466
0.5785828083753586
0.5116681903600693
0.5879797041416168
0.5636520832777023
0.5804277807474136
0.5598884671926498
0.5684518218040466
0.5398706495761871
0.5577380508184433
0.553844578564167
0.5560375601053238
0.5734165459871292
0.5494249910116196
0.5519779175519943
0.5506010353565216
0.5635933429002762
0.5434698462486267
0.5372530966997147
0.5765585005283356
0.5195395797491074
0.5273221135139465
0.5542914718389511
0.5379016846418381
0.5789327770471573
0.4810873791575432
0.5198286846280098
0.5207139551639557
0.5033648461103439
0.5399973690509796
0.5310017019510269
0.5379252508282661
0.5278193652629852
0.48774005472660065
0.5559031516313553
0.5459452122449875
0.5252078324556351
0.5063551440834999
0.517657995223999
0.5249783247709274
0.5354201272130013
0.5032567381858826
0.5337497591972351
0.5455323755741119
0.5337480902671814
0.49643881618976593
0.5341340750455856
0.5321630984544754
0.5295881628990173
0.5170321464538574
0.5794100165367126
0.5699945539236069
0.5100691616535187
0.510988675057888
0.5319537445902824
0.49863994866609573
0.5265954211354256
0.530392199754715
0.5290587544441223
0.5341033637523651
0.5711769312620163
0.48496532440185547
0.49970899522304535
0.4923986792564392
0.5112613588571548
0.5835213512182236
0.5209011062979698
0.5534548759460449
0.5183921158313751
0.561297282576561
0.5625548735260963
0.5607504919171333
0.5088974609971046
0.4775077551603317
0.5288162380456924
0.5230167880654335
0.5417842417955399
0.5030671060085297
0.5337859466671944
0.5971947610378265
0.507289819419384
0.49791550636291504
0.5407047420740128
0.5061750635504723
0.5155669748783112
0.48723743110895157
0.5213953852653503
0.5309396311640739
0.5167832598090172
0.55291847884655
0.5166040807962418
0.5632453411817551
0.5244012847542763
0.5294076949357986
0.5160180851817131
0.524220883846283
0.5043538510799408
0.5388233214616776
0.522371917963028
0.5401009619235992
0.4777642861008644
0.49944446235895157
0.5272660776972771
0.4632217809557915
0.4765670448541641
0.4930263012647629
0.5001719444990158
0.534899428486824
0.5171934217214584
0.4834023714065552
0.4968459755182266
0.48981640487909317
0.520510196685791
0.5052113309502602
0.49636567384004593
0.4858665391802788
0.5066281780600548
0.4696113169193268
0.5176757574081421
0.46246837824583054
0.49215270578861237
0.4898761883378029
0.4717114120721817
0.47126300632953644
0.4887634888291359
0.4884480610489845
0.48651205748319626
0.48163309693336487
0.4890800043940544
0.48235129565000534
0.45771047472953796
0.46531689167022705
0.4857557415962219
0.49989084899425507
0.4604300633072853
0.46691086143255234
0.5026641637086868
0.4380195140838623
0.4445769563317299
0.4513031840324402
0.4680652841925621
0.4661918804049492
0.4408608675003052
0.4510430693626404
0.4668644368648529
0.4572208896279335
0.45219170302152634
0.4579698219895363
0.469808854162693
0.4571458026766777
0.43159738183021545
0.4393944516777992
0.4523063600063324
0.45650313049554825
0.42698629945516586
0.4376346841454506
0.424652062356472
0.4466307982802391
0.4297615736722946
0.4428604319691658
0.43779587745666504
0.40201880782842636
0.4573841467499733
0.47327011823654175
0.4077076241374016
0.420112244784832
0.459739625453949
0.4097808599472046
0.39618635922670364
0.3898586258292198
0.4477890506386757
0.4393451660871506
0.42036984860897064
0.3950771391391754
0.38811062276363373
0.40763450413942337
0.43353844434022903
0.40833454579114914
0.4287624731659889
0.427755668759346
0.45719070732593536
0.3697221875190735
0.44650791585445404
0.4010555297136307
0.4201020523905754
0.3776477351784706
0.45855385810136795
0.38338394463062286
0.3793197497725487
0.40980228036642075
0.44590727239847183
0.38454998284578323
0.32879503816366196
0.43380264192819595
0.4180222302675247
0.41515254229307175
0.40210648626089096
0.3943622186779976
0.4197048395872116
0.4476581811904907
0.4388354644179344
0.42866264283657074
0.48717789351940155
0.4477371275424957
0.42942704260349274
0.3893760219216347
0.35127919912338257
0.41017428040504456
0.4480423107743263
0.4426441192626953
0.4173802509903908
0.41469090431928635
0.3824762627482414
0.46359778940677643
0.4006294533610344
0.3956152945756912
0.36833713203668594
0.37332164496183395
0.40246105939149857
0.40858153253793716
0.4670838937163353
0.41096407920122147
0.35548805445432663
0.40589921921491623
0.4503711834549904
0.3743448853492737
0.3884468525648117
0.3841807320713997
0.40030352771282196
0.46383602172136307
0.40126946568489075
0.39419497549533844
0.41296273469924927
0.41459454596042633
0.3809990957379341
0.4025620296597481
0.3874478340148926
0.3943677321076393
0.4325972944498062
0.32863129675388336
0.3946976214647293
0.4021446481347084
0.39102839678525925
0.42795033752918243
0.4637680798768997
0.4618169441819191
0.4261021390557289
0.4267788827419281
0.3576713874936104
0.3943122997879982
0.40327470004558563
0.3732329159975052
0.4291178733110428
0.39940401166677475
0.38944796472787857
0.36421606689691544
0.4317627400159836
0.5375253409147263
0.4181898161768913
0.4306797906756401
0.3748060315847397
0.4442761316895485
0.3481437489390373
0.35542158782482147
0.44548795372247696
0.3816203102469444
0.32305309921503067
0.38186443597078323
0.3678547143936157
0.3784789815545082
0.409657783806324
0.35539206117391586
0.38845181465148926
0.37277089804410934
0.37384820729494095
0.42895523458719254
0.5074030309915543
0.4402357265353203
0.43695226311683655
0.3584417514503002
0.431073322892189
0.39530283957719803
0.4030551463365555
0.36082369834184647
0.41898953169584274
0.369799867272377
0.4059799388051033
0.4329693540930748
0.34371577203273773
0.39705823361873627
0.3908011466264725
0.38199053704738617
0.40575386583805084
0.40263522416353226
0.39523763954639435
0.44304534792900085
0.36633386462926865
0.39052554219961166
0.43400685489177704
0.3564174994826317
0.411368653178215
0.4622092917561531
0.43281684815883636
0.39680271595716476
0.3807799890637398
0.36061855405569077
0.4155447408556938
0.37681352347135544
0.46810781955718994
0.36938726156949997
0.4317519813776016
0.44082506000995636
0.5299534797668457
0.48525018244981766
0.4022015631198883
0.38496869802474976
0.39654728025197983
0.41563937813043594
0.3971633017063141
0.44702596962451935
0.5363701581954956
0.43065717071294785
0.3553367555141449
0.44690460711717606
0.40480684489011765
0.4099232032895088
0.44780419021844864
0.3750451058149338
0.45603246986866
0.43933889269828796
0.36735016107559204
0.3510177507996559
0.38935934752225876
0.4946201294660568
0.4475136324763298
0.45245297998189926
0.3737046867609024
0.5271131545305252
0.38734783232212067
0.4594050347805023
0.4031127616763115
0.43607956916093826
0.48149463534355164
0.3985780254006386
0.4385669678449631
0.4125289171934128
0.43310268968343735
0.4611537307500839
0.5399923697113991
0.4838714152574539
0.45650845766067505
0.3918985277414322
0.41718094050884247
0.4617689400911331
0.4900704547762871
0.41775116324424744
0.3670707792043686
0.4996709004044533
0.4411952570080757
0.37173420935869217
0.42366693913936615
0.43950310349464417
0.31679075956344604
0.3611324280500412
0.3685467019677162
0.5005462989211082
0.41521739214658737
0.440046064555645
0.3938943073153496
0.47190725058317184
0.3734980598092079
0.5353545546531677
0.4001806378364563
0.39481351524591446
0.44904644042253494
0.4544954150915146
0.42222215980291367
0.5439115390181541
0.5296512767672539
0.5376237407326698
0.43867190182209015
0.4073236733675003
0.44058697670698166
0.45872122049331665
0.44211185723543167
0.5209109857678413
0.39686859399080276
0.5025079697370529
0.4292784482240677
0.4212481901049614
0.5050358176231384
0.4451078325510025
0.3751212954521179
0.4755062609910965
0.4441836401820183
0.43328800797462463
0.37610338628292084
0.3394653871655464
0.32211512327194214
0.40602438896894455
0.3939887136220932
0.3655957281589508
0.3590259440243244
0.4301382377743721
0.39443421363830566
0.4592030271887779
0.3884633108973503
0.43217745423316956
0.37442557513713837
0.38039449602365494
0.39518529921770096
0.3618689402937889
0.4398050382733345
0.41323864459991455
0.3862836882472038
0.3462950065732002
0.4675416201353073
0.41839029639959335
0.467854380607605
0.3883516788482666
0.3794366866350174
0.390908382833004
0.41011330485343933
0.39269087463617325
0.3622220754623413
0.4575810953974724
0.36403538286685944
0.3900149315595627
0.4364483803510666
0.41509322822093964
0.3492446802556515
0.47671129554510117
0.4075068533420563
0.48303166776895523
0.3660968542098999
0.34413017332553864
0.45214611291885376
0.3701908215880394
0.4979337081313133
0.3324764855206013
0.4282962381839752
0.3885807767510414
0.36062683165073395
0.35605840384960175
0.3698941394686699
0.30468880385160446
0.36127953231334686
0.3256057873368263
0.28097352385520935
0.30006570369005203
0.3883708789944649
0.4689691588282585
0.4142915718257427
0.3866339549422264
0.29634686186909676
0.3799178823828697
0.34635062515735626
0.42502475529909134
0.3464536629617214
0.28745049983263016
0.3595530688762665
0.44785741716623306
0.37266574054956436
0.48512908816337585
0.4226420149207115
0.3484127074480057
0.3951724022626877
0.4133717492222786
0.3651406988501549
0.41068052500486374
0.3144669532775879
0.3055717758834362
0.4043649807572365
0.3245912343263626
0.4617244303226471
0.4742187559604645
0.381369449198246
0.42529045045375824
0.33883846551179886
0.4067416191101074
0.3805645629763603
0.3499235585331917
0.34433502703905106
0.35447001457214355
0.36281928420066833
0.40360917150974274
0.24718795344233513
0.3477023355662823
0.2940000258386135
0.2835421562194824
0.3849382624030113
0.24639380350708961
0.33371971547603607
0.34114545583724976
0.3249475955963135
0.2630077935755253
0.4553295820951462
0.3699921742081642
0.2892473302781582
0.40628761053085327
0.2866497039794922
0.3486812300980091
0.38741501420736313
0.3266867771744728
0.3112979903817177
0.326830118894577
0.35405968874692917
0.33683236688375473
0.3386952131986618
0.3409179002046585
0.32915297895669937
0.35419246181845665
0.28621991351246834
0.2877438813447952
0.329924114048481
0.43321554362773895
0.4234776869416237
0.43536365032196045
0.28534281626343727
0.2984604761004448
0.28738173842430115
0.32773639261722565
0.3510858900845051
0.4052661284804344
0.3976131081581116
0.35846375301480293
0.2940477356314659
0.2914286069571972
0.36567484587430954
0.3694729432463646
0.31881655007600784
0.3943106308579445
0.35604579746723175
0.292453870177269
0.44435106962919235
0.4232364073395729
0.2637736164033413
0.34294847398996353
0.3780442178249359
0.34200602769851685
0.36622151359915733
0.270229734480381
0.3485890179872513
0.25667012110352516
0.4173798933625221
0.2615252360701561
0.24797958508133888
0.3624407649040222
0.21501433104276657
0.3931662067770958
0.2561151087284088
0.3245364651083946
0.3387935645878315
0.32532592862844467
0.41422485932707787
0.32504788041114807
0.37216030806303024
0.3653670400381088
0.28506695479154587
0.3840871974825859
0.33634790033102036
0.33909622579813004
0.34338223934173584
0.32165665179491043
0.2864058390259743
0.3256724402308464
0.2982928901910782
0.31852011010050774
0.32226067036390305
0.3302609361708164
0.2633783482015133
0.2580910101532936
0.33916177600622177
0.377639252692461
0.3449019268155098
0.30389465019106865
0.32392626628279686
0.3398412615060806
0.3142103813588619
0.3282254859805107
0.2854374796152115
0.24526819586753845
0.40039586275815964
0.31866970658302307
0.314329881221056
0.3849151059985161
0.2986373230814934
0.19206892512738705
0.3194531090557575
0.2917991429567337
0.34858227521181107
0.23767465353012085
0.3311993479728699
0.35798223316669464
0.3455118387937546
0.33984700590372086
0.327693335711956
0.2701724283397198
0.3921552151441574
0.28938694298267365
0.3012990765273571
0.31410815566778183
0.25684917345643044
0.26062285900115967
0.3392193168401718
0.26902563869953156
0.3178960904479027
0.34331492334604263
0.2735920138657093
0.3346125856041908
0.25336864590644836
0.3190947398543358
0.354061022400856
0.3277808502316475
0.31546733528375626
0.28775349631905556
0.30800769105553627
0.23860469087958336
0.28020912781357765
0.3346332646906376
0.35041918605566025
0.28632713109254837
0.3407902792096138
0.20820869877934456
0.32275331765413284
0.1962024476379156
0.26604917645454407
0.2699086032807827
0.33067699521780014
0.2374754473567009
0.28922225534915924
0.24803639203310013
0.32027533650398254
0.33057304471731186
0.3479215055704117
0.2736654244363308
0.327534269541502
0.34040195867419243
0.246210727840662
0.31091661006212234
0.4198576509952545
0.23593702167272568
0.2582952566444874
0.2990620881319046
0.262468907982111
0.36947984993457794
0.2061283364892006
0.2677166536450386
0.3682097941637039
0.2301703840494156
0.22983914241194725
0.30654164403676987
0.2702483460307121
0.20270313322544098
0.34155306965112686
0.2588345892727375
0.2296219952404499
0.32576750963926315
0.26525795087218285
0.3023674935102463
0.37039417773485184
0.2598062604665756
0.3000045567750931
0.32410088181495667
0.26135266199707985
0.36938272416591644
0.31125282496213913
0.3172028586268425
0.24119659513235092
0.3058129735291004
0.30281444638967514
0.28654173761606216
0.3180021718144417
0.28469160199165344
0.23890430852770805
0.29847296327352524
0.22772935032844543
0.2726051025092602
0.3187824636697769
0.22259804047644138
0.31196026504039764
0.2829717583954334
0.33241818100214005
0.26786647364497185
0.2835882753133774
0.290323231369257
0.26337432861328125
0.22276780754327774
0.2987334877252579
0.30384576320648193
0.24272235855460167
0.31949854642152786
0.28091300278902054
0.3323453664779663
0.2687438167631626
0.30920447036623955
0.16941994428634644
0.2833201363682747
0.23288217931985855
0.32468314468860626
0.2114182524383068
0.3166976571083069
0.277568943798542
0.2668253518640995
0.22617334499955177
0.22259213402867317
0.22673781216144562
0.22673670947551727
0.32189690321683884
0.24215323850512505
0.21850832179188728
0.2152356281876564
0.266692079603672
0.2513313852250576
0.31193404644727707
0.23107273504137993
0.2236349768936634
0.19289124011993408
0.2526336498558521
0.279191792011261
0.19628765061497688
0.25861569680273533
0.364892590790987
0.20181716978549957
0.25269218161702156
0.26203760504722595
0.2814645804464817
0.25233475863933563
0.27366844937205315
0.39018531143665314
0.21420757845044136
0.2323974259197712
0.22420685179531574
0.22064177691936493
0.29786253720521927
0.23176446557044983
0.22937273234128952
0.28033485263586044
0.29143427684903145
0.23666192591190338
0.2620304524898529
0.24442917853593826
0.2559020444750786
0.21541356295347214
0.13638103194534779
0.2916380502283573
0.24450607225298882
0.22064504399895668
0.23161467909812927
0.18121981620788574
0.2097955383360386
0.2125791758298874
0.2829459048807621
0.19951020926237106
0.166366346180439
0.21043438464403152
0.1930958591401577
0.23373445868492126
0.24027329683303833
0.25482378900051117
0.3014091067016125
0.22006658092141151
0.2732700891792774
0.18682357855141163
0.29409530386328697
0.20462065935134888
0.1893487200140953
0.21444876864552498
0.17910365387797356
0.2257627435028553
0.1741027720272541
0.18974816426634789
0.22676823660731316
0.27750739455223083
0.23028625175356865
0.1503289956599474
0.19501158967614174
0.2161693163216114
0.18345915898680687
0.18865638971328735
0.2415575422346592
0.20741381868720055
0.16312818974256516
0.18858828768134117
0.22038252279162407
0.16921160370111465
0.20428607612848282
0.20367205888032913
0.17220154963433743
0.234872505068779
0.24649493768811226
0.16514930501580238
0.21506984159350395
0.20585923083126545
0.2196732722222805
0.2063794508576393
0.23578299582004547
0.2120373584330082
0.16167958080768585
0.22594211250543594
0.20090301893651485
0.27239590883255005
0.2100335732102394
0.22554252669215202
0.23523429781198502
0.23675259575247765
0.19925937056541443
0.16287565231323242
0.2179206870496273
0.21707792952656746
0.1910068579018116
0.24472220987081528
0.12399556487798691
0.2525823824107647
0.18779952451586723
0.17801662907004356
0.17723272740840912
0.2741265520453453
0.2214374728500843
0.254390362650156
0.3043398782610893
0.2502090558409691
0.1772754993289709
0.17719507962465286
0.22482534870505333
0.155405106022954
0.20818210393190384
0.2705431804060936
0.20735495164990425
0.1607614904642105
0.20307966694235802
0.2650306634604931
0.24693729728460312
0.2848305106163025
0.20420126616954803
0.21565265208482742
0.29671660810709
0.27240193635225296
0.2911648713052273
0.26990365609526634
0.18774736672639847
0.2268168143928051
0.2602311186492443
0.1995907798409462
0.22656019032001495
0.25069447606801987
0.2279774360358715
0.24883030354976654
0.1517265923321247
0.27777813002467155
0.2168550118803978
0.3267688974738121
0.23313917592167854
0.3191908895969391
0.24164144694805145
0.40038441121578217
0.4055566117167473
0.13518432155251503
0.2562599256634712
0.15619458630681038
0.24625126831233501
0.24002942815423012
0.26076633483171463
0.20421574264764786
0.2978982552886009
0.22811533883213997
0.29462534934282303
0.29854679107666016
0.17655017599463463
0.311356782913208
0.28636979311704636
0.23922215402126312
0.17753014340996742
0.2204829938709736
0.16712919995188713
0.24873907305300236
0.22425545565783978
0.32194264978170395
0.36299294233322144
0.20848570577800274
0.30655697733163834
0.2072821445763111
0.25708818063139915
0.2130575068295002
0.2387332245707512
0.13360772840678692
0.2667603865265846
0.3375195972621441
0.3031488563865423
0.25418475456535816
0.18922461941838264
0.2029787115752697
0.25664569810032845
0.23030606657266617
0.2628638707101345
0.194789107888937
0.37487149983644485
0.41658489406108856
0.1255266647785902
0.3222012408077717
0.22165978327393532
0.19319326058030128
0.15379366651177406
0.22951231338083744
0.1654143314808607
0.28828711807727814
0.39153795689344406
0.22613153979182243
0.2954302802681923
0.1748118344694376
0.2312151864171028
0.25888157449662685
0.41668467968702316
0.2734832353889942
0.1960841529071331
0.1987185701727867
0.23660757206380367
0.251078724861145
0.32409320399165154
0.2523283027112484
0.463185578584671
0.314160592854023
0.24524741619825363
0.26175428181886673
0.22437196969985962
0.2978316396474838
0.32280346006155014
0.14834217727184296
0.23502381891012192
0.2054792195558548
0.26682332903146744
0.24212291836738586
0.3809315338730812
0.25413600727915764
0.19906029477715492
0.22594711929559708
0.2588948793709278
0.1934955008327961
0.390348456799984
0.3040367066860199
0.2604089789092541
0.11694021709263325
0.2479761242866516
0.25072502344846725
0.22122842818498611
0.18944458849728107
0.18472446873784065
0.2992462329566479
0.25583612732589245
0.27815720438957214
0.21311528235673904
0.30847829207777977
0.31516217812895775
0.369388934224844
0.20026294887065887
0.2186986319720745
0.23948833718895912
0.24072840809822083
0.23094309121370316
0.3567396104335785
0.2681066654622555
0.24437441676855087
0.34050096571445465
0.21919559873640537
0.27014756947755814
0.31882878206670284
0.2655014097690582
0.1688460074365139
0.16988560743629932
0.1627012249082327
0.290820837020874
0.3319100961089134
0.28457678109407425
0.3258451335132122
0.31518150120973587
0.26721371710300446
0.3051224984228611
0.22526984103024006
0.2178423721343279
0.20056621730327606
0.34215182065963745
0.2834410220384598
0.3590583950281143
0.23382966592907906
0.38398244231939316
0.18482272140681744
0.3519364595413208
0.30871688202023506
0.2860260922461748
0.24715298414230347
0.15047912672162056
0.22170392610132694
0.24590839631855488
0.2485174760222435
0.19091546721756458
0.16835322976112366
0.12120684050023556
0.267670227214694
0.18543850630521774
0.21219218149781227
0.2348932847380638
0.17134691029787064
0.20822580344974995
0.1804938092827797
0.2758632227778435
0.14969633240252733
0.15370879508554935
0.20134898275136948
0.22527534887194633
0.1458476148545742
0.15595957450568676
0.2766367569565773
0.2316611036658287
0.19584652967751026
0.16599517408758402
0.2827267050743103
0.28580210357904434
0.19179238565266132
0.2274137269705534
0.21205674298107624
0.38271233439445496
0.15163962356746197
0.23274804838001728
0.3043670058250427
0.3242608346045017
0.2652426529675722
0.2648002114146948
0.17202328518033028
0.23420348390936852
0.2534226253628731
0.24291851371526718
0.1169250700622797
0.18769210390746593
0.24071137234568596
0.24038216471672058
0.22024004347622395
0.16104021482169628
0.14609719440340996
0.1837322199717164
0.1648639179766178
0.22387485392391682
0.17631607130169868
0.15264438465237617
0.26931212469935417
0.12415155954658985
0.17219103127717972
0.11209871992468834
0.2069031484425068
0.2375547345727682
0.1139848381280899
0.14463167265057564
0.34886156022548676
0.24028724059462547
0.25339306332170963
0.20690841414034367
0.3533514142036438
0.23471999913454056
0.2067648023366928
0.2043428998440504
0.29255504719913006
0.159319706261158
0.1328113842755556
0.12222081609070301
0.25861167907714844
0.1713681798428297
0.25148410350084305
0.2608331926167011
0.14837252348661423
0.21240000054240227
0.2719489596784115
0.2100098729133606
0.2897937744855881
0.2499090302735567
0.25421424210071564
0.20402968674898148
0.16455556079745293
0.28031404968351126
0.20929779298603535
0.2172018550336361
0.2066376581788063
0.1329235341399908
0.22341514751315117
0.17210913263261318
0.29721473157405853
0.20277373120188713
0.12481158971786499
0.2497493103146553
0.14285091683268547
0.13588571548461914
0.299861092120409
0.26951789483428
0.20273436605930328
0.20539421029388905
0.22525477223098278
0.20141541957855225
0.1547947246581316
0.1380318533629179
0.13258590549230576
0.2370199989527464
0.12824761308729649
0.22161594219505787
0.22402691096067429
0.23374740593135357
0.247862309217453
0.21808781661093235
0.23794113099575043
0.2828129306435585
0.3390015736222267
0.1711401492357254
0.27175286412239075
0.22601113840937614
0.1913762055337429
0.19684509187936783
0.1692927209660411
0.202863447368145
0.22116149961948395
0.2828412726521492
0.3469983246177435
0.18361077457666397
0.1762439999729395
0.16010838747024536
0.27134861797094345
0.22156624495983124
0.17892433516681194
0.1470645610243082
0.1899836203083396
0.14339761808514595
0.25048357993364334
0.1193917989730835
0.20234243758022785
0.14601242169737816
0.08831206150352955
0.17440931871533394
0.2542613483965397
0.16526017896831036
0.18415341712534428
0.27384913340210915
0.17875462770462036
0.14109794795513153
0.1506141908466816
0.24238784983754158
0.11039398796856403
0.1652925256639719
0.1875950898975134
0.2287004515528679
0.15977149084210396
0.2230448964983225
0.1858847811818123
0.20732585154473782
0.19987753592431545
0.27214447781443596
0.3006557524204254
0.2793544754385948
0.08533087745308876
0.21230093762278557
0.2062827218323946
0.2530509550124407
0.12422860506922007
0.21644503250718117
0.18213629350066185
0.17450204864144325
0.13792906515300274
0.1563284993171692
0.21402237191796303
0.24240178428590298
0.1922261407598853
0.1369998399168253
0.21497727930545807
0.30364303290843964
0.20831851847469807
0.12872212380170822
0.14533520676195621
0.18244254775345325
0.14726178720593452
0.17140383180230856
0.23774562776088715
0.12877702992409468
0.15939358808100224
0.19007994048297405
0.17654985934495926
0.16785723716020584
0.11569425649940968
0.15265678707510233
0.18501427955925465
0.12234088219702244
0.24206436052918434
0.1902561280876398
0.23926284164190292
0.22137712500989437
0.12216632068157196
0.2800387740135193
0.1602400541305542
0.15946537256240845
0.11040320061147213
0.16628856305032969
0.2218051515519619
0.14677997212857008
0.23159204982221127
0.09390974417328835
0.1902182772755623
0.1799091026186943
0.2887172373011708
0.1800016090273857
0.19769231043756008
0.2336396425962448
0.1140130776911974
0.12147385533899069
0.2843998968601227
0.15073614940047264
0.211989376693964
0.1565757431089878
0.0867280401289463
0.17382086627185345
0.2642766833305359
0.09686451032757759
0.19586599059402943
0.14275693520903587
0.11808913201093674
0.19845188781619072
0.11812434252351522
0.15224529430270195
0.2674062978476286
0.19429173693060875
0.13292998727411032
0.21110129822045565
0.13286623917520046
0.1905329106375575
0.1800743229687214
0.14960693009197712
0.18993508629500866
0.17473135516047478
0.13720759842544794
0.19129141978919506
0.22639508545398712
0.19154717028141022
0.12375233508646488
0.16752006858587265
0.23614604771137238
0.14373953361064196
0.05774221662431955
0.1021556556224823
0.168349701911211
0.18720468133687973
0.20377314370125532
0.19739890471100807
0.1831887997686863
0.2066275253891945
0.20664510130882263
0.14277804922312498
0.14558061584830284
0.20835878513753414
0.06833823025226593
0.17396933771669865
0.16577519476413727
0.10063942149281502
0.18223603256046772
0.07263349741697311
0.23443453758955002
0.07489978335797787
0.10974562168121338
0.175986859947443
0.18070930894464254
0.24933945760130882
0.19282432831823826
0.17098728101700544
0.21678639203310013
0.11762602627277374
0.24073584377765656
0.23303525149822235
0.21679740212857723
0.0950450012460351
0.2826400715857744
0.2025403818115592
0.15712407045066357
0.20045618526637554
0.15703952964395285
0.2681381441652775
0.2708699032664299
0.048664276488125324
0.13631000649183989
0.1358763389289379
0.1219372246414423
0.06008293107151985
0.20837357454001904
0.2152267899364233
0.2226359248161316
0.16118488274514675
0.10859600640833378
0.10781874880194664
0.34478286653757095
0.0779702477157116
0.1104755587875843
0.16827753745019436
0.16016074270009995
0.34550026059150696
0.12529723718762398
0.11127958539873362
0.1460507120937109
0.0833450797945261
0.19058202020823956
0.11239917669445276
0.14797903038561344
0.1071702353656292
0.12722111865878105
0.1972878985106945
0.2440265417098999
0.18182898685336113
0.06930429395288229
0.1814112439751625
0.09717122931033373
0.17505098320543766
0.13695356156677008
0.12054031528532505
0.1556378835812211
0.2000915901735425
0.1587146120145917
0.08974229265004396
0.16639312449842691
0.07729137409478426
0.09198321681469679
0.21406137757003307
0.16638009902089834
0.17147873993963003
0.2044865544885397
0.07257893215864897
0.11951432004570961
0.12476820405572653
0.1779699195176363
0.13181199692189693
0.21116760559380054
0.24529819563031197
0.21191579289734364
0.15095939859747887
0.13190230913460255
0.1840205378830433
0.1787733156234026
0.09318023733794689
0.08891387190669775
0.17101329565048218
0.10714906733483076
0.19182509370148182
0.23071252182126045
0.15155024826526642
0.2075191866606474
0.11168485414236784
0.09028578363358974
0.17317415494471788
0.16619648411870003
0.16433441266417503
0.07668888848274946
0.10634778812527657
0.14362045750021935
0.10868572071194649
0.12069738004356623
0.1631013248115778
0.22043074294924736
0.23889454454183578
0.12436424754559994
0.161116361618042
0.17668119631707668
0.10599351860582829
0.07095836196094751
0.11924231052398682
0.09382975567132235
0.16292263101786375
0.08417161274701357
0.18605774361640215
0.08007878344506025
0.20932932384312153
0.12513918709009886
0.1987081617116928
0.09664115961641073
0.14642450353130698
0.14381734281778336
0.09764361195266247
0.12305804900825024
0.21524698846042156
0.10696891322731972
0.049036091193556786
0.0586074274033308
0.18075421266257763
0.14546716213226318
0.13260549865663052
0.15135170053690672
0.058221266604959965
0.14642346743494272
0.11269301548600197
0.18991563841700554
0.1262981751933694
0.1690938426181674
0.18501347210258245
0.22095108265057206
0.1234789751470089
0.09824743028730154
0.06890886649489403
0.18110273033380508
0.09449506178498268
0.12976176757365465
0.09746453538537025
0.07249981816858053
0.06635694392025471
0.06779341492801905
0.12722878344357014
0.11558309569954872
0.18523699045181274
0.13248129561543465
0.09568696841597557
0.08657337166368961
0.1334686940535903
0.07172758784145117
0.23484764713793993
0.07416459731757641
0.12737747561186552
0.11200148146599531
0.11889133509248495
0.23750272206962109
0.1305283047258854
0.1857231929898262
0.11754496768116951
0.08227198291569948
0.06740590371191502
0.05506671965122223
0.12276411522179842
0.26214388757944107
0.1333978371694684
0.10668551549315453
0.11923027411103249
0.07056982442736626
0.11565839312970638
0.18966154754161835
0.18294167704880238
0.1319550834596157
0.12685378454625607
0.10650775860995054
0.11954362317919731
0.1785530773922801
0.1254735067486763
0.09101805090904236
0.07759791519492865
0.0980750760063529
0.11651485878974199
0.13249783217906952
0.13450941070914268
0.12177883833646774
0.10603231005370617
0.08216231409460306
0.11506158858537674
0.11909430474042892
0.11050484143197536
0.12558041885495186
0.0975242517888546
0.15400662273168564
0.20320072956383228
0.19195080175995827
0.1351893749088049
0.19437575340270996
0.16625294275581837
0.12151128798723221
0.09272826462984085
0.11359072476625443
0.11427905410528183
0.19467874988913536
0.07041295059025288
0.18423879891633987
0.12672482896596193
0.1527709411457181
0.06374174728989601
0.10117077827453613
0.12023795209825039
0.13950372487306595
0.07673585694283247
0.20777240861207247
0.11006318219006062
0.19300869666039944
0.16580730956047773
0.1600029468536377
0.11395816318690777
0.054677520878612995
0.10044246539473534
0.09514110162854195
0.07063935417681932
0.1777016632258892
0.05753355659544468
0.15637039951980114
0.1145181693136692
0.11960708349943161
0.1032121367752552
0.16816858388483524
0.10690765175968409
0.0760593879967928
0.1482300814241171
0.10681597795337439
0.1301672700792551
0.09492216445505619
0.1396018173545599
0.1509972270578146
0.10378480236977339
0.07305197091773152
0.17716284282505512
0.1490798546001315
0.1081849904730916
0.11007008329033852
0.12081051152199507
0.14379744604229927
0.1541900709271431
0.14595060423016548
0.13309208303689957
0.14781746454536915
0.06418313086032867
0.06506702769547701
0.06007743952795863
0.07221194542944431
0.1316632255911827
0.06313203508034348
0.05295785330235958
0.1352413473650813
0.08274745009839535
0.12034977320581675
0.05463336035609245
0.0996397566050291
0.04611463937908411
0.08486327342689037
0.07910683006048203
0.113208610098809
0.1318148411810398
0.07019890192896128
0.0950576700270176
0.12812097929418087
0.08731615170836449
0.06685564294457436
0.10787846799939871
0.08032094268128276
0.12688134610652924
0.1383155407384038
0.09646649472415447
0.040950181894004345
0.047548266127705574
0.14497049897909164
0.19218421913683414
0.1851392351090908
0.08214296400547028
0.06774074863642454
0.09140943922102451
0.12016740627586842
0.036418636329472065
0.08784515224397182
0.0881060129031539
0.11720546754077077
0.09278329368680716
0.18254881352186203
0.048421841114759445
0.08133176155388355
0.20319120958447456
0.046454792842268944
0.09515524283051491
0.09271312318742275
0.08505593705922365
0.10179771762341261
0.1083557941019535
0.07641125191003084
0.0922966580837965
0.11863873153924942
0.16214599832892418
0.07308307383209467
0.08057809434831142
0.08006325457245111
0.13024545134976506
0.05372158857062459
0.07707293797284365
0.08820896223187447
0.04146968852728605
0.08785445056855679
0.07000839523971081
0.1156718097627163
0.06072705518454313
0.05353705491870642
0.0879689259454608
0.07127599231898785
0.17734838090837002
0.05187831912189722
0.0711331320926547
0.05647312570363283
0.13762042485177517
0.06740118516609073
0.06191062368452549
0.17216593120247126
0.09763513691723347
0.06123119406402111
0.0379884522408247
0.09890082851052284
0.1799192763864994
0.0765262683853507
0.19145839475095272
0.13431105762720108
0.11125303991138935
0.10524617601186037
0.09447367396205664
0.1393616423010826
0.036235676147043705
0.16928221751004457
0.06606031116098166
0.047144750598818064
0.10648532770574093
0.1288813604041934
0.07505999598652124
0.1252045724540949
0.06462097121402621
0.059231435880064964
0.05998169630765915
0.09932482708245516
0.11474192142486572
0.10641667991876602
0.1629921793937683
0.09638198651373386
0.12217407627031207
0.1581503264605999
0.10030255606397986
0.15042509697377682
0.132550279609859
0.11370831448584795
0.08160590752959251
0.1166229248046875
0.227391941472888
0.1154628973454237
0.08624393958598375
0.11040829168632627
0.12635286897420883
0.06527239829301834
0.06927507743239403
0.10838506743311882
0.047579464968293905
0.1103227287530899
0.12346988916397095
0.096626210026443
0.11592191457748413
0.06926572881639004
0.03845481667667627
0.1431255117058754
0.1052489411085844
0.0878308117389679
0.09549441700801253
0.12266478128731251
0.0906419139355421
0.09043993428349495
0.10207437258213758
0.11852902173995972
0.09675868041813374
0.09440173301845789
0.1350878942757845
0.11924636363983154
0.05028097331523895
0.06577317323535681
0.059674001298844814
0.18941693007946014
0.06989195849746466
0.06004962231963873
0.08152659423649311
0.06040792167186737
0.12380833365023136
0.19298231787979603
0.14015202037990093
0.1468325722962618
0.0950155071914196
0.12522660568356514
0.1181059442460537
0.1410461626946926
0.045787266455590725
0.14972060080617666
0.060920028015971184
0.06501135230064392
0.1595901702530682
0.13094307854771614
0.047021955251693726
0.07126699388027191
0.12793990038335323
0.09443329740315676
0.06912832707166672
0.042107578832656145
0.062788394279778
0.09952219249680638
0.16733998246490955
0.05951716750860214
0.07420325186103582
0.06254520360380411
0.10302491206675768
0.08917659660801291
0.13002437446266413
0.06828231737017632
0.13545433059334755
0.15995001047849655
0.13110056146979332
0.125989549793303
0.12875737203285098
0.13098785188049078
0.06188684934750199
0.07906121574342251
0.10452351626008749
0.05967445857822895
0.06906934641301632
0.04212612193077803
0.0679318755865097
0.08902849443256855
0.1295519983395934
0.09551934525370598
0.05536971474066377
0.056481807958334684
0.07545434962958097
0.052364286966621876
0.10204582381993532
0.058458385057747364
0.11529998853802681
0.0879854541271925
0.07199779152870178
0.10685040429234505
0.10962464474141598
0.09410928096622229
0.07597027393057942
0.10475900396704674
0.0486016571521759
0.05770134273916483
0.05553813371807337
0.05524244345724583
0.08635230781510472
0.15549175534397364
0.11402864055708051
0.1289418339729309
0.08912105113267899
0.051936107221990824
0.03511871676892042
0.08118956442922354
0.058708409778773785
0.1622641384601593
0.05076899565756321
0.06850468087941408
0.10403650626540184
0.08953395299613476
0.10641682893037796
0.0958059336990118
0.21611512452363968
0.10569865442812443
0.07061053719371557
0.0455660717561841
0.07816729694604874
0.12735766358673573
0.14505907520651817
0.1750466637313366
0.10741632804274559
0.10972574539482594
0.106196453794837
0.09322904236614704
0.0595904178917408
0.12418569903820753
0.07956326007843018
0.07521437387913465
0.14427726715803146
0.08327960222959518
0.07411738019436598
0.10621624067425728
0.18071864545345306
0.16921380814164877
0.16247641947120428
0.14337828382849693
0.046841672621667385
0.1384914517402649
0.045189010445028543
0.08095510862767696
0.0984916677698493
0.024153420235961676
0.06552579533308744
0.08520262129604816
0.049773056991398335
0.09972937405109406
0.031862243078649044
0.06890939455479383
0.08915673242881894
0.14674481144174933
0.08090044651180506
0.08530648797750473
0.1739567629992962
0.06768966373056173
0.09822917357087135
0.0753251351416111
0.028185665607452393
0.08217467181384563
0.16705902852118015
0.14247548207640648
0.05374107602983713
0.06582856923341751
0.10702361725270748
0.19014611281454563
0.10477073583751917
0.041106719058007
0.06801585759967566
0.07143580075353384
0.0368231157772243
0.10745223285630345
0.0442439722828567
0.12392425164580345
0.1047903262078762
0.12829147651791573
0.052616209257394075
0.045217960607260466
0.05597994290292263
0.039012786000967026
0.041423007380217314
0.06898708594962955
0.12283693253993988
0.12159045971930027
0.1443541394546628
0.10318961599841714
0.09551320970058441
0.06028845114633441
0.05002976581454277
0.04487633379176259
0.0885176407173276
0.052182364743202925
0.10977480001747608
0.04051483189687133
0.10941052297130227
0.041084484197199345
0.052427749149501324
0.058767595794051886
0.04557450581341982
0.06776557164266706
0.07939847558736801
0.08551290724426508
0.049313630908727646
0.08939528092741966
0.06278971675783396
0.08153098728507757
0.025658060796558857
0.04287006799131632
0.06425963807851076
0.05360205192118883
0.05926608759909868
0.08031435683369637
0.036618851125240326
0.11240317951887846
0.05974540859460831
0.0636731437407434
0.053669826593250036
0.06456944160163403
0.04708998743444681
0.05403930880129337
0.06817622389644384
0.039842753671109676
0.05020713619887829
0.05048791039735079
0.033369628712534904
0.047451283782720566
0.04896592441946268
0.064119016751647
0.08996591717004776
0.06458968762308359
0.05909169651567936
0.04445772571489215
0.04389351140707731
0.03959076385945082
0.06604683864861727
0.03611059579998255
0.061818898655474186
0.057616414967924356
0.07051600329577923
0.031315512489527464
0.08722714148461819
0.04995722696185112
0.06609152164310217
0.0729657169431448
0.055892955511808395
0.0663812542334199
0.058481600135564804
0.03988955449312925
0.05305984104052186
0.04656531987711787
0.023576425854116678
0.04120637895539403
0.04217945411801338
0.07036553882062435
0.03290279768407345
0.052013883367180824
0.06562537048012018
0.05961273657158017
0.043059028685092926
0.046518474817276
0.02766620134934783
0.055136969313025475
0.04608841147273779
0.033357420936226845
0.041959145572036505
0.019870060496032238
0.03895287262275815
0.04689486790448427
0.06552732270210981
0.03719359217211604
0.0515814945101738
0.050476979464292526
0.07214282732456923
0.046514146495610476
0.03890699753537774
0.06955181993544102
0.06394551275298
0.05146652739495039
0.05963326618075371
0.04370197467505932
0.04178834334015846
0.04080243408679962
0.043719843961298466
0.046011817175894976
0.05855836905539036
0.04631617059931159
0.04345607943832874
0.031175959389656782
0.05807103309780359
0.03996798908337951
0.05735525395721197
0.031575667671859264
0.04145424114540219
0.06080645835027099
0.03947969665750861
0.03749314695596695
0.04465447831898928
0.03171678399667144
0.04657861590385437
0.06230450328439474
0.04484387161210179
0.04596638306975365
0.04107520915567875
0.0466726953163743
0.05677258921787143
0.03155677067115903
0.054994733072817326
0.03762024873867631
0.06467568594962358
0.05552175687626004
0.03190108481794596
0.04365112539380789
0.06547456979751587
0.06282882438972592
0.04637378454208374
0.06225019320845604
0.0720162414945662
0.11580452974885702
0.0580957205966115
0.045717847533524036
0.06543038645759225
0.054559579119086266
0.060893022920936346
0.039562624879181385
0.07361137308180332
0.050740729086101055
0.055412840098142624
0.04618619196116924
0.052216644398868084
0.0454370086081326
0.07217698777094483
0.054383899085223675
0.05721910251304507
0.05386273376643658
0.07684012688696384
0.06531510688364506
0.05644901189953089
0.03401908837258816
0.06415813975036144
0.06356762815266848
0.04876811755821109
0.0744945053011179
0.051848326344043016
0.06811659038066864
0.058650887571275234
0.07441963348537683
0.04557007737457752
0.05728642549365759
0.06832320895045996
0.056660973466932774
0.10498822759836912
0.05181289138272405
0.12090655602514744
0.10390288755297661
0.06562622683122754
0.06821239180862904
0.05122853443026543
0.054551304783672094
0.0671147396788001
0.024777246173471212
0.11623496236279607
0.09299682267010212
0.04549795342609286
0.05771180568262935
0.044681983068585396
0.1261942107230425
0.05899885483086109
0.05354621401056647
0.05539419734850526
0.07119470089673996
0.04558844305574894
0.07781686447560787
0.05010898690670729
0.07691177865490317
0.050520948600023985
0.0607439000159502
0.0646901954896748
0.04372653178870678
0.04825202515348792
0.09465399058535695
0.07373013719916344
0.076361745595932
0.04707364505156875
0.08064399985596538
0.11722102202475071
0.09020442049950361
0.10556755308061838
0.12246883008629084
0.11410502810031176
0.08102003298699856
0.1251310696825385
0.07257559476420283
0.1243557557463646
0.0988432103767991
0.0963096427731216
0.04229503404349089
0.03348738560453057
0.052343119867146015
0.10821992717683315
0.11525726038962603
0.12058553472161293
0.0672157546505332
0.06219883542507887
0.13440614193677902
0.07680446747690439
0.13684293255209923
0.060515438206493855
0.1247614910826087
0.05953175202012062
0.1585214901715517
0.1341546243056655
0.09635149128735065
0.03715423587709665
0.13626583479344845
0.11313525214791298
0.08048912230879068
0.11060315649956465
0.07949010282754898
0.07497224304825068
0.09369868040084839
0.09998142719268799
0.05111175216734409
0.06920184008777142
0.03205364872701466
0.06418551504611969
0.09071044437587261
0.07631958555430174
0.07546091359108686
0.16168863978236914
0.08883976936340332
0.07810667715966702
0.0996231809258461
0.0953733790665865
0.06625666469335556
0.08111463859677315
0.06404627580195665
0.06525311712175608
0.10731298848986626
0.11091100610792637
0.06322711147367954
0.08743906207382679
0.0987305510789156
0.09398615872487426
0.07209838135167956
0.07199688162654638
0.1019061035476625
0.08577329060062766
0.09655923023819923
0.05999285355210304
0.07611705036833882
0.05435311375185847
0.10117697343230247
0.06129842717200518
0.0990450456738472
0.0708022490143776
0.07774847652763128
0.1211077831685543
0.10345763899385929
0.08848533732816577
0.10421739891171455
0.083592907525599
0.16319287568330765
0.14533098973333836
0.08161412086337805
0.13091917894780636
0.06965926196426153
0.05765800178050995
0.06687122583389282
0.13544899970293045
0.13206544239073992
0.12525284476578236
0.09218677412718534
0.0931935478001833
0.13192379847168922
0.08388587273657322
0.06995411217212677
0.10287477169185877
0.10162019170820713
0.07104384945705533
0.09754402050748467
0.10992544703185558
0.038798644207417965
0.05077511817216873
0.07983331335708499
0.11685581644997001
0.07610112428665161
0.10714315809309483
0.10823751799762249
0.13514356408268213
0.1317823939025402
0.12065431289374828
0.11977879144251347
0.10095258243381977
0.09117069374769926
0.06105382228270173
0.09087789850309491
0.08462667977437377
0.1435515657067299
0.060666571371257305
0.07179936394095421
0.03849117271602154
0.06336536258459091
0.0826796586625278
0.06890901876613498
0.07266283128410578
0.09196274308487773
0.0709737641736865
0.07703451160341501
0.0868557021021843
0.09693257696926594
0.08926465408876538
0.08980839839205146
0.10319448541849852
0.02984704915434122
0.04258603509515524
0.04457997716963291
0.039097271859645844
0.0780964526347816
0.03801888972520828
0.11738815996795893
0.07774516521021724
0.052936810068786144
0.05806379299610853
0.09115334507077932
0.0819405484944582
0.08943107491359115
0.06860219314694405
0.05980964004993439
0.08877654327079654
0.08437738846987486
0.04582195123657584
0.08950570411980152
0.11382392887026072
0.09686885867267847
0.11621019430458546
0.09219422284513712
0.0495325643569231
0.03129574982449412
0.11331634223461151
0.04333584709092975
0.11509468499571085
0.12076816987246275
0.05685690324753523
0.07052213465794921
0.08559165988117456
0.0784309608861804
0.07392309186980128
0.07519891671836376
0.08727310877293348
0.07680817693471909
0.07078080903738737
0.07749530952423811
0.04907082300633192
0.06848946353420615
0.07979829423129559
0.061745891347527504
0.0594336511567235
0.09472600556910038
0.06916515063494444
0.09163844957947731
0.1218240880407393
0.09363349620252848
0.06526414398103952
0.06417639274150133
0.11807295121252537
0.10474492143839598
0.09637490846216679
0.07843212597072124
0.0932911466807127
0.08555176854133606
0.08502883883193135
0.06065830681473017
0.10033268388360739
0.07160156313329935
0.10892139375209808
0.16349714435636997
0.08007693057879806
0.10577943082898855
0.07910034898668528
0.0826677605509758
0.058484012726694345
0.11263171955943108
0.08268068730831146
0.11711632087826729
0.07252012845128775
0.06265210546553135
0.12018601223826408
0.060879514552652836
0.12544465670362115
0.0751333525404334
0.08756126137450337
0.05915250815451145
0.0781146022491157
0.09981659799814224
0.047401885502040386
0.06279409304261208
0.0817796909250319
0.07621776312589645
0.08844142034649849
0.0698043811134994
0.07041906844824553
0.07296757400035858
0.1593143530189991
0.07706510461866856
0.08291737549006939
0.09156892728060484
0.03608888853341341
0.04845036752521992
0.1304967012256384
0.07909239176660776
0.06598513666540384
0.06767399655655026
0.07857170887291431
0.06938876351341605
0.1065390002913773
0.1433380041271448
0.10351858288049698
0.09205178264528513
0.09063756838440895
0.0706807835958898
0.070508171338588
0.038477878319099545
0.06171173136681318
0.05305997468531132
0.0944808330386877
0.04633673373609781
0.11184009723365307
0.09516297467052937
0.04306008666753769
0.09863458573818207
0.08151433244347572
0.06647630035877228
0.07904423587024212
0.1178686860948801
0.10332939960062504
0.05949034355580807
0.0664836703799665
0.08523059450089931
0.07037901412695646
0.06127621792256832
0.04559851624071598
0.04497842118144035
0.07675073202699423
0.09801027737557888
0.09062587609514594
0.022276433184742928
0.09080677293241024
0.11939056310802698
0.02819941472262144
0.06502280570566654
0.06163423927500844
0.06657347269356251
0.06659969128668308
0.125666540581733
0.08315790444612503
0.05420782323926687
0.09543319186195731
0.060683113522827625
0.05985198030248284
0.04063633503392339
0.0848691314458847
0.10411952622234821
0.056964709889143705
0.12171403877437115
0.041035746689885855
0.1003712397068739
0.033728532027453184
0.0387242347933352
0.07866856083273888
0.07361537776887417
0.06338935485109687
0.08278102148324251
0.07755445782095194
0.07463565561920404
0.07816730346530676
0.06428718566894531
0.060666547156870365
0.09424744127318263
0.055466772988438606
0.0727241188287735
0.0871132961474359
0.04543839301913977
0.06051668664440513
0.14676515944302082
0.076191121712327
0.04782580956816673
0.10935423104092479
0.08557934034615755
0.06559839751571417
0.06835147272795439
0.08991656731814146
0.0435227514244616
0.1144332867115736
0.08816437888890505
0.06160647049546242
0.08065745793282986
0.036606671288609505
0.08546488545835018
0.06206062249839306
0.05039301794022322
0.08821222232654691
0.07803431060165167
0.07265762938186526
0.09588079992681742
0.04544761264696717
0.037445507012307644
0.04451607121154666
0.0687986072152853
0.05397114995867014
0.0564365116879344
0.08093628287315369
0.0783375184983015
0.10444194823503494
0.04943574173375964
0.10474414471536875
0.06850721361115575
0.06381660047918558
0.05782861029729247
0.06393651757389307
0.04144830675795674
0.13737696036696434
0.06968626379966736
0.05883829388767481
0.08401052467525005
0.1508588306605816
0.06123574310913682
0.1082619447261095
0.04811476729810238
0.10299716331064701
0.1559498468413949
0.09926779754459858
0.115250738337636
0.13105476088821888
0.06133796460926533
0.09157778788357973
0.05346447369083762
0.0470112981274724
0.13170491950586438
0.04827091796323657
0.10131353046745062
0.09847065806388855
0.06826592981815338
0.12049664184451103
0.10991066321730614
0.11875386349856853
0.10876303818076849
0.05968655738979578
0.10183366946876049
0.08672319259494543
0.18855412118136883
0.040119766257703304
0.07955311890691519
0.055524328257888556
0.08361093001440167
0.05307619785889983
0.1173874856904149
0.09429977089166641
0.13829750195145607
0.12162138521671295
0.07341009890660644
0.06256218161433935
0.14434898644685745
0.09116198495030403
0.08270858507603407
0.09029978048056364
0.06170657556504011
0.0421711103990674
0.06665989849716425
0.06463525258004665
0.11858479492366314
0.06006556749343872
0.09470535535365343
0.14186706766486168
0.11782020051032305
0.06283297156915069
0.06254804972559214
0.050501737743616104
0.100625766441226
0.03621820034459233
0.09376312186941504
0.09868538985028863
0.17248099483549595
0.15803566947579384
0.12223620526492596
0.12307116389274597
0.13341029174625874
0.0852786055766046
0.10464882478117943
0.05866274191066623
0.11016685888171196
0.1343170702457428
0.04989528004080057
0.09717486798763275
0.12396820448338985
0.18491380661725998
0.0859088865108788
0.11806114669889212
0.09297164902091026
0.08673138543963432
0.15838543884456158
0.07308886619284749
0.17882567644119263
0.12068886402994394
0.14960217662155628
0.10175397899001837
0.1156746931374073
0.1097618080675602
0.08850481221452355
0.1057533249258995
0.1344283316284418
0.10450248327106237
0.12200046144425869
0.054440390318632126
0.08491500001400709
0.06424745358526707
0.0955764427781105
0.15994196571409702
0.15901080518960953
0.0905558317899704
0.2148184240795672
0.094285246450454
0.11989938095211983
0.07564850617200136
0.10742504987865686
0.12389394920319319
0.06645362079143524
0.12893493892624974
0.15557450987398624
0.13239530473947525
0.15277540031820536
0.16312664188444614
0.08227840345352888
0.05260202847421169
0.09810039773583412
0.24517995864152908
0.19924131408333778
0.13473251648247242
0.16081586480140686
0.13853056076914072
0.18009779136627913
0.0948880142532289
0.2360292635858059
0.08544887835159898
0.11810820363461971
0.11439004261046648
0.15884024556726217
0.06963198911398649
0.06437974702566862
0.1591177750378847
0.08419090509414673
0.10983577277511358
0.06617511622607708
0.08879526611417532
0.12423759326338768
0.11547769978642464
0.1349111683666706
0.10564669547602534
0.07908621244132519
0.052980913780629635
0.12959240470081568
0.07679031882435083
0.08169449958950281
0.12759665958583355
0.1613444872200489
0.10199661366641521
0.06100888643413782
0.06372839771211147
0.08328459411859512
0.15243294090032578
0.0850812355056405
0.09152233554050326
0.0922128427773714
0.13692886102944613
0.09920024313032627
0.12926510255783796
0.058746207039803267
0.16459493711590767
0.11987721547484398
0.08567419834434986
0.03946996992453933
0.1406894288957119
0.13813984580338
0.07442346215248108
0.11629813723266125
0.08733881264925003
0.11040032841265202
0.07187274051830173
0.1338159111328423
0.07064635632559657
0.11049261875450611
0.12703452445566654
0.10901286266744137
0.09418462123721838
0.11017685197293758
0.1086868979036808
0.1512560322880745
0.10860267002135515
0.16911612451076508
0.04921657033264637
0.034433177672326565
0.0768182841129601
0.08338530734181404
0.08822943456470966
0.11044358927756548
0.06608037650585175
0.069136802572757
0.10954436054453254
0.09547597728669643
0.08875872660428286
0.08648906368762255
0.12016846518963575
0.13597695995122194
0.03699962701648474
0.06846436019986868
0.06499860482290387
0.08567032311111689
0.05849203420802951
0.06606249045580626
0.05820565717294812
0.14182560238987207
0.11501880921423435
0.16344651393592358
0.07875059451907873
0.0962092443369329
0.07805467769503593
0.03316069021821022
0.06598335364833474
0.04098227573558688
0.18320097960531712
0.04981070151552558
0.03593265172094107
0.060731434263288975
0.09864975046366453
0.09888711385428905
0.16889020055532455
0.05709048267453909
0.1256728321313858
0.05861362535506487
0.0545459883287549
0.20333200693130493
0.12638938799500465
0.07075560605153441
0.04964396124705672
0.09695216827094555
0.053610632196068764
0.06413823971524835
0.11613518884405494
0.09915684908628464
0.11661775410175323
0.08639232255518436
0.12913227267563343
0.1024591326713562
0.09886576794087887
0.07734073977917433
0.06433316553011537
0.1745702587068081
0.05673317611217499
0.0811322471126914
0.12001228425651789
0.06168542802333832
0.07918183878064156
0.1120882723480463
0.10469118412584066
0.05561197083443403
0.08545956015586853
0.09292823076248169
0.05204997630789876
0.09726078435778618
0.041658706963062286
0.15224907360970974
0.1368960589170456
0.07161409594118595
0.03738487232476473
0.13053242675960064
0.0685581041034311
0.05997408041730523
0.12863769568502903
0.05636314768344164
0.09938439726829529
0.12119753379374743
0.12805704399943352
0.08732286444865167
0.07491974718868732
0.09737404435873032
0.1061305645853281
0.10717402584850788
0.05403341958299279
0.06751920841634274
0.16479229740798473
0.08692805469036102
0.06756155844777822
0.08776664361357689
0.06372935604304075
0.13485663942992687
0.043174542021006346
0.10073884623125196
0.06792532280087471
0.10025524906814098
0.07487280108034611
0.09913791064172983
0.10618034657090902
0.10192400496453047
0.03794301114976406
0.17842500121332705
0.07039224915206432
0.08493617875501513
0.1017502173781395
0.03715113550424576
0.09274732694029808
0.02780483616515994
0.13709307741373777
0.0452961684204638
0.1549800205975771
0.038618693593889475
0.1487660426646471
0.03354552900418639
0.12163193710148335
0.06441766675561666
0.1414273283444345
0.11948132235556841
0.10967406537383795
0.07567204348742962
0.10950733721256256
0.09568364499136806
0.09504669811576605
0.11075567360967398
0.1173153524287045
0.09985520597547293
0.1825221348553896
0.10099186562001705
0.07090447470545769
0.09897087141871452
0.05509869009256363
0.11176392761990428
0.07360327104106545
0.12713533639907837
0.09468259382992983
0.10344878304749727
0.08591069653630257
0.07358500082045794
0.12051579682156444
0.08011779561638832
0.05996403330937028
0.13155465945601463
0.075992152094841
0.06888485886156559
0.0904793394729495
0.07727245567366481
0.11116658430546522
0.048834639601409435
0.11139347031712532
0.04159392975270748
0.1417924491688609
0.03949212655425072
0.06435040710493922
0.06575356051325798
0.14755750633776188
0.07569936569780111
0.12566883116960526
0.07034456171095371
0.06838446203619242
0.05201298673637211
0.09602077770978212
0.05406709434464574
0.07973031047731638
0.06304289540275931
0.06788115855306387
0.07548754289746284
0.046756128780543804
0.07886696886271238
0.1475340984761715
0.034039986319839954
0.039002856239676476
0.07716059638187289
0.06562211271375418
0.0286180698312819
0.12161790672689676
0.1521630436182022
0.0976247750222683
0.12854661792516708
0.02154965978115797
0.17378938384354115
0.1261992510408163
0.06637771334499121
0.12442406825721264
0.04946681438013911
0.0522512081079185
0.12330014072358608
0.039918655063956976
0.041161208879202604
0.136038932017982
0.1032023187726736
0.09369301237165928
0.08863845746964216
0.08901967573910952
0.06506408983841538
0.10853357519954443
0.05917143728584051
0.11364691378548741
0.09196441248059273
0.046625754330307245
0.09906313568353653
0.14929381012916565
0.08241752721369267
0.108416304923594
0.0937088755890727
0.12163064256310463
0.0856102742254734
0.04637869680300355
0.07269504945725203
0.1446965103968978
0.09506815252825618
0.04340682830661535
0.06535414140671492
0.06766757275909185
0.07416360918432474
0.11993826366961002
0.06355764670297503
0.07281559985131025
0.06972938543185592
0.08618609607219696
0.07132833218201995
0.028188321739435196
0.10757560515776277
0.051909894216805696
0.06745723891071975
0.08940935786813498
0.14039281010627747
0.10622410289943218
0.09157286491245031
0.116086570546031
0.10798618383705616
0.05848039546981454
0.08087954949587584
0.07310610450804234
0.0961875170469284
0.12068510008975863
0.12611566297709942
0.033169826958328485
0.0710565997287631
0.06095370091497898
0.08246546611189842
0.10767348855733871
0.09090320346876979
0.1418433804064989
0.06416104175150394
0.13750646077096462
0.07639130647294223
0.02651712018996477
0.08491136319935322
0.07879421766847372
0.0948421647772193
0.03194321156479418
0.06236062943935394
0.07431130856275558
0.09278232092037797
0.11809193016961217
0.08974322909489274
0.05558571731671691
0.09229238517582417
0.05698688281700015
0.05346782226115465
0.11403336469084024
0.07480728626251221
0.07692925352603197
0.12265714351087809
0.0994334511924535
0.13969610258936882
0.04656202648766339
0.08347899746149778
0.053853056859225035
0.09971634484827518
0.07167015876621008
0.08626092178747058
0.04644889757037163
0.10008130967617035
0.042456559371203184
0.09672615770250559
0.07008574716746807
0.052466712426394224
0.06340709514915943
0.0338590107858181
0.08140225848183036
0.15785136446356773
0.09863208699971437
0.04563624458387494
0.052376569248735905
0.12159748934209347
0.09310382790863514
0.09390773810446262
0.09263982018455863
0.14688414428383112
0.06632194854319096
0.1147267073392868
0.04310037847608328
0.04030010104179382
0.021621087566018105
0.1371545826550573
0.06987513974308968
0.08082794863730669
0.09452171251177788
0.16131514683365822
0.09997449908405542
0.06131603429093957
0.07813538238406181
0.07903394475579262
0.047678821720182896
0.06282099010422826
0.1507216738536954
0.04493260267190635
0.05851939460262656
0.077029102249071
0.06858743424527347
0.017117623705416918
0.056541865691542625
0.048868856159970164
0.05893504898995161
0.033305279444903135
0.08025543484836817
0.027109390124678612
0.02275519585236907
0.058015641290694475
0.07974667055532336
