None
None
None
None
None
None
None
None
None
None
None
None
None
None
None
None
None
None
None
None
None
None
None
None
None
None
None
None
None
None
None
None
None
None
None
None
None
None
None
None
None
None
None
None
None
None
None
None
None
None
None
None
None
None
None
None
None
None
None
None
None
None
None
None
None
None
None
0.6786544881761074
0.6977353785187006
0.6415466256439686
0.7958434261381626
0.7444412549957633
0.6386712715029716
0.6332562025636435
0.706346221268177
0.5878669954836369
0.5902648493647575
0.5641210237517953
0.5583557104691863
0.6035994114354253
0.47136905044317245
0.49351890198886395
0.5979779465124011
0.31256834603846073
0.2996298633515835
0.4310616753064096
0.3280639313161373
0.22621618816629052
0.17180640995502472
0.21078460168791935
0.23957105343879448
0.14147612761007622
0.06387763578095473
-0.012443049025023356
0.00028189066506456584
-0.1335037323879078
-0.05628377996617928
-0.11211646883748472
-0.08886606339365244
-0.16087713791785063
-0.22654222865821794
-0.10930707500301651
-0.05447566194925457
-0.1766005693370971
-0.05269812775077298
-0.10174618166638538
0.02672352344961837
-0.04684842732967809
-0.0757859087898396
-0.03512554471672047
0.13268298975890502
0.0982797745091375
0.027117075631394982
-0.0605266954516992
0.092943764582742
0.0585645321989432
-0.015541044311248697
-0.028579737299878616
-0.09420584733015858
0.08195257681654766
-0.02375675382791087
-0.05735074754920788
0.03604640002595261
-0.037496667297091335
-0.07843351105111651
-0.15867721133690793
-0.05341201514238492
-0.19987289494019933
-0.17135156894801185
-0.07906568254111335
-0.1011686559941154
-0.09286704132682644
-0.11406498838914558
-0.03078058923711069
-0.04311682019033469
0.055908642505528405
-0.07277324577444233
-0.14671816711779684
0.08868719969177619
-0.12385829904815182
-0.18636316061019897
-0.0008624921842965705
-0.11179999948944896
-0.18542116915341467
-0.2024099831469357
-0.1236276263880427
-0.14994006798951887
-0.010786025850393344
-0.04939763672882691
0.034918984965770505
-0.13802094984566793
-0.050541776756290346
0.14190053459606133
-0.04796283166797366
0.007152159349061549
-0.0681728372874204
-0.23531997160171159
-0.03364493916888023
-0.12854037282522768
-0.11234798794612288
-0.1680281474837102
-0.14315831055864692
-0.214253223646665
-0.1593157926108688
-0.15848284831736237
-0.11659815860912204
-0.07168360060313717
-0.12678145861718804
-0.08506105397827923
-0.12092175177531317
-0.0752094272756949
-0.13039397983811796
-0.14344913564491435
-0.05647513864096254
-0.1724733200389892
-0.1545825666980818
-0.09372876866837032
-0.13638446733239107
-0.029141408202121966
-0.28462264029076323
-0.16458469751523808
-0.16767301398795098
-0.19442519533913583
-0.12424825259950012
-0.1094439122825861
-0.10380374669330195
-0.12899595478120318
-0.22130711108911783
-0.0731536271632649
-0.0902365380898118
-0.13610480181887397
-0.18687569446046837
-0.16660553711699322
-0.1253572937202989
-0.13975606975691335
-0.20980692189186811
-0.10784441186115146
-0.10409351252019405
-0.13599633987178095
-0.21465350640937686
-0.12008148516179062
-0.1416996936313808
-0.1295318373304326
-0.15013867744710296
-0.0468910897616297
-0.05825447729148436
-0.2753217871650122
-0.2749653060454875
-0.22251233109273016
-0.3136673793196678
-0.2724800531286746
-0.1950709770899266
-0.17735845036804676
-0.10810520581435412
-0.01078952405077871
-0.2750973317597527
-0.2592831836082041
-0.2644809850025922
-0.17787541905909166
0.03111619260016596
-0.1376277749077417
-0.05654771849003737
-0.17274797934805974
-0.0425956546641828
-0.058925282064592466
-0.12973779189633206
-0.3023824340198189
-0.4751299014315009
-0.2904574037529528
-0.29326848037089803
-0.16461621996131726
-0.3413616791367531
-0.1390987867489457
0.07581916695926338
-0.2476240995747503
-0.23560210595314857
-0.13713661930523813
-0.27905557630583644
-0.22551454103086144
-0.34448285680264235
-0.1825953684747219
-0.13593098284036387
-0.14065814003697596
-0.054312497479259036
-0.17012451219488867
0.01530419132905081
-0.20750492508523166
-0.2251331961597316
-0.2997329860809259
-0.19666673941537738
-0.27296131510229316
-0.1932321738859173
-0.23400752757152077
-0.13925822655437514
-0.28083794642589055
-0.15803032903932035
-0.11296881129965186
-0.35099654388614
-0.27585452562198043
-0.16624493614654057
-0.13512214260117617
0.0038971290923655033
-0.09826849942328408
-0.25351449218578637
-0.32984781893901527
-0.322354594245553
-0.3620838082861155
-0.33686475399008486
-0.25925056492269505
-0.2680538530694321
-0.06340550610002538
-0.23541960841976106
-0.16196268529165536
-0.3577066556317732
-0.16636190430472197
-0.05413132013200084
-0.29813791072228923
-0.2626083430368453
-0.32694895868189633
-0.1437335246882867
-0.24819444853346795
-0.2839105313178152
-0.18912638316396624
-0.25406105993897654
-0.2461354702245444
-0.14519798784749582
-0.14568021809100173
-0.1151084688026458
-0.3412651320977602
-0.37214408931322396
-0.21921114153883536
-0.3712987005710602
-0.27794737787917256
-0.32621993322391063
-0.21239947009598836
-0.1434408369823359
-0.24061286161304452
-0.20121702714823186
-0.027898541578906588
-0.2026657434180379
-0.2983813110040501
-0.3303623422398232
-0.3726275870867539
-0.19685161059896927
-0.2782349963672459
-0.2497970040421933
-0.11765999224735424
-0.3089419195894152
-0.3059731469475082
-0.035696209815796465
-0.24232397694140673
-0.27759722218615934
-0.23868991830386221
-0.41688195313327014
-0.2877321962150745
-0.16298616002313793
-0.33257349766790867
-0.269963544444181
-0.07908827313804068
-0.3186619554180652
-0.1982064533767698
-0.15784524015907664
-0.10473007465770934
-0.3737881970591843
-0.2813591285375878
-0.399188315263018
-0.2175989524985198
-0.2961268660292262
-0.18182028277078643
-0.16237027719034813
-0.32117777765961364
-0.1996143590658903
-0.34400416840799153
-0.39099825196899474
-0.3097664508386515
-0.09356578942970373
-0.14711769873974845
-0.24819329311139882
-0.31644622594103566
-0.16739686764776707
-0.2707343071233481
-0.18220315355574712
-0.18033504758932395
-0.38816908933222294
-0.30284177989233285
-0.3203810529084876
-0.18073645140975714
-0.22454814054071903
-0.14507268868328538
-0.27885214844718575
-0.20735398726537824
-0.19457785395206884
-0.30068872461561114
-0.3479234336409718
-0.3507271509151906
-0.42989008384756744
-0.30475830053910613
-0.25740167719777673
-0.03234336111927405
-0.003578378091333434
0.002197059051013639
-0.1428731910418719
-0.13864492918219185
-0.453104579646606
-0.4612092098686844
-0.28445057722274214
-0.22428197623230517
-0.32967426313553005
-0.3442765075014904
-0.32909758342429996
-0.24367663924931549
-0.1409733243053779
-0.19573528549517505
-0.17749098742206115
-0.27617331536021084
-0.2603427703725174
-0.5112408180721104
-0.23754111805465072
-0.31788274669088423
-0.26519107626518235
-0.2809496138943359
-0.09047384628502186
-0.2660698451800272
-0.272205273155123
-0.2116276488522999
-0.5197103274986148
-0.3798598190769553
-0.3973891590721905
-0.09083384555106022
-0.17399403829767834
-0.2643852375622373
-0.5930296685546637
-0.15342969623452518
-0.2756443648831919
-0.26030847420042846
-0.42566469102166593
-0.23265186802018434
-0.21246312197763473
-0.27957465406507254
-0.2525153971510008
-0.23857439297717065
-0.2016324586002156
-0.38859917188528925
-0.23428296903148293
-0.24794057704275474
-0.42427122697699815
-0.427521588280797
-0.21553950076486217
-0.16144650091882795
-0.41621947736348375
-0.25920250499621034
-0.2628713326121215
-0.3928920996841043
-0.2714404185535386
-0.059999987366609275
-0.2715931214625016
-0.28795930289197713
-0.27577331580687314
-0.33576888882089406
-0.3574204216711223
-0.24142978181771468
-0.2288572695106268
-0.504671401809901
-0.47839677543379366
-0.2850135542685166
-0.37214359527570195
-0.27928628917288734
-0.24500511592486873
-0.37520868840510957
-0.2977319626370445
-0.40308204127359204
-0.36901858204510063
-0.30273939832113683
-0.17727655336784665
-0.49451667349785566
-0.25427372311241925
-0.24993210344109684
-0.5019384641200304
-0.42214966932078823
-0.30085223282367224
-0.26706431177444756
-0.3287610880797729
-0.4306359628099017
-0.32573738612700254
-0.4558441137050977
-0.21449991746339947
-0.368723241987027
-0.33598620537668467
-0.32309930108021945
-0.24802456272300333
-0.13954861331149004
-0.5174887084867805
-0.3318780204281211
-0.2803478446767258
-0.43112622713670135
-0.31600141036324203
-0.34805449756095186
-0.3738573086448014
-0.357272921843105
-0.21775091451127082
-0.2365806411835365
-0.41639322352421004
-0.30386721732793376
-0.3843460532370955
-0.2836015241337009
-0.22852490574587137
-0.18565234588459134
-0.15265477670982364
-0.015505688090343028
-0.30574808217352256
-0.0979937463416718
-0.047666252350609284
-0.390938889424433
-0.1453489115810953
-0.38119700737297535
-0.5178059763275087
-0.3622667284216732
-0.40959658566862345
-0.30573954526335
-0.2654514405876398
-0.2651101322117029
-0.18577898040530272
-0.2753022399956535
-0.09922096048831008
-0.25650466108345427
-0.5097234153654426
-0.5481602770742029
-0.2517282266635448
-0.5359707465395331
-0.41474346863105893
-0.1440546668600291
-0.15037515695439652
-0.09115395438857377
0.09523590991739184
-0.19592148408992216
-0.2089120271266438
-0.07344555988674983
-0.29160254093585536
-0.5327119338326156
-0.46202735835686326
-0.6141559954266995
-0.3528832863084972
-0.28133373932359973
-0.3223679934744723
-0.11844167741946876
-0.12179740362626035
-0.11922046075051185
-0.049221604043850675
-0.022256465279497206
-0.23772012180415913
-0.3074645629385486
-0.5073708191048354
-0.36924278375227004
-0.3835765405674465
-0.4563493528403342
-0.25749873580934945
-0.6482946770265698
-0.2702187172835693
-0.18878675752785057
-0.15248661048644863
-0.026737927611975465
-0.21429214958334342
-0.31280506105395034
-0.4597536437213421
-0.3050464239931898
-0.3033776135998778
-0.3184122637612745
-0.16755928401835263
-0.3450000303419074
-0.2032985674450174
-0.20748589612776414
-0.10248746109573403
-0.14107998873805627
-0.1660893414518796
-0.2693705693818629
-0.1908148264483316
-0.0873740334645845
-0.21824481314979494
-0.3198582543991506
-0.06122320237864187
-0.25907550458214246
-0.41110991151072085
-0.0624087350879563
-0.0064091256354004145
-0.2111575515300501
-0.3524677079585672
-0.24851823976496235
-0.26781061736983247
-0.20834048208780587
-0.1491441170037433
-0.4430065304040909
-0.23902831494342536
-0.4180228131590411
-0.45854105800390244
-0.3807900830870494
-0.3686193369794637
-0.2700240627164021
-0.24734198118676431
-0.2576246668177191
-0.3008181676414097
-0.2696411752694985
-0.27059872943209484
-0.17588228185195476
-0.13482769069378264
-0.07814098164089955
-0.32439705909928307
-0.25419911718927324
-0.35571000375784934
-0.15608663839520887
-0.29554654721869156
-0.2165085274464218
-0.2325400217710012
-0.13711360993329436
-0.13474026565381791
-0.05594289819418918
-0.20752210632781498
-0.11930581246269867
-0.3493378917919472
-0.24471826176159084
-0.2910212117712945
-0.23409490764242946
-0.09412638486537617
-0.30380087086814456
-0.26433051185449585
-0.1366169287430239
-0.25580976166020264
-0.18023636102907403
-0.2047064688813407
-0.04898331938602496
-0.25021350698079914
-0.2861718471503991
-0.12154862296097235
-0.4364758445881307
-0.1975382860400714
-0.2909802572685294
-0.2042949578462867
-0.03786521637812257
-0.1373741646966664
-0.2347844010218978
-0.06365911109605804
-0.2309678650422029
-0.386019455967471
-0.20258118989295326
-0.517763037700206
-0.5116501016309485
-0.44672457757405937
-0.4503160926979035
-0.3273675068485318
-0.14514893901832693
-0.02962146745994687
-0.20048414196935482
-0.14467440292355604
-0.1493080531945452
-0.1913850987330079
-0.11795545405766461
-0.40418313909322023
-0.33414732047822326
-0.36647142842411995
-0.17858074899413623
-0.0721529075235594
-0.14440935870516114
-0.11724945615515026
-0.05944781898870133
-0.19850208080606535
-0.06312119823996909
-0.1356418877840042
-0.42305736243724823
-0.2801243069116026
-0.4789969436824322
-0.4358734066627221
-0.248328755464172
-0.16049744579868275
0.11573813215363771
0.052661986112070736
0.10964931745547801
0.052771739079616964
-0.07143104579881765
-0.12259028106927872
-0.10527018790889997
-0.25771163542958675
-0.13179477472749568
-0.2502039250684902
-0.2638014580588788
-0.12389499877463095
-0.2749848657986149
-0.07403844299551565
-0.11140935707953759
-0.060924044126295485
-0.07136155459375004
-0.10006378091657098
-0.253838412812911
-0.24849105042085284
-0.23309933464042842
-0.2073524583611288
-0.002396370124188252
-0.020554404662107117
-0.021599161089397967
-0.12319480937730987
-0.16253792915085796
-0.3512476037722081
-0.21860089164692909
-0.1554680823792296
-0.18385723821120337
-0.039174028250272386
0.024924144585384056
-0.03546382818603888
-0.061626178736332804
-0.08808098096415051
-0.31998396397102624
-0.3524427069351077
-0.2344488604576327
-0.20496436540270224
-0.06504588999086991
-0.010052853231172776
-0.005056016787420958
-0.007632820022990927
-0.12360050519055221
-0.21254304656758904
-0.4037524713203311
-0.2737513536994811
-0.1307019294181373
-0.15617254169774242
-0.15883029508404434
-0.19749650865560398
0.02457628818228841
-0.07294130854734249
-0.07052298364578746
-0.08248201038804837
-0.23287664333474822
-0.2808453462203033
-0.07515473139937967
-0.18123686802573502
-0.21965008659753948
-0.1071683889022097
-0.11203201529860962
-0.10571245625033043
-0.18529251526888402
-0.06155633297748864
-0.34851649118354544
-0.21642594563309103
-0.1153735635598423
-0.1752102218761138
-0.021196926551056094
-0.12705740123055875
-0.028614272334380075
-0.13221826759399846
-0.1535544442886021
-0.26129126398882363
-0.3505244596162811
-0.30916716263163835
-0.3004050387244206
-0.14398504787823185
0.026391818741103634
-0.06858899322105572
0.01916554509807611
-0.03590236968011595
-0.1569367878837511
-0.18107894888089504
-0.11817620183865074
-0.21456838358426467
-0.19872840095194988
-0.1924831819778774
-0.023072526761097834
0.04817347741482081
0.1390514651138801
0.04482909608486807
-0.07974552386440337
-0.24810653407985228
-0.21565214537258726
-0.1944808344997
-0.19804862105229404
-0.07737455339520238
-0.12444943576701917
-0.04041525126376655
-0.06332758198550437
0.040108688292093575
-0.32524746187846176
-0.2551458587986417
-0.1978466192176711
-0.1438730547670275
-0.09469558807904832
0.008610853499703808
-0.1657112838984176
-0.1259401547285961
-0.1266594397930021
0.003395285166334361
-0.10463156088371761
-0.15310175986451213
-0.13066332136804704
-0.2233646366512403
-0.11376844852929935
-0.10760091512929648
-0.22952883507241495
-0.025194447069225134
-0.05679748252441641
-0.022629258717643097
-0.04273746275976009
-0.15271026989466918
-0.2735851224351791
-0.1985960521051311
-0.277875721687451
-0.17379659671132686
0.0031773838854860514
-0.053257193008903414
0.04271166943362914
-0.01060310029424727
-0.18043544190004468
-0.12723099597496912
-0.20268535218201578
-0.1613287061727533
-0.27127076202305034
-0.10183903442884912
-0.0721661877760198
-0.10553496729335166
-0.1895767296446138
-0.07230039953719825
-0.08751612150808796
0.023878015292211785
-0.14345578869688325
-0.06683380462345667
-0.16323450830532238
-0.21399279648903757
-0.15568059208453633
-0.02190210323442443
-0.10363122302806005
-0.026959335467836354
-0.08776447994750924
-0.19293752557132393
-0.34748064033919945
-0.143818387776264
-0.1870981528190896
-0.06784423983481247
0.05806209577713162
-0.026167421136051416
-0.20212857173464727
0.02055578271210834
-0.08911857442217297
-0.1307279059838038
-0.10468210041290149
-0.20081731196842156
-0.04482202633516863
-0.18121956317918375
-0.10917308635544032
-0.02473533255397342
-0.02099885516508948
-0.20110038601706037
-0.10961130426585441
-0.04800609267294931
-0.17766186766675673
-0.048808376290253364
-0.04477061261059134
-0.2919903551155585
-0.04268868514918722
-0.13041405461262912
-0.15970239613670856
-0.0895433695295651
-0.07406363584232167
-0.07607287680730224
-0.11665182498109061
-0.20555129657077487
-0.22155389457475394
-0.21598690596874803
-0.09165678616409423
-0.16711662947636796
-0.0770139658707194
-0.11521270277444273
-0.15647141495719552
-0.13556308626721147
-0.14892286902613705
-0.17235565220471472
-0.06576983749982901
-0.053337001562795194
-0.19290010767872445
-0.014516206967527978
-0.25034222239628434
-0.26640438157483004
-0.2782120430492796
-0.14867178826534655
0.047314948053099215
-0.0058443560265004635
0.020351285362266935
-0.051381502649746835
-0.14914902587770484
-0.24176989997795317
-0.1915162555524148
-0.14146698520198697
-0.18563039677974302
-0.18820531765231863
-0.05642193254607264
-0.10140634281560779
0.071927166538444
-0.08853027285658754
-0.18530998520145658
-0.21997606693184935
-0.11706411875638878
-0.21942154116550228
-0.06325285261846147
-0.021113046575919725
0.15673065499868244
0.04787315918110835
0.0101267345053202
-0.12478948317584582
-0.2977652490371838
-0.18345057719852775
-0.17497255571652204
-0.11924950288812397
-0.051514190185116604
-0.015209363322355784
-0.08761759735170926
-0.03686387952257064
-0.10494448465169626
-0.05108913086587563
-0.272786129033193
-0.33766491239657626
-0.23024743326823227
-0.2648825000796933
-0.3981914695468731
0.01922302927414421
0.033202197795617394
0.036727068945765495
0.012013578074402176
-0.049003394262399524
-0.1096856717922492
-0.333132705418393
-0.18522398183267796
-0.1360177583701443
-0.13307274167891592
-0.15794570466096047
-0.18644266520277597
0.03519566629984183
0.10061719579607598
0.13086487466352992
0.04803195635031443
-0.008462403726298362
-0.14495180083235937
-0.0784668103151489
-0.27456203287511016
-0.1949398301076144
-0.07346605384373106
-0.29077893079374917
-0.15506669585010968
-0.03034851240226999
0.03699512837920338
0.11045669215127418
0.0411285042646341
-0.017254505055461777
-0.1950396012471174
-0.12187753386388067
-0.11699392653099494
-0.04069362606969662
-0.10123635292984545
-0.07405117817688733
-0.1021405038809462
-0.07362304109847173
-0.0988656651461497
-0.010870159952901304
-0.14310331747401506
0.0022792325198679464
-0.26669062565633794
-0.11287936772714602
-0.08998204193630954
-0.07253845306695439
0.047322971498942934
-0.04337815468898043
0.025775756846996956
-0.029880214751756284
-0.1585450762504479
-0.25236233574105427
-0.13289404069655575
-0.029602827737107873
0.008437873464572476
-0.09602070708933752
-0.04695366549276514
-0.049550921728950925
-0.10769047166468226
-0.06709292912637466
-0.028218275518156588
-0.05211498115386348
-0.13340273627773058
-0.012589706508151721
-0.1049316251592245
-0.11856002352578798
-0.02904552712061559
-0.04835351835936308
-0.14789122273214161
-0.021675963638699614
-0.10596272603652324
-0.0627103938095388
-0.08989939675666392
-0.07972600432913168
-0.1389180909463903
-0.07023602770641446
-0.01005261940008495
-0.11869468406075612
-0.08214875112753361
-0.044005492447467986
-0.026148998804274015
-0.13361190287378122
-0.08845588352778577
-0.13384693932039227
0.013480067791533656
-0.05197761696763337
-0.06847895109240199
-0.06586283215801814
-0.07826176259550266
-0.1289186911235447
0.030680184776429087
-0.0772119888169982
-0.08370233519235626
-0.11479955535469344
-0.01127200640621595
-0.13222621328350215
-0.10901468674273929
-0.14199987974279793
-0.0821778204117436
0.0002750421117525548
0.07188426336506382
0.05306734950863756
-0.07353767319000326
-0.07753866880375426
-0.18558245268650353
-0.23459479783196002
-0.18915715158800595
-0.08851182954549586
-0.029064474379993044
-0.029377736122114584
-0.01740683072421234
-0.0864879032887984
-0.07296994741773233
-0.013946484598591269
-0.042113708128454164
-0.012635359104024246
0.014759358862647787
-0.06592335601089871
-0.09669217470218427
-0.06634226904134266
-0.07350622456579003
0.014050976336875465
-0.004423341798428737
-0.027594818908255547
-0.087581891217269
-0.15456245225504972
-0.09236572842928581
-0.13998130723484792
0.02914797533688329
-0.04562611415167339
0.028674703666183632
-0.07202032656641677
-0.09681805676518707
-0.1369967522623483
-0.09678007499314845
0.10778211386059411
0.02079816623881925
0.11979158804751933
0.10330653272103518
0.04382554005132988
-0.1261915807481273
-0.17926012421958148
-0.21160666749347
-0.19682209656457417
-0.1836866515368456
0.03761248073715251
0.05112913420134646
-0.015169836589848273
-0.0541686327997013
-0.09606656988398754
-0.02483653335366398
-0.05903518099512439
-0.06731615254102508
-0.11038041056599468
-0.06487809456484683
-0.10502784086565953
0.022110708741820417
0.1508716904791072
0.12029936487670057
0.1526420379523188
0.009913283334753942
-0.029153880110243335
-0.21246939268894494
-0.17529627517797053
-0.23032478021923453
-0.28999545448459685
-0.21216345485299826
-0.08558523977990262
0.07896453541252413
0.05452008770953398
0.09147321246564388
0.06784631270420505
-0.008878231252310798
-0.04211866432160605
-0.19857926410622895
-0.2029519522911869
-0.07360469785817259
-0.16069808230531635
-0.06818793396814726
0.08251829209621064
0.07570914698590059
0.08970936462719692
0.06901547231245786
-0.10330479251570068
-0.15814347196283052
-0.06353672592695148
-0.08383143950231897
-0.004581605722705717
0.06639488096698187
0.0029684593609999865
0.003879943826177623
-0.06998112459405093
-0.11986365044140257
-0.12902159033546923
-0.08700901914562564
-0.004970322491317347
0.004936732184432913
0.11398114956682548
-0.0730418464718241
0.042088502406841144
0.0367231109412387
-0.10999608002020977
-0.051359419034270104
-0.11513157894660253
-0.15979219242581166
0.01995264219294768
-0.04761014721589163
0.008175538678187877
-0.07015152997337282
0.013665494421729818
-0.04329262593819294
-0.17275860969675705
-0.09970521515060682
-0.10986680060159415
-0.013947336632554652
-0.005333937835530378
-0.06833735880945824
-0.02111526909720851
0.02773212327156216
0.041565495378563355
-0.04933456021535676
-0.07132382837880868
-0.09771620474930387
-0.022854095899674576
-0.05422126449411735
-0.1231947438318457
-0.05152585424366407
-0.026137192558962852
-0.04159218037966639
-0.11106103716883808
-0.027980932005448267
-0.13222833078179974
-0.042977327917469665
-0.015304521832149476
-0.041262292506871745
-0.0637141330371378
-0.04393064366740873
-0.15772765723522753
-0.02785205950931413
-0.04418274271301925
-0.13035938181565143
-0.03138446328739519
-0.08753588906984078
-0.09785499793360941
-0.04053169916733168
0.008480948355099827
0.04988146915729885
-0.03573357764980756
-0.1819285257734009
-0.174656224087812
-0.1239707539207302
-0.044131739079602994
0.05263450651546009
0.035721647247555666
-0.046624050301034003
0.008407364250160754
-0.0983006326132454
-0.16392635807278566
-0.19698575091024395
-0.0445217273227172
0.0509670281317085
-0.022285438841208816
-0.09470707114087418
0.0076679588073602645
-0.10599828238628106
-0.016749396087107016
-0.0283953895977902
-0.1053979921807695
-0.08301784691866487
-0.052781708422116935
-0.07234598594368435
0.013282857167723705
-0.06984629589715041
0.013498449299959248
-0.054233185099292314
-0.14349367609247565
-0.15036757468624273
-0.07829588802997023
0.03454969360609539
-0.04663417946721893
-0.028014356386847794
-0.0836395044461824
-0.11988801590632647
-0.0700092610786669
-0.0613226707209833
-0.05196259531658143
-0.008918861713027582
0.06392221979695023
0.009220522450050339
-0.1543501995765837
-0.1939892268856056
-0.14158909558318555
-0.07365121022667154
-0.019868391209456604
-0.017494066662038676
0.10425647696683882
0.03840386206866242
-0.0948036764311837
-0.14422682299482403
-0.05882036510593025
-0.11327762308064848
-0.04094438329047989
0.017548462019476574
-0.023895193357020617
-0.055855306982266484
-0.041830258662230335
-0.07403212870121934
-0.0658140993618872
-0.03931490480317734
-0.04442239504351164
-0.033878021902637556
-0.18899571266956627
-0.1145933104417054
-0.03761868068249896
-0.0653601458900539
-0.017905514781887177
-0.025382029416505247
-0.04861069217440672
-0.11877966913743876
-0.05778271383314859
-0.01514409965602681
-0.0990081352647394
0.0320305197237758
-0.015092653937244904
-0.019278509586001746
-0.08955617262836313
-0.048383142151578795
-0.07683827209984884
-0.033030647835403215
-0.022285673185251653
-0.07659166013763752
-0.07952985188603634
-0.1060389859130737
-0.14417241621413268
0.015909613568510395
-0.007558558172604535
0.02775565057527274
-0.12353391397482483
-0.035532940293705906
-0.01888665870501427
-0.09360922197811306
-0.14291667417273857
-0.06772681415895931
-0.07976538494813212
-0.03205523448923486
0.023894665151601657
0.03117628448671894
-0.13748466462129727
-0.003907852165866643
0.0035150025360053405
-0.13091844736482017
-0.18363794078322826
-0.16942124580964446
-0.11152116805897094
-0.039902464781334857
0.012249880383023992
0.038103895203676075
-0.019238174439124123
-0.048885095908190124
-0.08092875838337932
-0.0714286381189595
-0.1754223500029184
-0.15979744339711033
0.004914263903629035
0.025808620208408684
0.0692618079847307
-0.0026095446446561255
-0.20801473248866387
-0.18236728017654968
-0.1301476546213962
-0.03116787947146804
-0.0013832965269102715
-0.09515110981374164
0.008043513462325791
-0.03128582445788197
-0.04790535889333114
-0.15945505075796973
-0.08025612056735554
-0.0830241566800396
0.0021518412977457047
0.030291934352135286
0.04951011185767129
0.05352387843231554
-0.10192286185338162
-0.19826979318168014
-0.2736938984307926
-0.10804142712731846
-0.07894830677173559
0.058923143697029445
0.10280658882402349
0.09143432071141433
0.11061261857730642
-0.049799718777649105
-0.09795443568145856
-0.22043946356279776
-0.38089449767721817
-0.20360904408153147
-0.18076861725421622
-0.07573257658805232
0.033279837924055755
0.09386491600889713
0.1299301581166219
0.10369844269007444
-0.01960696319292765
-0.02198164869332686
-0.2305361082435411
-0.1139913472434273
-0.1423937351173663
-0.1055772721010726
0.081422240647953
0.09817450400441885
0.022150611417600885
0.010288352103088982
-0.054372230340959504
-0.14015086158178747
-0.15958779616630636
-0.147228696703678
-0.02034561226173537
-0.08879804965181393
0.035193527859519236
0.004684246581746265
-0.022679682028410753
-0.19916948660829803
-0.16050433745840564
-0.14226750780289876
-0.06177998147904873
-0.12383056627004407
0.08502500016584236
0.08607873367145658
0.05167800049093785
0.013869775528291939
-0.019676413854540442
-0.11394736535294214
-0.10814504129666602
-0.23914477994549088
-0.017000955653202254
-0.09691747593024047
-0.0028166683259769343
-0.047113429638557136
0.05459269207131001
-0.005812920899188612
-0.029566481549409218
-0.19446637172950432
-0.19080329254211392
-0.13464796033804305
-0.18094580847537145
-0.12253162993511069
-0.0316035966934578
0.0879886478978733
0.05481612238509115
0.06160995498066768
-0.023396040003717644
-0.10619494219281478
-0.19706400606082752
-0.14409172162413597
-0.1016750058188336
-0.005947451390966307
-0.008363896733499132
-0.03435761115542846
-0.0018845250851882156
-0.05916170936143317
-0.14880154564161785
-0.17308578014490195
-0.2127204822609201
-0.03291808806852714
0.03698316805821378
-0.04820064498926513
-0.06255354530185286
-0.16212033331976272
-0.0726728619338246
-0.0297211634569976
0.018485453230823623
-0.10303155134897679
-0.1452427765907487
0.054499577589012915
-0.0551428761536954
-0.006624428388022352
-0.14755539921316085
-0.15700369160913397
-0.13394233665894717
0.04658238273987081
0.10748645089915954
0.04681387120945146
-0.00618599314475432
-0.05788729761115974
-0.2397206894820556
-0.0630902514240006
-0.06875614213640802
-0.048098327981279
0.02122207818320021
-0.00570007752685342
-0.038885111251147464
-0.10855402976449113
-0.18349419540027156
-0.153176533523947
-0.11333511697012
-0.10830433330556843
0.054292194930894766
0.12916910547937732
0.0021976181596983224
0.08549701643642038
0.018195353186456487
-0.14493403071537614
-0.08898974978365004
-0.20651550439652056
-0.07859093593651778
0.013975701716844924
-0.044452599016949534
-0.009289829642511904
-0.0029107750415278133
-0.11469790090632159
-0.20395879487477941
-0.08357335332402727
-0.046600343514001
-0.005576788447797298
0.08601613668724895
0.051202528207795694
0.017331178998574615
-0.0829109795158729
-0.19124825351173058
-0.1995375637197867
-0.184484312456334
-0.06786719506635563
0.028268802409002092
-0.014054625178687274
0.052905448006640654
-0.03250713502347935
-0.05259638110874221
-0.22373405494727194
-0.08194169385569694
-0.13503452032455243
-0.01669841925468063
-0.02485552372672828
-0.10305003919847877
0.07233436008391436
-0.10381376428995281
0.10747659553817357
0.05542616153979907
-0.01207271611883698
-0.043684223892341834
-0.1659212269441923
-0.1739739564654883
-0.12422964327561203
-0.05827107286313549
-0.05561824895994505
-0.004963512918038759
-0.014221911143977195
-0.06811567558906972
-0.04353442069987068
-0.16698591309250332
-0.14742263496736996
-0.038332153293595184
0.04215733744058525
0.04179530240071472
-0.12648167967563495
-0.06935325969243422
0.061204807539070316
-0.08986431420089502
-0.12384133729210589
-0.0577571369940415
-0.017753503751009703
-0.01552186622575391
-0.054545768594834954
-0.07682084856787696
-0.07088300956820603
-0.06697672385780606
-0.0567688153241761
-0.3473673585103825
0.1477486189614865
0.09992223099106923
0.07603294083673973
0.08226842396106804
-0.23202263718121685
0.044768021965865046
-0.011024049861589447
-0.03376720196683891
-0.1407310016802512
-0.2770416507264599
-0.18340627930592746
-0.16618309286423028
-0.0930004449091939
0.03350106942889397
0.06593148691899842
0.05280758300796151
-0.02353405498979555
0.0011771422632591566
-0.06163982960788417
-0.09810799205297371
-0.16777208077837713
-0.08295135748539906
-0.06339829692296917
0.020483708853134885
0.10823189506481867
0.095273740706034
0.1161644556268584
-0.05717019228904974
-0.01365013477516186
-0.07319478328736295
-0.15976035577477887
-0.11904953332486912
-0.09838807666619687
0.07572843482194003
0.08319062643568031
0.05785838498559315
-0.023401426934469782
-0.018434975645504892
-0.11542170291068032
-0.09577036417613272
-0.18099309864919633
-0.2129629862465663
-0.09368076505052159
0.0337655725015793
0.06151857595614274
0.07744397307396866
0.10321396810468286
0.03573835612041876
-0.11248799742315896
-0.11927170638227835
-0.15457453731505666
-0.158125780581031
-0.04299327206535963
0.00437180732114939
0.028102072286856128
0.009449374178075232
-0.0372203324259317
-0.09804473456460983
-0.1240617499279324
-0.03849430606351234
-0.08339990256354213
-0.022541101716342382
0.0435497284252051
0.0020412600970303174
-0.019883826695149764
-0.09417326576658525
-0.11788717584204278
-0.037500210892176256
-0.013545822555897757
-0.09532201068941504
-0.006040371139533818
0.023050809104461223
-0.017753526127762598
-0.00034688970481511205
-0.08104566507972777
-0.10249292853404768
-0.16686826778459363
0.0003810871788800796
-0.1885984096734319
-0.05789318904862739
0.002404545302852057
0.048371857112215366
0.06910587595484685
0.00908184281524882
-0.09158124554232927
-0.11902305864805385
0.0008280250112875365
-0.10204761810018681
-0.08314529647759628
-0.049092562607256696
-0.031744562307721935
0.07584012619918212
0.05239768157571234
-0.0841974503127858
9.96541348285973e-06
-0.03621189802652225
-0.07522948711994104
-0.11510490207001567
-0.008894113299902529
0.11294326890492812
0.018937688968435396
-0.049862853406921204
-0.053788151581102284
-0.05791753637458896
0.043188943272980396
-0.00622747594024986
-0.02831258591322694
-0.03353772998525528
-0.04153623558428876
-0.0029903880113124615
-0.0659793777304003
-0.001217071410792414
0.002869813470169902
-0.022245556734560523
-0.10754754819208756
0.008889957956853323
0.016684184498444665
-0.030601077756728046
-0.03769528929842636
-0.0370113377503003
-0.22273955845594173
-0.09120907649048604
-0.07159780830261298
0.07655010490270797
0.16073471255367622
0.13084789731510682
0.11222378336606198
0.038050405273679644
-0.014546786860250904
-0.05821185109380167
-0.10933522519189864
-0.10003317485097796
-0.11077306607694481
-0.0398282166570425
0.030673025554278865
0.1341161582749919
0.12275563704315573
0.12540418322896585
0.07207947928691283
-0.014778278156882152
-0.15535322159485077
-0.07524849787296262
-0.11158777997479774
-0.011318769550598518
-0.02125768285623053
0.027756819310525316
-0.0329310740926303
-0.04658604509313591
-0.06258359556159121
0.031670783025447236
-0.04356773613835685
0.0227990326084182
-0.010998878024111036
-0.10475626664992888
-0.057993509668449406
0.018495740436264896
-0.007415197935188189
-0.011137792564113624
-0.0346375785957207
0.0072087957050825935
-0.02842726540984586
-0.006650032686593477
-0.01453198117451393
-0.055873203367809765
-0.16185588226653636
-0.21953856182517484
-0.1750345309264958
-0.12330741152982228
-0.027597997855082212
0.09564261819468811
0.07509713279432617
0.19704881554935127
0.07232929617748596
-0.04038370900161681
0.024938409122569283
-0.06365878655924462
-0.09196268657251494
-0.09836069832090288
0.006553850005730055
-0.0324995000846684
-0.04901501980202738
0.03187592513131676
-0.0023319550600717776
0.024198635837819893
-0.07357837739618844
-0.06424576920471736
-0.006600131084269378
-0.0037359654961619526
-0.09170241621177411
-0.0511300036614557
-0.014489272463833913
-0.08155956316841184
0.09941258688922971
0.09698801588820061
0.038028062612283975
-0.018234757014397474
-0.019842937967041507
-0.10376801865641028
-0.06818348192609847
-0.041532458388246596
0.009461112116696313
-0.005050943851529155
-0.07311209771887661
-0.005311912631441373
-0.04046210696105845
-0.09400548416306265
-0.1407202582922764
-0.06557216556757339
-0.10433276659750845
0.044265216958592646
0.04099008583580144
0.09634799326886423
0.05458037665812299
0.05421750858477026
-0.06476035955711268
-0.15104053372124326
-0.11148927773319883
-0.021590949572782847
0.04183466719041462
0.04813162665232085
0.015419636405567871
-0.026356466181823635
-0.08039913223183248
-0.07719009783613728
-0.05978817080176668
-0.04534740177768981
0.08704799749466474
0.08413259658846073
0.04752310013282113
-7.196154547273181e-05
-0.04289937280486811
-0.10652342025423422
-0.13377645757282153
-0.10444309658487327
-0.08693277887277873
0.02880630173967802
0.06285884574754164
0.11475786346272798
0.059212455755186966
0.01757615884707775
-0.061324766182224266
-0.08106602740008384
-0.14362615218851715
-0.0291948015037633
-0.05617385665391339
-0.008512955904734554
0.03325635251712811
-0.06835654987116868
0.042786399008036824
0.047571734874509275
-0.028212662706209812
-0.05424304604093777
-0.01695973434834741
-0.07364686438813806
-0.001089189769118093
-0.03673101532194778
0.025141822421574034
-0.0718624104583796
0.03505474805569975
-0.039039693772792816
-0.012170356161618656
-0.0386069483756728
-0.011637086165137589
-0.03066449247126002
-0.09378088629455306
-0.06467195002187509
-0.06421317094736878
0.012788014224497601
0.05173151136841625
0.05919423072191421
-0.018344524381973315
-0.07062952713749837
0.0205091383177205
-0.04084702431282494
-0.055165252910228446
-0.03225519072930183
-0.02390354743693024
0.008559772995795356
-0.010986077948473394
-0.021859004380530678
-0.053902902218396775
-0.06518976752704475
0.005630988525808789
-0.04212069944333052
-0.024333711615327047
0.02543785886155092
0.004539953253697604
-0.06640867616079049
-0.20970122731523588
-0.0849786537582986
-0.07453750591957942
0.06922692740045022
0.016466751010739245
0.05826151359360665
0.06537151781958528
-0.004343184013123391
-0.08980161748331739
-0.09371645205101231
-0.0756738904165104
-0.07143270758388098
-0.07497993927245261
0.07813165344850859
0.018023798504145816
0.07190000941045582
0.11859577545874345
-0.019696215582371224
-0.018030359456133738
-0.08430599427083507
-0.034079727629432455
-0.02259654997033067
-0.05035410238906479
-0.010408024605567334
-0.035280156473163515
0.0077236909164639656
-0.02017225604504347
-0.06469570567787741
-0.06888622055703308
-0.03322692814253969
0.013744862228122656
0.024633235661895014
0.021376430511736544
0.018805736559443176
-0.17307097383309156
-0.13047357684990857
-0.10312064411118627
-0.11884217176702805
-0.004275407951354282
0.01744223259447608
-0.0024973698527901433
0.0061842602444812655
-0.0621193460028735
-0.15133733552647755
-0.14519189095881302
-0.08128108625533059
0.1120812933659181
0.01829096404253505
0.10486589197535068
0.02682005675160326
0.025483495595835848
-0.08141524545499124
-0.0940207036328502
-0.16055770171806216
-0.04009019356453791
-0.06440110367839225
-0.07196104863032815
0.044949710500077344
0.10939441039226949
0.06873261809232645
0.06006096361670643
0.0611040877411142
-0.05619897654833039
-0.12619542109314352
-0.05330189535743557
-0.034709641126028146
0.044805456505855545
0.023294342478038743
0.01363163537462242
-0.0604623790277401
-0.08834586964803748
-0.04026474693091586
-0.011353543908626307
-0.041599418669648
0.019264747184934095
-0.0033947914926102385
-0.09096241288352758
-0.027837734267450287
-0.02557206772689824
-0.024844237050274387
-0.06045164563693106
0.012896098760393215
0.05221128341509029
-0.0565210759814363
0.0914953110186616
0.02409556541533675
-0.03775830859376583
-0.08705148909939453
-0.03218192904932948
-0.07044944761855731
0.013287768047121062
0.019363940620678477
-0.031735973947434104
-0.08585460385074839
-0.02013314856958459
-0.04656107479240745
0.03510265699151205
-0.021661387290805578
-0.0012998488236917183
0.032471352900756756
-0.032894967902393546
-0.10664704597729724
-0.13643975571903866
0.01534705601989117
0.04557263769675046
0.00671575524029322
-0.05441624208469875
-0.04544511527637951
-0.13083581387763843
-0.03443409076862736
0.018537178882979788
0.008204376179492101
-0.03712089982582256
-0.059544433031987865
-0.08216663083294407
-0.07108697688818211
0.012358266831142828
0.033504165143313
-0.026937818809528835
-0.0027385786324884975
-0.05400120190461166
-0.022830539135611616
-0.06194343976676464
-0.056194037231762195
0.046238883634941885
0.08545450689416612
0.048675348803953966
-0.06111800678945656
-0.024910121610446367
-0.019968135064118542
-0.08515079878998222
-0.0003386436073924415
-0.050237991310496
0.05362741580029251
0.011866341556014959
0.040727803440859134
-0.06524427174736047
-0.09483367442226154
0.014507694213534705
-0.0730372406396782
0.01721432807516976
-0.017517417429189663
-0.00034588003506996756
0.0006887136769364588
-0.05240884120576084
-0.09756838061730377
-0.06420563213760033
-0.045944390626573295
-0.022086088923970237
0.02031407298090926
0.0471537726407405
-0.015296367520932108
-0.03930665315738224
-0.1824370557878865
-0.0335290292132413
-0.009359313217828458
-0.008995444048196077
0.01860858080908656
-0.04760459430690389
-0.014604858452457847
-0.036680392775451764
-0.18884553271345794
-0.18027903977781534
-0.1396880199899897
-0.14811726449988782
-0.0614968131412752
-0.014170762417052174
-0.04003351190840476
0.023694287010584958
0.04552240834891563
0.0017303478380199522
-0.0968242069882308
-0.08253963285824284
-0.061815089924493805
-0.10477064714359585
-0.00602567735768389
-0.08528534576907987
0.03575029069907032
0.04943772450678807
0.025181090473779477
0.04332488929503597
-0.1255092490464449
-0.16182525316253304
-0.09656209876993671
-0.02174042497335904
-0.01498855953104794
0.028798675717553124
0.025183077410474652
-0.09441906434358316
-0.03228859478713275
-0.05854385018028552
-0.043321952914993744
0.043482649634825066
0.09209453202493023
0.08484246119041927
0.012218810832564486
-0.051088262305711396
-0.16401824377680896
-0.06690613351383945
-0.08243408796261065
0.05104785435833037
0.02995968021423323
-0.014885616736137308
-0.04113482925959033
0.024119511006574612
-0.08923462626989931
-0.13514707516878843
-0.1604932096088305
-0.017812706530094147
0.008798419337836094
0.006895288872783567
-0.03728941225563176
-0.07413262540649157
-0.03387725418906484
-0.07391924185094467
-0.006460608718043659
0.04562832984083798
0.04340225544729037
0.015435087992955232
-0.10539233515737578
-0.13469992275349796
-0.1506152819201816
-0.0779229054460302
0.026707190021625138
0.030577594765418326
0.0032315886367086932
0.01381151993223284
-0.06599865901080193
-0.011478174084913917
-0.09056383185088634
-0.08417365248897113
-0.06790242070565
-0.08860745505080558
0.046075850499619264
0.06542051788710523
0.09182409552886384
-0.016295690063998336
0.03950793018884724
-0.056201426064944826
-0.024228707206930267
-0.17184186568192672
-0.07762639537395444
-0.003825583422440104
0.020743156022945186
0.01549567534129892
-0.034049478883389384
-0.02526609097549226
0.0063654675032012165
-0.09793335929862224
-0.17846079065930098
-0.15122413384960964
-0.0989626543405393
0.022418261565690045
0.04913039319944801
-0.012992467267395114
0.05152947679744102
-0.02256042719091056
-0.0010848299189092359
-0.05436312564415857
-0.1909092381829396
-0.09537598979659379
-0.07211772459049826
0.0071136010737973265
0.05214247727417387
0.07068873548996635
0.04024473993922584
-0.015290692605049117
-0.04699733975576237
-0.09915461007039994
-0.07733840540458914
-0.025334916666906793
-0.003884845064021647
0.03603947110241279
0.023105748761736322
-0.02700916866888292
-0.09993251904870704
-0.10215222160331905
-0.07046153935834809
-0.039789514914446045
0.05181651150633115
0.038548370326680015
0.0867299524252303
0.03694515401730314
-0.012572874831676017
-0.08814082870230777
-0.09895468439208344
-0.17502847453579307
-0.12167262681759894
-0.04600799118816212
0.03766949544660747
0.10372233018279076
0.1066288648871705
0.07822163168748375
0.016279611259960802
-0.06587149832921568
-0.07347437137650559
-0.0390602283005137
-0.055333103344310075
-0.014743516426278802
0.018306435384147335
0.08807526253804099
0.01019127358449623
-0.004945392800436821
-0.0830349604220828
-0.0856887724949047
-0.06106603387161158
-0.025557786748322542
-0.021225906843028497
0.0490110436167015
0.07105917997250799
0.04413922006551729
0.030847464384351042
-0.05605575241497718
-0.12506797039532103
-0.10325049393577501
-0.06217319067218341
-0.025490472920864704
0.06415434230439132
0.08301010610011872
0.10939007431443315
0.07031325237767305
0.045869158009736566
-0.07272804438252933
-0.10051843075780198
-0.10319621162489057
-0.06283984969195444
-0.01615429570665583
0.018386534284218214
0.04488113702973351
0.007047091974527575
-0.009650312338635558
-0.0486652352483361
-0.054547738862311235
-0.006326231014099903
-0.019275896411272697
0.032491813544766046
-0.0019233206803619396
-0.008222945929446723
-0.04652526403879165
-0.06840727054805029
-0.014277153299190104
0.02530403197306441
0.025758654919627588
-0.028388149847160093
-0.03878682592767291
-0.03921892288053641
0.016866702819243073
0.021991367073496804
0.005802952207886847
-0.027786652295617387
-0.05377843367023161
-0.0008184307662304491
-0.023880225002358202
-0.0020981788402423263
0.0028076553135178983
0.016335109248757362
-0.008764256064750953
-0.05023784511104168
-0.06869693953194655
-0.03426153554391931
0.03567503046724596
0.037309411251044367
0.027345841233909596
-0.0635512725712033
-0.021352980518713593
-0.028735739237163216
0.008924609173845965
-0.01132288106600754
-0.004769408762513194
-0.07180289470488788
-0.07832934183534235
-0.018710550357354805
0.03854854546079878
0.059958251549232955
0.02899783269094769
-0.0177623926938395
-0.06898408447159454
-0.05710784811526537
-0.01407368625223171
0.03994706628327549
0.03875692535802955
0.005547641467273934
-0.026535119712207234
-0.021888346018386073
-0.02470019400061574
-0.026942715419863816
0.0008152760301527451
-0.005863480124389753
-0.0010292871011188254
-0.060148233504150994
-0.04703899558808189
-0.01212674903581501
0.032296884834067896
0.043816042598336935
-0.03741591518337373
-0.03575828703560546
-0.005106555396650947
0.05823405849514529
-0.006168346078993636
-0.016581808595219627
-0.0025169453665512265
0.02475366929138545
-0.024475732377140957
-0.05559563718634308
-0.04173771031128126
0.011379828401913983
0.02071698939835187
-0.0074682253107312135
0.023240469079610193
-0.062423119401501026
-0.07233310432638973
-0.07498729330836795
0.024322479963302612
0.04350939457071945
0.02151936077643768
-0.01854990557558267
-0.06638707864112803
-0.09589097688149195
-0.046126419823849574
0.010138214216567576
0.03796114108263282
0.0687051763306954
0.005229385627899319
-0.0473636656824965
-0.027867064734891756
-0.0563498975825496
-0.0013745266496698605
0.01580371320596896
-0.03049868367088493
-0.020313788727435167
-0.02515164838405326
0.023017610910756048
-0.022176995989866555
-0.02015568607384921
0.010250607308080362
0.036526410046008095
-0.00931375619256869
-0.05075853373273276
-0.06123708816448925
-0.06604794016311644
0.0011262494717811933
0.08115911861386849
0.01426269630974275
-0.01033005192039127
-0.079980515234638
-0.1437081512704026
-0.11630883827456273
-0.010520696714593214
0.03705124346197408
0.03191867986606667
-0.016018506707041524
-0.09934283206757755
-0.07341228013683576
-0.041889263869961724
0.03380597412615316
0.042547213277430274
0.08402923258836381
-0.0005811577648273669
-0.04790216960464022
-0.13862528699974064
-0.08682135576964356
-0.024635944635747364
0.018711048312979983
0.07777115586213768
0.050240632095665205
0.011807334502009326
-0.12131946536828764
-0.07513884510262869
-0.09979618013312574
-0.028596948045333193
0.018135406615328975
0.03718768847465981
0.019474513523164205
-0.029463375212799292
-0.15528574629570358
-0.06648707648128038
-0.026155886545893736
0.019933724084694404
0.10188987301080488
0.06998717757960549
0.009952821077604312
-0.03753109838726232
-0.04907780831854325
-0.06805890265968628
-0.022500387574837077
0.01571891531239089
0.015262600580172148
0.0020276273435229086
-0.06005597850889899
-0.08036245452967705
-0.026416193184559233
0.006689288216875866
-0.020958118893759092
-0.03166762681212276
0.061269860627362505
0.05083725167060038
0.01940058912987297
-0.06387555011315271
-0.06777625659742625
-0.07986006484134123
0.011775653654694906
-0.0091067871908308
0.003705515118781477
-0.008010349120013416
-0.0992521790030878
-0.08657507103634998
-0.08637359330896288
-0.12450745520982309
3.9595910493517295e-05
0.10721808164089452
0.06643799443918397
0.09706747688323958
0.02087921800557524
-0.12098629027605057
-0.17941202642396092
-0.16639193741139024
-0.13501218444434926
-0.055138083995188936
0.06576560953180888
0.10540982231032103
0.13782265281770378
0.10485708841588348
0.06337071122834459
-0.045849551850551507
-0.06312461103789246
-0.08812189378659241
-0.07998654271523264
0.01989659653736453
0.0536562569468515
0.046985066175693646
0.029157533106626943
-0.04715907024365151
-0.16491909528849646
-0.12713276647264138
-0.09039149126328994
-0.024020816490519792
0.07436419997065968
0.17455586954019964
0.13098286559034023
0.03177992717246525
0.002802578221235308
-0.11298783043093863
-0.16821689752396196
-0.17825355322565883
-0.10647681925911456
-0.04100908619875554
0.04593015881982865
0.09926654420269188
0.07708343316335231
0.06865386776917148
0.023338204431638587
-0.06825397990178317
-0.1095499882940203
-0.11773391084352625
-0.08538566436618567
-0.009478348310949514
0.055795890133595094
0.06438179034012137
-0.031317960820160806
0.03399574943614425
-0.034983288681360136
-0.0736337821581401
-0.022075507979025133
0.01637797803414287
0.02128259899745899
0.008624372043414041
-0.06796117464546114
-0.0835491784309852
-0.05036921251030435
-0.02494316925003659
0.0636797943880083
0.07707476424911874
0.06509273810661398
0.004337657679570839
-0.06128611249732785
-0.14399912569206208
-0.09070034063188359
-0.09659119942807592
-0.045906913223006995
0.05810437252512202
0.14650825934950262
0.17882720718625933
0.13564423320349306
0.08721755920851137
-0.015117102258045634
-0.03939187651849352
-0.1147597084127483
-0.11479350581066683
-0.05562299359735334
0.028479794007580495
0.054554583053686656
0.014059925233596005
-0.029328472977795172
-0.06644661049358547
-0.07427353708771989
0.005459699546918273
0.003578392294002697
-0.028546348577947356
-0.020729761054099072
-0.011954568900364393
-0.028290551934333052
0.021147720981389284
0.07925376029015752
0.00023304135538637638
-0.023335842561209574
-0.08764797504409216
-0.09078250199672766
-0.0500562924426049
0.015543761633011854
-0.015450146524926822
-0.0174304159154417
-0.058039653828018345
0.008844637902029717
-0.0187037586565566
-0.03398623867542483
-0.014394950154382968
-0.011706194985890761
0.07028769005773938
0.05720670754999446
-0.028853327414253727
-0.03422615156887332
-0.013687762395420577
-0.03401267736626323
-0.06043846481770743
-0.0805594675548491
-0.025992333754402352
0.023336085367191117
-0.0604556535872689
0.08183137504965998
0.046057000959990546
0.03074748446488229
-0.04296576111300965
-0.11140679536038078
-0.05952652543783188
-0.04264336075721076
0.06159548650521174
0.07236734416801482
0.09516287677251967
0.05004318169085309
-0.022081808558141347
-0.03946537583033205
-0.06922536322963424
-0.050864621060100035
-0.001219977617438417
0.027886898344149813
0.04541307154431706
0.0223305698891636
-0.1047601890459191
-0.18333921307930723
-0.17396757239475846
-0.11927169369300827
-0.04937470341974404
0.07985634924261831
0.12029708614136325
0.03754367335932329
0.09029383389861323
0.02142632513277931
-0.04824468452716246
-0.093242605890282
-0.12019670027802931
-0.10395954496925697
-0.052488195839032414
0.08626998632098548
0.12333995732478797
0.12352328130509704
0.10332547431335115
0.05041043695746339
-0.05817036522785202
-0.12290375628253969
-0.08890820678789169
-0.1862613886478357
-0.08120394457364455
-0.025129266548901796
0.03459068104530161
0.08071534622649779
0.0722104667511303
-0.01588209166948218
-0.02376509711939434
-0.06994365568789362
-0.09558987256605178
-0.03487308994954219
0.06952527933754027
0.11150282388553023
0.10884907766012475
0.01083703884978604
-0.06370903948845807
-0.1124410962802358
-0.10924431416788138
-0.033792097005061805
-0.046023196482565254
-0.044063899156753905
0.06001660031324718
0.011385846606572159
0.012954093206644757
0.05760817090049386
-0.041577329307983746
-0.0884855393669568
-0.07271162534925679
-0.01726644387235865
-0.06651485455222428
0.02509503924375167
0.09067953645717353
0.06277144938940182
0.0654254477667564
-0.012417090591043234
-0.04655393677967368
-0.10760295673389919
-0.1169301754089247
0.03569804663857212
-0.015918580666038906
-0.01899281082296511
-0.04122218501288444
-0.020812083363125566
-0.020788327303307597
-0.026442003062584263
0.05356358248900506
0.01318711468775291
-0.05822575598358526
-0.02457569882972166
-0.030936751078115776
-0.023431524852639996
-0.0002201814786531031
-0.05706738922526711
-0.045059597556246445
-0.02646224049385637
-0.03473843923984532
0.03650740955708898
0.07115017277101288
0.05605358184402576
-0.11779429887246806
-0.006808668378653238
-0.04504173609893769
-0.03194507810258074
-0.07175711959644104
-0.057399727686970436
-0.004613513054209761
0.023878638075075287
0.07157970790285617
-0.0280988896774943
-0.05068638312877738
-0.009160866422462277
-0.025223514604022057
-0.0607851309760008
-0.05913765536388382
-0.030351827350386884
0.0438663849781733
0.05440342496149242
-0.0037993077057763003
-0.04979591164010344
-0.11503561784047633
-0.03808819150981435
-0.007852694106986746
0.04637064048074535
-0.009627927574911155
0.016304260629112832
-0.0614971982431598
-0.06775487225240795
-0.037673044704206404
-0.016801789997771266
0.0648242580355145
0.014052401551452931
-0.05603794156922959
-0.05561509222025052
-0.032497503691047314
0.052515824219881324
0.0358232538565062
0.011688767044688575
-0.08357798782526515
-0.08595495869667502
-0.04416488570495858
-0.017349153771647252
0.02187687304139274
-0.017010751966154203
0.001195371925859945
-0.09766017071524402
-0.11419462319463491
-0.011809805685800256
-0.04525018773711054
-0.024790355510049267
-0.014901788119459525
-0.052848605380859226
0.03320661430916516
-0.012009243009742931
-0.05564816244987014
0.051353947923416854
0.0009529576200293377
-0.01243482902100368
-0.08233020431362092
-0.1645983269554563
-0.12728421454812633
-0.04795730364276096
0.0034622739149199333
0.07550629071010917
0.10637276887428015
0.049480701844004216
-0.12600014821146033
-0.06474700893159024
-0.057489185710437596
0.002188749410493074
-0.024642104475788074
0.032348935601476114
-0.09600428916019155
-0.02996044408155285
-0.01702424884570064
-0.04552562298886187
0.049983222743321676
0.07087185239652172
-3.294156340416521e-05
-0.06000525974377524
-0.10458627535263076
-0.07798194114002399
-0.008856508520693751
0.04171777909868979
-0.025522931414343475
-0.0019164513041687314
-0.08882384837488644
-0.004253893173881806
-0.08638480278023053
-0.07414804396103136
0.0036489799240371212
0.01156765702762641
-0.004381338761504594
-0.05053291754302336
-0.080333786085248
0.010096477460137976
0.020108721015276387
-0.07177035025233636
-0.044190191343659535
-0.01374452873278642
0.09874259274693031
0.030868710528011434
-0.05646818234527018
0.043567832763073966
0.0069982608838472515
-0.08721403910021763
-0.13662863867284614
-0.11197965430437762
-0.009007672953885049
0.007206291014881572
0.03167356859194115
-0.08329723589122295
-0.06380527893747967
-0.0485119561344618
0.016090077521766943
0.024099752474285197
-0.017531028166558826
0.005106661959871417
-0.03563448669228819
-0.0328185894395574
-0.06412298124541849
-0.06442913055070676
-0.034388987380225444
0.0181830703477317
-0.014766091586011498
-0.10107623156363843
-0.06706413275242085
-0.0338471096183639
0.009455868974328041
0.02981544064823538
0.020639046124415472
0.017617302175494842
-0.07955295970896259
-0.2604678625066299
-0.21566376369446516
-0.16165373927287874
-0.18245024664793164
-0.011338402509863954
0.13719970372039825
0.1854035765863955
0.21688964846543968
0.2390455341374036
0.15528181265108287
0.004985112405847758
-0.10302246917854063
-0.16710770840290934
-0.24834021599963307
-0.098810343304649
-0.10710744746029377
0.04438117551035248
0.044566099357325584
-0.012057259067660198
-0.018547699594819278
-0.047314615392679116
-0.021524857520489604
-0.004017295573248703
-0.06278498238680186
0.04193717721500434
-0.019946584130593692
-0.012944333833729615
-0.06741430483089061
-0.03858075002790429
-0.03911738008901011
-0.05186346011760179
0.08303204450930934
0.13058520069398583
0.12535527217551135
0.06790328116767341
0.03237776730384212
-0.10934183376230067
-0.1506487011210993
-0.1443819266569335
-0.09621104593679775
-0.014392312470590696
0.0383317832602188
0.047368837404064834
-0.026890340610407293
0.037915721637546085
0.026766888331621885
-0.08463231980567798
-0.05705566826509312
-0.08239669942850014
-0.020216962599079125
0.023853568060076213
0.0508382373918721
-0.10428780216898303
-0.020279345655580983
0.01803982802812243
0.019598217601014767
-0.03538777301037044
0.008623136095593509
-0.008204830111935735
0.0014843490353086963
-0.07360457922914065
-0.10738488554488868
-0.08244748241850175
-0.04437801927269902
0.016735731707740342
0.11172710278697195
0.08158309094142169
0.08745100540545536
-0.07916428221142269
-0.1111112333019264
-0.034659626049688086
-0.14002905177767389
0.01180624423068366
-0.00620092690223828
-0.03421548623009585
0.05674425605684519
0.11308356001245556
0.06123111378747126
0.014324935002150596
-0.08942456090153428
-0.08339273402816616
-0.08031306791235693
0.0021928795977146365
-0.03535871195344953
0.06292674143332988
0.02758239014656283
-0.0510981761617586
-0.04810405900934711
-0.036745140533184895
0.004983671631634934
0.044434929615817964
0.02148045040667057
0.06310206378111616
-0.02776012544200057
-0.0508254788510385
-0.06367205063361325
0.06143806858199241
0.053577771061100066
0.02402952261036262
-0.04036048342641152
-0.009285715552323381
-0.03766514953349542
-0.004029475338029442
0.059174972702749074
-0.006271441157878144
-0.052514130220515653
-0.06726818928291323
-0.04222165118153498
0.03287592214473989
0.05317748463130556
0.04119426783290692
0.019661804151837714
-0.10118956658971001
-0.08198716889091884
-0.07797770343677257
-0.05533116782316938
-0.007947640298880287
0.1023645411914913
0.14053783961571753
0.10860682642669417
0.1105793422611896
-0.006640879202677752
-0.060635738365817815
-0.2004787078476511
-0.10837664478458464
-0.03543849786001374
0.037841928453417495
0.07689581619342789
0.06216715037771792
0.060835496289655566
-0.03291683077986818
-0.07425823679659516
-0.08391403206042014
0.013207482697907835
0.009114043929002946
-0.08386084134690464
-0.06897440043394454
-0.027158343014889397
0.05418881989317015
0.11951577875879593
0.12190614271094091
0.10602380665659439
-0.017563236251589842
-0.01097028480944573
-0.07242480084096314
-0.050961319264388294
0.026489106268854812
0.01898632045777049
0.013645571099914378
-0.09633084926372248
-0.07421410165261477
-0.0640274241501686
-0.046194632434435334
0.052620023358031176
0.08756087644724175
0.03288801581948064
-0.0025280618719989434
-0.07563499162642984
-0.05939661979027733
-0.020748108088810113
0.03390146673336858
0.06428074231371284
-0.018557766419576183
0.00913386559295759
0.009495815636910265
-0.09615488583222032
-0.09273439488606527
-0.10269472398795187
-0.06437000897130929
-0.016439669532701373
0.09936345570349658
0.11123636897536926
0.10707527177873999
0.049562134699954186
-0.019765326689594076
-0.12697473455045838
-0.13343731543864124
-0.18686566269025207
-0.07698854437330738
-0.05023397397599183
0.07861915251123719
0.125968509062659
0.19957144767977297
0.15844587713945657
0.045798312057740986
-0.002276172614074312
-0.03760916091414401
-0.15507902498939075
-0.08625355048570782
-0.07265010369155789
0.040889436902944
0.06403818601211242
0.054596790731011424
-0.00140172377723502
-0.02613120575551875
-0.09290067141409963
-0.1919296802370809
-0.08433514399439446
-0.02660971783552668
0.03578883234877139
-0.03993051352699695
0.11625581694534048
0.08657584416187092
0.1324723378274939
0.00235341684310697
-0.002692647779440449
-0.1284106831153622
-0.18690238596173003
-0.18268268799874932
-0.16137747740140185
-0.1271989379747538
-0.036446803218495916
0.09004002786241472
0.17461439839098603
0.21877201180905104
0.19473296054638922
0.18434483869350515
0.11444790751556866
-0.0001433101570000872
-0.12084935849998146
-0.19968666997738183
-0.2486403905786574
-0.26410661032423377
-0.20172475976869464
-0.19108581694308668
-0.06673528959004216
0.09737393612158485
0.10315740387886763
0.20103613624814898
0.20561519404873252
0.21143415791448206
0.0865545884516905
-0.06166086439770879
-0.03046959404309746
-0.060325816717522684
-0.010819345072377473
-0.009223076634953031
0.0005894499481655657
-0.06181006383849308
-0.05181603274104418
-0.04478019685484469
0.03255578827520367
0.1285530801542336
0.052748867907212116
-0.009226728769135661
-0.015837755279790144
-0.02193132981483359
-0.05646563624031842
-0.09981144436460454
-0.006437687374273082
-0.003673584166222099
-0.019485399549012072
0.01687826940906234
-0.045380305535445586
-0.03877705868217163
0.07894984378071968
0.06529964845685754
0.06434122037171619
-0.01517907546076458
-0.052291345910475684
-0.10517045598680852
-0.06058545972337015
-0.00840815476840362
0.059736169161624275
-0.0034957063071487937
-0.14500683400547132
-0.0899985193318571
0.023750505119096488
0.01735982818354387
0.05460982385557145
0.007569240176053427
-0.15720952244737418
-0.13686660607345402
-0.11956326881772839
-0.1548828183003934
-0.06866618986441608
0.060084720456870855
0.09501549226115458
0.10256585744355107
0.08937642291130032
0.08081921009579673
-0.014955607324736775
-0.0993611125741154
-0.15628308220766485
-0.13866908417548984
-0.10819836804876104
-0.0311089505412383
0.03220889964541129
0.15440640564702335
0.07046263050870039
0.014292031330114696
-0.09077601850731298
-0.11793210310861468
-0.11671023412782233
-0.11304572968219873
-0.035192586306948215
0.12328817177331075
0.1366846208111383
0.15347367100184783
0.19155351098743267
0.12125752688007196
0.003914267143045436
-0.09733802732080221
-0.1614158172160387
-0.20073604979552329
-0.1586658877786249
-0.06284996727481484
-0.0037663845760107506
0.01839845648856908
0.034846120805013925
-0.04598032517969841
-0.06113344043114921
-0.03696886828402057
0.09384115954162553
0.054904624637856614
0.02600430257007247
0.01780212461744668
-0.08992266045243014
-0.09818564676243113
-0.10624981971341185
-0.028189627809297235
-0.049821153711491206
0.0893147248425521
0.0905277549609309
0.10890408250270411
0.05483753400039859
1.9006547518074512e-05
-0.08554569850093685
-0.19358013395685703
-0.1049986906000413
-0.14674899702367838
-0.09497934739354719
0.05664143149624579
0.05571929650614038
0.06771151919019758
0.045998284535016865
0.015906962551525794
-0.09205702226608992
-0.13659614406060427
-0.10155389690771699
-0.029013992236286867
-0.11136110895313323
-0.008943135311710648
0.018048457808617968
0.02383783008917817
0.003980720619438216
-0.10175150020222645
-0.09131183834688272
-0.024862535718057188
0.01290053931006696
0.008814674307359383
0.00979439981165342
-0.0021913111704634503
-0.07846275283372961
-0.07618403236847371
-0.18194211184163578
-0.07140244868787704
-0.06325933317566523
0.04782083964528283
0.11720969993621111
0.12305132567416877
0.060822160872703535
0.03680612071093492
0.0007424334352208461
-0.15041540749371052
-0.15238825313281268
-0.19509642128832638
-0.2794161399360746
-0.1559802409465192
-0.04883822631563817
0.043137416141689755
0.031651195691665635
0.09366049378877506
0.1229037376033375
0.12084025323565584
-0.004379480087663978
-0.012711565770587185
-0.10636701903422363
-0.09640363059588708
-0.10190154210431501
-0.059678004574379884
0.057723993031686405
0.02492730131780263
0.009159180664937594
-0.06950111941478099
-0.02842700438486645
-0.08078761740034679
-0.07937309591761732
-0.012418544548836508
0.057629983668448403
0.04666971335973358
0.012783926067641005
-0.17355141548614483
-0.06081510920193978
-0.0630890540596738
0.0028484373578976374
0.012683970795478672
0.044673957391253794
-0.02365267057064102
-0.028136668835941236
-0.02589582982909633
0.009635055976104923
0.02349175323251984
-0.04561398640726111
-0.039359339552902384
0.003057964178879047
-0.03626751098090608
