0
0
29196
47476
33946
31106
24626
30724
32519
26146
28545
34348
23316
31162
21638
29754
25676
33531
22775
28830
30976
28442
27147
32106
22584
28491
23470
21493
21620
22163
29644
27990
27242
99200
99200
28745
36333
31875
33645
29747
42436
27220
34485
40308
27585
21778
27180
30770
22896
18842
29021
34747
25400
30881
29734
31487
32810
26036
20721
37583
25526
28253
28034
23893
29318
23181
30432
27942
24282
99200
99200
27342
22381
17888
23029
25027
20603
23983
25752
25108
22285
19862
21903
23588
25076
28969
29640
19045
20620
21248
30450
25726
22897
24202
31246
27215
30334
24127
31519
35252
16137
25613
30093
30045
25496
99200
99200
31895
25431
22495
21251
22776
26641
32794
33231
30829
25502
24523
24450
29681
36593
29094
33107
26401
28781
25057
28715
26709
31160
28646
32554
22903
35615
32500
33040
34390
32857
33697
27765
28569
23291
99200
94602
21156
26754
26801
23646
28944
36130
28198
24190
32065
32822
29740
31421
30626
30130
36993
28846
34387
33852
26567
29075
35746
42285
28809
38620
30048
31705
44769
46496
31173
36626
37079
42033
27107
41193
41039
99200
45773
41796
47189
39734
47900
38730
38975
47105
48856
46655
47486
52380
53881
39309
40816
33256
54681
44603
54050
52931
50049
55568
50004
52038
49476
47138
51312
45311
57755
43361
44598
56795
49673
58175
55713
99200
94103
67779
61100
61485
55266
60830
60111
48288
51430
61730
74439
63198
60679
61363
47626
59469
60476
61641
65450
56187
71895
56141
75337
62319
62005
62801
62684
64930
58556
71065
52791
67478
79153
55867
55943
99200
94561
83215
68371
76459
73889
71815
59722
61542
68340
69496
74245
61268
69267
63662
70341
76897
75172
70743
84263
82137
71971
67326
64160
68522
81330
67145
66586
75849
73775
84371
63339
71598
80313
69968
83357
99200
92977
89312
85972
75261
90701
87943
84142
83569
81419
91377
87522
84550
81237
91216
85925
82170
89989
69587
89727
88156
92097
84663
84578
83418
79526
87466
92852
89912
86740
80498
87121
90930
99186
90580
85277
99200
95454
67241
62084
71158
61249
68105
58665
80510
59692
68480
76434
63743
80739
63947
68629
75671
62667
59576
68162
63543
60862
71965
62260
68272
61504
74015
72258
83549
71989
81188
56708
72948
64069
85445
80901
99200
90363
65013
64014
60687
52574
54951
63020
61882
61194
68108
60073
64764
71037
68757
58267
74934
70862
81801
73538
70726
67879
62180
58690
70621
61943
72593
58524
56861
60953
75559
64413
69670
71727
62939
63730
99200
76855
43613
51827
48946
46016
45385
48295
42088
44839
39890
44538
44727
54530
36291
36902
43707
44266
43474
39532
42251
40087
37875
51524
40703
45070
47066
49756
36577
44156
50705
62113
40222
34068
53605
58090
99200
88189
52019
55035
61222
46100
51314
44157
43815
65584
49490
52696
52302
55796
53198
43303
51109
59016
53034
55812
70476
51037
46508
45738
54498
53418
54509
47069
44161
56108
50831
53039
46093
59679
56627
53871
99200
76631
50341
62205
46829
64261
68224
54184
55997
57989
59442
61730
62012
50659
57264
67850
55873
65782
62858
67996
56223
56213
57643
54127
52233
56512
67882
49237
59840
64878
64363
55814
56742
61951
68184
75130
99200
81742
77814
72301
60587
71445
75689
67771
65023
60324
60626
71562
71343
74610
67516
63681
62204
70572
71732
61828
69286
80723
73836
72155
82124
79968
80438
61355
64843
76141
79344
71925
76092
88005
71816
76163
99200
96133
84141
90019
84296
92169
99200
96427
83886
86372
84386
88468
94836
92334
91777
99200
84675
99164
94345
92504
87313
90134
92747
87413
96427
87147
91600
96464
93942
97315
99200
91450
85830
93754
90973
83727
99200
94068
95120
92688
93874
94873
96031
90530
99200
87788
83016
99200
90981
91219
99189
95139
92642
94927
89716
95833
99158
94127
95546
92266
99200
96281
86565
90368
93378
95436
93710
99200
99096
99200
96709
95721
99200
99200
89673
93848
99114
97881
91772
91183
92660
87954
93456
84140
95239
91847
95434
95457
91951
95826
95635
94545
95503
94144
90990
93184
99189
84243
94842
99200
99200
97215
99200
95136
94433
86890
89302
91491
99200
99189
75169
86160
74532
80459
86915
88006
84693
92331
91649
84182
90665
76249
79406
95833
82170
75727
86945
82418
92745
77715
82306
86710
85822
88780
86226
82228
89889
86414
90560
78212
83241
89580
84593
78653
99200
93568
99200
95238
92011
99196
90876
90389
95404
99200
91858
88689
88596
89384
90775
95027
82440
88977
93742
93450
92877
91963
93947
95321
95238
88898
96548
96508
99103
80664
90946
88297
94365
93600
87233
95833
99200
95728
88772
94744
95768
90798
90160
94542
91374
99200
89986
89662
79660
96417
96018
93759
99196
93547
94506
88109
95533
93293
89656
98911
92068
82854
82145
96813
89518
96127
96165
93832
95040
95833
99200
93057
99200
99144
99200
99200
95437
96229
95931
93804
93040
96021
96823
95338
95932
99114
99183
96724
99200
99200
93648
99186
95886
94746
93258
96031
96513
99180
99165
99164
95337
90946
99200
90485
97125
96745
96824
99196
99200
95041
90782
96427
88685
88195
94819
96724
99189
86819
81711
95136
99178
92812
88207
75810
92566
89700
89356
82526
94997
88980
99200
85415
93548
99200
93529
95536
96721
95079
92139
92202
95436
93337
96135
89297
99200
95745
92523
99101
87514
91449
99200
86306
92267
96922
99200
94149
93644
99193
96727
89923
91961
91213
99196
93060
97221
94703
96229
99200
93330
93321
92861
94181
99200
93357
96427
94806
99200
95106
99200
94438
99200
96408
99180
96526
93753
99189
99200
94900
94542
93742
96718
99193
95211
99200
93959
99200
95932
99141
96378
99200
95734
95535
97070
94941
99200
99173
99200
99200
95733
99200
99153
96823
99200
97001
99100
99200
99200
85445
96209
89351
92166
97615
89446
86443
91079
99196
91172
95557
91321
79286
92124
86590
95962
89478
86629
87588
88763
80438
79894
94842
89000
89195
90236
90577
86897
89573
99121
79832
86477
85528
99196
91565
99200
78631
84365
81090
77698
67392
84268
77389
82123
78239
82448
79944
96770
82144
90683
77397
85017
78324
74506
81654
79920
91373
85011
78363
79161
79304
89948
66884
70942
79087
80760
70138
74249
84735
88989
82897
99200
82552
75864
74982
66252
74181
86109
77839
80842
80260
85180
77611
88738
71628
81437
66672
73065
61620
71408
82103
77956
67092
64359
79532
81698
81738
79357
72915
75664
72216
70004
81175
73287
71537
78560
77965
99200
84456
87215
88660
81794
91292
95130
85295
90999
83047
92364
88397
75700
90578
89377
88390
91039
85024
83042
90192
79251
81257
88027
89494
87701
88640
86806
92170
68849
86025
91850
89638
79589
85321
88092
79249
99200
87032
80795
76735
87100
88999
73882
76540
90380
75998
81425
72452
86418
77425
84141
73249
76527
76003
77574
75924
82438
73759
73218
73539
85569
86577
81365
80897
78552
76976
85083
84278
84227
80089
79798
83322
99200
99200
99200
93753
96922
97516
99196
99200
99186
97021
97318
99200
99200
99200
97615
99196
97021
97219
96606
96724
99200
92070
96823
97417
99200
99200
99200
99200
99200
99200
97021
99200
99200
96823
97291
94348
99200
99200
99200
99200
99193
99200
99193
99200
99200
97417
99200
97813
99200
99186
99200
99183
99200
97283
93154
97322
98977
99200
96823
99200
99200
96625
97793
97103
97023
99200
99200
99039
99193
96925
99193
97813
99200
98281
88919
93364
99056
99174
95437
99168
92859
99138
90790
95400
90406
98708
99200
99200
86817
88122
99072
97497
89735
87963
98209
90472
92571
99200
99057
99200
93233
94527
92269
99200
99200
92739
95527
95365
99200
99200
97417
97027
95466
91580
99200
93561
99051
99173
99200
96494
96905
90517
97306
94030
91690
99106
90364
91860
92848
93891
94890
96627
97527
99200
91627
93902
94644
94976
93842
87983
91547
99151
94645
96615
99200
96085
95644
99189
97219
94197
94754
96823
96891
97106
96626
93568
96151
99200
99200
96060
95325
99200
99196
96229
99200
99200
96947
97021
96922
95186
99200
97053
96427
97615
95894
93405
94365
96823
96734
96625
99200
99200
99183
99200
93159
96761
99200
99200
94153
96522
96164
99200
99173
99200
98704
99200
99130
97173
99179
96704
94809
96079
96254
99200
97398
99200
98781
97021
99200
99200
96082
95754
99200
99200
99200
96060
96819
96427
96447
99200
97148
96370
99200
99200
93723
99200
99196
96045
93313
96228
99189
99200
96689
96876
99180
99200
99200
99200
96824
99200
95268
96305
99200
99200
99200
99200
99200
99200
97222
99200
99200
99200
99200
99200
99200
97715
99189
99196
99186
99196
99200
99200
99200
99200
96246
99200
99200
99196
99200
94480
99200
99196
99200
99193
91747
96367
99189
99200
99200
99200
97234
99200
99200
95729
99196
99200
99196
99200
99200
99200
99200
99200
95755
99200
99186
96860
97615
96229
97516
99200
99200
96834
97021
98011
99200
96648
97326
99200
99200
99200
97318
99200
99200
99200
99200
97120
99200
99200
99200
97417
99200
95213
97219
96296
99200
99200
99165
99200
99200
99190
99164
99200
99200
99200
99200
99200
99200
99200
99200
99200
99200
99196
99200
99200
99200
99200
99200
99200
99200
99200
99200
99200
99200
99200
99200
99196
99200
99200
99200
99200
99200
99200
96640
96439
96229
89965
93555
84767
92067
87989
93515
89013
89743
89009
87808
89305
89531
92932
86579
91343
92723
93652
90252
96305
99183
91645
83482
92676
91415
91152
92095
91542
96129
93555
89229
99200
99200
99200
89891
89697
83888
81416
83398
80274
86423
88721
81212
86569
89891
82098
88799
94334
80304
78025
80405
80634
81395
82904
78814
88460
79883
84355
79122
95536
87859
89371
78782
87012
82713
84029
84191
99200
99200
93827
94057
97875
88901
98110
92564
92915
96447
93471
95734
91277
93044
87766
96793
94313
92470
92604
97912
86482
94688
92232
87423
93454
92466
97029
94213
94526
95543
89610
98089
93185
94713
95792
92817
99200
99200
93997
94988
99196
96922
88296
97219
93370
99165
97232
97101
99200
91611
91197
96833
92461
92638
94142
96356
99186
99200
97120
95816
97615
94619
95734
96913
96226
92166
92762
99193
92847
92454
97021
92929
99200
99200
99200
99200
99200
99200
99196
99200
99200
99200
99200
99200
99044
99200
99200
99200
99196
99200
99200
99200
99200
99200
99187
99200
99196
99200
99196
99200
99200
99200
99200
99200
99200
99200
99200
99200
99200
99200
97318
99200
99200
97674
97516
99200
99200
99200
99200
99200
99200
99200
97417
99200
99164
99200
99200
99200
98408
99200
97219
97516
99200
99200
99200
97417
99200
99200
99200
99200
99200
96433
95193
97516
99200
99200
99189
99200
99200
96066
99200
99200
99200
99200
99180
99200
99200
99200
99200
99200
99200
99200
99200
99200
99200
99200
99200
99200
99200
99200
99200
99200
95634
99200
99200
96526
99200
99200
95743
99200
99200
99200
99200
99200
99200
96234
99200
99200
99200
99180
99186
99196
99200
99200
96225
99193
99173
99196
99200
99179
99200
99200
97044
99200
95933
99200
99200
99200
99200
99170
95833
99193
99200
99200
99200
99186
99200
99200
99190
96896
97094
99186
97244
97182
99173
95608
99200
96328
96738
99200
94661
99189
99200
99200
96328
99186
96934
94671
96922
99133
99200
96412
95518
96653
94050
99173
96716
92065
96051
96958
96441
95615
99200
99200
99200
99200
99200
99200
99200
99200
99200
99200
99200
99200
99200
99200
99200
99200
99200
99200
99200
99200
99200
99200
99200
99200
99200
99200
99200
99200
99200
99200
99200
99200
99200
99196
99200
99196
99200
99200
97516
97411
97318
95070
97216
97315
96823
96724
97318
97120
97021
93555
96820
97424
91770
96823
94347
97213
97219
97219
97219
94347
94743
97414
97318
97120
97615
94379
97417
97318
97120
97110
99178
97417
99200
99200
99200
99193
99200
95885
99200
99190
99200
99200
99200
99200
99200
97219
99200
99200
95972
99200
96823
99200
96159
99200
99200
99200
99200
99200
99200
99200
95744
99200
99200
99200
99200
96470
99200
99200
99200
99200
99200
99200
99200
99200
99200
99200
99200
99200
99200
99200
99200
99200
99200
99200
99200
99200
99200
99200
99200
99200
99200
99200
99200
99200
99200
99200
99200
99200
99200
99200
99200
99193
99200
99200
99200
99200
99200
99200
99200
99200
99200
99200
99200
99200
99200
99200
99200
99200
99200
99200
99200
99200
99200
99200
99200
99200
99200
99200
99200
99200
99200
99200
99200
99200
99200
99200
99200
99200
99196
99200
99200
99200
99200
99200
99200
99200
99200
95746
99196
95836
95876
99200
99200
99200
99200
99200
99200
99200
99200
99200
99200
99200
99200
99200
99200
99200
99200
99200
99200
99200
99200
99200
99200
99200
99200
99200
99200
99200
99200
99200
99200
99200
99200
99200
99179
99200
99200
99200
99200
99200
99200
99167
99173
99200
99200
99200
96461
99200
99200
99200
99200
99200
99200
96922
98012
99200
98021
99200
99200
99200
99196
99200
99200
99200
94076
93255
99196
95833
99200
97149
94282
92961
99141
94447
96724
99124
99175
96922
95813
96820
96823
99196
93155
99200
94132
93089
99180
93721
96922
96130
99176
95441
93838
99196
99186
95635
99200
99186
99200
99200
96625
96615
94132
96922
94051
97120
96922
96922
97219
99200
97255
93956
92765
97120
97287
99200
96823
97015
97615
96724
94150
99200
94545
97219
96452
97120
92115
93902
96922
97216
94418
97417
93654
97206
99200
99200
96701
90337
91665
94347
87942
94047
91847
93704
91079
92913
92158
93975
93413
92465
96625
92434
96130
96266
91567
94528
94843
96229
93257
93336
94139
94562
93147
94842
94248
93762
96167
96130
91158
96328
99200
99200
94024
91669
86015
82526
93413
91628
89569
89191
91024
96229
83741
92104
95833
94679
90616
87014
89977
85430
90778
92763
93526
96497
94532
91645
89532
88593
91322
96031
80771
87903
86364
92961
91294
89580
99200
99200
99196
95017
97538
97615
96922
92565
99173
96625
99200
95533
97615
97616
96134
97318
96374
89849
97892
97810
94935
97162
94779
99196
97612
97516
95349
97615
97708
99200
96171
97947
99125
97632
97933
89776
99200
99200
96427
99200
96833
99196
99200
99200
99200
99196
99200
99200
99200
99200
99200
99200
96328
99200
99200
99200
99200
95932
99200
99200
99200
99200
99200
99200
99200
99196
99200
99196
99200
99200
99200
99200
99200
99200
99189
99200
99200
99200
99200
99200
99200
99200
99200
99200
99200
99200
99200
99200
99200
99200
99200
99200
99200
99200
99200
99200
99200
99200
99200
99200
99200
99200
99200
99200
99200
99200
99200
99200
99200
99200
99200
95833
96489
95935
96266
99200
93862
99200
97417
99200
99200
96130
99200
99200
99200
99134
99200
99200
99200
96130
99200
99200
95932
99200
99200
99200
99200
99200
96031
99200
99200
95833
99200
96031
99200
99200
95535
99200
99200
99200
99200
99200
99200
99200
99200
99200
99196
99200
99200
99200
99200
99200
99200
99200
99200
99200
99200
99200
99200
99200
99200
99200
99200
99200
99196
99200
99200
96724
99200
99200
99200
99200
99200
96922
99200
99200
99200
99183
99200
99200
99200
99200
99200
99200
99200
99183
99196
99200
99200
99200
99200
99200
99200
99196
97219
99196
99200
99200
99196
99200
99200
99200
99200
99200
99200
99196
99200
99200
99175
99200
99200
99200
99193
99200
99063
99200
99200
99200
99200
99200
99200
99200
99196
99200
99200
99200
99200
99200
99200
99183
99196
99196
99200
99200
99200
99200
99200
99200
99200
99200
99200
99200
99200
99200
97913
99200
99200
99200
99200
99200
99200
99200
99200
99200
97619
99200
97901
99200
99200
99200
97516
97516
99200
99200
95541
99200
99200
97417
97714
99200
97813
99200
99200
99200
99200
99200
99200
97120
99200
98407
99200
99200
96229
96625
99200
96328
99167
96222
99200
99196
99200
95931
99200
96625
99200
99200
96526
93781
99165
96714
97127
99189
94743
99200
99200
96526
93641
99173
99200
99200
95634
99200
99200
96922
99200
99200
87363
90681
88309
88889
86718
89751
86614
90326
88678
89194
92069
91963
92860
92466
94049
86319
90639
90316
88691
87835
90778
88595
87434
88217
90460
90935
87807
91649
86319
93959
88414
90874
85233
93350
99200
99200
99196
99200
88766
95392
97447
95533
99119
96513
97318
95635
97318
95338
97513
97615
94050
99200
92466
94545
97503
96387
93949
99200
99139
94740
99200
97276
99200
99200
95926
96126
91644
97417
94348
93300
99200
99200
96848
93151
93341
93318
88798
93457
92979
92366
92139
93160
89782
87033
90173
94744
91773
92041
92269
94741
97107
95535
92822
96922
96998
94942
94248
91073
91104
90861
84329
95261
92665
88374
96820
90683
99200
99200
99196
96526
96823
96328
96922
96625
96427
96724
96816
99200
99200
96724
99196
99200
97021
96328
96526
96526
99200
99200
96625
96991
96724
96625
99200
96328
96625
96823
94470
96724
99200
96823
99200
96625
99200
99200
99200
99196
99200
96031
98012
97913
99196
98012
97191
98111
98211
99189
99200
98210
99200
98111
98111
98111
97913
98107
99200
99200
94645
99200
99200
99200
98011
96824
98218
97912
99200
95981
98111
98111
99200
99200
99200
99200
99200
99200
99200
99200
99200
99200
99132
99200
99200
99200
99200
99196
99196
99200
99200
99200
99200
99200
99200
99200
99189
99200
99200
99200
99200
99200
99200
99200
99200
99200
99200
99200
99200
99200
99200
99200
99200
99200
99200
99200
99200
99200
99200
99200
99200
99200
99200
99200
99200
99200
99200
99200
99200
99200
99200
99200
99200
99200
99200
99200
99200
99200
99200
99200
99200
99200
99200
99200
99200
99200
99200
99200
99200
99200
99200
99200
99200
99200
99200
99200
99200
99200
99200
99200
99200
99200
99200
99200
99200
99200
99200
99200
99200
99200
99200
99200
99200
99200
99200
99200
99200
99200
99200
99200
99200
99200
99200
99200
99200
99200
99196
99200
99200
99200
99200
99200
99200
95945
95344
99200
99200
99183
99200
99200
99200
99200
99200
99200
99200
99200
99200
99200
99200
99200
99200
99200
99200
99200
99200
99200
99200
99200
99200
99196
99200
99174
99200
99200
99200
99200
99200
99200
99200
99200
99200
99200
99200
99200
99200
99200
99200
99200
99200
99200
99189
99200
99200
99200
99200
99200
99200
99200
99200
99200
99196
99200
99200
99200
99200
99200
99200
99183
99200
99200
99200
99200
99200
99200
99200
99200
99193
99200
99200
99200
99200
99200
99196
99200
99200
99200
99200
99200
99200
99200
99200
99200
99200
99200
99200
99200
99200
99200
99200
99200
99200
99200
99200
99200
99200
99200
99200
99200
99200
99200
99200
99200
99200
99200
99200
97339
99200
99200
99200
99200
99200
99200
99200
99200
99200
99200
99200
99200
99200
96625
99200
99200
99200
99200
99200
99200
99200
99200
99200
99200
99200
99200
99200
99200
99200
99200
99200
99200
99200
99200
99200
99200
99200
99200
99200
99200
99196
99200
99200
99200
99200
99200
99200
99200
99200
99200
99200
99200
99200
99200
99200
99200
99200
99200
99200
99200
99200
99200
99200
99200
99200
99200
99200
99200
99200
99200
99200
99200
99200
99196
99200
99200
99200
99200
97204
99200
99200
99200
99200
99200
99200
99200
99200
99200
99200
99200
99200
99200
97286
98802
99196
99200
99200
99200
97219
96840
99200
97047
96759
99200
