None
None
None
None
None
None
None
None
None
None
None
None
None
None
None
None
None
None
None
None
None
None
None
None
None
None
None
None
None
None
None
None
None
None
None
None
None
None
None
None
None
None
None
None
None
None
None
None
None
None
None
None
None
None
None
None
None
None
None
None
None
None
None
None
None
None
None
0.764299912378192
0.7803809586912394
0.700009586289525
0.8699197322130203
0.7789078913629055
0.726707911118865
0.7343109231442213
0.7983342371881008
0.6445415066555142
0.6851839814335108
0.6410015281289816
0.6658984059467912
0.6928586401045322
0.5735326539725065
0.6180633986368775
0.7140650469809771
0.4384800810366869
0.41178777534514666
0.5292872139252722
0.46034300001338124
0.3598683890886605
0.30180655512958765
0.31240954832173884
0.35372017847839743
0.2641097529558465
0.15763907734071836
0.10556064381671604
0.08923708107431594
-0.029611009238578845
0.038023480476113036
-0.07170961814699695
-0.06373756896937266
-0.12668770871823654
-0.22653336205985397
-0.1163377151824534
-0.08902852714527398
-0.22196479895501398
-0.16277876423555426
-0.1354979673633352
-0.045557831501355395
-0.07326914952136576
-0.11652134788346302
-0.044808132559410296
0.1016724641667679
0.13265607148059644
0.05930191252593886
-0.07653211567958351
0.08838887989986688
0.07852046331390738
-0.014392443903489038
-0.06593936955323443
-0.11538409534841776
0.08181968874123413
-0.012029152363538742
-0.0006624067682423629
0.032618667610222474
-0.02020027907565236
-0.11311467638006434
-0.15500675817020237
-0.036596815480152145
-0.20137331559089944
-0.18161464773584157
-0.11934846679287148
-0.06958296353695914
-0.1522933669621125
-0.0966843467176659
-0.06819493686271016
-0.08102916780626401
0.0866811687592417
-0.07467015169095248
-0.17244694854161935
0.08559655067074345
-0.19478532258654013
-0.19364620983833447
-0.0004973681643605232
-0.1364070778072346
-0.16089923712206655
-0.1903417482972145
-0.13919878825981868
-0.12847102814703248
0.017460631926951464
-0.1288990190369077
-0.0015773285122122616
-0.11959218169795349
-0.026682257797801867
0.19179710411526685
-0.03687743037880864
-0.02359620318748057
-0.08973496083308419
-0.2684276852523908
-0.06846593819500413
-0.15648720000172034
-0.18854218305204995
-0.20791279285913333
-0.20754610092262737
-0.24954712175531313
-0.18800620693946257
-0.14343222265597433
-0.09657445107586682
-0.02374854838126339
-0.12778208708186867
-0.12117186246905476
-0.13462765359145124
-0.07637930611963384
-0.13834695261903107
-0.1809916344936937
-0.08452159253647551
-0.15703503242548322
-0.17901102512405487
-0.1292790663719643
-0.15077082155039534
-0.06717559660319239
-0.31612789491191506
-0.16258928208844736
-0.18475750903598964
-0.207471419490048
-0.12636222841683775
-0.14115011724061333
-0.14037777451449074
-0.23843823571223766
-0.24518320889910683
-0.14743945165537298
-0.1273045775888022
-0.1673224859405309
-0.23005329864099622
-0.1711090899480041
-0.17118408111855388
-0.1401716707041487
-0.16819206178115564
-0.14692778085009195
-0.10128086502663791
-0.13119996571913362
-0.2089434493391309
-0.14736410236218944
-0.1399806662229821
-0.21549388644780265
-0.17322902061278
-0.10300014703534544
-0.11469629642306245
-0.28318293776828796
-0.320256054517813
-0.2688706258777529
-0.3248091205896344
-0.2816683174460195
-0.2035599045921117
-0.21255843865219504
-0.12199783770483918
-0.051094758138788166
-0.22482158744242042
-0.22716136631788686
-0.24759376986912685
-0.24752230779267848
-0.03271181814488955
-0.20100579358404502
-0.11285327828954905
-0.2313495660200715
-0.1039237901713932
-0.11272784892935306
-0.17310114095016615
-0.2588462111307308
-0.4207817194983363
-0.30741743999533355
-0.21494264283228404
-0.08093108708271757
-0.23480502801248804
-0.11405757028842345
0.0005986138294247212
-0.2598268006258877
-0.27836920533445664
-0.230790913105011
-0.3668386120116338
-0.2776815351098776
-0.3653570576570928
-0.24749011895619333
-0.14161686264560558
-0.09218656353186816
-0.006718045966408681
-0.03958570599934319
0.0626345848722849
-0.12375556118786335
-0.25487315910868347
-0.31638089194893837
-0.23971116554457694
-0.35548987542279065
-0.2639340825844556
-0.2837821419816464
-0.21967264117847662
-0.2595626274123788
-0.10188838075555395
-0.05865527740570542
-0.20827033737441525
-0.17963308712933213
-0.14281467557884753
-0.2102038738084957
-0.07616512589447666
-0.15732437698170543
-0.31036232845508493
-0.4213804100872949
-0.42127135628834367
-0.43008215859299526
-0.36634479044005275
-0.3484201192331966
-0.3344936561770737
-0.13629451784072444
-0.2501694575184956
-0.17136106884572655
-0.3014057050459087
-0.022938741763937287
0.028347126120934263
-0.2237377589335665
-0.1965954668703489
-0.3013553377240896
-0.19766401418019086
-0.27730299765244126
-0.36366097163408995
-0.2722833037842065
-0.29202016023918986
-0.3093517175875604
-0.1699899048981024
-0.13307381040067412
-0.13676308530557435
-0.2995027136639692
-0.3249530636239797
-0.18341733032139018
-0.38728577869187575
-0.2644647565903142
-0.34118531562853605
-0.29967279080301523
-0.25403342367371806
-0.30034623627580004
-0.24968533491482958
-0.018857216116884956
-0.19801321165869012
-0.18080582164111547
-0.2693844289788103
-0.27366660369443707
-0.19432874344056472
-0.33700965042226017
-0.3460554713383317
-0.2152364681387553
-0.4403857160359621
-0.4932841444388032
-0.12606744936783798
-0.421239184361184
-0.2980104315793142
-0.23606023116735741
-0.30506218830123544
-0.12290137121453881
-0.06814248637965648
-0.2738769290881464
-0.28696790093090385
-0.18199166681733914
-0.4594465614063665
-0.30976648371870397
-0.2240163890819531
-0.17246944873477332
-0.39089669380337
-0.1987201472511515
-0.327042322140187
-0.17190232843677222
-0.28904754406539723
-0.21295598582946695
-0.1886746099917218
-0.3982224720530212
-0.17340420531400014
-0.414214674365212
-0.4221331930020824
-0.39169997919816524
-0.13646711461478844
-0.18311644333880395
-0.26811746624298394
-0.281170150032267
-0.14313873989885906
-0.24489691737107933
-0.12277647235896438
-0.15817590354708955
-0.2997622741095256
-0.24818565968234907
-0.35040982559439726
-0.30983127403305843
-0.3315873248502612
-0.2993187410174869
-0.32399353734217584
-0.24588180502178147
-0.16460266614012653
-0.21223984361859038
-0.19931098871165887
-0.1789192672003992
-0.3639931045472622
-0.25171220442280173
-0.3488943348056637
-0.08314420256647281
-0.15001895191380754
-0.1234911331848707
-0.28773980753612705
-0.18451974960044026
-0.4997738595120609
-0.362446706276387
-0.26778368873056024
-0.22366925701498985
-0.30324684374500066
-0.3521569255972281
-0.33905344922095537
-0.25180417057708837
-0.18569547074730508
-0.22720500931609422
-0.21721478132531047
-0.2897130328346975
-0.24955474089074414
-0.49779879534617066
-0.23993758001597598
-0.2740827347151935
-0.2564729374134913
-0.3311331239528954
-0.13844327512197196
-0.2919663756038062
-0.29038867726922035
-0.19607926852768287
-0.5280941054224968
-0.3958303979597986
-0.39772801264189184
-0.07799000886461727
-0.17916030160631635
-0.2672157777415123
-0.6079020043835044
-0.1210648432461312
-0.30369493714533746
-0.2535670298966579
-0.4604686419479549
-0.2716794345760718
-0.2282239114792901
-0.3081056650262326
-0.27690290473401546
-0.24240653379820287
-0.19264764920808375
-0.358240495872451
-0.17583621625090018
-0.2509237192571163
-0.4682441335171461
-0.48829851066693664
-0.27678495127838687
-0.15388092282228172
-0.4769324129447341
-0.34132038289681077
-0.24603578915412072
-0.4135121221188456
-0.2733474303386174
0.041259535268181935
-0.1773599080479471
-0.22045834048185498
-0.21129868656862527
-0.35324494738597423
-0.36889968419563957
-0.2461194561474258
-0.25007968314457685
-0.47095886897295713
-0.5629527606070042
-0.35743450339941774
-0.48033851594664156
-0.34040440688841045
-0.20616366123431362
-0.27416622859891504
-0.23006556753534824
-0.33679138869047165
-0.35067781270481646
-0.3151320095639676
-0.16835975972935557
-0.5188896916806698
-0.28523681429214776
-0.27971714944578707
-0.4775831154547632
-0.43416630127467215
-0.3304873304441571
-0.2502550887875259
-0.3311346061527729
-0.443776233762037
-0.3291032128036022
-0.41394091257825494
-0.18002466291363817
-0.38674292730866
-0.37717320141382515
-0.30890885737608187
-0.25720945763168857
-0.10645044020293426
-0.44705135720869293
-0.2987009078497067
-0.19658563230041182
-0.4001122086774558
-0.310306550207315
-0.3852049952256493
-0.46576735423877835
-0.4232396080624312
-0.2379507786827162
-0.20275312459853012
-0.3090876832138747
-0.25317259701841976
-0.29526240174891427
-0.22326477017486468
-0.18257444695336744
-0.25022433005506173
-0.2933599875541404
-0.0956723743584007
-0.3752775296161417
-0.18765957062714733
-0.12369183174450882
-0.3677678830572404
-0.08998622876242734
-0.31815147190354764
-0.43139222473837435
-0.2689416070643347
-0.34186887880787253
-0.26283711777068675
-0.26154815778136253
-0.38985076085009496
-0.28826379938982427
-0.3486470452262438
-0.13864600349916145
-0.24961303478630725
-0.44732240444864146
-0.45059961941296933
-0.18203008400450926
-0.5040217749774456
-0.43437045020982623
-0.11992660345276818
-0.17676784901414067
-0.14328009786549956
0.07736772835778538
-0.22054941891110502
-0.2801988397259265
-0.15032646694453433
-0.31305587966926396
-0.47990689193829894
-0.3253118409484159
-0.5232022562995553
-0.2057171177584678
-0.1483151695865672
-0.20347292604856193
0.00814113907290448
-0.08225619862787426
-0.1395565912098391
-0.08622258109971881
-0.006073519354686141
-0.30144978826865554
-0.3262123752210755
-0.5861598993651569
-0.3536619952210458
-0.40455470845336094
-0.32415985071565956
-0.22103350143879652
-0.5600538823055103
-0.23401139114866965
-0.1624475055723451
-0.19943822649656795
-0.03202000664896332
-0.22491720628750045
-0.2549836249090731
-0.4319177634315565
-0.20761813088029157
-0.23920717486180365
-0.2941758382075932
-0.1067508967971662
-0.26589305616289494
-0.20097959497070406
-0.24576178466668352
-0.16693327948451042
-0.14333187160082161
-0.1764810488675721
-0.22643836785573512
-0.11918144812443643
-0.04562803209410049
-0.12077887417399324
-0.30408486316446215
-0.011556056517292745
-0.28003191523021087
-0.4571500649472
-0.14523150140303187
-0.06850026827305555
-0.19132062752032652
-0.3649744725553319
-0.26852909894660115
-0.277080574829597
-0.22693544664070942
-0.12058024026919156
-0.36984226456843317
-0.15754247762379237
-0.32298008096404374
-0.4246116483845981
-0.38979561399901286
-0.4159676813869737
-0.2955110924667679
-0.277472582354676
-0.16762453794945031
-0.25983410218032077
-0.2531397978309542
-0.28509604634018615
-0.12684804513628478
-0.14106434158748016
-0.13723480695625767
-0.3089446044177748
-0.16099016682710499
-0.3072860746178776
-0.12249724398134276
-0.2837481074875541
-0.25140923564322293
-0.21533017582260072
-0.15618635795544833
-0.14805635949596763
-0.03822880907864601
-0.15894672472495586
-0.10827408816476236
-0.2368798137176782
-0.22433188935974613
-0.36635924776783213
-0.2627755561261438
-0.14344285732659046
-0.3450723472633399
-0.27759032550966367
-0.09395905025303364
-0.18407923041377217
-0.05361411377089098
-0.15203043541987427
-0.01616619832930155
-0.24062440660782158
-0.3475560568040237
-0.17162279121112078
-0.4675400531850755
-0.19887584322714247
-0.2552484783809632
-0.23009769921191037
-0.0381275753461523
-0.11070530506549403
-0.20407672080909833
-0.045009465582552366
-0.21134677912050392
-0.2969153772573918
-0.15578213310800493
-0.4640421976801008
-0.5022181128151715
-0.4882974224165082
-0.4316953762900084
-0.33440970990341157
-0.15102915541501716
-0.07084132685486111
-0.32073591668813606
-0.1528864205465652
-0.08896934638323728
-0.07444800330267753
0.013969233550596982
-0.1897548385313712
-0.12031625566305593
-0.29515595504199155
-0.15571613352744862
-0.09995545377023518
-0.1752370037138462
-0.1732726963236928
-0.09581455585430376
-0.25876479895669036
-0.014477266864560079
-0.03371834970312193
-0.23469621628828463
-0.10922434819804039
-0.2327901746466523
-0.2852020061109215
-0.18112083309097216
-0.16993158112745732
0.035240984929259866
-0.02758201220422052
-0.025263014182201005
-0.049595839460380375
-0.21269554007994884
-0.23478526837425306
-0.2087654033966828
-0.269410997396335
-0.1038679873890942
-0.1719413718674332
-0.1271517655113712
-0.0043100709954160266
-0.18790061317849904
-0.06953158404212445
-0.1581992726860335
-0.10325534522417001
-0.11061465018428862
-0.05818438489222899
-0.2037219529011054
-0.09918283499428071
-0.11725646125887579
-0.18422982675838284
-0.08491989748290507
-0.13203297330437636
-0.14559514331631362
-0.20125920433201827
-0.12132130566533306
-0.19885917409555987
-0.1431293513505807
-0.06365433437167667
-0.16817294170323294
-0.12109705616239808
-0.0446734125725925
-0.06732924778771121
-0.18449302024237113
-0.16119834456185345
-0.24307891633361578
-0.321895343484357
-0.15408043541538063
-0.11669750011060387
0.0938266504308558
0.08030780607805355
0.08514114333956968
0.06575609385618009
-0.031610087484295946
-0.17951943029038375
-0.4117131575476378
-0.30878551048226655
-0.09910198874786147
-0.1895569873304339
-0.17594872316112742
-0.15295896620955318
0.016267908584268298
-0.052245576422137674
-0.04200918989954516
0.0027229767647440895
-0.23129397619049996
-0.31748205587791745
-0.10163339902283042
-0.17453640184248798
-0.17940066495793872
-0.01846938077324012
-0.08573876721675333
-0.06226631961908424
-0.22458382009062916
-0.06549962930148467
-0.3093447418650612
-0.16745223420730326
-0.11742819199571386
-0.1549246056820266
0.009434303883608663
-0.15985589401680045
0.017173315107356757
-0.05256483429457148
-0.11336005048724473
-0.18019985931459814
-0.23177612014114857
-0.22630352072883397
-0.18615745223360136
-0.12992171506630257
0.05533293657936156
-0.05571354345011059
0.0400978898833273
-0.06147905386751518
-0.11036696549854241
-0.2347868836368434
-0.20132235865457915
-0.32007335568778217
-0.25792769552208483
-0.22060746798524633
-0.16467504204047145
-0.034135850677557755
0.09540371410548687
0.07261317697702907
-0.012873197381850332
-0.128455504654994
-0.13256320248365228
-0.11385782627621666
-0.17363999344524927
-0.07902894327708054
-0.12629033256416733
-0.12982076920798136
-0.1203006191062741
0.0022295143025985453
-0.268625994969625
-0.12553024679073133
-0.1214793907420244
-0.12629308276518714
-0.10833258973434567
0.050608499463123735
-0.1571595692075789
-0.11034606408065883
-0.0894080232756096
0.01586467254674062
-0.17424681124975905
-0.20550341477792244
-0.04698653957620991
-0.14092864928534254
-0.043889246982871555
-0.07582499529235065
-0.24395065996213816
-0.09010170024703257
-0.1123810576100368
-0.10220563984330511
-0.0821161059793667
-0.13619740374269895
-0.1461200230733084
-0.010157269076444209
-0.05190111156844068
-0.0390477380988159
-0.016296204754326027
-0.20662682270631194
-0.14227276263409294
-0.184178855153732
-0.2835881020873785
-0.05851785303093493
-0.03704051347449422
-0.058144354523392394
-0.12464482258656062
-0.11782920977566391
-0.1863595160539262
-0.18867925787344575
-0.18207999679725617
-0.05558320547970652
-0.018028060731012374
0.05734259616656345
-0.07471073616761714
0.010356675120419823
-0.15377716487273574
-0.21133853739956976
-0.2791848863407722
-0.1632254726428073
-0.17702372855274007
-0.02340422253109864
0.019254587474279106
-0.020579358664690517
-0.06874814538059582
-0.02546712468029
-0.20454002829501405
-0.30262810792191885
-0.13808985706418753
-0.20179901749361306
-0.2749888140242547
0.03541215888981242
0.05553388817497762
0.06850824085995555
0.066660742744034
-0.11277780259297288
0.013835309408023022
-0.2095063376473263
-0.3144455999135971
-0.20737606019247323
-0.2028163632749056
-0.24707534187473357
-0.04419341084212647
0.016134913050336763
-0.059489688952453434
0.04121975792804733
-0.03732467881491175
-0.22227720980299637
-0.11880167631898075
-0.1656422486412339
-0.1852835927857086
-0.0640324894193327
-0.08103634533472359
-0.030461564056167845
0.003409564553294331
-0.15841834885941353
-0.2454679444199428
-0.2750245418283157
-0.18764002399984747
-0.2250949908629991
-0.1017143104254501
-0.06065933359786868
-0.06384563245228492
-0.07869987649610266
-0.0439954042667523
-0.20631273349863477
-0.15100587345659733
-0.142537415784318
-0.23456914147391217
-0.005122815739014186
-0.07193937418458063
-0.13521876631421037
-0.21858273807447404
-0.14177613123320043
-0.004804185446118936
-0.14038563199574128
-0.0563834079366643
-0.02086274181783665
-0.08050364979862934
-0.17840798021643423
-0.13464794272294967
-0.11651893861267126
-0.19809160115391933
-0.21837463058272988
-0.1090309396640805
-0.13623657228890806
0.11607808474218473
0.0329725977499038
0.056419799402647186
-0.07903342501958832
-0.036821757536017685
-0.31330049570533447
-0.25915554095990956
-0.2648178443778306
-0.07943267197697423
-0.07999679755448597
0.04693146290810546
0.02755465837981319
-0.003865827471599914
0.016232709072937723
-0.04419096020865254
-0.11723962702671997
-0.11873667413601652
-0.18653545345296152
-0.2247592995990999
-0.04641743510728702
-0.0218840702414127
0.02179313545639161
-0.07312983359588543
-0.16242133249761537
-0.11032644724400598
-0.19666575673909392
-0.2964007864356972
0.0013187953027227195
-0.05113912560409517
0.013737183711782563
-0.04160982839312055
-0.1297959676003302
-0.1831545211316552
-0.2894090198315098
-0.05511719913192792
-0.030525603116984712
-0.07786981524259318
-0.0931570576390186
-0.23252245294861495
-0.08249957307270961
-0.03393510502974095
-0.02145802666200325
-0.07570601484985673
-0.14953374152537435
-0.2243595337640727
-0.08009523224200166
-0.16739875882922206
-0.033281838867424085
0.01896921453953837
-0.15232028949731102
-0.10351573889784049
-0.08025097905647272
-0.058007253566756845
0.010624354734318331
-0.09205000690417364
-0.08312106085941195
-0.1519313936769322
-0.07239813146588858
-0.035613298106
-0.031072617079189513
-0.12535590164770838
-0.11247023441046622
-0.15383621300861705
-0.08488462057266588
-0.037094134704602766
0.028536307378089987
-0.028328062275249977
0.012094114208593965
-0.17476452776463702
-0.07646475420915522
-0.0961264809484419
-0.09323173202574253
0.014668620038719382
-0.0955074752564542
0.03242258063892223
-0.06108055144432001
-0.11834208163782023
-0.14545020987134194
-0.01688029865908902
-0.01677374236169271
-0.007543387560872361
-0.13672583332208887
-0.08353899805661058
-0.006573563288839068
-0.08572907152120024
-0.091323173022829
-0.04310864562285133
-0.03796992541174404
-0.03703455162758473
0.0013124776669428684
-0.12825348019396188
-0.1340197345271008
-0.10637922244495712
-0.07506455198745243
-0.06799384929763619
0.010792667053465266
-0.1193611732305726
-0.09050518767617177
-0.10843562592526723
-0.002451031624332245
-0.10367879296245519
-0.027565377724386053
0.04569943901151419
-0.11528266209643334
-0.09942491818219423
-0.13188103144057095
-0.03144329286442371
-0.09159970982000232
0.02166862235753797
-0.012849511113017797
0.06415569783302999
-0.051299869795911945
-0.0992737144115381
-0.12726555491099134
-0.14212803277769126
-0.13194544916041195
0.024411484162556008
-0.00535801169462502
-0.012491210916778073
-0.05290061412961222
-0.04496692591783358
-0.17468732428824296
-0.20739295426756144
-0.18132355538546108
-0.1469161474815337
-0.05542000798322988
0.08151632356020855
0.13411370330140926
0.07132896078110207
0.10731733668944798
0.004078267200384289
-0.17012315487954766
-0.1541105768410489
-0.16804051916733442
-0.10692739795194939
-0.07421702134888619
-0.0651801457424881
0.0697471376042813
-0.025086875866691116
0.06665067410176562
-0.005513247393537313
-0.06310965778538957
-0.09635315736704797
-0.11394861969165504
-0.08070913738629315
-0.03830521738200332
-0.02174832964374218
0.010477654373971745
-0.047116444606217556
-0.04989887980627827
-0.06559743033722043
-0.0810811771225417
0.007425726475048577
-0.031202376674627885
0.013370394328376278
-0.06565816461807117
-0.07939233696379233
-0.17086082897822052
-0.13985223254712764
-0.09396073338575661
-0.049754206149373204
0.15693872166593792
0.11637424313084921
0.18427693686680868
0.1864182254357729
0.16210355056682602
-0.00036962480226065964
-0.11071678926236928
-0.14100710314232856
-0.16829678206704557
-0.15953491078107618
-0.0715901333533111
0.04587218529195525
0.0341656549135223
0.01790286610776093
-0.06723500625230372
-0.015965030455845408
-0.13110830482037272
-0.13128917647554772
-0.09958323857426876
-0.0731800079374807
-0.0779403753549559
0.06718806074786698
0.1813008139070007
0.2121516203333158
0.19923905265750363
0.12413209007354453
0.05844787388923578
-0.10448514383460861
-0.090636380831711
-0.15383505270438036
-0.15323747566435486
-0.10938863444607705
-0.036794551444472745
0.09913166292244568
0.06482611197861843
0.052697415405418724
-0.0013975616166135296
-0.08160120228421874
-0.020265908977307845
-0.1266736453253543
-0.13135328484349884
-0.025801812626013998
-0.04426918154786108
-0.029689795686863363
-0.006124583771452308
-0.006821532086178195
-0.02456233745760983
-0.11533238786796574
-0.16639358887914568
-0.18315550380793866
-0.035164505265129264
-0.05660983871712233
0.008427742752246559
0.0420750518078421
0.016395576800277922
0.028232762328116223
-0.0645232093447703
-0.10624025929428171
-0.10757405175900203
-0.13744056556606665
-0.07676688335777726
0.049378524970961735
0.11286226287484169
0.0376798299694201
0.11243911046040012
0.03890734141896246
-0.08783845123298306
-0.05932473414577544
-0.12046068246127106
-0.12042538893365418
-0.07604057720163837
-0.005276291354675777
0.04963657047483139
0.03638492994650733
-0.0032169399528356735
-0.09045964597316924
-0.1712755210355681
-0.08812245260924101
-0.033026265184162185
-0.028277676188736223
-0.048725748572906014
-0.03437724531750064
-0.002757686081167776
-0.048404152496004826
-0.04490383365191519
-0.067433342008826
-0.03182700961406226
-0.05034227362193633
0.008518358567016548
-0.09134608161548385
-0.06748773119761609
-0.07175386081507895
-0.01891521117067896
-0.017247178431716748
-0.09496252775898029
-0.020310493098804727
-0.0971286993008107
-0.016524216334801167
-0.026952486543450505
-0.10386235850455705
-0.062007920525502414
-0.03197938669472933
-0.09807443332101684
0.02163580416208788
-0.02151383190357592
-0.07681347912875935
0.016038232133723795
-0.11322848044801503
-0.0784152511114371
-0.08071884018136188
-0.03500090244051535
0.0564216335042147
-0.03488112073864613
-0.07951754186069593
-0.09979918072349392
-0.09490214623656357
-0.03922332794536487
0.06414610784850083
0.030544100678525865
-0.024647060698043788
-0.06333585421089083
-0.12143602097421535
-0.18629597885592375
-0.18877027178768913
-0.055622093845158815
0.08169190148510097
0.018989746167790145
-0.06632692049606703
0.02451276280771708
-0.06180842820322141
-0.01622833446435834
-0.084412926225923
-0.09870818859781139
-0.07950144601636566
-0.025919570616679266
-0.03801550839853007
-0.014005975255713565
-0.13647678261622787
-0.0331371868160204
-0.1007712997670751
-0.09665619899169542
-0.05023637681733817
0.009115350665524602
0.09158633312472375
-0.03398765668680426
-0.01442558318740339
-0.11658287873797235
-0.23973698330519255
-0.101537251874106
-0.11905963649041951
-0.08220517757581547
0.04527377773774788
0.09548976535734255
0.1663800641981652
0.053866520630435843
0.0021348554946598597
-0.03865210981166456
-0.07960873969568638
-0.18750195269240066
-0.13301698935538298
-0.04794556700926478
0.023128398242988624
0.03823942257440649
0.014490153029328212
-0.06764236144954339
-0.1856347173161339
-0.13656045636162162
-0.08647219333215617
-0.052047999430214986
-0.004994192684534937
-0.011536719241121318
-0.02366519127099309
-0.10306231142749311
-0.045543097221525386
-0.046191923509468324
-0.016032219187763985
-0.17750272920238785
-0.08098867256194353
-0.016530722215975402
-0.020331039821030572
-0.03587338889337843
-0.022241787172788463
-0.0894445718076895
-0.11603021343398723
-0.03266235356568359
-0.03022898529889062
-0.0340207401313819
-0.02179234854702372
-0.07597905738589361
-0.09516120633816172
-0.10700892776367255
-0.03987851100600892
0.02563492582703475
0.034704517223872244
0.009041156532475725
-0.031186722044367343
-0.1558775537996553
-0.12577832033275627
-0.18365274943062104
-0.06093045332090696
-0.0001765706983860582
-0.01924772301572375
-0.028442284665288753
-0.038189659237104934
-0.08498657491873018
-0.11975910716864746
-0.0941299349651672
-0.10765723430449725
-0.06694606351811672
-0.008922794608224649
0.056149303636630066
0.05333972501102835
-0.09371259455474501
-0.03037709148338763
-0.06966469130202313
-0.1222634463410941
-0.16691125216311775
-0.07419551075872732
0.010463119055202696
-0.05692921014269814
0.022159873937198427
0.05807356897275895
-0.003573255636183603
-0.11050559842624352
-0.14677521922567394
-0.10871276566467714
-0.08323392996680923
-0.06081690384235117
0.013489736858446122
0.04028672406275291
-0.009925347156240605
-0.11594058641640004
-0.21160191533272155
-0.16796350774711755
-0.12850630533648655
0.05303592645577737
0.03699466946272878
0.018365562587405293
0.028624168669921346
-0.06468085833330406
-0.03690580738475546
-0.22176544507965446
-0.16682801843853667
-0.16227914972114377
-0.10103207459906116
-0.002539198549129651
0.09562881672536605
0.1489014341350412
0.034506585012422875
-0.05106346088450664
-0.16476863813295495
-0.1176563868066296
-0.15586329507641494
-0.07826821920752991
-0.03190359221480321
0.0029328705422813073
0.032932658643403556
-0.09040743125206063
-0.08482152617943939
-0.06213140708132414
-0.20792725158389658
-0.05524991842685267
-0.046272120758658275
-0.051951980334706604
0.06599961458414327
0.03781118411279749
-0.029474623821442947
-0.14100418084854027
-0.16919454582966864
-0.1029737260469119
-0.1594363728654571
0.005360370661946945
0.03124007792212069
-0.04702151543824584
-0.009873171744402498
-0.05352151613624301
-0.20288517023436725
-0.049185681593371555
-0.08158740657381713
-0.030556244964827783
-0.021975362062221393
-0.0863838066579774
-0.035194589814636856
-0.08257298165699467
-0.06802194088231772
-0.08955287042772397
-0.03264094973565079
-0.155065060389461
-0.03292079200036824
0.02295287064043805
-0.01652607497817371
-0.14306968281744048
-0.08746872417395934
-0.09122531754837837
-0.06954748950374778
-0.027908470921829576
-0.029475763163645752
-0.042485551093705
-0.008327754760102835
-0.16740951631800272
-0.0919798004324548
-0.15787043774980702
-0.1135385614761617
-0.10064957640543071
0.08020384417613968
0.15271189919440076
0.2020963467657566
0.10544928193303349
0.07820917991921306
0.047006108869936725
-0.18512010970152915
-0.2375776810440584
-0.19413053269363445
-0.10934282196103595
-0.12366097423739575
-0.04022591250395635
0.004485419231059495
0.04033147115842439
-0.002180916956604051
-0.0526278076285962
-0.10291516106372
-0.1837287436137558
-0.16816585160268005
-0.09850165000534616
-0.0008671113464515656
0.03360467166930903
0.004552331047307234
-0.04399176649894798
-0.12162893990171142
-0.08796040233573876
-0.013440990936942399
-0.10974831273051677
-0.028711777275020722
-0.09428859829858993
-0.014070080069359392
0.011024450184777379
-0.03375760589551646
-0.11201776126745244
-0.18115657377347816
0.00786263401460019
-0.07239089690847322
-0.02159968196792761
-0.1049918900243938
-0.09921996484627016
-0.02561399278056342
0.09560705558396876
0.008775451184192207
-0.03997635292762425
-0.05925865662175056
-0.0672886120446492
-0.25237625566660427
-0.012544446581159718
-0.04725707723082451
-0.008975242486485513
0.003810310154221952
-0.09161458547896473
-0.061099557191482745
-0.09233843727270141
-0.1143242457183078
-0.06046394079749007
0.03454394308391784
0.008294183149700984
0.013285486842505634
-0.014245415686673368
-0.23836775979725644
-0.15427460147475358
-0.1625534647027962
-0.14965039640082978
0.0010531172795253951
-0.09449640197635745
0.07002876795013435
0.1263794239857816
0.03754313476383686
0.047110901010455564
0.0008295140250993427
-0.14643277144932654
-0.28820558245206485
-0.1818232371006161
-0.12166850263020024
-0.0853098311345093
0.058556008894811384
0.10903715068707243
0.07976657821564004
0.07237003528280184
-0.03157782624475658
-0.09749125785310753
-0.19013336929492652
-0.16131720695557306
-0.09580239358365361
-0.1061415343428962
0.0777245017234236
0.09163690521381795
0.13293273985618725
0.0012821717622273354
0.049740577072952874
-0.07670897561183665
-0.061981783825103776
-0.1087705083336914
-0.1636701724419254
-0.03398054852732457
-0.05643409144249745
0.12367075370275415
0.1253902439493686
0.12149230390787125
0.06539038055052515
-0.06278626329731196
-0.1410497840552125
-0.18304054357577115
-0.19328965805470943
-0.13864865187770192
-0.1577744860369421
-0.03099870801815996
0.0569509343476966
0.07415092938754242
-0.0028789180505555123
-0.08287390001351014
-0.07937939554540208
-0.05347441397316288
-0.024992370941617992
-0.18475142773240805
-0.08720430667017354
0.06332973076496273
-0.017900706152431667
-0.029823737786500715
-0.06421245146339061
-0.08176809408178087
-0.16350494528887793
-0.07328429064364173
-0.05662884586126893
0.02192267752252519
0.01815843860458699
-0.06546456828073133
-0.35627762763760984
0.044792795213652425
-0.0843861852927148
-0.09553158536436968
0.020959047426003963
-0.1399511820054613
0.08895212408242514
0.07046919949061703
0.07382787999813445
-0.024658313443069346
-0.12999475667493243
-0.08191012121096719
-0.05133969658527349
-0.01924126536323456
0.01752644672524184
-0.0163033890130464
-0.11519548820797354
-0.18945898188394494
-0.011783235897382838
-0.06057290220633149
0.025019115913892165
0.030065226834267378
0.04165535427455325
-0.0732675466206274
-0.04494567737856414
-0.008268115045211744
-0.12269564581220038
-0.07093948335386813
-0.10998250431657652
-0.006661300125415437
0.05063846693428786
0.015716317429905757
-0.010891211357375141
-0.08687152609491022
-0.09910447621882668
-0.049928610136703355
-0.0039970828029254335
-0.017179573987959884
-0.018476762910722755
-0.023345295754552353
-0.05259927888982929
-0.1449838841726887
-0.13772736892860848
-0.07046446100684989
0.0677687373245135
0.09386010172602255
0.05414242661208846
0.05979930196190253
0.019413544967392227
-0.10274355277579161
-0.12762982939602807
-0.1645876976690488
-0.1424349095323123
0.028540189363411628
0.016164280139491893
-0.008792695080046542
0.007748171061393805
-0.029907607600762276
-0.022638166235992685
-0.059877964817133034
-0.030049272027099505
-0.08346827594868955
-0.0144255725772382
0.0964238474261947
-0.02603416607598774
0.005305353784933686
-0.06696627457858995
-0.04765140005656576
0.03619553510725382
0.010393798637096552
-0.0976948792613257
-0.09130687272408977
-0.023872416866652202
0.008044071364565752
0.02371855113597121
-0.01796456989541184
-0.06446947828408156
-0.16126756333972025
0.008378811834518274
-0.23283522497513331
-0.10139498826174531
-0.008729213444894413
0.036761371353350114
0.04948477543803165
0.0030236435057275912
-0.06812855755561031
-0.11295854263880756
0.01333691299714701
-0.05166733691294212
-0.06392895749013405
-0.008049801690503955
-0.07123106355197706
0.025176925395498984
0.02009791388991289
-0.06367700148985023
-0.03600457803986501
-0.07178073772229254
-0.01714932336471975
-0.021617555768898455
0.04798863326141145
0.0701010288676116
-0.04434513206797419
-0.11281897439039312
-0.10484133459976874
-0.060730779379809974
0.003865125385345891
0.019865363407006953
0.05093690015200991
0.02100313077426108
-0.03799725355747796
-0.029271826399508427
-0.05737712991867738
-0.03200910276063951
0.030555453049601056
0.01958037685471936
-0.013390166088356636
-0.0367160911555402
-0.04620236154198665
-0.01797754744620761
-0.050469337205868214
-0.005832969884068007
-0.06481672245718073
0.0749039380607428
0.046464076007396216
0.02889026447519427
0.08959850116661983
-0.051504176037269644
-0.06616399210179225
-0.034829318305128254
-0.003605967853218317
-0.010555039969176505
-0.04640172567451373
-0.020776971236045938
-0.015059034623845946
0.12679115153150633
-0.005261867889203131
-0.041487480455543846
-0.016302110838296358
0.002602363803816843
-0.05227062278345329
-0.11638865563145373
-0.08842107775853947
-0.015556035010376945
0.025013869766553398
0.1266226546576945
0.0716646980290534
0.10807842808935675
-0.05197270516509889
-0.027169016655534506
-0.09289045632613124
-0.01556584850186482
-0.06482887559832307
-0.010156809657928534
-0.027160832993104123
-0.0015902897794148885
0.004598162915499415
0.04992883628437994
0.021185060555581003
-0.0706650833162712
-0.11060008922504494
-0.11639988870592788
-0.0412060767703224
0.0695401786470029
0.10233579133091553
0.08886755674666347
0.02393489763562684
-0.072686395898927
-0.13442772871349007
-0.0985373244220682
-0.06394598342922109
0.009560717924614437
-0.006093054558732547
0.12792303745663958
0.055311359210463706
0.014860787028737832
-0.026035927923658164
-0.1360701248922851
-0.12883405480533838
-0.12114523752825335
-0.06906815577531233
-0.02377223432995379
0.0385586692718789
0.09316361268429318
0.10267796072002966
0.09671554339001887
0.01754385022286442
-0.10545945745252538
-0.07647605864985962
-0.0682545530180505
-0.1406636451574741
0.015336897573433816
0.010124900160917605
-0.013610822497867048
0.04747266258345917
0.04579406833363464
-0.06576172250788659
-0.06313072574539547
-0.044935473672921944
0.007443877948389854
0.005333020320904325
-0.04980454425094649
-0.04244960727010039
-0.04422294022515416
0.012350130073173204
0.08150171347369906
0.03332291099286522
-0.012304819672863232
-0.1114947092573857
-0.1032307222194504
-0.1682867662748322
-0.0567019670506852
0.006048012057362939
0.007153975238907151
0.01892855997721199
0.02925880302063888
-0.10963109471776988
-0.15586366495699622
-0.13696908834390342
-0.07883123321516905
0.03338390060525853
0.07401933618166368
0.0809004765287682
0.05828851499973098
0.03881316978367977
-0.09784893179858045
-0.1465531107969582
-0.13779128063470125
-0.09768674231600016
-0.08734721568180248
0.014788649772526696
0.015810732322279364
0.04150325572118163
0.021567129544564523
-0.03527868968376424
-0.06991623137218994
-0.07964421857832349
-0.014206239698978607
-0.026820773081453808
0.07096369785722345
0.033668955438770354
-0.008315902856338653
-0.03902689547976479
-0.047443028539419174
-0.07448138215113431
0.014994646123113853
-0.04423093564764713
-0.019564961294236127
0.01133483850844641
-0.0794106459197792
0.0019483578071231022
-0.04538712253270205
-0.03537639624119038
-0.015603432315401733
0.03674167054350619
-0.015480158755963203
-0.0017374138851664611
-0.043197406848776154
-0.02013301917759236
-0.13205776482936926
-0.06338019583199639
-0.07835456488101045
0.043622894256259315
0.06002237335633254
0.08650493392269709
0.05106107996107312
-0.05766048698569648
-0.06442583321404527
-0.05208591791415529
-0.03252504851843696
0.040201113901275676
0.07199539378780173
0.021289282020006794
-0.03531009079597425
-0.0201186094127479
-0.09407772331178421
-0.1098911012231838
-0.10823429161246167
-0.09657561883796006
0.0062488284365826985
0.03015926876105368
0.014534707850543782
0.007786567526636645
-0.10370940002030693
-0.06540688630047953
-0.11517564518726431
-0.015455383725566207
0.05509115484892391
0.052161857376631815
0.018418022906189435
-0.08821350701327901
-0.06807427044259384
-0.08148743472520437
0.005711607140256092
0.013127840240485966
-0.048306976750609465
-0.006862328315037303
0.02350860566184565
-0.06317036661494058
-0.0236931991239544
-0.004790416707692202
-0.07527609140379354
-0.07773720317345578
0.03587176085784449
0.013494928716681898
0.048191744746873155
0.04103345131807146
-0.08782811970741022
-0.10706377307360526
-0.11693210390512832
-0.031353454731288366
-0.06277222379867453
0.030570942508347798
0.08024968672543764
0.02836668580857804
0.01640315240365453
-0.012936393613927066
-0.08073556896124501
-0.11535062865004875
-0.11399509452166967
-0.07393997551844222
0.007471933189663105
0.03808752894656209
0.06415599853426102
-0.06073592363100033
-0.03218829567776993
-0.017654313378443476
-0.06831597535165201
-0.020290928310714662
-0.06722470474960573
-0.0027912313234992325
0.010806419493746944
-0.02308581343459082
-0.11761880006815773
-0.08863652364016161
-0.13228764975792728
0.06878023446188308
0.0063686122521176
0.04329497761500534
-0.039815786643885076
-0.0018135142454411834
-0.04874744369590189
-0.05578820132359397
-0.05655107319398667
0.07932962918573594
0.034848903505917406
-0.025363269436638802
-0.027365002621081658
-0.02336739553265943
-0.05146336478355806
-0.02487291840884609
0.024604246791568585
-0.07337610196555033
-0.07901517829304794
0.011914499329577666
-0.019936101278290153
0.004886454811639851
-0.07489774744317401
-0.07020132266916335
-0.01576680031575961
-0.031567010752041824
-0.05757999663910596
-0.023281390720512718
-0.031028034216433298
-0.04513583670632215
-0.018873397555580596
-0.017891634692205116
-0.014955136444768868
-0.06747919140616432
0.003621556214056909
-0.06699080797989154
-0.014116786116574076
-0.016062001028330997
-0.07423728324647527
-0.015451420728368248
-0.06569664068229031
-0.06687940132906078
0.030027492088265717
0.06312549755602959
0.03655475095365546
-0.014599111189454561
-0.06373531716235448
-0.08209081823588349
-0.10006129470502856
0.038026223694032524
0.03018704023270402
0.015586315152177121
-0.06955195746195386
-0.09727034942579849
-0.012705901164736133
-0.048464918552781455
-0.018086724490132156
0.009865850388450781
0.056836603664123686
-0.023017709638224915
-0.08476302877534181
-0.13530004958738573
-0.04704336042050272
-0.09972678755730158
0.038513020146638155
0.07726150468806736
0.028558113299368415
0.0018093215694534592
-0.09648121520876884
-0.08934537341701798
-0.11036807112395763
-0.03461036008229712
-0.004532434904831462
0.030179880850482732
-0.008262349656433798
-0.028487105475505814
-0.07073718269384699
-0.06398432415880961
-0.032034430932981195
0.044251022442040266
0.032555911122472025
-0.0014935508370399475
-0.10740821620856877
-0.139705789857544
-0.07109427089744713
-0.08352417878631968
0.06398122028258513
0.04555307680857368
0.027234474518991192
-0.013977763068396598
-0.01706891218691453
-0.10199820769776125
-0.10774661623872817
-0.04048183895065449
-0.08738829003414139
0.07215343867210322
0.07245689774572384
0.05863766922539071
-0.012222765137266833
-0.10035578102542786
-0.1365946174482815
-0.0961828900326509
-0.03778264790889807
-0.046310433544931584
0.0070388485182775185
0.02728197590840864
-0.046872041008100496
0.01326129856715852
-0.07619356679970224
-0.01764150986855384
-0.008609024294855772
-0.03530041599879041
-0.030957884780946188
-0.0647681936443405
-0.01046557015797589
0.042045574853545986
-0.07794253604515688
-0.05707332354359096
-0.014177314762491733
-9.15826385607943e-05
-0.029872233091737144
-0.04692353305290453
-0.12837197916087462
-0.1222328661406209
-0.09021495873457752
0.01901270752568962
0.0014069234603084624
0.06437819064012729
0.031569389371725265
-0.09027155808144016
-0.0650934288132703
-0.10648424303508364
-0.03627854055230273
0.013451931485178648
-0.0023187350161606446
0.030990398561698385
-0.0513029733338044
-0.15141862191376276
-0.1789812923379941
-0.08004588309268001
-0.09247426359797828
0.09237389473128133
0.10502914729295298
0.05688335307058878
0.09717209418886341
0.023695086885709316
-0.10677605001546908
-0.09175308054545894
-0.08363181632012129
-0.04257707152282819
-0.019170871506503318
0.02977486717281863
0.03179982552273941
0.032655287399393274
-0.07492086011916399
-0.11341646283108275
-0.041799595706834225
-0.011455119442871364
0.01955840793380048
0.04900581584479369
-0.07348179967084434
-0.09044755937065929
-0.16062396469897067
-0.014140928076812997
0.009360344080050709
-0.011587352772039594
-0.06460731598417624
-0.10758860092028044
-0.08080881467321888
-0.04804602597869234
-0.01711094025085913
0.057116597527056
0.02376025063858833
0.08731957668351242
-0.05223418703462812
-0.11939945543417707
-0.07384648971492425
-0.011035207919121603
0.016883066359014265
-0.010827846460415458
-0.03490137389781012
-0.03515546782364254
-0.011655498470645398
0.02743529962026514
-0.03401388169731945
-0.12026434056315338
-0.11318468095851131
-0.16641652479302138
-0.04972440574783832
0.012847980364313116
0.09878508633119054
0.038071372284321114
0.09086054280487588
0.00593961134654819
-0.046178885182598606
-0.10300507486681454
-0.07680356386117637
-0.02684454256632307
-0.05505365296448872
0.06583249766845256
0.08416659796057502
0.0854198734232341
0.07612857598360279
-0.01924815043128092
-0.13216393755283207
-0.16493322153110057
-0.12382167614123318
-0.07483166208839975
-0.005112152512083412
-0.01739139984420035
0.09735148248728365
0.08648865969735198
0.09766752836003434
0.013524078851332888
-0.14799633499933407
-0.10206322922022082
-0.13647139072418213
-0.03694755160995555
0.00525507779821055
0.03373978950810397
0.03460990015446441
-0.024075517008895986
-0.07048014149768278
-0.10636977019021288
-0.06405085071310168
-0.007638367547770031
-0.0006182878278195858
0.031366863346192986
-0.015407660946948454
-0.0870590233389521
-0.06357677781488746
0.007870719296988682
0.028818037797464058
-0.031879559785011224
-0.015164027710852679
-0.059733395639341325
-0.017623348085180623
0.003779343496717047
-0.02918087084799481
0.0035314449633006006
-0.048126983790098166
-0.09904767055559205
-0.04625524974835571
0.037698728461691644
0.030374315596418455
0.05507959709211718
-0.01123854354955256
-0.04434846734511666
-0.08048182439961238
-0.054230521971476264
-0.011029732675524428
0.03983934226562269
0.038908666974748485
-0.009254456146209122
-0.046868872275808826
-0.0019253692880738527
-0.04865824997887103
-0.030479840890620835
0.023839456767746015
0.025905073460307904
-0.012162949056801153
-0.06774409592617303
-0.09340451807656791
-0.0601621087625972
0.0033415654907003045
0.033838677263702266
0.02808692483085906
-0.02223368794147973
-0.04446810526133049
-0.06979305460117757
-0.05827621121352422
0.01108228446537396
0.025985756328736898
-0.005515836854101508
-0.017699232470477
-0.021867047740670387
-0.02536454457731452
-0.004728971060103504
-0.030336639640154317
-0.009871597481833305
-0.009222839471476618
-0.040722959996855934
-0.010172371861699503
-0.0031933208956616
-0.0023761985466990154
-0.0016571147680224385
-0.08547400147654116
-0.082894207953359
-0.02393886513527832
-0.0059509970669751056
0.0482049937481861
0.03067826804726792
0.01572426474740496
-0.04478614103209111
-0.0860025457222946
-0.06683447672185139
-0.03147884776262799
0.03827895018912386
0.03896905027795583
0.020056213121279143
-0.014036031096225088
-0.0670457660817192
-0.08225986364868731
-0.040392966870058444
0.033190895308507606
0.03228349721757695
0.05173273770196829
0.006740147515756689
-0.0399683703071787
-0.05277667781774653
-0.019798034707491752
0.029758063868939644
0.011135224674944766
-0.0070006897158236825
-0.07338700814216281
-0.04677199182333425
0.0010195745351211372
-0.027488075029395986
-0.030675533093017293
0.036601511090339045
0.031038809451274574
0.027767485938966274
-0.025052440862054937
-0.07353587140096352
-0.05591184111835901
-0.039472111719078384
0.04559708098531701
0.07204829854890704
0.0670666423648072
0.05413519992725924
-0.01878168796793034
-0.08320732480206061
-0.06903390888328431
-0.03371138163856813
0.04146888995819609
0.06533725309418514
0.042226919875247404
0.010274668755300809
-0.05189781302033225
-0.11186399385042023
-0.09886484924936667
-0.055341770137602
-0.0072365603991784155
0.04190922736597713
0.006328055143285383
-0.03596026929153595
-0.022294932743534446
0.012824907171307132
0.02379339234175859
-0.06019399045908358
-0.07157477799773915
-0.04277613363228738
0.05713854519126471
0.046636437473353
0.013333830807823688
0.0017702889535939903
-0.05546154614421539
-0.07049543299945071
-0.05924422628686443
-0.0016832633064041147
0.0187125055508659
0.023485842535592383
-0.023977136429039092
-0.017198331261170097
-0.026390155479020905
-0.012022234424875933
0.010715831936977338
-0.004337948175816564
-0.043733938873629086
-0.034954793969518505
-0.007261204373207875
0.051822613197145984
0.025378674414241686
0.006166549446788849
-0.05885571819089819
-0.049056003292207606
-0.02758956434263382
0.014471147850571242
0.006900534931901348
0.03569816683375393
-0.021547596305026673
-0.060634994093561545
-0.067241156273667
-0.020577989249431994
0.015792975667864084
0.04456461792869959
-0.027162981454239343
-0.05913319005048834
-0.03692372549994616
0.02168658078153385
0.05807545360585209
0.05666701329755597
0.018712876091740327
-0.0876002612785669
-0.10930269840173423
-0.09276237730227876
-0.001983249283512123
-0.0015119492163648829
-0.016400481028540526
0.013068631344140158
-0.01695207043303526
-0.03710121478798101
0.003798148047280847
-0.02277970466457191
-0.05811978640849702
0.0058261125814169645
-0.02525357156264363
-0.0068291249190224335
0.056264188131535775
-0.009955836289009312
-0.016199221907299943
-0.015045647014630958
-0.08878009926411323
-0.04718321468681097
-0.05215818561191554
0.09293042239005445
0.1334380228072405
0.12980996030091774
0.08104850610834546
-0.007920212345197797
-0.05174711366271367
-0.07745612489088671
-0.0014590690188924782
0.023808636480680434
0.015819379270396894
-0.010026852658484131
-0.07864447619067505
-0.11189285515865777
-0.06395668664481491
-0.056451293028658256
0.024204410263337195
0.06695745611796156
0.06908047776960302
0.022124531695226324
-0.06383387758978643
-0.12833991640945897
-0.10819038587214891
-0.03078859626657504
0.0040460394229739904
0.07111311821245181
0.07135684807144571
0.09117439697729424
0.0527242311873124
-0.0439513245382841
-0.05897791322786361
-0.04549013153882697
0.01457761332494556
-0.008158899450791068
-0.00023601599878020352
-0.08001514618808869
-0.08240238083089935
-0.023271644582564477
0.0379840224632062
0.024545296109863557
-0.018346240623941412
-0.022310508586087963
-0.01746336692121986
-0.010676960759155918
0.013856607794878073
-0.012173815794085385
0.003204146043572109
-0.1258370022114832
-0.1687982179573737
-0.13494660676224157
-0.03519358171888598
0.03904617499210872
0.11904290707025211
0.07937717471213546
0.016931598118389957
-0.04161372008093167
-0.07220167560080881
-0.07650186377577484
0.003594084832002409
0.010348749638069421
0.002097553527164564
-0.008939203908084892
-0.06502620823448524
-0.07089727326820139
-0.03628761825530091
0.07134349170519272
0.10093017009785399
0.14297571035058354
0.0296261028124718
-0.029400851810351014
-0.06187781718472252
-0.05298173025948927
-0.022960993519518524
-0.06365142115100753
0.004128360353206517
0.07099325208400842
0.007949698996526422
-0.002228162105893716
-0.06616918482177425
-0.06723633098590653
-0.014977170939346252
0.032449506736156764
-0.004810391886167054
-0.06438748491927981
-0.09880976751446724
-0.05436285029463761
0.012045387338730507
0.028455473820940824
0.022772784864173445
-0.04959858146321494
-0.06937746217590757
-0.01895691185927717
0.005627468679449521
-0.009090114430364338
-0.04076838952823891
0.011371031352609862
-0.02380268755950965
-0.03622568235732615
-0.032969011441309704
-0.00868581842223648
0.05448896706366213
0.020723598241602303
-0.047670588526671054
-0.04109367562341504
-0.03384451185411308
0.0009070567512026173
0.10197801168169462
0.011491786965052597
-0.028023150181979872
-0.036680094672192354
0.004113474002224393
0.004845671930524986
-0.03274218723527156
-0.08699657302349806
-0.03891046882927185
0.08082726705470122
-0.005202376411034493
0.004421041627210798
-0.0024832159833749756
-0.10403388639679179
-0.09844392846571282
-0.10932597873033956
-0.021039236104115844
0.03385820598487044
0.04612733186513651
0.058891116786981
0.012018233346680063
-0.08404315941152163
-0.12282917852371611
-0.10438545333454385
-0.042546347132883966
0.019418770614720415
0.009216099744662642
0.0013309040732565336
-0.07644896085730579
-0.1256089796897868
-0.08416819747071713
0.01680609307368286
0.010148826601835026
0.02648993127513677
-0.01917941518331645
-0.038350525246642064
0.020185583125567064
0.029389511369117827
-0.08853875869499461
-0.0227664550911868
-0.09589054367415883
-0.02553923807499814
-0.046663026470923796
-0.029140098849893548
-0.02525434080098421
0.007047618797514588
0.03865139529807493
0.07673529791011902
-0.04544176933995914
-0.04434464720725373
0.032886045111808926
0.04349302888294915
-0.0023055020719766617
-0.028506667440524325
-0.11663624769425951
-0.11646981909871101
-0.05805594346020371
-0.022317254991179425
0.017342998041385727
-0.01904372912031249
-0.09715225617401302
-0.09870337427128106
-0.1385875914420467
-0.005679402695932367
0.017603814907488413
0.12320135347545147
0.07660323297750438
0.025963900003262097
-0.022444785347033758
-0.060956024994084146
-0.05678995504058548
-0.032902817634749226
0.0004834972132812254
0.0010598444714560173
-0.01152834297681693
-0.10021468764171004
-0.10312005029118154
-0.11602456778928172
-0.04914549179375172
0.05055924190673977
0.12833476308151148
0.11617691699939314
0.058114883620874025
-0.054177067780983634
-0.06878588034305722
-0.07798374860431068
-0.017460387305618497
0.045625236169144046
0.04558793906471692
-0.07029203671845607
-0.020315825793659315
-0.05880853545386344
-0.032572549877386336
-0.012521168391685933
0.02464619775128085
0.03379346909241576
-0.010134334821486846
-0.13220207241829485
-0.12139053767896257
-0.12855104909976944
-0.06506873581383843
0.06751455774065107
0.08577728873933665
0.0894530752702849
0.06799748539642536
-0.07862472139822785
-0.07384118814661633
-0.07568948398693465
0.019453687549685128
0.024268047825898975
0.023480513555114157
-0.1094576712930575
-0.08496217575157061
-0.08013607338943984
-0.021080873568280367
0.004961703307344578
0.020861270098976092
-0.04647341925010551
-0.03214053896954283
-0.01825750491116196
-0.04779794731257425
-0.004169701740465825
0.04517927842516656
0.02315680823085131
-0.05491266890021507
-0.06831788604904432
-0.02909880664810771
-0.02583188693097327
0.0858370990063122
0.04087802614685643
0.01838992556440644
-0.09253873498528264
-0.09983318868364677
-0.11528375109628541
-0.11503180472936947
-0.021505538337805774
0.07847965137625579
0.07421863584022503
0.07287144572728721
0.007593256828840822
-0.044633009332756046
-0.14481962824356742
-0.11419833233230747
-0.021172885491978377
0.01445920548576396
-0.005843450975589803
-0.01919775575515814
-0.052009082020958886
-0.057869301417667884
-0.04168898269199417
0.054494254269229714
0.04923174680880038
0.020513345451036002
-0.03755866747451364
-0.03510683714557672
-0.012959384154783038
-0.02447700653283391
-0.02876080673740944
-0.032765094612841494
-0.05413520565343788
-0.011450440448243171
-0.034819062253518496
0.01055430963242543
0.005585477076238021
-0.06964865321060643
-0.08867987582925707
-0.025185225877976336
0.07978885410921066
0.009114604006754234
-0.08217593861627392
-0.032612879942462314
0.010568956742645241
-0.0007205862311820965
-0.020207196148476214
-0.08519534664810635
-0.10839396761730313
-0.08432503906078637
-0.014635181662015384
0.09205242227471899
0.0650988951497311
0.06029512418535887
0.07009891388588585
-0.07844319224068386
-0.15492924902355298
-0.0910270061576739
-0.02539319447532762
0.018010006038821302
0.046213444117256586
0.00435125052172225
-0.031010621140012518
-0.05437165463808924
-0.07317273787339218
-0.0062779970321571454
-0.04850903691294661
0.019541619330993854
0.018305233901628526
-0.05197964148646861
-0.0526609865582941
-0.05329189565964043
0.04268521026824601
0.0690244320576312
0.07098463189322501
-0.004146740018768469
-0.0727020424424154
-0.08927826686522167
-0.061079893668647856
-0.02980042647686787
-0.00471037420356879
0.04917154195936746
-0.011715423126588576
-0.026154483193977285
-0.051030800241278484
-0.09955826197983697
-0.09723324235528708
0.022770877409129753
0.01864584652503254
0.040555575556936674
-0.0006105624997871928
-0.04097113415809872
-0.005507048877916532
-0.058180878215353005
-0.02336243150057271
-0.009777463223372251
-0.11382832491653971
-0.08431098299843143
-0.02203362379805185
-0.05650750951735972
-0.046841153416607995
0.06808018011361128
0.08770359528352856
-0.01391072819387773
0.016576324567722622
-0.009857707147602923
-0.014517285744659603
-0.051942657577455975
-0.01917419042729307
-0.05824090732494369
0.03819324179494288
0.06180065575608751
0.005020664229959948
-0.03793757938183262
-0.0718997524381848
-0.08491282656905241
-0.012494572991272435
-0.06135766000079457
-0.0038528759068867657
0.019246696916525252
0.017941945199709153
-0.1052448512709816
-0.07938420541904634
-0.06313360529838974
0.034789163270033896
0.03910771834125626
-0.01875734541681595
-0.005769132151726808
-0.14455332950456068
-0.12721505654189968
-0.1554540292272577
-0.10405252309283242
-0.019195656582269294
0.11374307652295101
0.07300754322204739
0.1574069728012546
0.09292689726862591
0.004681737419559795
-0.11525436153169721
-0.18433809670386836
-0.12703768466599286
-0.1195725918514654
-0.075378847977845
0.048597114844596945
0.13272729457821697
0.12427504570223391
0.10527499776799232
0.0586974767720676
-0.09327249089255929
-0.1344498523249058
-0.13271447355509736
-0.1385946036025416
-0.056984183785971254
0.07790788493002765
0.12081694544758648
0.15235683319042437
0.0755110488680657
0.05994082719553262
-0.04353825301222969
-0.1612727825413458
-0.1332093746514147
-0.08553161504096352
-0.006830729562352644
0.05560898584371898
0.04583230161006213
-0.01157067900930997
-0.0700676066626329
-0.1148891900666058
-0.029462364909704775
0.011715296437614597
-0.12359343752586938
-0.020142037290497683
0.02746286588080693
-0.014570402425306384
0.04972736554918811
0.030604119492636528
-0.005251172544376459
-0.052441267456742935
-0.02749251265777275
-0.04844517338642618
-0.04098922354387469
0.06088312717474764
0.026521152874920517
-0.06684136486728676
0.07118020046618767
-0.057666082444484346
0.029827089099853765
-0.013003947937249904
-0.09064665985351894
-0.05697839606000343
-0.0225247573107481
0.060693239612191974
0.007139616413041949
-0.037126714683836326
-0.023420050682034343
-0.00013911106043451582
-0.04713450118651963
-0.020908758306177333
0.06364758177369367
-0.017950158086023293
-0.06259513518125459
-0.02166415410101763
-0.04102041564692627
0.036212700470059644
0.06154415865603369
0.010029480883531505
-0.06479453101655963
-0.06374160869745538
-0.037123677393537946
0.016911672704736702
0.035940837231464684
-0.0354582805885002
0.011590277412324212
-0.03793423640308902
-0.01977868347603362
-0.03824244918087061
0.005474757010688336
0.05748384047001309
-0.03789507207693532
-0.0701344868648448
-0.058273228438338265
0.06508664903230965
-0.010031268931925297
0.013124728386173956
-0.03437297978598508
-0.06888292370422278
-0.09041076523135416
-0.021236450749711366
0.07414020147552947
0.0711712496704422
0.07741761789657176
-0.010495757102034986
-0.07522632493055426
-0.09976582516537746
-0.18806988233700395
-0.06946744647575542
0.03444090097036678
0.12952623525052331
0.03450595319736749
-0.0011198771298950305
-0.04459712941934413
-0.1795607172534801
-0.07216424006946909
-0.09226768983353395
-0.02643761719809845
0.1028417909401469
0.14623429294442758
0.12116661235631909
0.05718563878326677
-0.05097433774790261
-0.09292397105309647
-0.09437250980408862
0.005410362845395866
-0.031169744421276846
0.041990466277638916
-0.0017659640125202714
-0.03828779479954392
-0.0312345875063329
-0.03445947330328636
-0.00053836006372876
0.01379325389279984
-0.009950881563781877
0.02643571082444396
-0.05959847902704496
-0.043420122092356905
-0.08718955120809824
0.026704171366873197
0.013705328827199992
0.00043688325604307465
-0.020073564441531744
-0.03260629082978994
-0.04004914355027722
-0.018103167065419257
0.075333286957175
0.05317856132637644
-0.028052194888005033
-0.015229968586936593
-0.043271577946143225
0.009427355078514665
-0.011465553822745278
-0.040364386157079934
-0.01612779297920497
0.04370297554487479
-0.009670836494478863
0.000758227237383835
-0.028103027641918743
-0.030781106667859603
0.004070251248776913
-0.0059647405869327486
-0.0634654333407525
-0.0807004357338883
-0.07535747232759604
0.002383566097705625
-0.03564808814553544
0.06982242935919203
0.08572802787239198
0.07373654324328527
0.03653888006374473
-0.08816047310597241
-0.06771618936727464
-0.11495240917429328
-0.09343465462006861
0.00966818130473257
0.0838022688330966
0.0762282136711292
-0.02697152626569732
-0.04577902516211907
-0.059934676635748474
-0.012853839317358506
0.042422478891239734
0.03162674650957342
0.025183013145579025
-0.08911305002402514
-0.10286233135411749
-0.07246857074642321
-0.019817232503555715
0.04820292626391165
0.07371579045138787
0.09350096301204758
-0.00250112586945761
-0.044680810140562244
-0.06777165873791091
-0.09013108632643707
-0.00756686738532153
0.026033987844130024
-0.04120931230318092
-0.03146446276514325
-0.014550389638316119
0.045532729098340496
0.039423818117938936
0.018377278931438923
-0.013508219893992646
-0.10812813031225232
-0.13121862278785557
-0.02716256344137946
-0.04584327945121913
0.036153088151877455
0.055921763170772465
0.03502051682153251
-0.059875998966163024
-0.03246054890041705
-0.027111545521620428
-0.03599119260150019
0.0381240039205295
0.06639954014826799
0.005449326941743493
-0.037495394364668755
-0.07451779054827057
-0.04720799587084912
0.011780921777244657
0.03689667921207729
0.02686668370733969
-0.02600978672853671
-0.05243304494069889
-0.10757742478745058
-0.01984029069171811
0.030289612972410396
0.047014316165586933
0.02390915286832751
-0.030296666311187437
-0.024370299419388175
-0.047964671641238965
-0.011717780314938864
-0.033042606548406184
0.04000729777271772
0.00036539504776555987
-0.09953615265840199
-0.026236869181957445
0.009965809800632996
-0.013831500378728379
-0.1123812424193602
-0.012316655413087574
0.00399918865878135
0.05865109087608289
-0.030370629698154517
-0.007197648337751161
-0.06765375201939605
-0.09754346882982645
-0.04695477974019013
0.030398005299502984
0.009424441639566794
-0.003071873441513162
-0.07196575928537641
-0.07296530115581845
0.004549115095869638
0.008810942756099394
0.003051822815905325
-0.05146516019703995
-0.056732152039330686
0.0008218673428928014
-0.039366111737763276
-0.013807168696075678
-0.025780443349503912
0.026726992320618592
0.004450457971870492
0.026018376724096015
-0.0062539594546251465
-0.08487081338535063
-0.029025905241724104
-0.006463879006332718
0.02357317080895882
-0.07391715068661142
-0.12273125348474423
-0.05711668568778805
0.02378347709600348
0.022972434737312142
-0.0038580683376494562
-0.04170988678015419
-0.09212159560411237
-0.05655348413711181
-0.06766379605687689
0.06394051394090638
0.16693620461592218
0.14245669794036075
0.0836499298166018
0.039694052626146004
-0.025313983001979068
-0.09242158744018525
-0.12665121408645064
-0.04706091612752061
-0.040548585060605546
0.04350712145969737
0.08423268287151586
0.017854311263363343
0.004620136674020614
-0.03901914639118331
-0.0840871878026519
-0.08573158422950655
-0.0410239621414803
0.0392257735147723
0.07563500091896458
0.0701017529645469
0.008405237618717365
-0.028373764565913007
-0.05096207503811456
-0.16971421179187018
-0.12218754822242772
-0.00631512601103168
0.05860954242234584
0.07344385737087578
0.05621784612594638
-0.0433554615592584
-0.03304277666438793
-0.024117776338243857
-0.01783636166692304
0.00984705827295329
-0.03062455536564812
-0.08175338371802354
-0.08105117169907317
0.001990885615668958
0.011846139906992903
0.037427722390930285
0.008655945995997172
-0.07056790924980305
-0.14005159586668015
-0.11319115781225264
-0.05176186529934057
0.01767898703838
0.13445370248518884
0.060441931418608874
0.05809781816788018
-0.08339481976872776
-0.08366255596047267
-0.07281221920857206
-0.046658824361657025
0.03693291757372208
0.07856974011519924
0.06576399735058658
0.027620314838713966
-0.029791015571390744
-0.04187151757651009
-0.07531273373751901
0.013062872618320398
-0.0047007397006382234
-0.01549286273711914
-0.07615483951303759
-0.02964887117377657
-0.013491249537906924
-0.01430093659018894
0.05093657304678345
0.014550974970916286
-0.05517954543756787
-0.04695651613837981
0.014517889197122713
0.0017581710417289287
-0.051398277457337826
-0.050489041284890845
-0.020720253294712165
-0.0044616174964176025
-0.013728543319302844
-0.029337535459490027
-0.03987595681564926
0.026336664177506464
0.0064472057074453915
-0.03157932902831817
-0.02479327717446722
-0.013434343098197132
-0.04208742291666567
-0.08724028267897666
0.0002107853433699347
-0.03873048521927558
-0.045296310318917676
0.03598272336239461
0.018355378961132374
-0.004541856804280542
-0.043204815898207016
-0.023367299211713544
-0.01534663879283471
0.007994518469786271
0.004183544650004478
-0.07020893511071336
-0.09411470644408837
-0.08036648815323133
0.0013377061050050543
-0.00848901934659807
0.018122321571809152
-0.023943985635014542
-0.025475967058810056
-0.017136342255980708
-0.04064667715647374
0.023805582561180927
0.02557775503373705
-0.009691328175904346
-0.036455233977903845
0.037905708042671904
-0.09381027106428519
-0.04417564600589685
-0.03131484887126135
0.028052579196810257
0.03839176553719881
-0.0151036972674774
-0.09978883956500795
-0.062234047407400794
0.03691359326057864
-0.035086585994577035
0.04201520240167156
0.053755081724375486
0.030107094411505386
-0.03452357336936984
-0.055364993491821224
-0.06024334960966371
-0.04192333319224417
0.020756797748617828
0.07353796499774035
0.08862858283191599
0.0007378168556897435
-0.06544849040801637
-0.07027646574715618
-0.06473964790347964
-0.002943813036836218
0.02855986788563314
0.021333617078198586
-0.0372948031422311
-0.042664530018555524
-0.05812348633480724
0.0899580012774095
0.12282019108533859
0.06430512131919386
0.04416115780838936
0.0005551045833271928
-0.12245601922040805
-0.1729039424099028
-0.30650887871161103
-0.1544783299032133
-0.1261956537491642
-0.06345112624694593
0.04644148878287524
0.15821246313862503
0.16096860931429546
0.1684288407850545
0.14020913431886584
0.07365923814359121
-0.014728314815329213
-0.11102819279767573
-0.14464614307507873
-0.16232136369217187
-0.16314380802214146
