0
0
29308
20239
23619
23024
26927
22808
17031
20903
21397
27130
23468
29722
34679
21322
21654
20520
23313
21221
22311
25657
28217
20505
26023
26848
20211
21511
29198
35612
23606
24419
28011
24921
99200
34418
36110
26129
27812
29650
23020
26711
22862
18936
26616
29511
28570
35788
29279
22422
27866
30517
29841
34596
38822
24007
24612
34905
20345
29008
27229
25539
34419
25816
38708
29711
30822
37375
29307
24031
99200
29706
33205
29759
28144
34383
28458
33109
28610
28332
27706
27642
33626
29301
32227
24511
27005
32048
31207
28907
35127
19616
24916
28762
30312
28531
24278
28851
24537
42038
35326
35109
25257
33511
26262
35008
99200
43005
29929
33710
32809
37040
27704
34234
33413
31617
37533
34728
45651
35754
37476
36027
33314
29459
38744
28820
30815
42508
42922
30337
36220
42755
41834
34171
30775
39723
35527
35049
35049
33844
30335
29587
99200
41217
46713
37149
27655
26635
29538
37096
32127
28039
27306
25153
30738
36842
41506
31776
40234
36044
33384
31836
38931
34442
33818
34039
25826
46536
31035
45820
31271
33242
28566
24438
38330
36423
41062
44414
50903
53814
40219
45721
44434
42939
39719
37037
37211
41147
42526
46626
40458
41425
44014
43826
49818
36718
45415
52042
47121
46025
48517
54556
60206
37846
51724
32633
43525
40325
38694
45519
70105
57710
54328
55625
59405
99200
54029
52624
55148
66308
70010
77005
61654
62909
65925
61507
69913
72404
65153
66019
60821
59322
64316
64933
68105
63126
61506
63010
56065
66412
69915
67411
62844
63023
66926
61309
64729
67388
67109
61323
72007
99200
65130
70127
83901
83610
80411
85411
80008
72710
77702
86326
78719
84002
91201
81403
66574
86310
80710
70422
61306
70521
69813
64319
68909
76512
85706
83108
68516
69906
77419
79305
81209
69315
77004
86502
99200
99200
86524
88401
91204
83110
86202
86259
84904
88203
87509
77116
76806
73410
71024
66220
71630
89001
82817
82808
86404
78511
84501
74828
86002
95203
92005
83504
93300
91902
79723
91701
88956
77105
72309
85103
90900
99200
63627
77372
68216
72302
64105
64707
74603
62321
63324
58411
65715
63810
71910
57774
53740
66709
64412
68625
57535
60812
65210
71624
70206
60309
71407
72471
57217
63906
63848
68647
65620
66308
68814
79208
83503
99200
56215
66215
69407
63942
52225
67707
63151
67713
57927
61928
62807
69116
59018
73904
71224
68759
67045
50938
47610
61604
60210
67206
70815
80703
69723
61046
57334
67504
53443
64308
63016
62451
68211
68717
82103
99200
42723
33130
34006
31244
29612
31715
33229
34635
33110
27216
30233
34024
32216
33945
36419
29422
31417
39189
36612
34012
30765
31015
32116
34916
34514
25929
32714
36811
34907
40613
35111
42551
41673
45108
51809
99200
52075
37517
28391
34320
47307
48920
49922
54305
36746
39328
49710
39221
44915
47414
46455
47806
47059
46895
47911
48811
40118
47610
48808
52806
41511
38637
46320
48570
45213
48719
48006
46535
42709
46109
66904
89518
61319
59110
57116
51139
49413
66031
57422
53909
56012
56036
61223
42442
51066
61326
62920
53708
56554
50413
53016
60702
67705
62242
55415
55607
55829
58211
67504
65068
63605
68704
62815
58339
56616
56469
73917
99200
71209
66612
65027
67119
57514
68404
72210
72605
68407
61905
63415
67006
68410
70407
63910
66318
58921
59307
67311
63616
66105
60306
61312
63509
66823
69604
62319
62142
65930
72403
66716
68105
71214
66508
81501
99200
88813
80107
92401
86176
76011
80907
88102
92602
96300
96102
92304
90003
88224
85726
92804
94601
97800
96102
95200
90823
89709
85502
80302
86805
88803
85508
90002
95800
83420
79904
89112
90204
92302
90718
99200
99200
99200
99200
99200
91214
96400
96304
99200
95701
92801
91300
96600
99200
99200
99200
99200
99200
96552
96800
99200
99200
99200
99200
99200
90819
88005
93502
97300
89904
93401
93432
92202
91201
93501
97300
99200
99200
95700
95800
96401
90530
86805
92114
99200
95900
92705
91503
95901
90211
95401
99200
95601
89202
87101
84111
90602
99200
99200
92602
92701
99200
94800
77723
77604
90102
96000
95100
92504
95501
92502
97300
99200
99200
85507
83402
84601
81907
74811
81503
77204
75903
77819
85902
80903
73604
81002
80902
83205
78749
85305
91302
73334
67111
76308
73130
71105
82002
90802
81504
82102
80477
81003
78307
82802
86401
84905
89202
99200
99200
92304
99200
88510
88202
94701
96800
90807
94602
94403
93501
99200
92015
96300
99200
92847
79913
79354
89007
96400
99200
89940
93304
89702
89552
95202
99200
93906
99200
92502
93900
99200
91908
92902
93404
94400
99200
96302
96700
94801
87111
89801
82611
77421
84607
92703
93001
93100
88462
91801
87513
94104
99200
92311
99200
95601
90533
89303
96700
99200
99200
96300
96600
95811
99200
93404
93801
85628
83310
90601
91301
89606
99200
93802
99200
95609
88911
90303
99200
95807
94702
97400
99200
99200
91405
92202
97700
97000
95806
99200
99200
99200
99200
93801
89601
90503
89507
93503
99200
95402
90602
94001
99200
99200
99200
99200
99200
99200
99200
99200
90701
84015
92501
89600
87812
86516
90402
88104
91602
86702
92100
90601
87302
79903
78912
89707
88502
87110
85113
87706
94601
82623
79112
88702
91602
90417
89307
91500
94700
92705
92901
94101
86625
90303
99200
99200
88304
89202
96200
93600
93900
95700
88114
87214
84205
92502
93000
93900
91004
92801
93905
95301
96500
89500
90600
93701
94001
93113
93238
99200
99200
83104
80804
88402
99200
85905
85113
91204
99200
96701
99200
99200
96302
96502
96709
97501
99200
99200
99200
96300
91501
94500
99200
96000
97200
99200
99200
96321
99200
99200
99200
99200
99200
94900
94801
99200
99200
96100
96101
99200
99200
96800
96801
99200
99200
99200
93700
91701
86103
89202
81913
68624
76527
79803
78004
75691
81635
85503
83605
94700
93812
94701
88602
86322
90103
91608
79306
76605
87303
87105
84614
89307
81902
84103
96000
91502
85705
90603
85319
81105
82803
89701
88805
82004
82531
80107
82707
74305
76309
78809
80516
73025
66027
68211
81902
80112
75604
82008
82517
81403
75802
72104
73708
79609
90901
79603
80903
76301
76709
76508
81504
89207
88109
84712
76009
70606
72904
83902
90800
72341
69311
68322
73207
84501
71506
64106
70609
71312
72008
71507
75712
77004
70304
66106
72926
84208
71913
71223
70115
71011
70445
70944
79212
85704
77112
67320
69714
71116
69710
68509
76413
77314
73941
87101
93813
84904
83205
92811
90501
88602
88602
81007
79412
90509
81517
79710
89002
80804
79104
79506
86904
80403
74148
84004
88701
93300
86402
85402
83104
82405
83207
86512
83811
82719
80544
83005
88610
80806
80105
84605
93803
78811
68134
67733
79004
65828
67140
63129
65627
67599
69129
77313
78012
73009
66314
76915
66863
67333
76224
79503
79003
77701
75508
71914
77729
82618
70607
67232
71921
81406
78706
74536
77304
77006
71107
81002
99200
99200
99200
99200
89703
93002
94001
93504
96801
99200
97000
97401
96800
97700
99200
96800
95302
94701
97502
99200
99200
99200
90500
89206
93406
96003
97100
97200
99200
96900
97300
96803
97202
97343
99200
99200
99200
99200
99200
99200
96600
91603
94204
96507
96200
96401
96200
96202
99200
99200
99200
99200
99200
99200
99200
99200
99200
99200
99200
99200
96243
92433
96303
99200
99200
96500
95609
99200
99200
99200
99200
99200
99200
99200
91702
91720
93000
93704
96600
97317
96101
91309
92488
97021
99200
94911
96824
99200
99200
99200
99200
99200
99200
99200
99200
99200
99200
99200
99200
96929
92902
90422
93520
96023
97500
97103
96000
96304
99200
99200
99200
99200
99200
99200
99200
99200
99200
99200
99200
97000
94911
95290
99200
99200
99200
99200
99200
96100
94304
94004
94433
97406
99200
99200
99200
99200
96201
95326
97703
99200
99200
92702
93431
99200
99200
99200
99200
99200
93701
93716
99200
97400
99200
99200
99200
99200
99200
99200
99200
96300
99200
99200
99200
99200
96801
99200
94700
89226
94674
99200
99200
97100
97503
99200
99200
99200
99200
99200
99200
99200
99200
99200
99200
99200
96101
99200
99200
99200
99200
99200
99200
99200
97412
97000
99200
99200
99200
99200
99200
99200
99200
99200
99200
99200
99200
97300
97800
99200
99200
99200
97037
99200
99200
99200
99200
99200
99200
99200
99200
99200
99200
99200
99200
99200
99200
99200
99200
96600
99200
99200
99200
99200
99200
96800
99200
99200
99200
99200
99200
99200
99200
99200
99200
99200
99200
99200
99200
99200
99200
99200
97116
99200
99200
99200
97000
99200
99200
92802
99200
99200
99200
99200
99200
99200
96100
96500
99200
97200
99200
99200
96900
96800
99200
99200
99200
99200
99200
99200
99200
99200
96903
97309
99200
95000
99200
99200
99200
99200
99200
99200
99200
99200
99200
96000
96506
99200
99200
99200
99200
99200
97001
99200
99200
99200
99200
99200
99200
99200
99200
99200
96900
99200
99200
99200
99200
99200
99200
99200
99200
99200
99200
99200
96301
99200
99200
97000
99200
94700
99200
99200
99200
99200
99200
99200
99200
99200
99200
99200
99200
99200
99200
99200
95601
99200
99200
97500
96900
97160
97388
99200
99200
96811
97455
96700
99200
99200
99200
99200
99200
99200
93701
89217
85401
89207
91007
96801
96701
93900
88403
94000
96403
87206
89901
92000
85402
89551
89406
89006
93001
94200
89412
91009
86101
93410
92401
88008
94902
91601
84206
83307
91002
88010
87702
86635
88108
93701
97400
95000
87109
85801
91112
89004
88522
93002
92101
88404
82617
86803
93401
88307
97700
93700
87940
87714
90202
87531
85732
89421
91107
93000
90604
88401
93301
89703
88501
86628
88201
88604
89002
89723
88604
87804
92700
96900
91304
85425
93500
92403
95400
97500
95106
96702
94734
93903
94603
88004
90502
90604
93900
97100
93901
92101
91902
95600
96900
96801
92105
92700
92804
90505
91902
94901
93801
93803
90617
89101
92405
93304
95201
92307
93900
92102
90925
91604
82707
94401
91102
86622
95200
94801
87312
88017
84480
88211
92200
94103
91101
89216
89853
94410
93513
90126
88103
88501
88901
87902
86816
91801
93200
86604
87104
87133
86713
91503
99200
99200
99200
99200
99200
99200
99200
99200
96501
96400
96900
99200
99200
99200
99200
99200
99200
99200
99200
99200
99200
99200
99200
99200
99200
99200
99200
99200
99200
99200
99200
99200
99200
99200
99200
99200
99200
99200
97500
99200
99200
97700
97400
97100
99200
99200
99200
99200
99200
97501
99200
97403
97500
99200
99200
97900
97600
99200
99200
99200
99200
99200
99200
99200
99200
99200
99200
99200
97601
97700
99200
99200
99200
99200
96005
99200
99200
99200
99200
96908
97100
99200
99200
95405
95200
99200
99200
99200
99200
96804
97300
99200
96600
97500
99200
99200
99200
99200
99200
99200
99200
99200
95632
94702
96802
96600
99200
99200
99200
99200
99200
99200
99200
99200
99200
99200
99200
99200
99200
99200
99200
99200
99200
99200
99200
99200
99200
99200
95604
99200
97400
99200
99200
99200
99200
99200
99200
99200
99200
99200
99200
99200
99200
99200
99200
99200
94703
96300
97103
96801
99200
99200
99200
99200
99200
99200
99200
99200
99200
99200
94102
95000
99200
99200
99200
99200
99200
95501
99200
99200
99200
99200
99200
99200
99200
99200
95607
95700
99200
99200
99200
99200
99200
99200
99200
99200
99200
99200
99200
99200
99200
99200
99200
99200
99200
99200
96101
99200
99200
99200
99200
99200
99200
99200
99200
99200
99200
99200
99200
99200
99200
99200
99200
99200
99200
99200
99200
99200
99200
99200
99200
99200
99200
97201
96800
99200
99200
99200
99200
99200
96900
93914
96408
97100
99200
99200
99200
99200
99200
99200
97300
95600
97600
99200
99200
99200
99200
97300
97500
99200
97203
99200
96601
96700
99200
99200
99200
99200
99200
99200
99200
99200
96400
96000
95402
97600
96200
96400
99200
99200
99200
99200
99200
97203
97203
99200
99200
99200
99200
99200
99200
99200
99200
96600
96100
99200
96101
99200
99200
99200
99200
99200
99200
99200
99200
99200
99200
99200
99200
99200
99200
99200
99200
99200
99200
99200
99200
99200
99200
99200
99200
99200
99200
99200
99200
99200
99200
99200
99200
99200
99200
99200
99200
99200
99200
99200
99200
99200
99200
99200
99200
99200
99200
99200
99200
99200
99200
99200
99200
99200
99200
99200
99200
99200
99200
99200
99200
99200
99200
99200
99200
99200
99200
99200
99200
99200
99200
99200
99200
99200
99200
99200
99200
94111
94101
99200
99200
99200
99200
99200
99200
99200
99200
99200
99200
94000
94400
99200
99200
99200
97601
99200
99200
96033
95701
99200
99200
99200
99200
99200
99200
99200
99200
99200
99200
99200
99200
96101
96900
99200
99200
99200
99200
99200
99200
99200
99200
99200
99200
99200
99200
99200
99200
99200
99200
99200
99200
99200
99200
99200
99200
99200
99200
99200
99200
99200
99200
99200
99200
97001
96900
99200
97105
95902
99200
97004
99200
99200
96724
99200
99200
93905
94501
91708
96001
99200
94705
96700
95123
90607
94102
97502
95407
94065
92806
97400
97001
99200
96801
99200
99200
96701
96501
96500
94400
95000
99200
99200
91303
88214
92805
95300
92900
89901
89801
93701
93613
90237
95300
93201
87803
85004
89601
94700
92600
95100
89903
89203
90801
90501
93400
93600
93802
93604
96900
93601
93500
93403
88708
91616
91096
93101
90110
99200
99200
93702
91131
96100
96300
92704
90302
89504
94002
91407
88351
97200
90121
87015
88707
88113
91708
94301
93901
93701
92701
90701
94400
91021
84913
89201
86508
89804
93404
96000
93304
92206
96900
92701
93700
99200
94001
91401
88803
91802
92501
89104
90402
91101
91102
91626
95200
93900
94200
96100
92802
93101
94100
94800
91401
89702
93700
90224
93900
92205
92803
94055
92707
93401
90743
92001
95200
91000
88702
91902
92102
99200
96500
94305
94205
92904
94501
97500
93829
92628
92901
91101
93601
96502
92514
89020
93203
94701
89204
87704
97000
97002
91507
92202
95332
90428
96600
94309
99200
90516
88306
95456
92802
90109
90105
86302
90101
99200
99200
96901
99200
99200
99200
99200
99200
99200
99200
99200
93505
96300
99200
99200
99200
99200
96704
96702
99200
99200
95900
96100
99200
99200
99200
99200
99200
99200
99200
99200
99200
96701
97000
99200
99200
99200
99200
99200
99200
99200
99200
99200
99200
99200
99200
99200
99200
99200
99200
99200
96601
96700
99200
99200
99200
99200
99200
99200
99200
99200
99200
99200
99200
99200
99200
99200
99200
99200
99200
99200
99200
99200
99200
99200
99200
99200
99200
99200
99200
99200
99200
99200
99200
96715
95100
96100
95608
95802
96804
97201
99200
99200
99200
99200
99200
96503
96803
99200
99200
99200
96700
96900
99200
99200
99200
99200
99200
99200
99200
99200
99200
99200
99200
99200
99200
99200
98100
98300
97500
97500
99200
99200
99200
99200
99200
99200
99200
99200
99200
99200
99200
99200
99200
99200
99200
99200
99200
97600
98200
99200
99200
97900
97800
99200
99200
99200
99200
99200
99200
99200
97002
97401
99200
99200
99200
99200
99200
99200
99200
99200
99200
99200
99200
99200
99200
99200
99200
99200
99200
99200
99200
99200
99200
99200
99200
96913
97501
99200
99200
99200
99200
96603
97001
99200
99200
99200
99200
99200
99200
99200
99200
97086
96900
96900
99200
99200
99200
99200
99200
99200
99200
99200
99200
99200
99200
99200
94406
95202
99200
99200
99200
99200
99200
99200
99200
99200
97301
97000
97000
97100
97401
97001
97201
96200
95602
97202
96900
97200
97100
94400
95200
96900
96900
97400
97113
97200
97202
99200
99200
97001
97200
97000
97200
97100
96900
97100
95100
96100
99200
99200
97318
99200
95300
92101
96500
93502
93004
93901
96601
96605
92403
92532
94303
95104
95701
97500
91501
92502
93900
94601
96901
93714
94805
96000
94001
96801
94703
94702
97000
95629
94410
97301
99200
99200
97200
97100
96902
99200
96800
94000
97200
96001
91303
95701
99200
96800
94202
88302
88619
96404
99200
95000
93201
95201
97301
91005
91702
91703
93005
93503
95103
97300
95500
95101
90901
93902
92415
95302
94431
87037
89110
96202
95803
99200
97700
98000
95700
96001
95201
94900
94900
96800
98100
96701
97600
98000
94400
94201
96501
98100
93304
91103
93601
97700
97900
97505
96002
95700
97700
97900
98000
97900
95100
96700
97700
96800
97300
97901
98200
99200
91604
89608
91902
89808
94007
97501
97400
94314
95606
93902
94005
99200
91903
92903
95433
97404
94901
95302
99200
99200
95614
88507
89315
93105
99200
99200
95300
93802
93702
95001
95301
95502
95101
95302
99200
99200
99200
99200
99200
99200
96300
96501
99200
99200
99200
99200
99200
99200
99200
99200
99200
99200
99200
99200
99200
99200
99200
97100
97900
99200
99200
99200
99200
99200
99200
99200
99200
99200
99200
99200
99200
99200
99200
99200
99200
99200
99200
99200
99200
99200
99200
99200
99200
99200
99200
99200
99200
99200
99200
99200
99200
99200
99200
99200
99200
99200
99200
99200
99200
99200
99200
99200
99200
99200
99200
99200
99200
99200
99200
97030
97006
99200
99200
99200
99200
99200
96601
97102
99200
99200
99200
99200
99200
99200
96600
97201
99200
99200
99200
99200
99200
99200
99200
99200
99200
99200
99200
99200
99200
99200
99200
99200
99200
99200
99200
99200
99200
99200
99200
99200
99200
99200
99200
99200
99200
99200
99200
99200
99200
99200
99200
99200
99200
99200
99200
99200
99200
99200
99200
99200
99200
99200
99200
99200
99200
99200
99200
99200
99200
99200
99200
99200
99200
99200
99200
99200
99200
99200
99200
99200
99200
99200
99200
99200
99200
99200
99200
99200
99200
99200
99200
99200
99200
99200
99200
99200
99200
99200
99200
99200
99200
99200
99200
99200
99200
99200
99200
99200
99200
99200
99200
99200
99200
99200
99200
99200
99200
99200
99200
99200
99200
99200
99200
99200
99200
99200
99200
99200
99200
99200
99200
99200
99200
99200
99200
99200
99200
99200
99200
99200
99200
99200
96300
96502
96100
94900
95502
99200
99200
99200
96000
96301
96300
95900
96100
96401
96000
96500
99200
99200
99200
99200
99200
96300
96100
96601
96402
96606
99200
99200
96300
96501
99200
96300
96300
94800
94901
99200
99200
99200
99200
99200
99200
99200
99200
99200
99200
99200
99200
99200
99200
99200
99200
99200
99200
99200
99200
99200
99200
99200
99200
99200
99200
99200
99200
99200
99200
99200
99200
99200
99200
99200
99200
99200
99200
99200
99200
99200
99200
99200
99200
99200
99200
99200
99200
99200
99200
99200
99200
99200
99200
99200
99200
99200
99200
99200
99200
99200
99200
99200
99200
99200
99200
99200
99200
99200
99200
99200
99200
99200
99200
99200
99200
99200
99200
99200
99200
99200
99200
99200
99200
99200
99200
99200
99200
99200
99200
99200
99200
99200
99200
99200
99200
99200
99200
99200
99200
99200
99200
99200
99200
99200
99200
99200
99200
99200
99200
99200
99200
99200
99200
99200
99200
99200
99200
99200
99200
99200
99200
99200
99200
99200
99200
99200
99200
99200
99200
99200
99200
99200
99200
99200
99200
99200
99200
99200
99200
99200
99200
99200
99200
99200
98302
98403
99200
99200
99200
99200
99200
99200
99200
99200
99200
99200
