0
0
27765
32268
25759
24463
37567
26244
24874
26908
34460
27255
28766
37564
36475
29289
27916
32324
24344
27547
22963
30359
34656
28142
32747
28201
30032
33365
35681
39546
24046
30147
31493
99200
99200
27978
40288
26561
33544
29178
30381
23653
26875
28042
29275
29123
30754
43237
42536
25880
29534
27421
31178
38627
30827
27261
29478
25342
27675
23965
31425
33607
33174
30842
33064
22770
37037
25731
32836
99200
99200
29028
27501
30319
32116
39776
24769
25110
22815
29471
32966
26864
29842
36405
26755
23817
25911
32442
26967
24648
23452
24880
33335
32906
27494
35490
26808
28145
28530
30572
37017
29779
33627
33947
36342
99200
99200
43347
35980
32203
42014
30074
27544
31955
40087
33231
33683
28038
41999
36403
42211
39662
34076
41407
29546
31833
32502
36607
34596
34542
36026
34725
41960
32741
36916
36132
36511
36283
37353
40212
49881
49599
99200
45731
42836
32979
38789
32537
40752
39616
33890
30829
40592
32314
44218
39676
47755
37118
42981
39608
41527
38488
36657
34551
39893
38565
31255
31626
36034
41366
39065
28719
33297
32095
37949
49646
39789
41934
99200
42338
44370
47979
38710
37619
43203
43077
37356
42655
56673
45498
44001
43979
51624
48886
43550
45756
52728
65186
53488
59515
52514
60062
44686
49359
48622
43293
52710
50810
44613
59084
69129
59573
52152
50199
99200
99177
55761
78637
61418
69233
68133
75391
63027
72554
63668
64770
68425
67766
73138
54693
57649
70361
69883
74639
72112
56785
65953
62450
64511
66060
69773
73691
74639
64275
66449
69541
73550
68101
77262
69895
99200
99200
84640
74601
85441
80486
86501
81955
88957
74265
88107
81114
77771
95311
85357
81520
79441
86633
80658
63270
71467
73700
69575
69736
72783
78954
87552
80959
71384
81143
80775
78761
75667
80286
83550
99200
99200
99200
86957
85185
90723
83688
89277
92266
84306
91622
87864
80383
81931
72978
80487
77407
87756
95096
80832
83207
85652
81698
84994
85011
93340
95327
87541
88695
84635
89175
86412
89897
83884
76607
86901
90379
99200
99200
75258
85153
79237
79246
69476
77883
62310
78831
69618
71965
76497
76523
69794
64150
75175
73712
77849
75862
69439
66846
83815
71371
69943
75424
72880
69852
70455
66525
71980
68027
64301
80880
75246
84752
99200
94486
73800
70229
81535
52579
71483
62866
75877
69461
69155
73183
66431
77373
70476
80950
81408
77034
69522
60529
60792
69175
73340
79442
78586
77858
70971
78883
68946
66071
73713
76641
63162
76110
70132
79517
99200
94936
53301
40999
43895
42753
39543
42373
52287
42049
42800
37889
46677
46451
46102
47536
47939
39173
43268
51472
46132
49727
42957
46833
48278
43291
41512
36851
48150
47451
56676
54427
44356
57347
50812
48047
99200
92795
52855
43052
54131
50614
56484
59122
59222
51667
48815
55785
63126
50824
63276
58052
63008
53502
65751
56151
55727
51340
49297
44987
61463
59367
50825
57341
60203
55408
57354
65221
57153
55453
54408
59488
99200
85905
71005
72092
64469
53932
70913
72264
60058
54095
61795
67746
57938
58001
59859
74703
67829
69085
63216
56637
76305
68863
78476
71079
63841
67962
63629
66520
77689
70115
72090
68688
84142
72234
66669
73150
99200
95300
77793
66794
80768
67779
73039
77529
79556
68278
72723
78252
76531
77781
79801
74618
77184
72776
72061
73289
71059
72144
70960
74419
73433
75743
76966
71960
66677
79838
75924
81792
72771
87072
70838
83150
99200
99200
84916
91466
91780
83836
83869
84163
95535
92999
99144
94569
93269
89317
81834
92214
91293
97295
99163
93069
97120
92534
96164
84785
86267
97417
85338
97120
95483
95169
85303
92263
90736
92963
89372
95466
99200
99200
99200
99200
95705
95634
99200
99200
99200
91943
95634
94627
96977
99159
99136
99196
99200
99200
96525
99200
99152
99200
99200
99200
95013
90126
96030
96823
93720
92034
99196
99147
92266
91279
96724
99200
99200
99200
95730
99200
96427
92067
90511
99200
99200
95931
95436
94841
94945
92984
95301
99200
95634
91271
90675
90780
99133
99200
99200
88916
99196
95852
94841
75465
93056
95040
99200
95139
95733
96605
95139
95066
99200
99200
87595
93214
86272
83858
82122
87125
82461
84904
91277
88689
83431
78961
85151
84400
86398
86624
91953
88954
75506
79969
88424
80052
82161
90085
86097
81697
93431
85039
86152
86497
82251
90981
88242
99173
99200
89573
99200
99196
88025
93937
99200
94172
93542
99200
94426
99200
95290
95435
99180
99008
92662
84022
89856
96020
95125
92983
96522
96327
92465
91799
99183
99200
93975
94743
92539
99200
97585
88481
99196
93451
99200
99200
96277
99200
94841
92960
86281
84055
82901
99170
92735
99180
89922
96720
91279
92861
92571
92833
99200
99145
95604
91345
96129
99200
99200
99147
96327
95853
99200
94072
93456
99200
84754
88863
95039
95167
99200
94439
99200
95259
99200
87802
99180
99170
95833
97219
99200
99200
94352
94582
97120
99193
97021
99196
99200
99167
99200
99200
93851
94544
93851
91276
99200
99196
91737
93157
99200
99183
99200
99200
99167
99200
99200
99196
99200
84267
96922
88215
89691
90925
93059
91867
95337
95238
87994
94743
90678
90285
84338
87906
99193
88585
93737
87804
99180
94643
86006
85433
99200
87998
94140
91067
94743
94743
96525
95425
97021
88280
99200
94273
96229
89601
95832
99200
93653
99183
91124
87983
90428
90838
99196
93058
99200
91055
94640
99200
93050
99193
89588
95505
93751
99200
93157
99200
99200
99200
83213
86909
99200
99196
84331
87337
99200
96526
99200
99200
99200
96328
99200
96714
99200
99200
99200
99200
96328
93543
99193
98171
96030
99103
97933
95851
99180
99200
99176
99200
99200
99200
94941
99193
99200
99193
96129
99200
99196
99200
96823
99200
99189
99190
99200
93739
96351
88402
91366
82034
75137
90553
78323
83384
82414
94133
90064
93258
99196
85730
96525
89005
80892
94949
87634
77879
94331
86603
88294
95238
93333
82749
99167
93255
93851
86114
87208
92214
86328
89893
99200
80531
90167
82644
94825
82825
80676
86594
86925
83232
79907
73600
87705
87593
84937
74740
95267
82893
86515
74675
85723
79299
93397
92951
82455
87511
76160
89285
79154
91881
89295
85263
88677
78128
74723
82185
99200
86876
76449
74460
80032
86015
82879
75218
73393
79360
84728
79373
80881
84407
80443
73070
73598
88168
87401
70532
79137
77715
78351
86908
79081
93455
89990
81125
70061
76676
81543
73999
78214
82432
83707
85994
99200
93848
81881
92561
88621
93564
91390
90773
82250
88558
93950
84936
89988
92364
84124
86114
88199
90739
81124
87610
88899
91697
94343
89292
88093
93127
86327
91573
85289
91771
83115
81524
92829
84689
83880
78173
99200
86919
82588
71854
84814
83243
75511
86408
67092
78364
75717
78996
84793
83204
76082
82252
81927
71131
82598
86508
77706
80083
80658
84729
77257
91870
86316
79164
67636
86672
81781
83418
84130
83844
84120
75222
99200
99200
99200
99200
97316
91749
99200
94001
97021
99200
99200
97021
99200
96732
99200
99200
96823
97120
97021
99200
99173
97968
99200
90437
97120
95039
99200
97120
99200
96809
96921
97318
99200
97219
99200
99196
99200
96243
99200
99200
99200
96625
93741
96504
99200
96228
99200
96228
99200
99193
99196
99200
99200
99200
99200
99200
99200
99200
99150
99186
99200
96229
95238
99200
99200
99200
96525
99200
95976
99200
99200
99066
99200
99200
99200
91772
99200
93046
99167
96614
99196
96129
94246
91286
99200
99200
94941
99107
99190
99196
99160
99200
99200
99200
99186
99200
99200
99200
99200
99200
93876
92960
92214
96129
99200
97516
99200
96027
99200
99196
99200
99140
99200
99193
99200
99200
99200
99200
97322
99200
97020
95436
99137
99193
99200
99200
99200
99200
96129
97097
96823
97021
99200
99200
99200
99196
99200
96228
97119
99129
99200
99200
92761
98134
99200
95921
99196
96705
99196
93750
99200
99200
93090
99189
99200
99200
99196
99200
99200
94389
94770
99200
99131
99179
99183
95117
97337
92284
93342
99196
98189
97924
97093
99200
99180
99176
99200
99200
97485
99200
99200
99037
99200
99200
99200
94564
99200
99200
99200
99193
99200
96920
94619
99183
97024
99200
99200
99200
99189
97063
99200
98348
99189
94475
99200
99200
96100
97816
99200
99200
96755
97033
96593
99200
99200
99189
99200
99200
99200
99200
99200
99200
99200
99200
99200
99200
99200
99200
99200
99200
99200
99200
99200
99200
96835
99200
99200
99200
99200
99200
99200
99200
98812
99200
96817
99200
99200
99200
99200
99200
99200
97151
99200
98714
99200
98201
99200
95804
96242
99189
99200
99200
99200
98569
96823
96129
94261
96927
99200
96085
96442
96922
97002
97874
99200
96771
99200
97458
99200
99183
99200
95398
95654
96720
96659
99200
99200
98768
99200
99196
98484
99200
99177
96094
96030
99200
99200
99200
99200
99200
96452
99200
99200
99189
99200
99200
99200
99200
99189
99200
96770
99200
99200
99200
98342
99200
99200
97239
99200
99200
99200
99200
92964
99200
99200
99200
99200
94430
99200
99200
99200
99200
99200
99200
99200
99200
99200
99200
99163
99200
99029
99200
95817
99200
99200
97361
96887
99200
97120
99200
99200
99200
96823
99200
99200
99200
99200
99200
99200
99196
99196
92160
83997
85933
89464
93383
94392
94449
89743
88019
94367
86012
88940
86053
81107
88215
88357
89937
89374
90658
88329
92893
85529
89686
90253
86647
93601
92083
84140
84366
90587
88727
87104
86153
83728
89784
96427
99200
89820
81680
85855
87789
93258
84953
93999
90343
85788
85969
90420
87103
91554
92757
90120
90347
88683
91511
81891
92672
85125
93259
93034
87682
90599
91566
85274
83714
88777
86071
88462
93419
86839
88155
87807
99200
94362
88411
92744
89758
94763
95501
93937
95305
93516
92756
95222
90548
88503
91856
94224
94771
95145
92213
91903
96143
97021
96922
96823
94644
96203
90257
92654
93210
94919
92726
96719
85147
94799
92581
94358
99200
93291
93726
92496
91195
81712
91998
91085
89352
95363
93867
91221
90854
82340
89693
85425
91942
91503
91399
92065
90036
94308
93858
89943
89900
90676
91174
86289
91756
92535
90728
84623
85004
87246
86828
99200
99200
99200
99200
99200
99200
99200
99200
99200
96525
99200
99200
99200
99200
99200
99200
99200
99200
99200
99200
99200
99200
99200
99200
99200
99200
99200
99200
99200
99200
99196
99193
99200
99200
99200
99200
99200
97680
99200
99200
99200
96923
97714
97417
97125
99200
99200
99200
99196
97450
99200
99200
97417
99200
99200
99200
97912
97283
99200
99200
99200
97346
99177
99200
99200
99200
99200
99200
99200
97615
99200
99200
99200
99200
95416
99200
99196
99200
99200
99200
96921
95689
99200
99200
94233
95240
99174
99200
99200
99200
96819
99200
96776
96624
99196
99200
99200
99196
99200
99200
99200
99200
99200
94136
95931
96819
99200
99200
99200
99200
99200
99200
99200
99135
99200
99200
99200
99200
99200
99147
99200
99200
99200
99196
99200
99200
99200
99108
95127
99200
96849
99200
99177
99200
99196
99200
99200
99200
99200
96981
99196
99200
99200
99200
99200
99200
97427
96229
99190
97103
96075
99200
99200
99189
99200
99200
99196
97511
99193
99200
99177
92498
99200
99111
94944
99180
99200
95426
99200
99200
99200
99156
99200
99200
95063
99200
99200
95634
99172
99200
99200
99200
99200
99200
99200
99200
99200
99200
99200
99193
99200
99200
99200
99200
99189
99200
95734
99200
99200
99200
99200
99200
99200
99200
99200
99200
99200
99200
99200
99200
99200
99200
99196
99200
99200
99200
99200
99144
99200
97791
99200
99196
99200
99193
97219
99200
99200
99200
99200
99200
99200
94021
99200
96427
99200
99200
99200
99200
99200
99200
99196
95440
97417
99200
99200
99200
97344
99200
97318
99200
99200
99200
99200
96625
99200
99200
99200
99200
99200
99196
99200
99200
99196
96423
94716
97417
99200
96228
99200
99200
99200
97975
96511
99180
97219
99200
99200
99200
99200
99200
99200
99200
99200
99193
96605
99200
99200
99200
99200
99200
99200
99200
99200
99200
99200
99200
99200
99200
99200
99200
99200
99200
99200
99200
99200
99200
99200
99200
99200
99200
99200
99200
99200
99200
99200
99200
99200
99200
99200
99200
99200
99200
99200
99200
99200
99200
99200
99200
99200
99200
99200
99200
99200
99200
99200
99200
99200
99200
99200
99200
99200
99200
99200
99200
99200
99200
99200
99200
99200
99200
99200
99200
99200
99200
99200
99200
99200
99200
99200
99200
99200
99200
99200
99200
94148
99200
99200
99200
99193
99200
99200
99200
99200
99200
99200
99200
94049
99200
99200
99200
96937
99200
99200
99200
96030
99200
99200
99200
99200
99200
99200
99200
99200
99200
99200
99200
99200
99200
96126
99183
99200
99200
99200
99196
98166
99200
99200
99200
99200
99200
99200
99200
99200
99200
99200
99200
99200
99200
99200
99200
99200
99200
99200
99196
99200
99193
99200
99200
99200
99200
97021
99200
99200
95842
99200
97234
99200
99200
99200
96567
99109
95846
96621
97120
94441
96275
94046
97026
94154
97021
92561
97126
96929
95461
94932
96547
96530
99200
99200
99200
99200
96599
99200
96526
96496
94445
96541
99200
99200
89890
96526
95040
95337
92959
89986
93058
93905
92617
96100
95337
93229
91134
89221
97021
96427
93029
95086
89989
92861
92700
92860
93454
93653
93851
97162
96922
95307
97219
92884
95049
90900
93278
93157
99200
99200
96246
93732
93906
96129
96359
92709
90833
96031
94044
87503
93862
99200
90179
95119
91931
94645
93554
94285
93943
96228
92763
92500
96779
91073
88794
87883
89398
96327
93472
96031
93776
94566
99157
92761
99200
99200
93927
88903
92561
95227
89962
94061
92363
93158
90992
96525
95237
93950
95798
96129
92860
96208
94149
95819
91425
93646
92602
93744
92913
90567
92764
90925
94940
94444
91190
95473
95327
91067
92864
90093
99200
99200
93871
97129
94197
96423
97021
96404
96525
94941
96426
91638
94817
94132
93559
89454
99196
94743
86319
96426
93739
99200
91574
99177
95337
96314
94168
99170
99200
90579
94637
99200
90114
96820
90176
87723
99200
99200
96733
99200
99200
99200
99200
99196
99200
99200
99200
96740
96030
99200
99200
99200
99200
99200
96724
99200
99200
96537
95931
99200
99193
99200
99200
99200
99200
99200
99200
96674
99200
96724
99200
99200
99200
99200
99200
99200
99200
99200
99200
99200
99200
99200
99200
99200
99200
99200
99200
99200
96624
99200
99200
99200
99200
99200
99200
99200
99200
99178
99200
99200
99200
99200
99200
99200
99196
99200
99200
99200
99200
99200
99200
99200
99200
96918
99117
99200
99200
99200
99200
99200
96945
97100
95139
99200
95634
99200
96812
99200
99200
99200
99200
97021
96846
96522
99200
99200
99200
97784
96723
99200
99196
99200
99177
99200
99200
99200
99200
99196
99200
99200
99200
99196
99200
99200
98110
99200
97516
99200
99200
99200
99200
99200
99200
99200
99200
99200
97624
99186
99200
99165
99200
99196
99200
99200
99200
97615
99200
99200
99189
97912
99200
99200
99200
99200
99164
99200
99193
99200
96998
99200
99200
99200
99200
98234
99200
99200
99200
99200
99200
99200
99200
99200
99200
99200
99200
99200
99200
99200
99200
99200
99200
99200
99196
96922
99200
99200
99200
99200
99200
96625
99196
99167
99190
99200
99200
99200
99200
99200
96840
99200
96922
99200
99200
99158
95045
99200
99200
99200
99200
99200
99200
99200
99200
99200
94432
99200
99200
99200
99200
99200
99200
99200
99200
99200
99200
97021
97021
97120
99200
97021
99200
96193
97021
99200
96922
97219
97120
94443
97023
95104
96922
99200
97120
97219
99200
99193
99200
97021
97219
97021
97216
97120
96922
99200
95139
99200
99200
99200
99200
99200
95328
95931
96522
93547
97318
93947
99187
95532
92455
94148
96823
97612
96823
97634
91563
96819
93950
97120
96918
93741
94733
93720
96723
96868
94743
96823
99200
95634
97209
99200
99200
96659
97216
97120
99200
99200
93332
95172
95552
93282
92103
99200
99187
96752
96509
90572
94942
96453
99200
95010
96922
97120
96218
91077
91356
94941
96723
94640
99200
97278
96664
95915
93554
94768
94320
99180
94445
91870
95812
97297
99200
99200
97714
98053
95734
97953
95238
94938
97018
97714
99193
96707
99189
94134
94445
97516
97909
99200
93355
93468
97615
97681
95989
99200
96030
97810
97711
97886
99200
97912
96228
99196
97691
96820
97912
97912
99200
99200
91613
97318
93452
92862
95480
97513
97417
94208
99183
93949
95935
99168
91923
97711
95371
98991
94935
99180
97763
97572
94120
92960
90596
97304
95035
99172
93298
97463
95211
97056
92164
99024
93906
99159
99200
99200
99200
99200
99200
99200
96327
99200
99200
99200
99200
99193
99200
99200
99200
99200
99200
99200
99200
99200
99200
99200
99196
97120
99200
99183
99200
99200
99200
99200
99200
99200
99200
99200
99200
99200
99200
99200
99200
99200
99200
99193
99200
99173
99200
98679
99200
99200
99200
99200
99196
99200
99200
99200
99200
99200
99200
99200
99196
99200
99098
99200
99200
99200
99200
99200
99200
99200
99200
99200
99200
99200
99200
99200
99200
97020
99200
99200
99200
99200
99200
99200
96624
99200
99200
99200
99200
99200
99200
99200
96624
99200
99200
99200
99200
99200
99200
99200
99200
99200
99190
99200
99200
99200
99200
99200
99200
99200
99200
99200
99200
99200
99200
99200
99200
99200
99200
99200
99200
99200
99200
99200
99200
99200
99200
99196
99200
99200
99200
99200
99200
99200
99200
99200
99200
99200
99200
99200
99200
99200
99200
99148
99200
99200
99200
99200
99200
99200
99200
99200
99200
99200
99200
99200
99200
99200
99200
99200
99200
99200
99200
99200
99200
99200
99200
99200
99200
99200
99200
99200
99200
99189
99200
99200
99200
99200
99200
99200
99200
99200
99200
99200
99169
99200
99200
99200
99200
99200
99200
99200
99149
99193
99200
99200
99200
99200
99200
99200
99200
99200
99200
99196
99200
99200
99200
99200
99200
99200
99200
99200
99200
99200
99200
99183
99200
99178
99200
99200
96328
99200
96130
94936
99200
97808
99200
99200
96031
98958
96328
95932
96130
96427
96031
99200
96472
99200
99200
99200
99200
96328
96130
99200
96427
99200
97583
99200
96328
99196
99200
96328
96328
94837
99200
99200
99200
99200
99200
99200
99200
99200
99200
99200
99200
99200
99200
99200
99200
99200
99200
99200
99200
99200
99200
99200
99200
99200
99200
99200
99200
99200
99189
99200
99200
99200
99200
99200
99200
99200
99200
99200
99200
99200
99151
99200
99200
99200
99200
99200
99200
99200
99200
99200
99200
99200
99200
99200
99200
99200
99200
99200
97392
99200
99196
99200
99200
99189
99200
99200
99200
99200
99200
99200
99200
99200
99200
99200
99200
99200
99200
99200
99200
99200
99186
99200
99200
99200
99200
99200
99200
99196
99200
99200
99200
99200
99200
99200
99200
99200
99200
99200
99200
99200
99200
99200
99200
99200
99196
99200
99200
99200
99200
99200
99200
99200
99200
99200
99196
99200
99200
99200
99200
99200
99200
99200
99200
99200
99189
99200
99200
99200
99200
99200
99200
99200
99200
99200
99200
99200
99200
99200
99200
99200
99200
99200
99193
99200
99200
99200
98302
99200
99200
99200
99193
97978
98171
99183
99200
99200
99200
99200
