None
None
None
None
None
None
None
None
None
None
None
None
None
None
None
None
None
None
None
None
None
None
None
None
None
None
None
None
None
None
None
None
None
None
None
None
None
None
None
None
None
None
None
None
None
None
None
None
None
None
None
None
None
None
None
None
None
None
None
None
None
None
None
None
None
None
None
0.9963856898248196
0.9951298646628857
0.9936799928545952
0.9918204508721828
0.9901783596724272
0.9884157720953226
0.9867746811360121
0.9856984075158834
0.9831644911319017
0.9816258642822504
0.9807993229478598
0.9791029896587133
0.9790409617125988
0.9746213909238577
0.9761547390371561
0.9740603342652321
0.9701606072485447
0.9694102257490158
0.9670133292675018
0.9682080168277025
0.9679472222924232
0.9651223309338093
0.9639090821146965
0.9588504526764154
0.9567760303616524
0.9548243023455143
0.9534876681864262
0.9519782308489084
0.9461855627596378
0.9496754202991724
0.9490679949522018
0.9412047043442726
0.9479099474847317
0.9468272477388382
0.9367450904101133
0.9371092468500137
0.9343103859573603
0.9287286251783371
0.9293560031801462
0.9290540404617786
0.9287662655115128
0.9188493750989437
0.9180508255958557
0.9162686504423618
0.9137596059590578
0.9150899425148964
0.8992058150470257
0.9177450072020292
0.9136745408177376
0.8998683448880911
0.8919560462236404
0.9014460202306509
0.9089660253375769
0.9010416120290756
0.899291031062603
0.8956390861421824
0.9001583177596331
0.8833817299455404
0.8736628722399473
0.9025631919503212
0.8785928953438997
0.8703967407345772
0.8718218561261892
0.8811297714710236
0.8645467776805162
0.8767173197120428
0.868795357644558
0.863207645714283
0.8940672166645527
0.8579733036458492
0.8642737362533808
0.9017274975776672
0.829549890011549
0.8542426060885191
0.9006151501089334
0.8430330082774162
0.8761458080261946
0.8500750157982111
0.8599189314991236
0.8638648223131895
0.8966907579451799
0.8303521126508713
0.8483700975775719
0.8377337902784348
0.8533431589603424
0.8936281763017178
0.8670966736972332
0.8294016048312187
0.8245929386466742
0.8071518559008837
0.8683856893330812
0.8545592706650496
0.8280118331313133
0.8527683727443218
0.8360330108553171
0.8235704991966486
0.8189712297171354
0.8321388587355614
0.8472757339477539
0.851186528801918
0.8303380776196718
0.830209270119667
0.8085602819919586
0.8362723011523485
0.8122435454279184
0.8161689713597298
0.816177137196064
0.8144257068634033
0.8102366477251053
0.8215451575815678
0.7949377447366714
0.8252543732523918
0.7442455235868692
0.8264151737093925
0.8131140265613794
0.7730634193867445
0.7938411794602871
0.7931576129049063
0.7894270345568657
0.785607323050499
0.7824714910238981
0.7929782904684544
0.8133820854127407
0.7863162495195866
0.7524914667010307
0.8059955649077892
0.7960717249661684
0.8119526840746403
0.8285672925412655
0.8120734393596649
0.7673089560121298
0.7886801976710558
0.8058393411338329
0.8165349997580051
0.7339336257427931
0.8091207947582006
0.7723295483738184
0.749568710103631
0.8336775731295347
0.7540125176310539
0.7582421209663153
0.7428868059068918
0.7309184968471527
0.7702975366264582
0.7813519705086946
0.7817976642400026
0.7812702711671591
0.8526859618723392
0.7414397019892931
0.7635092325508595
0.7345623150467873
0.74223324470222
0.800266545265913
0.7762594595551491
0.7880419418215752
0.776688763871789
0.8147753942757845
0.8295911345630884
0.8352136872708797
0.7187290322035551
0.6828399337828159
0.7533310409635305
0.7784134969115257
0.7907008435577154
0.7075618915259838
0.7508976496756077
0.8322722502052784
0.7463086079806089
0.6945539265871048
0.8010224252939224
0.7173372842371464
0.7231615949422121
0.7194489184767008
0.7967436984181404
0.8297630529850721
0.7903451565653086
0.7889992780983448
0.7630114741623402
0.822383776307106
0.7534817177802324
0.7873847410082817
0.7843563240021467
0.7572603709995747
0.7326323930174112
0.8047668673098087
0.7862441800534725
0.8351491075009108
0.7015423681586981
0.7381407804787159
0.7772979494184256
0.7081486713141203
0.6835354156792164
0.7313002608716488
0.7047683708369732
0.815484682098031
0.78189767152071
0.7688768971711397
0.7393625695258379
0.6967533696442842
0.7789559122174978
0.7539707440882921
0.7578916698694229
0.6634861845523119
0.8021522350609303
0.6459036786109209
0.7489768117666245
0.6832187213003635
0.7615577522665262
0.8579369634389877
0.706057496368885
0.7305384427309036
0.7141445968300104
0.8210411947220564
0.7580142747610807
0.7052750010043383
0.7912672236561775
0.7279162723571062
0.6773283760994673
0.7517525181174278
0.7480074558407068
0.8035080321133137
0.7150000184774399
0.6509322971105576
0.7533721793442965
0.6725658308714628
0.7071727849543095
0.6936233285814524
0.7444251626729965
0.7254258804023266
0.6727409549057484
0.6418792009353638
0.8222423996776342
0.7352741006761789
0.7273093815892935
0.7098519038408995
0.7219646815210581
0.746493311598897
0.7375282011926174
0.7525258306413889
0.7116784695535898
0.7029646765440702
0.6733794808387756
0.7683211080729961
0.6675343904644251
0.6674325373023748
0.7044613305479288
0.6544586475938559
0.7773748114705086
0.8091392144560814
0.6876174658536911
0.7057947218418121
0.8408909607678652
0.6471938192844391
0.7235790248960257
0.7869550362229347
0.764487000182271
0.6013204921036959
0.7420242615044117
0.6690080314874649
0.7596890088170767
0.6523524690419436
0.677074771374464
0.7648790590465069
0.6181552093476057
0.7746846713125706
0.7090652585029602
0.730060487985611
0.6984344609081745
0.8506893720477819
0.7594567071646452
0.73164969868958
0.6702802665531635
0.7340366840362549
0.7121897377073765
0.7562019843608141
0.7040075771510601
0.6838544197380543
0.7298559583723545
0.7012597471475601
0.7722012605518103
0.7545932978391647
0.7026983201503754
0.7129321563988924
0.7330177323892713
0.7003458812832832
0.6440685950219631
0.7347928322851658
0.7160254623740911
0.6302475314587355
0.7991383634507656
0.7045281138271093
0.8153384197503328
0.8128090333193541
0.78730549197644
0.7002573888748884
0.7759713288396597
0.6629017582163215
0.6037346832454205
0.7382408641278744
0.7394718285650015
0.7145044356584549
0.6171414451673627
0.6661201268434525
0.6912006586790085
0.7480185609310865
0.729034598916769
0.7247324027121067
0.7645758111029863
0.7054948303848505
0.5921057825908065
0.7606490068137646
0.7153292540460825
0.6824757289141417
0.6774072470143437
0.704558964818716
0.6523143025115132
0.7041538171470165
0.6520881857722998
0.5664355801418424
0.6595886424183846
0.6270741792395711
0.745829526335001
0.7476936932653189
0.6823931289836764
0.5663278223946691
0.8112917635589838
0.6514640208333731
0.6732989307492971
0.659735688008368
0.6593507509678602
0.7504870165139437
0.696894658729434
0.7165628559887409
0.6999897053465247
0.6667502727359533
0.5902903042733669
0.7526330146938562
0.6864652205258608
0.6407729033380747
0.6871080789715052
0.7137265093624592
0.6935476548969746
0.5897549940273166
0.5950093856081367
0.8199250511825085
0.6204483387991786
0.6678849421441555
0.6971159428358078
0.7007240131497383
0.6189088821411133
0.6058340901508927
0.7208894435316324
0.6461887629702687
0.6458013486117125
0.6969023942947388
0.5678020687773824
0.5875729462131858
0.6729959882795811
0.5804730346426368
0.6054548164829612
0.6620822297409177
0.6208808366209269
0.682110833004117
0.7271699830889702
0.6747260875999928
0.6011159922927618
0.7135241581127048
0.6017797887325287
0.6291341409087181
0.6340922508388758
0.5096560018137097
0.6364950919523835
0.584658338688314
0.7093364018946886
0.6976867616176605
0.5769276600331068
0.6213494073599577
0.5975405229255557
0.6704891361296177
0.6312869116663933
0.6238571554422379
0.5882990816608071
0.7072055246680975
0.7041795793920755
0.5670500379055738
0.6682193260639906
0.6122366106137633
0.574205469340086
0.7550269458442926
0.6548313517123461
0.6030146041885018
0.5705491229891777
0.5770338894799352
0.6652148440480232
0.5761715713888407
0.7583276126533747
0.6103936778381467
0.7040945645421743
0.7246530782431364
0.7943465560674667
0.7233978062868118
0.6758222011849284
0.5577944768592715
0.634619751945138
0.7542062364518642
0.6043488970026374
0.7679781522601843
0.7693392857909203
0.6270549250766635
0.6279606334865093
0.6554610636085272
0.6691429922357202
0.673213541507721
0.6733335461467505
0.6106241624802351
0.7079343376681209
0.7157650394365191
0.6215804861858487
0.5285884374752641
0.5583035107702017
0.7724884543567896
0.655092928558588
0.6833988334983587
0.662265483289957
0.8230369631201029
0.5700676692649722
0.7664821054786444
0.589494951069355
0.6790004074573517
0.7356457635760307
0.6433471608906984
0.6182632325217128
0.6442026253789663
0.5922061260789633
0.7058076318353415
0.8303127940744162
0.7491401080042124
0.71987269166857
0.6121891736984253
0.6603464335203171
0.7197737358510494
0.8016553111374378
0.6314231287688017
0.6188637977465987
0.687211281619966
0.7053381707519293
0.6130428891628981
0.6483409414067864
0.7295968495309353
0.47166294138878584
0.5718570947647095
0.6236846782267094
0.7600630689412355
0.6867907326668501
0.7046953830868006
0.5684927133843303
0.6568739600479603
0.6245786491781473
0.8048038389533758
0.6395492367446423
0.666068097576499
0.6629767837002873
0.7122087273746729
0.6435826504603028
0.8484407626092434
0.7861859276890755
0.8110678605735302
0.6645699124783278
0.680535739287734
0.7356460895389318
0.7369661573320627
0.6979306656867266
0.8294757641851902
0.6573927188292146
0.7131673004478216
0.7545072957873344
0.7432632148265839
0.7239333912730217
0.6755423359572887
0.6180435381829739
0.7505399994552135
0.683550801128149
0.6813800353556871
0.5803276058286428
0.5865412764251232
0.5766521319746971
0.6322434265166521
0.6332074431702495
0.5453855497762561
0.6003281567245722
0.6652763597667217
0.702637443318963
0.7583141587674618
0.7044975096359849
0.6377444639801979
0.6736496314406395
0.637875690124929
0.701649671420455
0.652061527594924
0.7203422002494335
0.6715938691049814
0.7487624362111092
0.6691488260403275
0.7501552030444145
0.7143748598173261
0.7480104137212038
0.7063823901116848
0.7384187374264002
0.672526266425848
0.8310421966016293
0.655717546120286
0.6305513959378004
0.6988320536911488
0.6537541560828686
0.7187395207583904
0.7093695495277643
0.6257369322702289
0.6537877563387156
0.7012160606682301
0.6937920711934566
0.7093609347939491
0.6702665984630585
0.6290077501907945
0.7316589578986168
0.7638214211910963
0.7125439886003733
0.6650973502546549
0.753930788487196
0.7243157047778368
0.6929492615163326
0.6184048857539892
0.6079791216179729
0.6564943259581923
0.6131193665787578
0.5332539118826389
0.6958733610808849
0.5940850377082825
0.6361042894423008
0.7759575322270393
0.7225588150322437
0.7071075662970543
0.644174275919795
0.7614991329610348
0.6548524992540479
0.74177136272192
0.6971758864820004
0.6488576829433441
0.7567927818745375
0.6909934263676405
0.6983485016971827
0.7650147955864668
0.7490013483911753
0.7370524350553751
0.6927170362323523
0.7338499072939157
0.67538639344275
0.6795767433941364
0.6890113381668925
0.7242356967180967
0.6553774941712618
0.6678408440202475
0.6363487727940083
0.6993554960936308
0.7326614614576101
0.7495314385741949
0.7940524723380804
0.7195767015218735
0.7555200047791004
0.6580208353698254
0.58118384052068
0.691847775131464
0.8234192952513695
0.7435960471630096
0.7147331247106194
0.7134588658809662
0.6505988221615553
0.8058107476681471
0.7255141623318195
0.7149579674005508
0.7431832328438759
0.8043054044246674
0.7908269315958023
0.7623880263417959
0.7272966783493757
0.6979247014969587
0.6568987239152193
0.669177521020174
0.71952074021101
0.7751938067376614
0.7210556101053953
0.6940496321767569
0.7034735940396786
0.5841988883912563
0.8034967128187418
0.8047430459409952
0.7281140983104706
0.795436330139637
0.6853266060352325
0.6924453787505627
0.633743280544877
0.8057255763560534
0.6297267880290747
0.711623128503561
0.7697262316942215
0.7367844674736261
0.6448873952031136
0.6198078179731965
0.7782916743308306
0.7829186748713255
0.7105974163860083
0.6529182437807322
0.5955102071166039
0.6797890504822135
0.7715278882533312
0.6785221640020609
0.7075495161116123
0.6119993338361382
0.7482111193239689
0.6875407509505749
0.7793483790010214
0.7074199039489031
0.7191610634326935
0.7360314968973398
0.7815895415842533
0.6265889527276158
0.6591244116425514
0.7010458521544933
0.7766263745725155
0.5701779490336776
0.6230204179883003
0.7528803218156099
0.6826944146305323
0.6428861133754253
0.7244809754192829
0.8071755673736334
0.673842141404748
0.7070352677255869
0.7151390053331852
0.6968018598854542
0.5776232341304421
0.7044431958347559
0.767411831766367
0.6583959218114614
0.6965522412210703
0.7493769768625498
0.7815664540976286
0.7239681314677
0.7622837908565998
0.7446514964103699
0.6385116875171661
0.7533310912549496
0.827848544344306
0.6937574837356806
0.7088388074189425
0.7015350703150034
0.672685069963336
0.7078826725482941
0.8006729390472174
0.6846021860837936
0.7154672406613827
0.6625337954610586
0.7819344066083431
0.7549164816737175
0.7304479815065861
0.7784162554889917
0.6735029201954603
0.7522685676813126
0.6566566601395607
0.8030088152736425
0.604749295860529
0.6692002732306719
0.7962980158627033
0.7012610603123903
0.755218492820859
0.7234444487839937
0.7545984890311956
0.7180950250476599
0.7286731414496899
0.7472528405487537
0.7633804008364677
0.7144577782601118
0.6898181736469269
0.6869559874758124
0.7514948528259993
0.7774115987122059
0.6287280581891537
0.6911417059600353
0.7097840867936611
0.7483694721013308
0.8474605139344931
0.6413920149207115
0.79502909258008
0.7941282223910093
0.6836486309766769
0.7389105539768934
0.7495695389807224
0.7502694129943848
0.788360046222806
0.7729382384568453
0.6894108429551125
0.6853808853775263
0.6871043685823679
0.643317885696888
0.6351588219404221
0.8006277717649937
0.687687462195754
0.6807919200509787
0.6874679587781429
0.8238210752606392
0.7472380064427853
0.7484824229031801
0.6827976014465094
0.770492410287261
0.760183684527874
0.8038196209818125
0.7833828013390303
0.7740673311054707
0.7344791330397129
0.7882689628750086
0.7041670735925436
0.7068977151066065
0.6786423549056053
0.7420208249241114
0.7288340609520674
0.7015743963420391
0.7373070381581783
0.7290222607553005
0.6949837300926447
0.7206434980034828
0.7929207496345043
0.8260826598852873
0.7382080592215061
0.6526021752506495
0.8269220665097237
0.6700023971498013
0.7421129811555147
0.7949244752526283
0.7513140849769115
0.6857178062200546
0.8266649190336466
0.8400003537535667
0.6456238739192486
0.7916839420795441
0.8208022732287645
0.6227550376206636
0.8273974619805813
0.7729332130402327
0.7127030920237303
0.7760284394025803
0.7026460785418749
0.7573212273418903
0.7497001439332962
0.6565085612237453
0.7292042374610901
0.7311455737799406
0.8061051853001118
0.6728941537439823
0.7340853549540043
0.6973518505692482
0.7128977570682764
0.7179136294871569
0.6948179006576538
0.7316088248044252
0.8337365500628948
0.7905247192829847
0.6404423825442791
0.8279275856912136
0.633055692538619
0.6829246655106544
0.7188454810529947
0.7815984301269054
0.7902496419847012
0.7609725147485733
0.8391297366470098
0.7396528068929911
0.762584125623107
0.7736755348742008
0.7342419605702162
0.7038520481437445
0.714610893279314
0.6657365206629038
0.7610783372074366
0.7455468736588955
0.8526657577604055
0.7806181088089943
0.7713099904358387
0.7303425297141075
0.831643607467413
0.72754124738276
0.7421118132770061
0.7393010836094618
0.8349946923553944
0.8231580555438995
0.8156238626688719
0.768098583444953
0.6580034885555506
0.8313053362071514
0.8636495303362608
0.7922483999282122
0.7357358448207378
0.7924317922443151
0.6964165177196264
0.7138582430779934
0.7176117468625307
0.8215890415012836
0.7617552075535059
0.7734358347952366
0.7865484617650509
0.7074879910796881
0.6585717182606459
0.8167966231703758
0.7815643288195133
0.8185110203921795
0.8209864124655724
0.739320732653141
0.7545194886624813
0.6533040255308151
0.7719488963484764
0.7076010871678591
0.7716698423027992
0.7574563324451447
0.713591817766428
0.8182986229658127
0.7967186737805605
0.7714269291609526
0.753871213644743
0.7880216799676418
0.7576217018067837
0.7382103092968464
0.7582634445279837
0.7598868925124407
0.8994566518813372
0.7473493125289679
0.772472620010376
0.8094190768897533
0.7519057188183069
0.8687411807477474
0.828684963285923
0.7936527226120234
0.7096914108842611
0.743102865293622
0.8384610563516617
0.798064187169075
0.8432515598833561
0.7502865456044674
0.7943487018346786
0.772683234885335
0.6757337842136621
0.7654312644153833
0.7726117819547653
0.8403694275766611
0.7085463795810938
0.7745819203555584
0.8043186087161303
0.8160922583192587
0.7706313729286194
0.7335054539144039
0.7643327917903662
0.871643453836441
0.7421222757548094
0.7211472690105438
0.8057297635823488
0.7758669126778841
0.8066197317093611
0.7255168240517378
0.7938507851213217
0.8137958254665136
0.797528276219964
0.8248243201524019
0.7752871420234442
0.7832694668322802
0.7350990734994411
0.7670317068696022
0.8215980678796768
0.7943987343460321
0.7137679327279329
0.7881600521504879
0.7409117314964533
0.8081230074167252
0.7732561659067869
0.7308182958513498
0.7772100642323494
0.7579881772398949
0.7693174369633198
0.8530376646667719
0.8266429211944342
0.7154275625944138
0.7273831777274609
0.8194710649549961
0.8270565029233694
0.7813400905579329
0.7355661448091269
0.7484286110848188
0.8334873113781214
0.832234151661396
0.73324029520154
0.8513447660952806
0.7391061615198851
0.7062067184597254
0.7605995144695044
0.7435904089361429
0.7941987011581659
0.7923051677644253
0.7718169800937176
0.8185865860432386
0.7426937762647867
0.7741147223860025
0.7151343934237957
0.818974981084466
0.8238089848309755
0.772802323102951
0.7694659475237131
0.7681489586830139
0.8093649726361036
0.828379774466157
0.7499673813581467
0.7480827793478966
0.7417029775679111
0.8020123727619648
0.7686239127069712
0.8762212712317705
0.814240600913763
0.8466787934303284
0.8915872164070606
0.7336365319788456
0.7645516004413366
0.8552093468606472
0.8387294504791498
0.7311623021960258
0.7785161845386028
0.8100021090358496
0.7833689022809267
0.8204163517802954
0.815606527030468
0.8149825464934111
0.7417012993246317
0.7539317458868027
0.8177010249346495
0.8512134812772274
0.7951692808419466
0.8040767200291157
0.7860198188573122
0.87385761924088
0.8696240782737732
0.7982234265655279
0.8125774413347244
0.7521925792098045
0.7633875720202923
0.876554224640131
0.859577352181077
0.7539002504199743
0.8770860973745584
0.7506702113896608
0.7996376138180494
0.8639466781169176
0.7797453086823225
0.7999245468527079
0.820400308817625
0.7622306197881699
0.7720566429197788
0.8222022317349911
0.7505438830703497
0.7983609680086374
0.8208492863923311
0.8123461026698351
0.8487033192068338
0.844316054135561
0.8051575813442469
0.8112535737454891
0.8535586856305599
0.8271994888782501
0.7688791342079639
0.7661485187709332
0.803834842517972
0.8168278262019157
0.7973058056086302
0.7735473960638046
0.8339506313204765
0.7684763353317976
0.8533114064484835
0.8434625510126352
0.8061182294040918
0.8265182264149189
0.8716526180505753
0.8701464310288429
0.7798907849937677
0.8571139704436064
0.7617073655128479
0.8016995918005705
0.7727784719318151
0.8064414989203215
0.8179371505975723
0.8042978662997484
0.8357004355639219
0.8120428286492825
0.8683290276676416
0.7575703710317612
0.811030363664031
0.8201392330229282
0.894312059506774
0.8171043694019318
0.7554306294769049
0.7697517704218626
0.80599495023489
0.8097590170800686
0.7851818334311247
0.7794177103787661
0.8864322416484356
0.8417143188416958
0.8325447384268045
0.7936432547867298
0.8466563764959574
0.8100262451916933
0.8197522331029177
0.788039917126298
0.7986965347081423
0.7903780229389668
0.7716785538941622
0.8264028485864401
0.8823095187544823
0.8334069326519966
0.7984377890825272
0.7898145951330662
0.8433943558484316
0.758427832275629
0.8821713719516993
0.8526825606822968
0.782182864844799
0.7605710718780756
0.7963936943560839
0.781749876216054
0.7638515699654818
0.8373559061437845
0.8070059064775705
0.8222746569663286
0.7534774336963892
0.8314883727580309
0.8210325092077255
0.8413476049900055
0.8740765117108822
0.8344773072749376
0.7719475943595171
0.7990934308618307
0.7999204192310572
0.8214350212365389
0.8260849881917238
0.820619635283947
0.8446619622409344
0.7996469661593437
0.8501076363027096
0.8279118668287992
0.7930137794464827
0.8495334573090076
0.7739428542554379
0.7587552666664124
0.7923644538968801
0.7916096467524767
0.8194279093295336
0.8901946414262056
0.8091012518852949
0.8582965694367886
0.8592268563807011
0.8434486258774996
0.8340325187891722
0.755458353087306
0.785279668867588
0.7534148748964071
0.8197258748114109
0.806505274027586
0.8710858374834061
0.8173491880297661
0.8296798150986433
0.7936395779252052
0.8216324038803577
0.7948408164083958
0.8595555238425732
0.8267441783100367
0.7585325576364994
0.8111251257359982
0.7930922266095877
0.8513192720711231
0.748238280415535
0.8667579088360071
0.7713636979460716
0.7996562961488962
0.8199050221592188
0.8155182506889105
0.8043009713292122
0.7805232778191566
0.7841027490794659
0.785779170691967
0.7660310473293066
0.786793164908886
0.7650098390877247
0.8283867258578539
0.7949637398123741
0.7486455347388983
0.8199735302478075
0.8368340730667114
0.7962867952883244
0.8186736758798361
0.7951565552502871
0.7834936194121838
0.8027669657021761
0.8457007389515638
0.8245049826800823
0.7956724762916565
0.8254022561013699
0.7323030084371567
0.811696995049715
0.8312518298625946
0.87357197701931
0.819001441821456
0.8209914863109589
0.8021049592643976
0.8382890950888395
0.8027382735162973
0.7952426001429558
0.799047751352191
0.8194244299083948
0.8401973154395819
0.8278606962412596
0.8414026536047459
0.8536856565624475
0.8142271284013987
0.8172728139907122
0.799348583444953
0.7931075673550367
0.871301731094718
0.7704470790922642
0.8417941816151142
0.8256652876734734
0.872474305331707
0.869752436876297
0.863660616800189
0.888398215174675
0.82823889516294
0.781276335939765
0.8369944095611572
0.819720696657896
0.7680331654846668
0.784359335899353
0.8501039259135723
0.8447672817856073
0.8356165774166584
0.8247274588793516
0.8055279813706875
0.790216414257884
0.7840088494122028
0.8074960540980101
0.8448347225785255
0.7888621501624584
0.7748280148953199
0.8053662162274122
0.7660807278007269
0.8083067610859871
0.7350417412817478
0.8274624105542898
0.8597423005849123
0.8010876625776291
0.8334342166781425
0.8070465866476297
0.8480417318642139
0.8239458724856377
0.8157568871974945
0.828733192756772
0.8567650895565748
0.7774239368736744
0.8340271431952715
0.8362323194742203
0.8462455347180367
0.7646070271730423
0.8005371280014515
0.7853846605867147
0.7911638580262661
0.7690719924867153
0.7896800376474857
0.8454071246087551
0.7722321711480618
0.8788554854691029
0.7927692420780659
0.7887944635003805
0.8285847641527653
0.7967016510665417
0.8452185373753309
0.7950835861265659
0.7984373569488525
0.8056296519935131
0.8185342457145452
0.7459136582911015
0.8330242354422808
0.851257586851716
0.8114020433276892
0.8170379064977169
0.7722066547721624
0.7981938887387514
0.8633243143558502
0.7988487873226404
0.7872757147997618
0.7992142029106617
0.8612273223698139
0.7746526785194874
0.8057786040008068
0.8449008092284203
0.7588384617120028
0.8255007565021515
0.8050032146275043
0.8504100367426872
0.8140363544225693
0.8561629913747311
0.8658572882413864
0.8002598807215691
0.822833389043808
0.883569847792387
0.7728005461394787
0.861211596056819
0.8255457486957312
0.7447613719850779
0.8835461717098951
0.8627533093094826
0.7540211100131273
0.8065647110342979
0.8338501174002886
0.8267487324774265
0.7977208718657494
0.7588231954723597
0.7892396058887243
0.8259712625294924
0.8223695401102304
0.7520860657095909
0.8554795105010271
0.8062833435833454
0.7997301612049341
0.8584728110581636
0.8346628416329622
0.7553102318197489
0.7678463608026505
0.8274446241557598
0.8299724739044905
0.7961379364132881
0.8033611290156841
0.8263310696929693
0.8461315128952265
0.7898139860481024
0.8677089884877205
0.8304183557629585
0.8475620727986097
0.7786059267818928
0.8473576158285141
0.860055124387145
0.7855951134115458
0.8259894568473101
0.8039471954107285
0.8937410153448582
0.7792596109211445
0.7997279763221741
0.7798450272530317
0.8682799432426691
0.796682508662343
0.8220125380903482
0.8575375452637672
0.8594815637916327
0.8039701338857412
0.7908725682646036
0.8571094330400229
0.8596984352916479
0.8705195933580399
0.8423477467149496
0.8228234443813562
0.8627084903419018
0.8590738233178854
0.8172067161649466
0.7537458632141352
0.7880408018827438
0.8069706223905087
0.8015745803713799
0.7979946415871382
0.8217195216566324
0.789392001926899
0.7800912000238895
0.8612190820276737
0.8691720403730869
0.8328025657683611
0.859448092058301
0.8472252078354359
0.8963812775909901
0.8057390209287405
0.8102959543466568
0.7845067568123341
0.8515852242708206
0.7943306919187307
0.8276331629604101
0.8440345525741577
0.8964274451136589
0.8165691830217838
0.8899426162242889
0.7996006868779659
0.853955565020442
0.856518367305398
0.8698648661375046
0.8092584684491158
0.8574046157300472
0.8324362598359585
0.8673886638134718
0.9024273324757814
0.8618917614221573
0.8893995732069016
0.8681396897882223
0.8332295622676611
0.8138602264225483
0.8244007676839828
0.8532689344137907
0.8260928615927696
0.85331398434937
0.8471897840499878
0.8642899133265018
0.8585415724664927
0.8234065845608711
0.8666337132453918
0.8588087111711502
0.756251024082303
0.8536299597471952
0.8449663240462542
0.8886479996144772
0.8272913433611393
0.8725874442607164
0.8894717283546925
0.8879011552780867
0.8246016278862953
0.8539470490068197
0.8062376491725445
0.8561537694185972
0.8427335154265165
0.7863786686211824
0.8469389118254185
0.8248226922005415
0.8751528225839138
0.8215880841016769
0.9495954215526581
0.8634631782770157
0.8421270791441202
0.9004429187625647
0.8716553542762995
0.8955462370067835
0.8346511106938124
0.9255657773464918
0.8750483114272356
0.8779062982648611
0.8275275379419327
0.7968642953783274
0.8518877308815718
0.8378130551427603
0.831505199894309
0.8748513516038656
0.8295024670660496
0.8282617330551147
0.797982593998313
0.8902074974030256
0.7815092839300632
0.8412415515631437
0.8456632997840643
0.8358009047806263
0.880425475537777
0.765594894066453
0.7890830021351576
0.9260229151695967
0.848642298951745
0.8907431904226542
0.8381808046251535
0.9212318677455187
0.8588206842541695
0.8416640087962151
0.816902345046401
0.8230475410819054
0.8854115232825279
0.8627745416015387
0.7775661386549473
0.9176442865282297
0.8681303076446056
0.8352391440421343
0.8680999092757702
0.7785213105380535
0.8830861579626799
0.8569680117070675
0.8058226071298122
0.9056356213986874
0.8208502996712923
0.9012586083263159
0.8845296651124954
0.8768037464469671
0.8241485971957445
0.8414350505918264
0.814351674169302
0.8297007940709591
0.8390908502042294
0.8558611702173948
0.8662149049341679
0.8361528590321541
0.8373493850231171
0.8539611753076315
0.8282138202339411
0.8108512461185455
0.8360125459730625
0.8982807584106922
0.8551305886358023
0.8750480562448502
0.8764250073581934
0.8409790508449078
0.8686834089457989
0.8648827541619539
0.8812917415052652
0.8394084721803665
0.8533322028815746
0.855154475197196
0.843878012150526
0.8554152436554432
0.843575844541192
0.8183047361671925
0.7917994000017643
0.865782530978322
0.8790213707834482
0.8417371138930321
0.8218056801706553
0.879226541146636
0.9382917750626802
0.8835383132100105
0.8692251816391945
0.9005544893443584
0.8057313915342093
0.8496622536331415
0.8651575408875942
0.8981500416994095
0.8783841393887997
0.8766468595713377
0.9088437911123037
0.8857631664723158
0.8540085759013891
0.8470633737742901
0.8564718775451183
0.8539900649338961
0.8690265696495771
0.8914178647100925
0.8949142154306173
0.8889152202755213
0.8372969850897789
0.880323488265276
0.8403019700199366
0.8644818682223558
0.8728679120540619
0.8558260854333639
0.8425509314984083
0.8708633426576853
0.8524474035948515
0.8809563312679529
0.8339705802500248
0.8568751811981201
0.8007871955633163
0.8345945477485657
0.8532851561903954
0.9224151093512774
0.8750395495444536
0.8512329310178757
0.8745932299643755
0.9363210145384073
0.8455283287912607
0.8548645153641701
0.8528649266809225
0.8081630412489176
0.8973058052361012
0.8638535868376493
0.8258960023522377
0.8585783112794161
0.8345945999026299
0.8773586191236973
0.8341536913067102
0.8726473283022642
0.8536814991384745
0.8396555054932833
0.8774327710270882
0.8576732445508242
0.863764138892293
0.8683526143431664
0.8679853100329638
0.8443738929927349
0.8758063949644566
0.9058581348508596
0.9002713840454817
0.8423797748982906
0.8971858657896519
0.8708116393536329
0.8949157502502203
0.8531138487160206
0.8549590799957514
0.9056431632488966
0.8043907899409533
0.8981148954480886
0.8825168833136559
0.8873415496200323
0.8247011471539736
0.8415313977748156
0.9143822062760592
0.8864315655082464
0.8966663330793381
0.8591280952095985
0.88657889328897
0.8747802563011646
0.8888973370194435
0.8724377248436213
0.8557765353471041
0.8860081024467945
0.8849079236388206
0.8901361376047134
0.8968662023544312
0.8224462121725082
0.84199995175004
0.8342394437640905
0.9094281829893589
0.842701006680727
0.9051455371081829
0.8776047509163618
0.8765243850648403
0.875457052141428
0.8978698439896107
0.8740085940808058
0.8426966462284327
0.853995943441987
0.8537500854581594
0.8430684395134449
0.8882892318069935
0.8827154468744993
0.8568182941526175
0.8873474765568972
0.9007923286408186
0.8992284350097179
0.8830356765538454
0.8712485544383526
0.8624616898596287
0.8424399737268686
0.8786358144134283
0.8790760096162558
0.9081142339855433
0.8910421337932348
0.8902717065066099
0.8994756322354078
0.8539144471287727
0.8593296594917774
0.8785518389195204
0.8514029011130333
0.873277960345149
0.8490012418478727
0.8947845287621021
0.891997680068016
0.9013326894491911
0.8579186778515577
0.8999487962573767
0.8789337575435638
0.8639321755617857
0.8428415507078171
0.8849093951284885
0.8798384889960289
0.874446352943778
0.8810044806450605
0.9091926366090775
0.8834993224591017
0.8537121452391148
0.8690788112580776
0.8615017496049404
0.8573185447603464
0.8754795230925083
0.9291290808469057
0.8985261227935553
0.8866220451891422
0.8741004522889853
0.888451311737299
0.8865324947983027
0.8519818186759949
0.8436438571661711
0.8618044201284647
0.8889711406081915
0.8739252500236034
0.8668297063559294
0.8845856953412294
0.8683689124882221
0.8457440175116062
0.8848357163369656
0.9170582294464111
0.8453769870102406
0.8455340601503849
0.8615889772772789
0.8831405024975538
0.8435637056827545
0.8787476643919945
0.8552410248667002
0.8891897946596146
0.9250112324953079
0.8611032124608755
0.8655334580689669
0.8746590297669172
0.8764960784465075
0.8488608840852976
0.8716873992234468
0.8619489334523678
0.8435336388647556
0.8814017716795206
0.8752668481320143
0.8362135123461485
0.863796578720212
0.8676168285310268
0.870625451207161
0.8641679808497429
0.8862752132117748
0.880407290533185
0.8457899522036314
0.8812279310077429
0.8631761409342289
0.8924227934330702
0.9064934514462948
0.8673508018255234
0.8610297497361898
0.8601029720157385
0.8964282348752022
0.8720196187496185
0.8607263490557671
0.8827150091528893
0.927276412025094
0.8715402446687222
0.8638486508280039
0.8845485262572765
0.8547349907457829
0.8950113914906979
0.9032395221292973
0.8852428197860718
0.8419141080230474
0.8911196496337652
0.9180171564221382
0.874528119340539
0.8651727624237537
0.8495517298579216
0.8850428592413664
0.8515704702585936
0.8384074606001377
0.8815504591912031
0.8784067444503307
0.8767160456627607
0.8749503940343857
0.8365213684737682
0.9119354914873838
0.8443327285349369
0.8800204731523991
0.8979108203202486
0.8711375389248133
0.8474831581115723
0.8502275794744492
0.9016661141067743
0.8542825318872929
0.8917673137038946
0.8629240281879902
0.848897535353899
0.8765378631651402
0.8972068428993225
0.8851305712014437
0.8611526470631361
0.883847888559103
0.8506235219538212
0.9090090189129114
0.8908484000712633
0.8909293748438358
0.8888762593269348
0.8977633602917194
0.8735888227820396
0.8801569528877735
0.9065048024058342
0.8870816193521023
0.8905658703297377
0.9113762527704239
0.8146509006619453
0.898418266326189
0.8513400014489889
0.8344868570566177
0.8545831311494112
0.9065192062407732
0.8771051671355963
0.8986542914062738
0.8739988319575787
0.8846589885652065
0.8796203471720219
0.8474688231945038
0.9222917910665274
0.8869841601699591
0.8226557970046997
0.8954879529774189
0.859429556876421
0.9084093943238258
0.8798306211829185
0.9109789542853832
0.8496582452207804
0.9168041534721851
0.8695052154362202
0.8949145209044218
0.8659777827560902
0.8824771363288164
0.8588245883584023
0.8439324051141739
0.8854632768779993
0.8495145719498396
0.8577152956277132
0.8650000933557749
0.869706341996789
0.870638245716691
0.8612256608903408
0.8359890095889568
0.8557689897716045
0.8774841390550137
0.8335878066718578
0.8689228612929583
0.8682110644876957
0.8889566268771887
0.8889487218111753
0.8616897333413363
0.8977906536310911
0.8644400388002396
0.8982334099709988
0.9016769006848335
0.8937874231487513
0.8353776670992374
0.8947047106921673
0.8522544298321009
0.9057657495141029
0.8489997033029795
0.9008602611720562
0.8851987849920988
0.8973335269838572
0.8853252436965704
0.9023499693721533
0.8360107187181711
0.8375866767019033
0.850538382306695
0.8780063576996326
0.885781342163682
0.8420947901904583
0.8500540666282177
0.8873087745159864
0.9122677966952324
0.8379780240356922
0.8901009764522314
0.9084876477718353
0.865738170221448
0.860220255330205
0.9005294516682625
0.8848981913179159
0.8939346019178629
0.8588074631989002
0.8472526054829359
0.8829042967408895
0.8759147003293037
0.8772904574871063
0.8899258766323328
0.8602918274700642
0.874726040288806
0.9351338930428028
0.8816178366541862
0.8452220447361469
0.8734913859516382
0.9004898779094219
0.9027780760079622
0.8770193178206682
0.8429546039551497
0.873014660552144
0.9201552160084248
0.8572676908224821
0.8496401198208332
0.8259692694991827
0.8773294314742088
0.8188468180596828
0.8621628917753696
0.8451727256178856
0.8493362814188004
0.8651962094008923
0.8670825008302927
0.8963410630822182
0.8537814412266016
0.8513364288955927
0.8662094995379448
0.8220207579433918
0.8537735808640718
0.9276106953620911
0.8526992928236723
0.8677736166864634
0.8418654259294271
0.8545300755649805
0.9148610159754753
0.8696035165339708
0.868555337190628
0.8881148379296064
0.8764262851327658
0.839806592091918
0.9504061006009579
0.8998414911329746
0.8804257847368717
0.8666011486202478
0.8673640061169863
0.8950849324464798
0.8807141706347466
0.8726515416055918
0.8307934440672398
0.912148155272007
0.9270131178200245
0.9385227859020233
0.8775907456874847
0.8208268024027348
0.8486720770597458
0.893484104424715
0.8702954985201359
0.9052502866834402
0.8779856190085411
0.8999700006097555
0.8844098895788193
0.8797063920646906
0.8892707619816065
0.9234288614243269
0.8816393632441759
0.883924838155508
0.8695431463420391
0.8735722452402115
0.8632779289036989
0.8280608169734478
0.8767404407262802
0.8729083612561226
0.9021671861410141
0.8758912030607462
0.8439357057213783
0.8418122380971909
0.8584332037717104
0.8699253462255001
0.8481827843934298
0.8348531518131495
0.8802740667015314
0.9007154181599617
0.8898077271878719
0.877081248909235
0.874492596834898
0.8490730822086334
0.8838977441191673
0.9058858659118414
0.833612721413374
0.8475650511682034
0.8313716370612383
0.8386678919196129
0.814208110794425
0.9183583166450262
0.8408672865480185
0.9369434826076031
0.8976098708808422
0.8550479002296925
0.9080909714102745
0.9186645913869143
0.8813683614134789
0.9194899592548609
0.86389946565032
0.8981840405613184
0.8982509728521109
0.8403988126665354
0.8398401103913784
0.8823824115097523
0.8676764778792858
0.8018012773245573
0.8906367290765047
0.8797572981566191
0.8991222642362118
0.9328167717903852
0.8784418553113937
0.8247587829828262
0.8273979257792234
0.9015156142413616
0.8531094323843718
0.8591482993215322
0.8083101864904165
0.8667136896401644
0.9109088126569986
0.8665251396596432
0.9006458278745413
0.8974367137998343
0.8757907226681709
0.9119354542344809
0.8593277409672737
0.8229074813425541
0.8470604978501797
0.896479981020093
0.8796365987509489
0.9165708906948566
0.9006662294268608
0.9116994421929121
0.8843741528689861
0.8546207156032324
0.8582196328788996
0.8820845428854227
0.8969840966165066
0.8742989469319582
0.9175793956965208
0.8791949935257435
0.9419831670820713
0.8814123086631298
0.9224947355687618
0.890005573630333
0.8822621703147888
0.8697176054120064
0.8797851819545031
0.9048565831035376
0.8930802121758461
0.9069134220480919
0.8715364206582308
0.8581723049283028
0.89052495919168
0.9087093509733677
0.914921285584569
0.853129917755723
0.8659538850188255
0.9157459679991007
0.9139801040291786
0.8727178703993559
0.8951995931565762
0.8713165950030088
0.8919282797724009
0.9093467239290476
0.8174861557781696
0.9301106818020344
0.8771783951669931
0.883389076218009
0.9004285596311092
0.9153048768639565
0.8865180592983961
0.8916139230132103
0.9282878432422876
0.9029265120625496
0.9058619234710932
0.8748909141868353
0.8936817422509193
0.9206171296536922
0.9003688618540764
0.8592568896710873
0.8568655531853437
0.8765160515904427
0.9030342735350132
0.8853536956012249
0.9160910844802856
0.892046021297574
0.9013886675238609
0.9039083868265152
0.8562183268368244
0.902721593156457
0.8874157406389713
0.8797296416014433
0.8454768788069487
0.8924606461077929
0.8536719102412462
0.8887168038636446
0.8827810939401388
0.8935266155749559
0.9087299685925245
0.8545413967221975
0.8925423994660378
0.9250849317759275
0.8884388171136379
0.871975552290678
0.921511884778738
0.8965699877589941
0.855441514402628
0.8421112727373838
0.853289470076561
0.8931771907955408
0.9158509466797113
0.8917651046067476
0.8923146799206734
0.8753246199339628
0.8894424699246883
0.886402603238821
0.9283260442316532
0.8765544630587101
0.8668984975665808
0.9322230741381645
0.8957369327545166
0.909373227506876
0.8732874803245068
0.927908169105649
0.9313767533749342
0.8981638345867395
0.8517086338251829
0.9130290690809488
0.876428147777915
0.8856629133224487
0.8726566545665264
0.8768714610487223
0.9104686044156551
0.8842288479208946
0.8973425272852182
0.8976776748895645
0.8591180089861155
0.8926806226372719
0.893875727429986
0.9184998385608196
0.9073617979884148
0.8716690428555012
0.8786008581519127
0.8815706968307495
0.9108826499432325
0.8883597198873758
0.8950602281838655
0.8817564640194178
0.8897160738706589
0.876313392072916
0.9201038926839828
0.9008850790560246
0.913043987005949
0.8863729536533356
0.8990734051913023
0.9164471756666899
0.8739644270390272
0.8797585926949978
0.8800542149692774
0.9199644550681114
0.8929334785789251
0.8642570357769728
0.9138801954686642
0.8851101361215115
0.9293968472629786
0.8743716403841972
0.8994980081915855
0.9209492895752192
0.9135222416371107
0.8945649731904268
0.8584984559565783
0.9222475923597813
0.9004627428948879
0.903837600722909
0.8686090596020222
0.8879843149334192
0.9227685946971178
0.8807902410626411
0.897878235206008
0.8938877340406179
0.9020070228725672
0.9291068874299526
0.8901267256587744
0.9109250027686357
0.9359764158725739
0.9181011114269495
0.9110249150544405
0.901480458676815
0.8957165125757456
0.9485938344150782
0.9195024967193604
0.9196784812957048
0.8537306152284145
0.9258831106126308
0.9049896877259016
0.9076489545404911
0.8690938465297222
0.8619392234832048
0.890918767079711
0.8874922003597021
0.9079917743802071
0.906928451731801
0.9071806780993938
0.9397014267742634
0.9411008581519127
0.9144723750650883
0.9327129386365414
0.9277768358588219
0.9165608193725348
0.8873945251107216
0.9119789991527796
0.9123493246734142
0.8961770907044411
0.9300270844250917
0.9033325891941786
0.8843596093356609
0.9366595223546028
0.9172983318567276
0.9033756200224161
0.9101441837847233
0.9137706682085991
0.8710975106805563
0.9188392162322998
0.8719764892011881
0.9229351319372654
0.893417626619339
0.912351731210947
0.9156453311443329
0.9099062941968441
0.9068184290081263
0.9212363660335541
0.8971565738320351
0.913563484326005
0.8988287504762411
0.8978344816714525
0.9184416960924864
0.9184343814849854
0.932158675044775
0.9230353478342295
0.9149995613843203
0.9245298653841019
0.9126960020512342
0.9041856583207846
0.9245835896581411
0.9037334360182285
0.901220191270113
0.8970311693847179
0.8931078892201185
0.9086616337299347
0.923709262162447
0.9208734761923552
0.8921936433762312
0.8982520215213299
0.8783203419297934
0.9301925171166658
0.9103381540626287
0.9333863817155361
0.8898765221238136
0.9066325407475233
0.9102349188178778
0.9320705495774746
0.9341722801327705
0.9130509048700333
0.8944591637700796
0.9324179422110319
0.9320421181619167
0.9021483585238457
0.9050792995840311
0.9145742747932673
0.9075560588389635
0.9035054836422205
0.9172803480178118
0.913368534296751
0.8969467766582966
0.900156881660223
0.894360737875104
0.9201463554054499
0.9028739146888256
0.912425946444273
0.9143354780972004
0.9128613863140345
0.9260728918015957
0.9255763199180365
0.9153448697179556
0.8919622637331486
0.9005112275481224
0.922366801649332
0.9201111812144518
0.9374979771673679
0.9126819614320993
0.9354628678411245
0.9070272278040648
0.9038622099906206
0.9213949870318174
0.9005472343415022
0.9062746427953243
0.9094682913273573
0.8956113532185555
0.9317143633961678
0.9119223672896624
0.9172558486461639
0.9044004324823618
0.914994278922677
0.8926316276192665
0.9054734464734793
0.8961865231394768
0.8870902694761753
0.9088261555880308
0.9146379008889198
0.9283848218619823
0.9164201859384775
0.9300366602838039
0.922757264226675
0.9281788468360901
0.9116988237947226
0.9350939206779003
0.9069469887763262
0.9176386836916208
0.8853203728795052
0.9254030790179968
0.9170120041817427
0.9256379101425409
0.9027016833424568
0.913108641281724
0.9063933435827494
0.9178450126200914
0.9029662534594536
0.9000703003257513
0.9193160869181156
0.9041563645005226
0.9503430109471083
0.930407952517271
0.8728822804987431
0.9045270681381226
0.9062494114041328
0.9016938097774982
0.9036168958991766
0.8980729412287474
0.8958169724792242
0.9144478738307953
0.9133927468210459
0.939187079668045
0.9123412594199181
0.920410891994834
0.9103495441377163
0.8793189451098442
0.9068514574319124
0.9125667400658131
0.945769440382719
0.9286982882767916
0.9228811226785183
0.875162523239851
0.8951774444431067
0.9278023838996887
0.9184515979140997
0.9049260430037975
0.9166384153068066
0.89534374140203
0.9175976514816284
0.9099319875240326
0.9195675458759069
0.8975667431950569
0.9288659710437059
0.9247063267976046
0.8855785895138979
0.9214078243821859
0.8932202942669392
0.914998909458518
0.9035229235887527
0.8954620473086834
0.9338989332318306
0.9045994244515896
0.888600604608655
0.9446075893938541
0.9043295457959175
0.9166223388165236
0.9265917707234621
0.9038595296442509
0.9008547589182854
0.9205261301249266
0.9129760898649693
0.8967246636748314
0.8867195285856724
0.9135176818817854
0.896362779662013
0.9069956708699465
0.8841655757278204
0.918180339038372
0.8973689209669828
0.9252058397978544
0.8750309776514769
0.9040999189019203
0.928369389846921
0.9125624746084213
0.9175476972013712
0.9046839401125908
0.902051255106926
0.8913082294166088
0.9234982058405876
0.9254039525985718
0.9150116462260485
0.8797987103462219
0.9139088913798332
0.9298608880490065
0.8930075112730265
0.9055244158953428
0.9008584301918745
0.9468809142708778
0.8912419825792313
0.9110512007027864
0.896713012829423
0.8966713957488537
0.9105781335383654
0.9042861498892307
0.9207011722028255
0.89419518224895
0.925956828519702
0.9183513280004263
0.886811600998044
0.9186792857944965
0.917355440557003
0.9333962332457304
0.908436419442296
0.9275129437446594
0.8903569485992193
0.8890559934079647
0.8938443474471569
0.8728446681052446
0.924056239426136
0.8880970366299152
0.9102272633463144
0.9009963944554329
0.8984038420021534
0.9099189527332783
0.9021204095333815
0.9075163155794144
0.9057720731943846
0.888887133449316
0.8932256158441305
0.880214661359787
0.8840472418814898
0.8995349071919918
0.9194469209760427
0.8901754412800074
0.931447820737958
0.9015523456037045
0.9088993817567825
0.8674089517444372
0.8902076575905085
0.8763599675148726
0.9263568241149187
0.9238414149731398
0.8875359389930964
0.8952505253255367
0.9301017038524151
0.892064705491066
0.876409575343132
0.9355339836329222
0.9083719290792942
0.9016892611980438
0.9093666039407253
0.9169561099261045
0.8833545334637165
0.9145188443362713
0.8787508197128773
0.8899947255849838
0.8935325443744659
0.8826743233948946
0.8694940749555826
0.8982306756079197
0.8985671866685152
0.9203762914985418
0.861217625439167
0.8891114201396704
0.9170129913836718
0.9167063627392054
0.8899950347840786
0.880858276039362
0.8968726061284542
0.8960353713482618
0.9267912004143
0.8990534953773022
0.9292672947049141
0.9265672527253628
0.8709412664175034
0.911954615265131
0.9185792524367571
0.8569743931293488
0.895394641906023
0.9214336052536964
0.9096938669681549
0.9217520654201508
0.9334604945033789
0.9114102628082037
0.895786726847291
0.9114779252558947
0.8942138813436031
0.8694958351552486
0.9115265943109989
0.9266154151409864
0.9113383833318949
0.9299262650310993
0.8838040847331285
0.9074473790824413
0.8962621595710516
0.8955840729176998
0.8793844077736139
0.9118499234318733
0.9176047649234533
0.9029260370880365
0.9149723630398512
0.9400334153324366
0.9032717123627663
0.9147921185940504
0.8880087919533253
0.9408432580530643
0.9147204011678696
0.8924012295901775
0.9073250889778137
0.8874255567789078
0.9236518628895283
0.9066233299672604
0.8767552059143782
0.875551113858819
0.9178047496825457
0.8912665732204914
0.9383491836488247
0.8826456852257252
0.8904489427804947
0.9037542436271906
0.9335085619240999
0.9293254371732473
0.90266271866858
0.898670818656683
0.897966580465436
0.8909445386379957
0.9244232606142759
0.8861443344503641
0.9130934830754995
0.8951853588223457
0.9129699245095253
0.8948521837592125
0.9118259400129318
0.8929328247904778
0.9126016236841679
0.925534276291728
0.8861863948404789
0.9137543328106403
0.9031943008303642
0.8908450100570917
0.9179563410580158
0.8973875567317009
0.8742872551083565
0.8737106751650572
0.8716874811798334
0.9068278186023235
0.889525543898344
0.9124686475843191
0.9297982715070248
0.9165306333452463
0.9098312705755234
0.8607954103499651
0.8754795771092176
0.9084370657801628
0.9353295210748911
0.9048831965774298
0.8840907998383045
0.9071489796042442
0.8929453380405903
0.9021005127578974
0.9235269948840141
0.9055570717900991
0.885353147983551
0.9058280978351831
0.9228501860052347
0.88259063847363
0.893223263323307
0.92801677249372
0.9012225139886141
0.9478350654244423
0.901464719325304
0.8839174974709749
0.8923482932150364
0.8651677258312702
0.8965437319129705
0.9069610871374607
0.9004985634237528
0.9268057253211737
0.9515451807528734
0.9140351712703705
0.8994871955364943
0.8786694966256618
0.8880626019090414
0.8970601782202721
0.9106926396489143
0.9169334266334772
0.9048169087618589
0.9014632422477007
0.8930691089481115
0.9311525784432888
0.9547352381050587
0.9073240235447884
0.8945525139570236
0.9205252639949322
0.9101132936775684
0.9174532499164343
0.8726712465286255
0.9019932262599468
0.8834562934935093
0.8879391718655825
0.924563217908144
0.8970444835722446
0.9093523640185595
0.8934529051184654
0.8875392619520426
0.8704283647239208
0.9055906664580107
0.9090590495616198
0.894114051014185
0.8828319944441319
0.9038234185427427
0.9041266199201345
0.9263140354305506
0.8859905824065208
0.9215774778276682
0.9324955232441425
0.9076941069215536
0.8919983264058828
0.9289465323090553
0.9059687666594982
0.9190529175102711
0.8847769852727652
0.9010754060000181
0.9399735014885664
0.8811610247939825
0.895139716565609
0.9361781124025583
0.923572113737464
0.9093395490199327
0.8898118864744902
0.8863313626497984
0.9478168319910765
0.8990708813071251
0.8888108488172293
0.875425573438406
0.8793739527463913
0.8950424194335938
0.8986922111362219
0.9043544493615627
0.9157223962247372
0.8879226930439472
0.9016220401972532
0.9137950856238604
0.8895667269825935
0.9224131368100643
0.9244579244405031
0.8813659250736237
0.9014059659093618
0.8857098110020161
0.8946067579090595
0.9089184571057558
0.8972293939441442
0.8797027468681335
0.9239206071943045
0.8937076814472675
0.9166975598782301
0.9216670896857977
0.9234796334058046
0.9382897149771452
0.8918007351458073
0.9212921224534512
0.9318562541157007
0.9049821738153696
0.9219988826662302
0.8932781238108873
0.910876015201211
0.8802707400172949
0.8903462365269661
0.9170669596642256
0.8912789318710566
0.9023190680891275
0.9076735693961382
0.890206964686513
0.9074904788285494
0.9099192023277283
0.9112689979374409
0.9370467774569988
0.9040042348206043
0.9196830186992884
0.9100984632968903
0.9358007181435823
0.9092688709497452
0.9151087533682585
0.8820604272186756
0.9027026426047087
0.9113305062055588
0.9030316025018692
0.8796652369201183
0.9156846310943365
0.9293545596301556
0.9586363360285759
0.9268182851374149
0.8979829624295235
0.8897775337100029
0.9083520658314228
0.9022846147418022
0.8801942002028227
0.9254810959100723
0.9043988548219204
0.8950155358761549
0.9212816897779703
0.9019853677600622
0.8966929167509079
0.9057504385709763
0.9135556034743786
0.9223911687731743
0.8815755397081375
0.8961033504456282
0.9215844999998808
0.9121273290365934
0.9144394043833017
0.9272744078189135
0.9114874191582203
0.9057213962078094
0.8924614880234003
0.9152429103851318
0.8708727341145277
0.9224696885794401
0.9056049045175314
0.9185692667961121
0.896069971844554
0.9223396275192499
0.9250161983072758
0.9147563837468624
0.9555192310363054
0.9251032397150993
0.9137487672269344
0.8892365489155054
0.9069568626582623
0.8954158965498209
0.9006434679031372
0.8870329763740301
0.9134104158729315
0.9220406096428633
0.9291107822209597
0.9222007431089878
0.9147172141820192
0.9051362257450819
0.9205274414271116
0.8970150668174028
0.885760584846139
0.8905528988689184
0.9106179885566235
0.9370833281427622
0.9359182436019182
0.8996039591729641
0.9221372492611408
0.9226616397500038
0.9012262243777514
0.8956296928226948
0.9153222348541021
0.9122734442353249
0.9224258046597242
0.8949760664254427
0.9068199880421162
0.8938589990139008
0.9030339289456606
0.9060019217431545
0.8957544043660164
0.9012426119297743
0.8955990374088287
0.907302862033248
0.9170347414910793
0.9051616471260786
0.9044102244079113
0.8915452007204294
0.9234147313982248
0.8906425312161446
0.9057275410741568
0.9193441066890955
0.8980341535061598
0.8953743875026703
0.9033190198242664
0.9008367490023375
0.9384361207485199
0.9312098976224661
0.9333897046744823
0.9270795192569494
0.9134412705898285
0.9048826899379492
0.9022493287920952
0.9038920067250729
0.8989667538553476
0.9211641754955053
0.8987462129443884
0.8955975994467735
0.8838634565472603
0.928439537063241
0.9055528026074171
0.8969578500837088
0.925244303420186
0.9182636234909296
0.9192464090883732
0.9249278791248798
0.9018359389156103
0.9029367435723543
0.9068347699940205
0.9089424274861813
0.9154184255748987
0.9187938012182713
0.8987889792770147
0.9398382361978292
0.9449763838201761
0.910118792206049
0.8861782271414995
0.935658436268568
0.9332932848483324
0.9133194871246815
0.9125386867672205
0.8900941479951143
0.9127267114818096
0.9494336321949959
0.920822961255908
0.8869646191596985
0.8992165233939886
0.9063129983842373
0.8987161293625832
0.9250762965530157
0.9082562997937202
0.9015181809663773
0.9200318697839975
0.9148101229220629
0.941507650539279
0.8938607349991798
0.9061651024967432
0.9273207783699036
0.9135015811771154
0.922789903357625
0.9167381934821606
0.9048713613301516
0.9259166680276394
0.9288737121969461
0.9268522672355175
0.9203342851251364
0.9308157414197922
0.888351297006011
0.8982760719954967
0.9274399187415838
0.9111078418791294
0.9364669490605593
0.9291719701141119
0.9256688449531794
0.9163644164800644
0.8960667625069618
0.9248925391584635
0.8825285043567419
0.9305093847215176
0.9217550456523895
0.9331596195697784
0.8911934401839972
0.9107643309980631
0.920580429956317
0.9052077159285545
0.9195126183331013
0.8920036051422358
0.9339858610183001
0.916779950261116
0.9126856718212366
0.9028383400291204
0.9203024283051491
0.941644499078393
0.8981512561440468
0.9034389667212963
0.8924705609679222
0.9158034343272448
0.9312816560268402
0.9228535182774067
0.9200447928160429
0.9124308358877897
0.9023020975291729
0.9000154696404934
0.9437212590128183
0.9454608466476202
0.9521707929670811
0.9180580377578735
0.9101088140159845
0.9370145983994007
0.9109023436903954
0.9029578473418951
0.9140582364052534
0.9186596293002367
0.9090209435671568
0.9006940331310034
0.9360812697559595
0.9069272670894861
0.9138212520629168
0.9304377697408199
0.9261208418756723
0.9196353107690811
0.9082996603101492
0.8958664927631617
0.9357039406895638
0.9004126600921154
0.9093021471053362
0.9179838765412569
0.9085080027580261
0.9032268170267344
0.9035920966416597
0.9042823910713196
0.9238712657243013
0.8907454255968332
0.9039604030549526
0.9281449858099222
0.9214064348489046
0.9467172939330339
0.9010158963501453
0.9073617830872536
0.9051623586565256
0.9046279937028885
0.9289716761559248
0.9361448865383863
0.8881580550223589
0.9189564231783152
0.9068644903600216
0.9019838478416204
0.9329619966447353
0.928808581084013
0.9164290353655815
0.9179506674408913
0.8962410483509302
0.9101253896951675
0.9275305159389973
0.9050800669938326
0.8911024685949087
0.9116540253162384
0.9026159383356571
0.9074347969144583
0.9136034715920687
0.9174870941787958
0.9200534876435995
0.92400804720819
0.9015648663043976
0.9158770740032196
0.9176033139228821
0.8970270454883575
0.9221198502928019
0.9366010073572397
0.8955996129661798
0.8896221853792667
0.9161089155822992
0.9232010208070278
0.9234947301447392
0.9097061511129141
0.9168861880898476
0.8911591097712517
0.9160283245146275
0.9195562358945608
0.9073783718049526
0.9067263305187225
0.9372255709022284
0.930836571380496
0.9125844519585371
0.9385026805102825
0.9241615273058414
0.9356784354895353
0.9265404175966978
0.9187376759946346
0.9316142816096544
0.9209802933037281
0.9085357449948788
0.8959610722959042
0.9124525059014559
0.9447216428816319
0.9581620488315821
0.9232336822897196
0.9391209241002798
0.9055891670286655
0.9334785677492619
0.8998302258551121
0.9141724687069654
0.9249433167278767
0.9131934624165297
0.908332847058773
0.9195142537355423
0.8971608653664589
0.9210661333054304
0.9211946930736303
0.9268598724156618
0.9142861198633909
0.9651741739362478
0.9239212442189455
0.9160399921238422
0.9151891935616732
0.9009985774755478
0.9368262942880392
0.9139309898018837
0.9141305610537529
0.902561865746975
0.921913368627429
0.9482616819441319
0.9101354200392962
0.9165075477212667
0.902282876893878
0.9320459421724081
0.9226546101272106
0.8995439801365137
0.9233845975250006
0.9181544464081526
0.9248440600931644
0.9336339049041271
0.9260409455746412
0.9386004563421011
0.9297401774674654
0.9184470567852259
0.9122749790549278
0.930177167057991
0.9129241779446602
0.9102328084409237
0.9185826741158962
0.940530851483345
0.9257433116436005
0.9361913278698921
0.9201172702014446
0.9228998329490423
0.9188191313296556
0.9275525379925966
0.914388021454215
0.9196825996041298
0.9125581160187721
0.9159136991947889
0.9290015809237957
0.9231360629200935
0.9420007988810539
0.9420439340174198
0.8923529051244259
0.9260159526020288
0.8961257953196764
0.9163726214319468
0.9073772598057985
0.9208656623959541
0.9246987272053957
0.9254067819565535
0.8954230435192585
0.9550443887710571
0.9160564299672842
0.9302019905298948
0.9439303819090128
0.9541195016354322
0.9163950942456722
0.9052091222256422
0.9177878443151712
0.9318998660892248
0.8895609006285667
0.9038685653358698
0.929525563493371
0.9288743585348129
0.9214355144649744
0.9231204465031624
0.9329342879354954
0.8911687824875116
0.9284242782741785
0.9162394125014544
0.9025233201682568
0.9190025571733713
0.9380007591098547
0.9239582810550928
0.9417553152889013
0.9262871295213699
0.931168045848608
0.9025546591728926
0.9314657878130674
0.9494738914072514
0.9374063983559608
0.9066321756690741
