None
None
None
None
None
None
None
None
None
None
None
None
None
None
None
None
None
None
None
None
None
None
None
None
None
None
None
None
None
None
None
None
None
None
None
None
None
None
None
None
None
None
None
None
None
None
None
None
None
None
None
None
None
None
None
None
None
None
None
None
None
None
None
None
None
None
None
0.026105618162546307
0.04301862861029804
0.05909807211719453
0.0750393399503082
0.09134206245653331
0.10781229985877872
0.12432891153730452
0.14148326124995947
0.15978698316030204
0.17866172408685088
0.1981334793381393
0.21839670138433576
0.23902001744136214
0.26435551047325134
0.286641847807914
0.31090771732851863
0.34239788306877017
0.3721533641219139
0.40009285043925047
0.4336667312309146
0.4738377770408988
0.5124016497284174
0.5501882573589683
0.5903528295457363
0.634940754622221
0.6867783879861236
0.7369629051536322
0.7788536744192243
0.8463184870779514
0.8884253222495317
0.9345966000109911
0.9696070682257414
1.0038147158920765
1.0375934559851885
1.0377835053950548
1.0389364026486874
1.042658418416977
1.0223543606698513
1.007825393229723
0.9828300606459379
0.9641654714941978
0.9391650054603815
0.9184241909533739
0.8938186783343554
0.8855836410075426
0.8890941813588142
0.8978992477059364
0.9022396355867386
0.9097077623009682
0.9297514110803604
0.9464059695601463
0.9619165528565645
0.9669993370771408
0.9871640764176846
0.9995049256831408
1.0168691743165255
1.0394134279340506
1.0618299804627895
1.0805916171520948
1.093090096488595
1.1053749900311232
1.1085590180009604
1.1064256150275469
1.104081703349948
1.1019433047622442
1.0974664185196161
1.091674692928791
1.0874597895890474
1.0886806175112724
1.0947717912495136
1.1073979716748
1.1125807873904705
1.1208191402256489
1.131421184167266
1.136731456965208
1.135261159390211
1.1455831117928028
1.1416276097297668
1.137430464848876
1.128752876073122
1.1251556407660246
1.1172608025372028
1.1167854573577642
1.121456565335393
1.1290248446166515
1.1467278897762299
1.165076544508338
1.1850826367735863
1.2136620674282312
1.242754727602005
1.2698065117001534
1.2902460731565952
1.304610051214695
1.314823780208826
1.3177418299019337
1.305888969451189
1.293884463608265
1.2819337956607342
1.266410892829299
1.258637072518468
1.2551308274269104
1.2593678012490273
1.2564231641590595
1.265923798084259
1.2663798034191132
1.2749201357364655
1.2830798849463463
1.2925038300454617
1.3045710027217865
1.3119712844491005
1.3137929886579514
1.329250629991293
1.3270645290613174
1.3491327986121178
1.3454500660300255
1.3352207280695438
1.3433817438781261
1.3500115722417831
1.3568370305001736
1.3577416576445103
1.3638579100370407
1.3724160753190517
1.3649164773523808
1.3662755750119686
1.3623321615159512
1.369910255074501
1.3788253888487816
1.3790591582655907
1.3804395645856857
1.3881605714559555
1.3861109763383865
1.3976061902940273
1.416151985526085
1.4442874640226364
1.4299806170165539
1.4734095223248005
1.4799181818962097
1.5040635243058205
1.5540133826434612
1.5585348270833492
1.583185974508524
1.5825698152184486
1.5830333977937698
1.5881064385175705
1.5769197270274162
1.5432367958128452
1.5294465757906437
1.5548293255269527
1.504171971231699
1.5258525274693966
1.5152869895100594
1.5242590978741646
1.5688376501202583
1.5439146868884563
1.57008720561862
1.5978703424334526
1.638544324785471
1.6627514362335205
1.6953534223139286
1.6661464795470238
1.6288433074951172
1.6879285722970963
1.6594977863132954
1.6562197841703892
1.566284392029047
1.6503473706543446
1.7593243643641472
1.7094816528260708
1.7128898464143276
1.8317575678229332
1.7553722485899925
1.8026044555008411
1.7192560248076916
1.7873562388122082
1.7716788314282894
1.662954680621624
1.7537914365530014
1.656449168920517
1.7774012051522732
1.7684652544558048
1.8772777579724789
1.9193187952041626
1.9848890639841557
1.9397859536111355
1.9948362782597542
1.9427837282419205
1.9836249724030495
1.773003228008747
1.7893769405782223
1.827452838420868
1.6494889855384827
1.7001458033919334
1.780049055814743
1.8443052805960178
2.057405848056078
2.1284035220742226
2.134222123771906
2.1393955051898956
2.1493095867335796
2.204270329326391
2.159829754382372
2.1764613911509514
1.9959466941654682
2.084016617387533
1.8511906750500202
2.0155376754701138
1.8252659514546394
1.9917546026408672
2.1930179111659527
2.010548450052738
2.0392978861927986
2.1188052371144295
2.2855869568884373
2.20090439543128
2.1130984388291836
2.2934724241495132
2.16731870919466
2.062175441533327
2.1516068764030933
2.1218059733510017
2.2569081224501133
2.066897127777338
1.9675553850829601
2.191706106066704
2.0606286637485027
2.1735201105475426
2.041963703930378
2.1465170942246914
2.139372792094946
1.9509471021592617
1.9782969020307064
2.375786632299423
2.17864453420043
2.2225848622620106
2.252862222492695
2.304466012865305
2.4519094973802567
2.434038072824478
2.4382103979587555
2.414288178086281
2.3216326870024204
2.349239431321621
2.467643652111292
2.2928037084639072
2.2545703761279583
2.246602598577738
2.229298833757639
2.3912125639617443
2.5717771910130978
2.35546787455678
2.4082891270518303
2.7245297729969025
2.3135379552841187
2.5546612218022346
2.6327406466007233
2.565024271607399
2.1914544701576233
2.4699907824397087
2.2745115868747234
2.52318112924695
2.3095696978271008
2.4263673573732376
2.6337005347013474
2.4061804823577404
2.830232746899128
2.664945099502802
2.6530120745301247
2.70910856872797
2.940274052321911
2.739735819399357
2.524197455495596
2.505913533270359
2.6062590777873993
2.5644546672701836
2.6764732375741005
2.580487370491028
2.5661927834153175
2.6936386451125145
2.793226256966591
2.9409047588706017
2.819352835416794
2.7069913670420647
2.6144555248320103
2.706631001085043
2.721907500177622
2.492220751941204
2.6701892986893654
2.726752646267414
2.4824301972985268
2.823344402015209
2.621572010219097
3.0276426523923874
2.9252410158514977
3.0349681600928307
2.8267065808176994
2.8626355305314064
2.746376559138298
2.5499749407172203
2.84232497215271
2.8571665436029434
2.8938043192029
2.7340094447135925
2.618554949760437
2.814724177122116
2.854287214577198
2.9825116395950317
2.8596874698996544
3.0619188100099564
2.8929046913981438
2.656382419168949
2.969297781586647
2.951119586825371
2.9288800209760666
2.8096369206905365
2.7745379582047462
2.757676661014557
2.775522902607918
2.8248381093144417
2.605971433222294
2.7563680559396744
2.6825991198420525
3.021414339542389
3.055461287498474
2.920675076544285
2.7068463265895844
3.197369448840618
2.88387531042099
2.9340657591819763
2.8900039717555046
2.8778779953718185
3.1030567958950996
2.9160747975111008
2.9302745684981346
3.019073650240898
2.8057568594813347
2.7459317445755005
3.1481456011533737
3.0233922600746155
3.024566777050495
3.007460303604603
3.1914816424250603
3.155816063284874
2.9338670447468758
2.7622674107551575
3.2239326387643814
2.871758960187435
2.92288738489151
3.103679470717907
2.8920671865344048
2.8419374227523804
2.896173819899559
3.175746276974678
3.0943209305405617
3.2495259195566177
3.2028504982590675
3.04921904951334
3.044584982097149
3.2638245970010757
3.115969456732273
2.9235269725322723
3.1093514934182167
3.030922092497349
3.0238120704889297
3.1267950236797333
3.094298705458641
2.750325135886669
3.269254833459854
2.9214598014950752
3.0917391031980515
2.992853879928589
2.910036988556385
2.9557063579559326
3.0204474180936813
3.294145315885544
3.233299896121025
3.148182690143585
3.0599065497517586
3.0813907831907272
3.244092307984829
3.089391380548477
2.9426297321915627
2.912336193025112
3.1778968945145607
3.3455308228731155
2.9018142223358154
2.999133884906769
3.3231337144970894
3.111383318901062
3.44593795388937
3.381696440279484
3.0500396713614464
3.0575383231043816
3.0475838482379913
3.1826262399554253
3.1312140449881554
3.3721276223659515
3.1804056614637375
3.32046652585268
3.3088764995336533
3.399369776248932
3.1097510680556297
3.317967399954796
2.9596177488565445
3.161189593374729
3.3942091315984726
3.18489171564579
3.5373500213027
3.5593915805220604
3.3111597895622253
3.5083706751465797
3.443849228322506
3.4578609094023705
3.511514663696289
3.2253950387239456
3.24345463514328
3.5051812902092934
3.4035147204995155
3.4049366861581802
3.2100358828902245
3.235276959836483
3.60309074819088
3.3877521827816963
3.4173179864883423
3.638127736747265
3.5506879165768623
3.3239208981394768
3.688225395977497
3.24823709577322
3.4052001014351845
3.3982634842395782
3.4322507232427597
3.42991553992033
3.559346340596676
3.4286436289548874
3.62418495118618
3.746099978685379
3.5246913731098175
3.393313728272915
3.2971165850758553
3.38473292440176
3.3961509093642235
3.8347959890961647
3.412184029817581
3.715410090982914
3.541038893163204
4.010714717209339
3.853743441402912
3.6503120362758636
3.8234957456588745
3.2788872569799423
3.45458272844553
3.761323533952236
3.6590091437101364
3.706212744116783
3.686139740049839
3.4205373153090477
3.466309078037739
3.7396130934357643
3.7520704939961433
3.5954637974500656
3.8009836822748184
3.6960237994790077
3.80137936770916
3.618231378495693
3.8850331902503967
3.9009698554873466
3.739827908575535
3.5757652446627617
3.8928973004221916
3.9214562624692917
3.969484180212021
3.748494267463684
4.026676632463932
3.8987500444054604
3.855420634150505
4.088969334959984
4.165658049285412
3.987769417464733
3.714563399553299
3.7747926265001297
3.9422784447669983
3.584716096520424
3.6114793717861176
3.687563955783844
3.857637271285057
3.8809077590703964
3.972067967057228
3.950454428792
3.7892117127776146
4.030629351735115
4.061374545097351
4.328492499887943
4.274383954703808
4.277594611048698
3.7764900028705597
4.124590590596199
4.234673835337162
4.153093233704567
4.172912925481796
4.2690301686525345
4.128015257418156
4.2815509513020515
4.184948228299618
4.187668554484844
4.13764763623476
4.260228782892227
4.062123030424118
4.328575395047665
4.091286309063435
4.649319052696228
4.261969484388828
4.144430942833424
4.084557972848415
4.39121150970459
4.475409731268883
4.05538834631443
3.915394000709057
4.018463246524334
3.913391165435314
4.252194032073021
4.178491421043873
4.375649876892567
4.233433164656162
4.407884791493416
4.754600510001183
4.350746683776379
4.692665636539459
4.665631875395775
4.481917925179005
4.560319267213345
4.291361935436726
4.311222173273563
4.369264684617519
4.145900636911392
4.1982238963246346
4.872323110699654
4.451609551906586
4.6455675810575485
4.8531879633665085
4.915783703327179
4.8881354331970215
4.7735951617360115
4.969300732016563
4.4846466183662415
4.678558528423309
4.339609861373901
4.456578239798546
4.659736134111881
4.408881805837154
4.651983082294464
4.74228972196579
4.826830208301544
4.851038306951523
4.738525539636612
4.769523233175278
4.76440355181694
4.532060459256172
4.717419132590294
4.826442092657089
4.5084641724824905
4.725744932889938
4.276769131422043
4.753908932209015
4.857392147183418
4.710914291441441
5.037664920091629
4.787630945444107
4.803319841623306
4.67573906481266
4.583052098751068
4.937088966369629
5.320493385195732
4.879961855709553
5.2427415400743484
5.153043270111084
4.70452718436718
5.351883456110954
5.090898409485817
5.099700942635536
5.151287943124771
5.174785062670708
5.138501554727554
5.221802830696106
4.8709670305252075
5.134909600019455
5.10882756114006
5.0130016058683395
5.172430902719498
5.224911794066429
5.155061140656471
5.034635946154594
5.208881266415119
4.5871035903692245
5.254311874508858
5.470140650868416
5.243790656328201
5.16618424654007
5.39105923473835
5.33823861181736
5.0434436574578285
5.577970594167709
5.033016800880432
5.153940960764885
5.153964139521122
4.912036016583443
5.142796188592911
4.861195668578148
5.283857598900795
5.215246647596359
5.091657713055611
5.202487304806709
4.7945961356163025
5.309097096323967
5.843633025884628
5.626567989587784
5.341662839055061
5.013320446014404
5.489025235176086
5.052728563547134
5.499844342470169
5.518549397587776
5.305863633751869
5.3866846561431885
5.892904072999954
5.304901301860809
5.276929602026939
5.388825818896294
5.618149176239967
5.333377048373222
5.265411928296089
5.859496057033539
5.5341285318136215
5.643296033143997
5.840003669261932
5.8249907195568085
5.767505645751953
5.487697899341583
5.709477961063385
5.536145478487015
5.21763850748539
5.718694373965263
5.851813614368439
5.584309235215187
5.481566920876503
5.210449770092964
5.750523507595062
5.116334989666939
5.7340961545705795
5.649690791964531
5.402609869837761
5.934084638953209
6.0877795368433
5.748437941074371
6.0174251943826675
6.047213211655617
5.565823569893837
5.529097706079483
5.865542307496071
5.954452693462372
5.589878872036934
5.463373601436615
5.9754467606544495
6.068088337779045
5.842411383986473
5.635972827672958
5.745905011892319
5.808935359120369
5.905347183346748
6.389320716261864
5.067653208971024
5.877275198698044
6.132880911231041
5.609738364815712
6.214481353759766
6.350127175450325
6.124495133757591
6.042528614401817
5.948569476604462
6.053524062037468
5.92233170568943
5.8457417488098145
6.049696683883667
6.039499044418335
5.971486538648605
6.277527153491974
5.478793039917946
6.120858862996101
6.254741609096527
6.329430982470512
6.592733770608902
6.237679794430733
6.29087170958519
6.254814878106117
6.171627759933472
6.037628382444382
6.284136086702347
6.117234885692596
6.40557062625885
6.1816281378269196
6.106501281261444
6.164328187704086
6.233911916613579
6.147167757153511
6.09479084610939
6.633509323000908
6.3554899245500565
6.322518810629845
5.907148867845535
6.45445029437542
6.274617776274681
6.524257659912109
5.9804238975048065
6.749636128544807
6.5823453068733215
6.833784371614456
6.421683341264725
6.663877487182617
6.482410550117493
6.525301992893219
6.153473377227783
6.268794924020767
6.145867615938187
6.4347273260355
6.334668278694153
6.11354860663414
6.880997717380524
6.749729946255684
6.1383428275585175
6.622437104582787
6.606175035238266
6.592412605881691
6.443809702992439
6.111147552728653
6.900377914309502
6.749211922287941
6.765496835112572
7.03450608253479
6.8223409950733185
6.6798733323812485
6.816275805234909
6.783609986305237
6.258380025625229
6.741311684250832
6.973213225603104
6.273861140012741
7.043881729245186
6.704420238733292
6.44713032245636
6.868101954460144
6.376504004001617
6.605483055114746
6.802048310637474
6.38251967728138
6.801819786429405
6.645838409662247
6.9260413646698
6.411713227629662
6.532121658325195
6.627535775303841
6.481427818536758
6.754095643758774
6.6685793697834015
6.621203169226646
7.269108682870865
7.034964248538017
6.67705637216568
7.14985579252243
6.455585598945618
6.500295490026474
6.771035507321358
6.8336387276649475
7.077491119503975
6.7645378559827805
7.053392201662064
6.926597386598587
6.804792478680611
6.785521626472473
6.929886162281036
6.625489249825478
6.983896419405937
6.724401891231537
7.092705816030502
6.767495840787888
7.432187587022781
7.061791330575943
7.161893874406815
6.787556871771812
7.489303186535835
7.090649768710136
7.174811407923698
7.036782056093216
7.457859560847282
7.394665747880936
7.446998029947281
7.051056325435638
6.651094540953636
7.174328476190567
7.425891727209091
7.383093595504761
7.176488384604454
7.283471658825874
7.0183484852313995
7.043946996331215
7.02171017229557
7.388191193342209
7.355683296918869
7.217732295393944
7.50445269048214
7.106164559721947
6.79171459376812
7.523923441767693
6.975138768553734
7.4446272403001785
7.339539006352425
7.458960711956024
7.193954020738602
7.043619215488434
7.423945352435112
7.29747673869133
7.5345045030117035
7.650569498538971
7.282405599951744
7.516242027282715
7.4204271286726
7.460855275392532
7.392032325267792
7.39312119781971
7.339771538972855
7.56579564511776
7.05920934677124
7.584111794829369
7.940164878964424
7.6027417331933975
7.632353946566582
7.436219409108162
7.504493460059166
7.9895149022340775
7.876006558537483
7.72582870721817
7.381255850195885
7.675855323672295
7.966024219989777
7.790985152125359
7.9886369705200195
7.748216986656189
7.721067652106285
7.707045003771782
7.420691177248955
7.452980697154999
7.652203559875488
7.861468687653542
7.619129419326782
8.06831468641758
8.089425161480904
7.9375180304050446
8.064658358693123
7.734064102172852
8.035649836063385
8.048210874199867
7.930472254753113
7.628884389996529
8.077973783016205
8.158459588885307
8.078628271818161
7.8473794758319855
8.25761964917183
8.134793743491173
7.872616574168205
8.091509684920311
8.207299649715424
8.068638265132904
7.8912603110075
8.281787350773811
8.098962754011154
8.050007939338684
8.243642807006836
8.16344103217125
8.003703519701958
8.310234174132347
8.034547835588455
8.102909594774246
8.058087572455406
8.13035835325718
8.133504211902618
8.32606689631939
8.365244567394257
7.998880684375763
8.06646279990673
8.148274347186089
8.375811040401459
8.244145348668098
8.051952078938484
8.0561293810606
8.329907163977623
8.402634024620056
8.312325805425644
8.509945899248123
8.385573893785477
8.324358478188515
8.499643385410309
8.08008624613285
8.307663291692734
8.448855936527252
8.455525413155556
8.3490901440382
8.393999055027962
8.49182941019535
8.249183222651482
8.259762182831764
8.493066251277924
8.304145082831383
8.201960012316704
8.420619800686836
8.35900565981865
8.566191107034683
8.499548465013504
8.633120313286781
8.590747818350792
8.460271492600441
8.26847505569458
8.463176533579826
8.557792127132416
8.412301704287529
8.513985604047775
8.302135273814201
8.417303293943405
8.604208827018738
8.721132308244705
8.554410383105278
8.470907002687454
8.71761378645897
8.66580468416214
8.556165128946304
8.686391711235046
8.645623356103897
8.668925419449806
8.342307269573212
8.71682608127594
8.53514476120472
8.664882346987724
8.484923154115677
8.647722691297531
8.50937706232071
8.419289246201515
8.726644665002823
8.539900124073029
8.628275781869888
8.476662620902061
8.657702043652534
8.691459834575653
8.678466558456421
8.856554925441742
8.921067774295807
8.853685975074768
8.780262529850006
8.808848679065704
8.656451299786568
8.62453980743885
8.703923538327217
8.808999940752983
8.940686792135239
8.997101604938507
8.915226072072983
8.897851884365082
8.745260015130043
8.50884436070919
8.726662427186966
8.534284219145775
8.723446398973465
8.709018111228943
8.862041845917702
8.993395239114761
9.204919189214706
8.991736561059952
8.930980622768402
9.005718141794205
8.86391168832779
8.98571452498436
8.923528969287872
8.90618908405304
8.970480382442474
8.932190120220184
9.101767152547836
8.937082827091217
8.795166611671448
9.269770294427872
8.895404905080795
9.090718060731888
9.100342154502869
9.247598350048065
9.04928982257843
9.28074711561203
9.076410800218582
8.809332221746445
9.064252257347107
8.98025193810463
9.187871605157852
8.985578060150146
9.009700149297714
8.769471347332
9.091604143381119
9.26261430978775
9.281157612800598
9.172200053930283
9.105422168970108
8.940040647983551
9.077756732702255
8.545134961605072
8.91041386127472
9.122592061758041
9.139097929000854
9.300342500209808
9.193334341049194
9.135666102170944
9.355206280946732
9.202633053064346
9.180973440408707
9.064188852906227
9.196814060211182
9.048342376947403
9.344466626644135
9.470436722040176
9.302743554115295
9.158102929592133
9.385143429040909
8.972923636436462
9.21338465809822
9.359837025403976
9.550194710493088
9.42703777551651
9.322682559490204
9.303972959518433
9.513825476169586
9.537731766700745
9.184208363294601
9.368085533380508
9.252715200185776
9.336350709199905
9.237982422113419
9.18614947795868
9.095821589231491
9.495931625366211
9.443191915750504
9.434835344552994
9.477618217468262
9.42153513431549
9.187796920537949
9.462907403707504
9.431391894817352
9.374500274658203
9.589743167161942
9.432347744703293
9.314398229122162
9.429169476032257
9.641943275928497
9.648498147726059
9.686919122934341
9.447373509407043
9.501189440488815
9.52328222990036
9.400929570198059
9.273612082004547
9.508632898330688
9.438546985387802
9.684203833341599
9.739146441221237
9.731322288513184
9.508208334445953
9.554696768522263
9.292443454265594
9.584926128387451
9.254402756690979
9.709021866321564
9.394170582294464
9.602645009756088
9.605619072914124
9.701184213161469
9.873633235692978
9.748110920190811
9.615745067596436
9.671894520521164
9.86391806602478
9.919683307409286
10.036663800477982
9.653688460588455
9.89046335220337
9.715719997882843
9.760247737169266
9.869397461414337
9.85359039902687
10.001152247190475
9.906102746725082
10.118974894285202
10.100041598081589
9.973659873008728
9.836089104413986
9.894221782684326
9.973040908575058
9.616422355175018
9.775551706552505
9.919344276189804
10.09307000041008
9.88446906208992
9.751574516296387
9.95848697423935
9.959158420562744
9.839079946279526
9.393776834011078
10.095237344503403
10.058015435934067
9.768586784601212
9.703935593366623
9.866407811641693
9.80373215675354
10.045059710741043
9.906380772590637
9.980489283800125
9.958120614290237
10.322706758975983
10.153363943099976
10.179422527551651
10.087758094072342
10.029421865940094
10.242525219917297
10.269798249006271
10.154687404632568
10.238144397735596
10.147879838943481
10.223337531089783
10.192260950803757
10.171303451061249
10.330885350704193
10.38935586810112
10.50295701622963
10.241558700799942
10.138705849647522
10.431941598653793
10.211106210947037
9.788563847541809
10.114711105823517
10.1475830078125
10.247270047664642
10.014506220817566
10.148343533277512
10.228848963975906
10.35085129737854
9.975188434123993
10.468944400548935
10.500417172908783
10.673409700393677
10.321795552968979
10.412923991680145
10.092324674129486
10.024738937616348
10.420012265443802
10.329469680786133
10.237315058708191
10.313214719295502
10.265393286943436
10.424542635679245
10.240331768989563
10.445413291454315
10.531562000513077
10.032850950956345
10.342430710792542
10.273084223270416
10.45747110247612
10.693033337593079
10.589967489242554
10.621238470077515
10.290520161390305
10.445096045732498
10.643518805503845
10.213149279356003
10.632623702287674
10.710842549800873
10.367606967687607
10.458691537380219
10.558221012353897
10.46710804104805
10.424154549837112
10.512284934520721
10.539249002933502
10.64691561460495
10.838008105754852
10.594688266515732
10.820329129695892
10.62007462978363
10.48449656367302
10.345035701990128
10.19137042760849
10.447744935750961
10.358209997415543
10.343686759471893
10.294372022151947
10.771394699811935
10.539973944425583
10.6033236682415
10.749437481164932
10.640818327665329
10.803711742162704
10.709534019231796
10.686023592948914
10.559729993343353
10.511830389499664
10.761827796697617
10.768795251846313
10.817057728767395
10.403954654932022
10.750870287418365
10.887637585401535
11.05264064669609
11.046525031328201
11.059852987527847
10.748386979103088
11.088299423456192
10.638682216405869
10.968874424695969
11.107333421707153
10.922636419534683
10.633245140314102
11.008512407541275
10.889452129602432
10.515970319509506
10.828155219554901
10.99730235338211
11.062410444021225
10.775818556547165
11.121262192726135
10.911831825971603
10.97978612780571
10.802929192781448
10.991351515054703
10.867288291454315
10.938270419836044
11.007342100143433
10.958012491464615
10.759582668542862
10.605324625968933
10.758913964033127
11.36069741845131
10.970503717660904
11.042170315980911
11.028178721666336
11.361831694841385
11.051801204681396
11.083901822566986
11.091970920562744
11.053474605083466
11.083152949810028
10.832255750894547
10.763667583465576
10.91514739394188
11.220841228961945
11.179019093513489
10.845539689064026
11.218591570854187
11.443988591432571
11.288242667913437
11.176696628332138
11.217366933822632
11.077533423900604
10.97534453868866
11.244824171066284
11.264505237340927
11.32767429947853
11.315378546714783
11.357081353664398
11.409899532794952
11.181092083454132
11.087450742721558
11.393926829099655
11.059273719787598
11.189185798168182
11.103011637926102
11.115615040063858
11.466330766677856
10.98858779668808
11.281352788209915
11.240894585847855
11.481958150863647
11.458289176225662
11.243844270706177
11.457763433456421
11.225910395383835
11.67397603392601
11.444208770990372
11.356252580881119
10.874371200799942
11.322678804397583
11.26453584432602
11.154403269290924
11.642940431833267
11.68984106183052
11.252202987670898
11.553079277276993
11.156376540660858
11.470921158790588
11.756919264793396
11.403447031974792
11.064557492733002
11.762744903564453
11.447389155626297
11.50095510482788
11.68628939986229
11.42737466096878
11.62369903922081
11.63582381606102
11.408858627080917
11.59004881978035
11.742693930864334
11.528696984052658
11.700301855802536
11.52192136645317
11.53587955236435
11.435347378253937
11.394500225782394
11.551632642745972
11.662822604179382
11.569677650928497
11.528956085443497
11.568379163742065
11.940018326044083
11.747597396373749
11.394277930259705
11.527476757764816
11.911643892526627
11.818778544664383
11.522349029779434
11.714282989501953
11.670784145593643
11.711517333984375
11.69918555021286
11.53915947675705
11.596859902143478
11.623042941093445
11.81370547413826
11.466215133666992
12.115475505590439
11.801485538482666
11.873211711645126
12.162833154201508
11.844496220350266
12.151427119970322
11.51617419719696
12.097625523805618
11.879353135824203
11.566082745790482
11.689548701047897
11.49814623594284
11.742670804262161
11.905596256256104
11.775889217853546
12.179562002420425
11.771633803844452
11.548104345798492
11.536250799894333
12.020196467638016
11.347083628177643
11.849069982767105
11.945942044258118
11.773944944143295
11.942066222429276
11.423706471920013
11.623116135597229
12.245891571044922
12.010057359933853
12.077753573656082
12.135931223630905
12.413532376289368
11.74160236120224
11.86200800538063
11.759734392166138
11.951913982629776
12.181309014558792
12.230721324682236
11.508451163768768
12.423614799976349
12.257076799869537
11.985415875911713
12.092058956623077
11.436019390821457
12.075018733739853
12.197810292243958
12.13829916715622
12.505864381790161
11.94776764512062
12.37579870223999
12.09233808517456
12.279985666275024
12.137326627969742
11.877188175916672
11.920431226491928
12.100558578968048
12.551721811294556
12.112216174602509
12.340807884931564
12.260386794805527
12.218625247478485
12.307652562856674
12.307564377784729
12.026199162006378
12.331561893224716
12.499582976102829
12.184005916118622
12.426123768091202
12.401795834302902
11.925930321216583
12.108801186084747
12.330308586359024
12.042729914188385
12.690324813127518
12.505885124206543
12.405876249074936
12.089886844158173
12.38037297129631
12.170155793428421
11.999093323946
12.017707645893097
12.292050927877426
12.370319455862045
11.925253599882126
12.225075870752335
12.527536451816559
12.673052161931992
12.463316082954407
12.746637344360352
12.486613124608994
11.965451031923294
12.31356194615364
12.266288608312607
12.560860067605972
12.5756316781044
12.357511550188065
12.495652884244919
12.63856652379036
12.783665359020233
12.59788978099823
12.54937219619751
12.661922812461853
12.49267441034317
12.57729122042656
12.214691817760468
12.188659727573395
12.650569766759872
12.561919420957565
12.391718298196793
12.675909161567688
12.89649909734726
12.632567971944809
12.73448720574379
12.643748223781586
12.832407623529434
12.508333295583725
12.877359300851822
12.634492427110672
12.644203841686249
12.521984338760376
12.728051096200943
12.603329747915268
12.582357585430145
12.836724311113358
12.899698346853256
12.552938789129257
12.876114070415497
13.100500911474228
13.089404165744781
12.45436105132103
12.656885027885437
12.743145942687988
12.607516199350357
13.104913771152496
12.668238401412964
12.891652792692184
12.363142728805542
12.831290483474731
12.708171337842941
12.73073035478592
12.549514830112457
12.882529139518738
13.059097200632095
13.059511572122574
12.633140057325363
12.851510465145111
12.88419982790947
13.037981927394867
13.204579770565033
13.1958586871624
13.136730283498764
12.864594250917435
12.9529128074646
12.708010375499725
12.975283354520798
13.155595749616623
13.141209751367569
13.062062054872513
13.147717148065567
12.778258174657822
13.143330782651901
12.882856726646423
12.937949985265732
13.124024748802185
12.92795017361641
13.055411130189896
12.93417027592659
13.180801808834076
13.178751647472382
13.22292485833168
13.318776577711105
12.86815857887268
12.591857075691223
13.009503722190857
13.19974359869957
13.191352993249893
13.375247746706009
13.1880983710289
12.993657559156418
13.099333137273788
13.012817919254303
13.121476471424103
13.11865982413292
12.990805298089981
12.91436842083931
13.132605254650116
13.274690419435501
13.335081726312637
13.44425117969513
13.25081318616867
13.08657506108284
13.108444780111313
13.195118337869644
13.175098806619644
13.310633480548859
13.244765758514404
13.31648775935173
13.389585316181183
13.25478646159172
13.415118962526321
13.0864138007164
12.959985911846161
12.940144687891006
13.15992584824562
13.066873967647552
13.172404378652573
13.427923530340195
13.462514966726303
13.316146045923233
13.312897861003876
13.141217172145844
13.433690994977951
13.019864469766617
13.401276618242264
13.285956025123596
13.660727858543396
13.62963205575943
13.526048839092255
13.323923707008362
13.42473754286766
13.010896801948547
13.30788767337799
13.09755328297615
13.24981901049614
13.335791498422623
13.526636987924576
13.763505458831787
13.568960398435593
13.56636643409729
13.573823750019073
13.31380769610405
13.48810338973999
13.330771923065186
13.552901566028595
13.544115483760834
13.57045567035675
13.124398589134216
13.645887702703476
13.717761874198914
13.44741877913475
13.553505927324295
13.542787909507751
13.533987998962402
13.503631383180618
13.528100937604904
13.755307704210281
13.785756438970566
13.36679869890213
13.498699069023132
13.641727358102798
13.500383347272873
13.557575792074203
13.587845504283905
13.594809353351593
13.524007260799408
13.548430621623993
13.463799327611923
13.834533274173737
13.752453535795212
13.735675483942032
13.686860710382462
13.671912223100662
13.94193485379219
14.042093098163605
13.77985629439354
14.004177898168564
13.664092749357224
13.966835409402847
13.759687215089798
13.96673595905304
13.768559098243713
13.979326248168945
13.765195816755295
13.686030954122543
13.96781501173973
13.708108812570572
13.623844921588898
13.783808946609497
13.997667908668518
13.66701403260231
13.849498063325882
13.717713922262192
13.785836517810822
13.832144349813461
14.096230745315552
14.05769431591034
13.833292663097382
13.650602906942368
13.53482437133789
14.013611018657684
14.026484966278076
13.908718913793564
13.8142751455307
14.21816834807396
14.00667491555214
14.02323293685913
13.98322132229805
14.009082108736038
13.681791692972183
13.984218120574951
13.891267657279968
13.316769272089005
14.095963060855865
14.048060894012451
14.026598393917084
14.115782141685486
14.015662610530853
14.01537999510765
14.0285165309906
13.992868423461914
13.779428243637085
13.713412791490555
14.297733187675476
14.189637780189514
14.204564481973648
13.84481155872345
14.219356656074524
14.063965380191803
14.037788063287735
14.299829840660095
14.106780380010605
14.244494080543518
14.069948256015778
14.262137055397034
14.146872252225876
14.101674884557724
14.115620821714401
13.986838072538376
14.400894045829773
14.330547839403152
14.268430173397064
13.963660776615143
14.120786190032959
14.331962525844574
13.978681981563568
14.155082017183304
14.380402743816376
14.454058289527893
14.117407351732254
13.795648962259293
14.224029660224915
13.744126349687576
13.926739752292633
14.251766473054886
14.246643304824829
14.355313390493393
14.214633822441101
14.593956738710403
14.043877243995667
14.223282516002655
14.369413197040558
14.002036482095718
13.988071948289871
14.37302502989769
14.255065858364105
14.56142345070839
14.567073971033096
14.375344693660736
14.266837060451508
14.0651775598526
14.308693081140518
14.010704070329666
14.386701107025146
14.057880014181137
14.098395109176636
14.445532232522964
14.019781947135925
14.105757802724838
14.243435323238373
14.475755900144577
14.276177406311035
14.05159604549408
14.14626857638359
14.556253403425217
14.470811933279037
14.250123351812363
14.567154109477997
14.549369513988495
14.402599811553955
14.673324942588806
14.440197855234146
14.34351497888565
14.33132690191269
14.460481017827988
14.695367187261581
14.799934685230255
14.196708768606186
14.483378529548645
14.640194028615952
14.545571714639664
14.280718266963959
14.493820756673813
14.421985775232315
14.391019761562347
14.260020792484283
14.540982365608215
14.570185840129852
14.252881079912186
14.379270821809769
14.641437143087387
14.775824576616287
14.805410951375961
14.309417188167572
14.711355865001678
14.753004252910614
14.71074190735817
14.819531887769699
14.51849290728569
14.423348069190979
14.517515420913696
14.733724117279053
14.702379614114761
14.685433775186539
14.654615223407745
14.50557816028595
14.773388743400574
14.393469244241714
14.821999847888947
14.902169913053513
14.539301753044128
14.503310531377792
14.982043504714966
14.798750579357147
14.647732824087143
14.915159165859222
14.782732397317886
15.041066139936447
14.830129861831665
14.620450556278229
14.213747322559357
14.938030779361725
14.863801211118698
14.965739101171494
14.72907304763794
14.807836651802063
14.567360669374466
14.913723826408386
14.660319864749908
14.209870398044586
14.718882828950882
14.564291596412659
14.726508021354675
14.747733175754547
14.829846501350403
14.821145802736282
14.6885025203228
14.803521990776062
15.129788309335709
15.04111436009407
15.06146964430809
14.794199883937836
14.808513224124908
14.823818296194077
14.992845505475998
15.149696320295334
15.044999033212662
15.164122849702835
14.994148224592209
15.135071277618408
14.780545026063919
14.78239706158638
14.841978818178177
15.01804056763649
14.933048337697983
15.108216941356659
15.071925610303879
14.856006115674973
15.180600047111511
15.180421859025955
15.247584611177444
15.18734472990036
15.022706925868988
14.717846930027008
15.032699227333069
14.793397068977356
15.120560646057129
15.203402429819107
15.338418781757355
15.081353038549423
15.209727227687836
14.874224722385406
15.315642982721329
15.141566425561905
15.000801980495453
15.148297816514969
14.989291042089462
14.929829835891724
14.68850627541542
15.191547632217407
15.271853625774384
15.360665261745453
15.100679695606232
14.891432017087936
14.907210052013397
14.851259738206863
14.989527374505997
14.990499943494797
14.826368659734726
15.061036378145218
15.371442049741745
15.186327040195465
15.243178695440292
15.34305790066719
14.94882446527481
15.233799815177917
15.368360579013824
14.865738928318024
14.884073078632355
15.001375705003738
14.86991685628891
14.968869268894196
15.502196490764618
15.041455388069153
15.505710422992706
15.16076871752739
15.021710216999054
15.501520335674286
15.323735803365707
15.319494992494583
15.557957530021667
15.352807462215424
15.686953991651535
15.375827819108963
15.217516869306564
14.957085639238358
15.3566215634346
15.326895713806152
14.88630360364914
15.443660974502563
15.149034917354584
15.418553084135056
15.689838528633118
15.573648989200592
15.172655820846558
15.16818380355835
15.534311920404434
15.455983608961105
15.32491186261177
15.044638365507126
15.421156197786331
15.685036092996597
15.655549943447113
15.562065929174423
15.67605784535408
15.358736604452133
15.710622370243073
15.245601564645767
15.203203022480011
15.224766433238983
15.685086399316788
15.684182465076447
15.640121132135391
15.795111417770386
15.66867846250534
15.534512311220169
15.322961241006851
15.336209833621979
15.395836383104324
15.693028777837753
15.52947923541069
15.684684336185455
15.692555218935013
15.751649767160416
15.484641760587692
15.718243718147278
15.60054236650467
15.743260264396667
15.66615116596222
15.912077456712723
15.810914605855942
15.622359216213226
15.820106238126755
15.50128835439682
15.571741789579391
15.782372117042542
15.950697302818298
15.893879890441895
15.89620366692543
15.858008801937103
16.042277455329895
15.96595710515976
15.622954189777374
15.755488842725754
15.702594339847565
15.719569981098175
15.851265877485275
15.542642414569855
15.942349284887314
15.744839578866959
15.890374511480331
15.967765033245087
15.915993571281433
15.897460699081421
15.887306869029999
16.142332404851913
16.03194859623909
16.029899537563324
16.056513518095016
15.940721064805984
15.9292671084404
15.803860157728195
15.597325563430786
15.7158622443676
15.870108902454376
15.98721182346344
15.83877569437027
16.10509505867958
15.932278960943222
16.167919278144836
16.123360812664032
15.9213447868824
16.0506991147995
16.213149189949036
15.899576157331467
16.08861654996872
15.955021739006042
15.966393917798996
16.106151908636093
16.04769718647003
16.181922554969788
16.212120205163956
16.22974357008934
16.202127158641815
16.198258370161057
16.141992807388306
16.156560510396957
16.0777428150177
16.240951001644135
16.066372126340866
15.930459409952164
15.926887571811676
16.205615669488907
16.276158422231674
16.329529583454132
16.16019368171692
16.14362570643425
16.302346974611282
16.254497438669205
16.34834975004196
16.19193595647812
16.16697934269905
16.226466327905655
16.238051623106003
16.22523558139801
16.294327318668365
16.231361538171768
16.31821048259735
16.343017250299454
16.101644665002823
16.318404614925385
16.244241505861282
16.326595216989517
16.34266495704651
16.25131204724312
16.366315364837646
16.325242519378662
16.300745368003845
16.324370980262756
16.2026005089283
16.394070744514465
16.438922703266144
16.282858282327652
16.36860090494156
16.204902172088623
16.42838317155838
16.49237370491028
16.491470992565155
16.50782060623169
16.384045362472534
16.402291655540466
16.428809702396393
16.435537040233612
16.483938574790955
16.50258243083954
16.498978793621063
16.467846035957336
16.406350016593933
16.344026535749435
16.46844255924225
16.396489083766937
16.50284707546234
16.446928650140762
16.463580310344696
16.503313899040222
16.482654452323914
16.40389922261238
16.439251482486725
16.490733325481415
16.49873948097229
16.419713020324707
16.312689661979675
16.491441547870636
16.46484237909317
16.414092302322388
16.597538471221924
16.559452533721924
16.633743345737457
16.5187309384346
16.496878772974014
16.481295883655548
16.4814954996109
16.570252537727356
16.61962479352951
16.56950968503952
16.632279455661774
16.625925302505493
16.561660200357437
16.48820924758911
16.469484388828278
16.570816040039062
16.763685166835785
16.692891895771027
16.717503547668457
16.704539716243744
16.605756521224976
16.55682510137558
16.60267472267151
16.5820671916008
16.52314305305481
16.668528497219086
16.656291604042053
16.673743724822998
16.679990351200104
16.470647931098938
16.64761084318161
16.26921033859253
16.44174361228943
16.62907236814499
16.72050189971924
16.79204833507538
16.73842829465866
16.573810160160065
16.795161068439484
16.474276781082153
16.58227425813675
16.81101882457733
16.77259111404419
16.82541650533676
16.554399132728577
16.708126425743103
16.8008114695549
16.78549838066101
16.603613436222076
16.733471155166626
16.583203971385956
16.774246990680695
16.76015067100525
16.855473339557648
16.80178999900818
16.726611256599426
16.85879874229431
16.79457664489746
16.57005274295807
16.77293837070465
16.692101061344147
16.79907077550888
16.714229583740234
16.57443940639496
16.704756021499634
16.709663212299347
16.6868577003479
16.73234510421753
16.805545270442963
16.64331543445587
16.82344251871109
16.60458242893219
16.746966272592545
16.82873898744583
16.977620542049408
17.00587749481201
16.92328232526779
16.643663465976715
16.679343819618225
16.685615062713623
16.866346418857574
16.94246119260788
16.603702783584595
16.81272441148758
16.68429309129715
16.86664456129074
16.763615548610687
16.867224395275116
16.61550149321556
16.819790422916412
16.840305745601654
17.101497769355774
16.747840344905853
16.61801713705063
16.80714249610901
16.61756631731987
16.714572310447693
16.846655070781708
16.9589763879776
16.929416179656982
17.058036983013153
16.930721282958984
17.0760800242424
16.9911847114563
16.838464587926865
17.17355877161026
17.028680086135864
16.773994773626328
16.882200837135315
16.90032333135605
16.804064512252808
16.974038422107697
17.1446590423584
17.0758153796196
17.101117253303528
17.113204538822174
16.81960356235504
16.777985394001007
16.88690894842148
16.876672625541687
16.884795904159546
17.0090514421463
17.176668882369995
17.187206268310547
16.96413952112198
17.10898005962372
16.831873655319214
17.178559184074402
17.163901567459106
17.111527621746063
16.864678978919983
17.039472818374634
16.999885618686676
17.13633096218109
17.142171144485474
16.999307453632355
17.037556052207947
17.119463443756104
16.910230219364166
17.144883692264557
17.047648072242737
16.951124846935272
17.2799054980278
16.816517412662506
17.075646221637726
17.123399317264557
17.24875372648239
17.075205206871033
17.144564151763916
16.998083114624023
17.164399921894073
17.029080510139465
17.01517343521118
17.220194339752197
17.299635589122772
17.161933183670044
17.1366668343544
17.230896711349487
17.114768028259277
16.764887750148773
17.344670295715332
17.366294264793396
17.38925963640213
17.238906025886536
17.314907729625702
17.327323138713837
17.200983345508575
16.863933742046356
17.018254220485687
17.15128606557846
17.030831933021545
17.10630041360855
17.21837079524994
17.368300318717957
17.128862619400024
17.380850434303284
17.207607567310333
17.49921202659607
17.2773756980896
17.521025776863098
17.360534965991974
17.353952884674072
17.47084206342697
17.23778945207596
17.396262109279633
17.507029116153717
17.300813615322113
17.326271772384644
17.329327404499054
17.434787154197693
17.17212212085724
17.21131455898285
17.61936229467392
17.59174734354019
17.633709013462067
17.690497934818268
17.538447380065918
17.615993082523346
17.15201371908188
17.459852695465088
17.62351828813553
17.593902826309204
17.33548218011856
17.420266330242157
17.516146957874298
17.301124036312103
17.612956404685974
17.317389011383057
17.592890858650208
17.625074982643127
17.380381047725677
17.388936042785645
17.605873942375183
17.38673186302185
17.60419112443924
17.656473755836487
17.727048933506012
17.330322921276093
17.711104035377502
17.393126249313354
17.3109992146492
17.763576924800873
17.646138191223145
17.446706652641296
17.445002853870392
17.54222810268402
17.614787697792053
17.459530770778656
17.476202130317688
17.481810212135315
17.367850959300995
17.516467809677124
17.562462389469147
17.654999017715454
17.6107160449028
17.7514026761055
17.600515067577362
17.65385752916336
17.618428587913513
17.47117555141449
17.672258019447327
17.755032181739807
17.674276530742645
17.405405402183533
17.386214435100555
17.556685209274292
17.46861207485199
17.397477388381958
17.43073731660843
17.621780216693878
17.712849140167236
17.47914159297943
17.828653216362
17.615064084529877
17.251600861549377
17.688637495040894
17.48967456817627
17.681994080543518
17.767378985881805
17.78169536590576
17.701066553592682
17.621533513069153
17.275986790657043
17.694965481758118
17.610261857509613
17.52502751350403
17.895010232925415
17.670641839504242
17.87427246570587
17.592823445796967
17.785050570964813
17.77720844745636
17.57146406173706
17.957247138023376
17.953067004680634
17.854826390743256
17.824243128299713
17.73624587059021
17.862944424152374
17.619624316692352
17.785747528076172
17.421628057956696
17.867050886154175
17.745699763298035
17.56940770149231
17.94377088546753
17.95287698507309
17.571844518184662
17.844530165195465
17.98287260532379
17.719277143478394
17.888876974582672
17.88462769985199
17.558509647846222
17.361383318901062
17.735741674900055
17.925343453884125
17.875112533569336
17.961381375789642
17.85844200849533
18.034087777137756
17.680788695812225
18.05425065755844
17.954006910324097
18.046178579330444
17.742604970932007
17.5590717792511
18.111370861530304
17.82707142829895
17.983286440372467
18.01985991001129
17.979203522205353
17.91692990064621
17.79791921377182
18.039044320583344
17.90873795747757
17.78157329559326
18.02904111146927
18.03648406267166
18.115531384944916
18.167463064193726
17.900178968906403
17.81592434644699
17.86497700214386
18.300765573978424
17.842993557453156
17.67675882577896
18.24117636680603
17.98074346780777
18.195980310440063
18.28401529788971
18.11292052268982
17.934974312782288
17.940635442733765
18.07159274816513
17.896165251731873
18.07429140806198
18.1288161277771
18.235854923725128
18.056688904762268
18.06779307126999
18.082359969615936
17.83855175971985
18.26621389389038
17.851632297039032
18.30595165491104
18.412040770053864
18.160684406757355
18.140027165412903
18.1171658039093
17.992960274219513
18.080127835273743
18.07460880279541
18.069777369499207
18.20899271965027
18.124268412590027
17.980045080184937
18.13314777612686
18.126802444458008
18.02525359392166
18.27158796787262
18.288333296775818
17.947997212409973
18.025987327098846
18.26373779773712
17.815675675868988
17.954712688922882
18.063099682331085
18.21282821893692
18.1096351146698
18.395392894744873
17.961276590824127
18.09990704059601
18.231075167655945
18.241630852222443
18.494795560836792
17.949831426143646
18.25679785013199
18.2232586145401
18.175593376159668
18.145170211791992
18.13572472333908
18.25644052028656
18.438726902008057
18.40050756931305
18.497202575206757
18.24052459001541
18.362475275993347
18.379322409629822
18.350683093070984
18.41499835252762
18.080433189868927
18.429258584976196
18.161774218082428
18.386838018894196
18.438899993896484
18.271328330039978
18.223171055316925
18.42104858160019
18.02871596813202
18.226334154605865
18.492881536483765
18.550918221473694
18.10157698392868
18.46781414747238
18.163323521614075
18.354074001312256
18.30921959877014
18.034694135189056
18.413336396217346
18.282383739948273
18.124426782131195
18.438174426555634
18.19604879617691
18.429344415664673
18.428957879543304
18.279287457466125
18.471396803855896
18.18562602996826
18.225928366184235
18.19970464706421
18.285194873809814
18.31259113550186
18.119702398777008
18.333739459514618
18.499057114124298
18.35262793302536
18.418937861919403
18.226193845272064
18.57191777229309
18.350626707077026
18.613138496875763
18.609532713890076
18.655168294906616
18.34273201227188
18.25025373697281
18.298438608646393
18.07359516620636
18.54043298959732
18.62820029258728
18.291919708251953
18.413477659225464
18.473139226436615
18.29666370153427
18.491621255874634
18.606884717941284
18.59685605764389
18.670469403266907
18.52183026075363
18.57810515165329
18.49285787343979
18.253808975219727
18.37428444623947
18.63138312101364
18.839488983154297
18.75977873802185
18.556166648864746
18.734431207180023
18.475113034248352
18.327620327472687
17.931162893772125
18.20756709575653
18.42618179321289
18.54174017906189
18.507319509983063
18.773895919322968
18.539852261543274
18.62713134288788
18.376491248607635
18.345160365104675
18.682296335697174
18.38559889793396
18.276488542556763
18.32112944126129
18.63075566291809
18.676698565483093
18.633694231510162
18.445353865623474
18.147818565368652
18.625831604003906
18.029278099536896
18.261766493320465
18.354958295822144
18.59487819671631
18.57879936695099
18.609377443790436
18.60795569419861
18.31115961074829
18.457098305225372
18.49355000257492
18.535664319992065
18.91935247182846
18.776175141334534
18.910299599170685
18.854241847991943
18.555956482887268
18.55340552330017
18.743387639522552
18.21821039915085
18.664695978164673
18.425892114639282
18.839681923389435
18.873087644577026
18.78928828239441
18.883059859275818
18.52936762571335
18.46425700187683
18.52522200345993
18.396228432655334
18.418515920639038
18.599845945835114
18.890593349933624
18.749061286449432
18.238002240657806
18.519456565380096
18.453460335731506
18.370983242988586
18.600626945495605
18.431204676628113
18.84051162004471
18.2262099981308
18.629743695259094
18.549158811569214
18.701126396656036
18.51208186149597
18.900412678718567
19.088961482048035
18.592591285705566
18.940404534339905
18.66762399673462
19.01553761959076
18.70623105764389
18.698112308979034
19.051862478256226
18.581132471561432
18.700976133346558
18.743142902851105
19.011947989463806
18.867220520973206
19.068294942378998
18.809414505958557
18.53361177444458
18.787677526474
18.865851402282715
19.047823309898376
19.039048969745636
19.02766305208206
18.646518111228943
18.95247334241867
19.001876950263977
19.08857625722885
18.770646154880524
18.703298151493073
18.637751817703247
18.951327204704285
18.583531737327576
18.872658014297485
19.14414346218109
19.38597470521927
18.800476610660553
18.845067977905273
19.12369179725647
18.945809721946716
18.989823877811432
18.7626850605011
19.1628240942955
18.97923171520233
19.19297069311142
19.033859491348267
18.64952027797699
18.835085213184357
18.84509265422821
18.783087611198425
18.845418572425842
18.912948489189148
18.985729336738586
18.92295229434967
19.148426055908203
19.305121898651123
18.98912239074707
18.96451187133789
19.203594982624054
19.198031544685364
19.176097095012665
19.304706692695618
18.996028780937195
19.084153056144714
19.24867570400238
19.25065302848816
19.047213852405548
19.08573544025421
19.397884011268616
19.15878391265869
19.198527097702026
19.188353896141052
19.43874764442444
19.284260869026184
19.207833468914032
19.02219295501709
19.14240676164627
18.747170329093933
19.24843180179596
19.159731924533844
19.32007873058319
19.455061733722687
19.29553061723709
19.435977935791016
18.796839594841003
19.338909089565277
19.422641336917877
19.35618817806244
19.2777259349823
19.121593832969666
18.94672030210495
19.538515150547028
19.19619905948639
19.410589337348938
19.41183477640152
18.88803058862686
19.020629167556763
19.2368386387825
19.361422181129456
19.283004462718964
19.47706961631775
19.507769346237183
19.15469765663147
19.237694263458252
19.179903507232666
19.251886904239655
19.127139031887054
19.278922021389008
19.257086396217346
19.4027042388916
19.425915479660034
19.005330801010132
19.435790836811066
19.414975106716156
19.362713098526
19.522184014320374
19.421697318553925
19.283873856067657
19.26570999622345
19.53678035736084
19.304501593112946
19.380962133407593
19.483128309249878
19.385533332824707
19.627013564109802
19.219766438007355
19.22964584827423
19.480567693710327
19.645972967147827
19.1478413939476
19.470482110977173
19.450171053409576
19.142753660678864
19.601807177066803
19.351751565933228
19.230381548404694
19.370068967342377
19.46683770418167
19.496387720108032
19.34672439098358
19.332859873771667
19.355052530765533
19.628232717514038
19.54372251033783
19.21404004096985
19.421650767326355
19.603067696094513
19.55621427297592
19.640065848827362
19.402591168880463
19.670706272125244
19.33215743303299
19.48163789510727
19.559329330921173
19.59668529033661
19.572616577148438
19.5043865442276
19.434422612190247
19.73076868057251
19.282024383544922
19.609518587589264
19.512451708316803
19.498694837093353
19.810333251953125
19.500873029232025
19.812691867351532
19.368361592292786
19.7696972489357
19.340315878391266
19.82406973838806
19.330482184886932
19.850333750247955
19.3133447766304
19.738767743110657
19.399509847164154
19.57442730665207
19.572444260120392
19.636889398097992
19.561814188957214
19.728745341300964
19.712439596652985
19.577798187732697
19.516086876392365
19.523464381694794
19.388034224510193
19.654432594776154
19.83895570039749
19.702028453350067
19.89099830389023
19.74770152568817
19.823845505714417
19.54263150691986
19.750368535518646
19.808216989040375
19.757113337516785
19.757681906223297
19.54527747631073
19.657150506973267
19.79899501800537
19.60669595003128
19.804499566555023
19.87812852859497
19.867360949516296
19.75986671447754
19.758398950099945
19.873838543891907
19.63526713848114
19.93572336435318
19.448783695697784
20.00229823589325
19.835794687271118
19.861202836036682
19.44455373287201
19.687344133853912
19.435979664325714
19.67867213487625
19.656674206256866
19.759036421775818
19.759713113307953
19.99615854024887
19.91530829668045
19.970131039619446
19.824668169021606
19.75168812274933
19.816660046577454
19.85293221473694
19.455753982067108
20.049397706985474
20.071935653686523
19.884378015995026
19.86096316576004
20.0302591919899
19.535266280174255
19.562340080738068
19.78798609972
19.679883539676666
20.187870919704437
19.700541615486145
19.65095353126526
19.845189332962036
19.47536027431488
19.94405508041382
20.00434011220932
19.67918473482132
20.153283059597015
20.136960089206696
19.647684812545776
19.796321630477905
19.998994529247284
19.922724068164825
19.990708708763123
20.033053398132324
19.678157031536102
19.94572365283966
19.961885631084442
19.979491353034973
20.14926916360855
19.86128342151642
19.74122977256775
19.86428838968277
19.82681232690811
19.860654056072235
19.70183378458023
19.943736135959625
20.253887176513672
20.104919373989105
19.739199340343475
20.00475698709488
20.091357827186584
19.987815260887146
20.096459984779358
20.052918016910553
19.960909485816956
20.13764798641205
20.12108486890793
20.084288954734802
19.933817267417908
20.204728186130524
20.367374002933502
19.902747809886932
20.13180923461914
20.060824036598206
19.892417192459106
19.73271542787552
19.879106044769287
19.947124302387238
19.915256202220917
20.033901870250702
20.120664596557617
20.075011909008026
20.010135531425476
19.92959302663803
19.943869531154633
20.013060748577118
20.298985481262207
20.136746883392334
20.154365181922913
20.072417199611664
19.906265258789062
20.13822168111801
19.844888865947723
20.26859873533249
19.87148505449295
20.151438772678375
20.35208308696747
20.17529034614563
20.108873188495636
20.139999210834503
20.434871017932892
20.25242507457733
20.187932789325714
20.292319655418396
19.999034702777863
20.20064276456833
20.29017823934555
20.15399158000946
20.291081607341766
20.29707771539688
20.064891636371613
20.113282203674316
20.229464054107666
19.96972942352295
20.100461602211
19.90976995229721
20.33024901151657
20.109462082386017
20.484267711639404
20.2194601893425
20.176964104175568
20.154409050941467
20.322644352912903
20.11625564098358
20.51568204164505
20.245179057121277
20.33234441280365
20.453146159648895
20.35181760787964
20.495274126529694
20.325311362743378
20.03579205274582
20.346291840076447
20.46409833431244
20.426988422870636
20.04750257730484
20.379869163036346
20.200340688228607
20.206905722618103
19.965527832508087
20.32613915205002
20.23932695388794
20.518463492393494
20.55767059326172
20.644064009189606
20.2222962975502
20.358411848545074
20.287416577339172
20.34955769777298
19.794832944869995
20.175647020339966
20.374944627285004
20.309826016426086
20.45943331718445
20.58548492193222
20.685481548309326
20.348459362983704
20.700478672981262
20.606534838676453
20.386160850524902
20.342560946941376
20.577409386634827
20.400456130504608
20.359316766262054
20.269161701202393
20.579573333263397
20.400507748126984
20.7574063539505
20.81723940372467
20.631877541542053
20.508370757102966
