None
None
None
None
None
None
None
None
None
None
None
None
None
None
None
None
None
None
None
None
None
None
None
None
None
None
None
None
None
None
None
None
None
None
None
None
None
None
None
None
None
None
None
None
None
None
None
None
None
None
None
None
None
None
None
None
None
None
None
None
None
None
None
None
None
None
None
1.237945444881916
1.2946338392794132
1.2421932853758335
1.3538782596588135
1.2904820758849382
1.235129177570343
1.1978986728936434
1.263640508055687
1.1845069751143456
1.2121883388608694
1.1812303811311722
1.1598882228136063
1.1768342312425375
1.0867308117449284
1.0525885485112667
1.1988720130175352
0.9242304880172014
0.9602409154176712
1.0618534535169601
0.9425846077501774
0.862363850697875
0.8238119874149561
0.8294362258166075
0.8614140031859279
0.7616180051118135
0.7119476841762662
0.6738575547933578
0.65336112678051
0.5042385756969452
0.5639112712815404
0.41193353896960616
0.4086096389510203
0.30747877089015674
0.234264328784775
0.23512650237717025
0.2087031357559681
0.026170700090005994
-0.013180205947719514
-0.1282353296992369
-0.07015378979849629
-0.1702898759394884
-0.2418141781236045
-0.22669386902998667
-0.1412835255614482
-0.17463390504417475
-0.19269060975057073
-0.24011048465035856
-0.0714846997288987
-0.0800117163307732
-0.1095420412675594
-0.08041817118646577
-0.10071973720914684
0.08153710846090689
0.05798014940228313
0.033602186071220785
0.0729886304034153
0.06222862036929655
-0.028329620967269875
-0.10777999373385683
-0.007166581344790757
-0.1450206800363958
-0.15568347286898643
-0.13099900927045383
-0.1183440467575565
-0.14599198405630887
-0.16132164241207647
-0.12469193839933723
-0.12846586591331288
-0.02849031498772092
-0.16356941294725402
-0.18641960990498774
0.027816655696369708
-0.25167446897830814
-0.23263345484156162
-0.02791760025138501
-0.18644489103462547
-0.14793667398043908
-0.19352119887480512
-0.1188454757357249
-0.13669001864036545
0.0209800589364022
-0.13451263729075436
-0.03573522626538761
-0.1972803850476339
-0.07946479003294371
0.0789022225762892
-0.1013045123545453
-0.14629338320810348
-0.2600219283194747
-0.38830918890744215
-0.16044549370417371
-0.2383521386072971
-0.21820364258019254
-0.18536988289724832
-0.17114445118932053
-0.28216776906629093
-0.17468658645520918
-0.1691510128439404
-0.060398799847462215
-0.08497430166244158
-0.11800042376853526
-0.12606945406878367
-0.19743055567960255
-0.14893467398360372
-0.2515404582954943
-0.27144694642629474
-0.16721935992245562
-0.26751579175470397
-0.25898503890493885
-0.14864667944493704
-0.1994796051440062
-0.12821337413333822
-0.3931409402284771
-0.14327765759662725
-0.18033050681697205
-0.2436938974133227
-0.14924163969408255
-0.18253148964140564
-0.20652149501256645
-0.2882432234182488
-0.28452752661542036
-0.17668396086082794
-0.1820197855704464
-0.26084238244220614
-0.354194737970829
-0.1815330452809576
-0.2041024878853932
-0.15314750839024782
-0.1589519734843634
-0.12727935711154714
-0.20951782015617937
-0.18672187670017593
-0.25510237127309665
-0.18430031314346706
-0.3151862220838666
-0.21794330555712804
-0.24143396475119516
-0.269250355893746
-0.0956766831332061
-0.3221358791925013
-0.3038730699336156
-0.3212407096289098
-0.3277728394168662
-0.29724741668906063
-0.19652484831749462
-0.15295171149773523
-0.1533076225896366
-0.038204877710086294
-0.34873229870572686
-0.2720286874100566
-0.36092688085045666
-0.3086715912213549
-0.15690666875161696
-0.2716438473435119
-0.17073188303038478
-0.23711563363031019
-0.08365712995873764
-0.09752879099687561
-0.10822671420464758
-0.31280828001035843
-0.4427227727137506
-0.2781428436283022
-0.28033972723642364
-0.2037350482733018
-0.3176723539363593
-0.21281879383604974
-0.07102572830626741
-0.28821558435447514
-0.37186819361522794
-0.26714915013872087
-0.38999159587547183
-0.3381593965459615
-0.32877772371284664
-0.13998973226625822
-0.09036516913965897
-0.09040808836289216
-0.06558189696261252
-0.19571303864358924
-0.10352031429647468
-0.26840760378399864
-0.28691417316440493
-0.29462521808454767
-0.3049808927462436
-0.33659485838143155
-0.15983385045547038
-0.1519735801848583
-0.04867687518708408
-0.23336490103974938
-0.1994055962350103
-0.14409265705035068
-0.3584430680202786
-0.3162481248873519
-0.30297090066596866
-0.3368733018869534
-0.12670271658862475
-0.22139135937322862
-0.24727280688239262
-0.2789572885376401
-0.3075390034355223
-0.23354387545623467
-0.2555919098522281
-0.22626841126475483
-0.35521975182928145
-0.09673864846263314
-0.3645461028208956
-0.26444206293672323
-0.3908100933767855
-0.19848423218354583
-0.06484244161038077
-0.34590163361281157
-0.2871467313671019
-0.32526852563023567
-0.1450089694117196
-0.21359236899297684
-0.2795455601008143
-0.1521958218436339
-0.2662837410753127
-0.35737924082786776
-0.2154938286403194
-0.19816500321030617
-0.09520032044383697
-0.2946131891803816
-0.376599787035957
-0.19247835119313095
-0.39133654756005853
-0.3241350776515901
-0.3448713573743589
-0.2378036193549633
-0.24059918011334958
-0.2435075265238993
-0.28177400352433324
-0.005743857815105002
-0.16307903177221306
-0.246725070028333
-0.3719439051274094
-0.3722213804721832
-0.25584611884551123
-0.3128756710793823
-0.25183844366983976
-0.18217151646967977
-0.2777869940327946
-0.32965235545088944
-0.07081677045789547
-0.3454969977901783
-0.3418975053355098
-0.2581799363833852
-0.4019033045042306
-0.16482444456778467
-0.12483988780877553
-0.3606507995718857
-0.31220070796553046
-0.08410910723614506
-0.40738403249997646
-0.1795796729857102
-0.11650630251097027
-0.12838615145210497
-0.45665785192977637
-0.23099167895270512
-0.3737260838970542
-0.1955508710925642
-0.36905949366337154
-0.3029052906204015
-0.19663483680051286
-0.4206624487414956
-0.14853520033648238
-0.34200790768954903
-0.32556419389584335
-0.2977445343904037
-0.01607826878898777
-0.08062002170481719
-0.1619863170253666
-0.3066128719365224
-0.21867365896468982
-0.30453391768969595
-0.20797074120491743
-0.2821132764220238
-0.3990337032591924
-0.22829847520915791
-0.2943784625385888
-0.1586612103274092
-0.09977066464489326
-0.18994929114705883
-0.21253324576537125
-0.24069173802854493
-0.22462800127686933
-0.35000361560378224
-0.28980809601489455
-0.22632423508912325
-0.37700486020185053
-0.16514541206197464
-0.2277466710365843
-0.026991615988663398
-0.011160742898937315
-0.13039070927152352
-0.26715582837823604
-0.19368330127326772
-0.5088800953235477
-0.362868818694551
-0.24866658351675142
-0.1390842518012505
-0.32516737282276154
-0.29779114125994965
-0.2975810420466587
-0.23975852952571586
-0.16315658017992973
-0.28079469274234725
-0.2147012734949385
-0.2812665819074027
-0.26779737011747784
-0.44979932671412826
-0.06133557850989746
-0.1734856076654978
-0.22235695990275417
-0.3367023620812688
-0.11932461956075713
-0.3294213995759492
-0.34389296162407845
-0.3059025618713349
-0.531115418067202
-0.27044785383623093
-0.28197199138230644
-0.014347458425618242
-0.10070558250299655
-0.20480960400163895
-0.5328095899894834
-0.06555575906531885
-0.2540610456635477
-0.2618901083478704
-0.46154912980273366
-0.23676955758128315
-0.1918884014012292
-0.2860651208902709
-0.1937279351914185
-0.13514950932585634
-0.12456965196543024
-0.3126219960395247
-0.21028367307735607
-0.19450142286950722
-0.423044751631096
-0.440343891561497
-0.1531403514527483
-0.12740065477555618
-0.4113381363567896
-0.2219117708154954
-0.2233728261780925
-0.3861717949039303
-0.22238775476580486
-0.02970904129324481
-0.22430133732268587
-0.21799871034454554
-0.2444692249991931
-0.3927132557146251
-0.29657962219789624
-0.28457841569615994
-0.2383807294536382
-0.3829239364131354
-0.4592547722859308
-0.225843155028997
-0.3382979579255334
-0.23667840618873015
-0.16029561179311713
-0.3226934545964468
-0.29486967460252345
-0.37546566070523113
-0.3802077102009207
-0.28766195313073695
-0.1222107702633366
-0.4761364106088877
-0.17169412123621441
-0.08467191556701437
-0.34736212401185185
-0.3256527223929879
-0.19491163056954974
-0.21388966764789075
-0.37772908923216164
-0.4658012370346114
-0.287791280541569
-0.3886157143278979
-0.17866002456867136
-0.29888690962980036
-0.2751027423364576
-0.23555284597705395
-0.2250382468337193
-0.11043587519816356
-0.38246252678800374
-0.23968346265610307
-0.21473611942928983
-0.4044022564776242
-0.277033073714847
-0.32318255939753726
-0.3597716643707827
-0.3600957520175143
-0.16639652545563877
-0.14821631915401667
-0.2750273913843557
-0.24156654550461099
-0.21269449798273854
-0.1713509218825493
-0.15193186063243047
-0.2007337303366512
-0.1959699206345249
-0.09930173662723973
-0.2715278668401879
-0.09376195262302645
-0.09449092467548326
-0.2920071910484694
-0.11324110542773269
-0.2734039861243218
-0.28300321285496466
-0.1613508481241297
-0.20179957597247267
-0.20067351195029914
-0.20143220608588308
-0.3395970855781343
-0.22460152182611637
-0.3135765645711217
-0.11409324550186284
-0.24305734888184816
-0.4165381926577538
-0.31690546587924473
-0.11656082078116015
-0.41123929648892954
-0.37802435737103224
-0.02468296578808804
-0.06932431576569797
-0.054199526755837724
0.06075198369944701
-0.1494546207250096
-0.23326268856180832
-0.19779224385274574
-0.22757731269393844
-0.31471577801858075
-0.2704154621460475
-0.34556232270551845
-0.10983519520959817
-0.1149145704403054
-0.17445680455421098
0.008217312724809744
-0.07929263208643533
-0.12547623210411984
-0.09587958006886765
-0.05242321046534926
-0.2197416769922711
-0.3089701058142964
-0.5183367468416691
-0.2834696362624527
-0.2806066619232297
-0.1923550550127402
-0.11856756734050578
-0.4190166357366252
-0.20355160481994972
-0.15680323622655123
-0.18361960018228274
-0.04009274681448005
-0.2266263206183794
-0.1888659284741152
-0.36935662204632536
-0.13533688504685415
-0.17532543663401157
-0.287144804635318
-0.053522476489888504
-0.17416680380119942
-0.11655629693996161
-0.10772728009760613
-0.06205528862847132
-0.13150717980170157
-0.10733703099049308
-0.10348291003811028
-0.10434239104222343
-0.07919291612051893
-0.16257889254484326
-0.2269971299556346
-0.09492273186333477
-0.1489691886381479
-0.2856390808010474
0.008322903056978248
0.02910807509579172
-0.10745758541452233
-0.20849038078449667
-0.20977014355594292
-0.2816348667256534
-0.27547622087877244
-0.1587308572488837
-0.3379929809452733
-0.038249816265306436
-0.19013019280100707
-0.21510039717395557
-0.184925134468358
-0.17174082543351687
-0.1841095401032362
-0.20330867440861766
-0.24177280302683357
-0.24044165277155116
-0.23421838037029374
-0.16823301291151438
-0.07186729481327347
-0.003040201816475019
-0.012281668117793743
-0.17478848186146934
-0.13516974184676656
-0.2342316761787515
-0.07508018339285627
-0.18935496819904074
-0.17203679113299586
-0.22049258078914136
-0.1392982272664085
-0.08358515781583264
0.05196821384015493
-0.04281287780031562
-0.044108169720857404
-0.18055327019828837
-0.13828482419194188
-0.24259918628376909
-0.08633060066131293
-0.05276724667055532
-0.17368499329313636
-0.08924462721915916
-0.0326548781740712
-0.12592720112297684
-0.09311686868022662
-0.1466347440436948
-0.019183949567377567
-0.16948199113539886
-0.22288737021153793
-0.09632010186760454
-0.2980659994063899
-0.05875239181477809
-0.10398954925767612
-0.026177509202170768
-2.8274109354242682e-05
-0.061902558656584006
-0.19431410601828247
-0.07929162240907317
-0.17525679647224024
-0.18592828116379678
-0.12762456733617
-0.21615811507217586
-0.2405592643772252
-0.2004874685953837
-0.12921641570937936
-0.051680836812010966
0.0704270317510236
0.08965674220235087
-0.024883508718630765
-0.049179291920154355
-0.08536662469850853
-0.1399215884739533
-0.1441325929336017
-0.36303456081077456
-0.27196183323394507
-0.35276636853814125
-0.16586050199111924
-0.05423688921655412
-0.03288729750784114
-0.02689146478951443
0.04568655199545901
-0.06154037016676739
-0.039574941620230675
-0.04840774723379582
-0.26762842647440266
-0.25568576343357563
-0.3265173751860857
-0.31165424070786685
-0.18643446371424943
-0.13593206586665474
0.03586186523898505
0.08013015299002291
0.08426707578473724
0.12159120454452932
0.07029768377105938
-0.002541412482969463
-0.08132026633211353
-0.16129811028076801
-0.08002273388410686
-0.14603137482481543
-0.0837891296541784
-0.042723481865323265
-0.09857382962945849
0.03183266197447665
0.003945573131204583
-0.013379824958974496
-0.02765241723318468
-0.04442592363920994
-0.20124898466747254
-0.1578243038893561
-0.0895838428841671
-0.1529574393935036
-0.02261847400222905
-0.025961574292523437
-0.0019964734478890023
-0.04344934115943033
-0.0925605904267286
-0.1366464991679095
-0.07952084945281968
-0.09076454489695607
-0.12783059231151128
-0.02849850153143052
0.05196111759869382
0.023779229861247586
0.016317876335961046
-0.03229730631210259
-0.12209516730217729
-0.21898987144231796
-0.15586018795147538
-0.13547757301239471
0.012124036002205685
0.04452348715858534
0.02887866938544903
-0.0029678548671654426
-0.08650123613188043
-0.14318492799066007
-0.19033687717455905
-0.0979857283164165
-0.010593207771307789
-0.05516236824041698
-0.0843524253286887
-0.0886133448802866
-0.01462323473788274
-0.07537442751345225
-0.06628871934208291
0.007179536247349461
-0.12938167585525662
-0.0885672438016627
0.000809649791335687
-0.03378535735828336
-0.06947973991918843
-0.04465898950729752
-0.1251801432808861
-0.11204785182053456
-0.16414455338963307
-0.056399123728624545
-0.1349483126996347
0.01095031695876969
0.05655065315659158
0.02343311911681667
0.07052372431280673
-0.09377575438702479
-0.056917129455541726
-0.08974861691967817
-0.09975703000964131
-0.10162338482041378
-0.10972900675915298
-0.05829619837459177
-0.02577064281285857
-0.012343045527813956
-0.0371539629122708
-0.1705112432828173
-0.09685505263041705
-0.10919551165898156
-0.0238193254062935
-0.06527317459767801
0.07580175291514024
0.030776389608945465
-0.048982439446263015
-0.061099783109966666
-0.09102912474190816
-0.11197948944027303
-0.05754234494906996
-0.08870722271967679
-0.1328057767241262
-0.06872806971659884
-0.04834185518848244
0.07448096239750157
0.020426853119715815
0.02772250146699662
-0.0701983641993138
-0.12015490158228204
-0.11349110851733712
0.013517975230115553
-0.21479619416641071
-0.08264098269501119
-0.03805143815770862
0.04657211659650784
-0.025645043759141117
0.04866570406011306
-0.08015232828620356
-0.06480849013314582
-0.0914357258589007
-0.01566856483987067
-0.07528113366970501
-0.11657243964145891
-0.033897955385327805
-0.07389954122481868
-0.05879983931663446
-0.024923606077209115
-0.1291805577056948
-0.00618212137487717
-0.007454274382325821
-0.09577056439593434
-0.03699604559733416
-0.0832654923251539
-0.08631282416536123
-0.01322449579492968
-0.029498946189050912
-0.03203382687206613
0.011141290728119202
-0.12921341325272806
-0.08625636731449049
-0.11272809463844169
-0.15076265824609436
-0.002694488147426455
-0.03777036054816563
0.00827898256102344
-0.038844963615702
-0.02501354957166768
-0.09345546958502382
-0.18727905862033367
-0.21698897192254663
-0.13932124632992782
-0.03550749606802128
0.04178913153009489
-0.011852413008455187
0.021524323390622158
-0.013465577038004994
-0.09383624371548649
-0.14332251736777835
-0.10926546216069255
-0.10939938777300995
0.011763291469833348
0.018280248506926
0.011889725588844158
-0.06928002942004241
-0.019972426674939925
-0.1619987732556183
-0.1938441369566135
-0.08861141538363881
-0.11007572674770927
-0.12192060027155094
0.11708573876603623
0.1306901766511146
0.13883665585308336
0.15170693675463554
0.04965563946916518
0.03713726472778944
-0.10313593450700864
-0.13688290445134044
-0.12988241080893204
-0.092921142000705
-0.1325319737297832
0.010206544466200285
0.04650793038217671
-0.00987704195358674
-0.02456825033732457
-0.03843807506200392
-0.1913628413603874
-0.05395952835897333
-0.0812621072109323
-0.08103715407196432
0.005014919142013241
0.00540960262696899
-0.006080170473069302
-0.010524422856178717
-0.10545853147050366
-0.21473852495546453
-0.158658271713648
-0.10502070322399959
-0.10935568937566131
-0.0032459538633702323
-0.02342398528708145
-0.06385241915995721
-0.02925890151072963
-0.07327883026209747
-0.15384531519885059
-0.06969084206502885
-0.055598675964574795
-0.14729460744729295
0.030606243017246015
-0.017350299283862114
-0.05528384243370965
-0.11121222765101635
-0.09220915379410144
0.02289976215797651
-0.03767721581971273
-0.07061480412448873
-0.034351760670688236
-0.09652623670990579
-0.11450980599329341
-0.0429637304332573
-0.042492625856539235
-0.11202111415695981
-0.13733535597566515
-0.05902187839819817
-0.02023551904130727
0.06409150471154135
0.01015909515263047
-0.040192843318436644
-0.06586972995501128
-0.11212694662390277
-0.21922398707829416
-0.1757333510031458
-0.1274175508879125
0.054920033911002974
0.04756097973586293
0.0904551962230471
0.04693232904173783
-0.06341250782134011
-0.07644008214992937
-0.12337646938976832
-0.1073448539536912
-0.11316561084822752
-0.08164853272319306
-0.01572963902435731
0.03988061948439281
0.045591616653837264
0.06937637006194564
-0.031790230383194285
-0.09924085262809967
-0.07221596605813829
-0.10769709054147825
-0.2224906855772133
0.015988072694767652
0.08024237540666945
0.034902879706351086
0.01213853650551755
-0.09264086390976445
-0.10955340060172603
-0.16963013337226585
0.016204725427087396
-0.0007124261755961925
-0.04827323367862846
-0.0598596185882343
-0.11974635221122298
-0.016495154955919133
-0.0259324980142992
0.008787962957285345
-0.04190393863609643
-0.08052253987261793
-0.10181674235587934
-0.05461045086849481
-0.05533933266997337
-0.05700956640066579
0.013721582312427927
-0.11475827043341269
-0.08112858748063445
-0.05098969751270488
0.02492669181083329
0.06762717780657113
0.02793422160902992
-0.04089804178511258
-0.11352142429313972
-0.04979493397695478
-0.04805342573672533
0.0032683739736967254
-0.06378097942797467
-0.0012750823516398668
-0.037901936695561744
-0.056647224992047995
-0.06909023295156658
-0.003965018911003426
-0.08387651098564675
-0.0063543849100824445
-0.08419927894647117
-0.021207013029197697
-0.012039080676913727
-0.04836661816807464
0.00976356522005517
-0.06335633035632782
0.005168555810087128
-0.04446532393194502
-0.047412505256943405
-0.05762637487532629
0.011763888611312723
0.01061240959825227
-0.011099886283318483
-0.11661218749941327
-0.06957624322967604
-0.01990085025317967
-0.030106271464319434
-0.006474212813827762
-0.016107177600133582
-0.03484315281093586
-0.05531841457559494
-0.001207319597597234
-0.04422944548423402
-0.05478803165760837
-0.03418567669359618
0.005819327983772382
-0.11197509689372964
-0.01128612555021391
-0.06987047202710528
-0.020596818350895774
-0.013120833173161373
0.007112689047062304
-0.061766727463691495
-0.050980873813387007
-0.029487955194781534
-0.03904222327582829
-0.044361999272950925
0.0014520608674502
-0.0092665348911396
-0.06376534822629765
-0.016300856550515164
-0.014941852357878815
0.012242786714082854
-0.10744135041022673
-0.05457933987781871
-0.049737817302229814
-0.052824936181423254
-0.027036710584070534
0.0687896241333874
0.006986330644394911
0.01980638565510162
-0.062281330552650616
-0.054816024836327415
-0.06703389415633865
-0.043124747408000985
-0.02584678085258929
-0.01783793880531448
-0.016036948349210434
0.02615155556850368
-0.008274743071524426
-0.06076057156042225
-0.08042439151904546
-0.08711649043834768
-0.04990410295431502
0.027522818356374046
0.0742399139344343
0.04256266941229114
0.01609302213182673
-0.026441157963745354
-0.05303552533587208
-0.08275332501216326
-0.05678275821264833
-0.051104826965456596
0.003958381843403913
0.07682341790496139
0.046472507190628676
0.018962716962050763
-0.027826569036733417
-0.09363993108127033
-0.0832663096516626
-0.05548407750768547
-0.0018662266738829203
0.012086126575013623
0.012088991396012716
-0.007400498659990262
-0.07442539683688665
-0.021787632398101664
-0.08569237956180586
-0.02289347557234578
-0.027012021924747387
0.010362207060097717
-0.012570530088851228
-0.04740719168330543
0.02088612158786418
-0.03334739799174713
-0.018859023606637493
-0.018031421232080902
-0.006146100233308971
-0.04692998020982486
-0.026527409219852416
-0.012320491538957867
0.016200212921830826
-0.06352508833515458
-0.004035392748846789
9.923487232299522e-05
-0.05198388909047935
-0.0037493273630389012
-0.021721575680658134
0.012091031558156828
-0.009639055468142033
-0.05211636030435329
-0.05108953391027171
-0.04208352237037616
-0.03338440636434825
0.024348837570869364
0.03747031695820624
0.020076389766472857
-0.011176854081895726
-0.11404805588244926
-0.10243781132157892
-0.13121620350284502
-0.033330420730635524
-0.014951076271245256
-0.010525115081691183
0.06781195326766465
0.04491221977514215
0.042804317141417414
-0.026451754332811106
-0.06170851052593207
-0.06448271393310279
-0.06623572041280568
0.042647877235140186
0.0089465851233399
0.014915976938027597
0.00140765227843076
-0.13013082277029753
-0.10274845053208992
-0.052640373367466964
-0.023785857221810147
0.032057396063464694
0.041573041821720835
0.02716339459993833
-0.04507524037762778
-0.012576196269947104
-0.0864612674631644
-0.07178199408735964
0.001644067309825914
-0.014584938442567363
0.02182115053801681
-0.013979768089484423
-0.05180800466769142
-0.07121776880103425
-0.05432177987677278
-0.004696391471043171
0.013225023043560213
0.06078145212813979
-0.04106586694251746
0.0673003704941948
0.030968379287514836
-0.06617090961663052
-0.044291531696217135
-0.04482043589450768
-0.05542533305606412
0.027203125035157427
0.029327825468499213
0.04505121411784785
0.020763246082424303
-0.043280600395519286
-0.11681608692742884
-0.12342898383030843
-0.05454263967112638
-0.025733699870215787
0.026897903946519364
0.029485614286386408
0.003265797309722984
-0.029655389458639547
-0.06381279357083258
-0.030052178495679982
-0.016418307786807418
-0.03484139099600725
0.011607943666604115
0.023687970213359222
-0.06109515768730489
-0.07295901017641881
-0.013212384656071663
-0.0034255596838193014
-0.01153517381317215
-0.07978309257305227
-0.0528824060165789
-0.05546865540964063
0.03150936727251974
0.05411346252549265
0.03150415746495128
0.022860831100842915
-0.05408427408838179
-0.1261000691447407
-0.04029722305131145
-0.0702289210021263
0.014155126322293654
0.05913461942691356
0.012040325964335352
-0.03076730592692911
-0.07970133963681292
-0.07571927593562577
-0.016508942600921728
-0.016791727946838364
-0.04102482322650758
0.0326423532969784
0.007585374245536514
-0.013624257866695189
-0.055470615552621894
-0.07213401562330546
-0.054807258464279585
0.04913836926607473
0.0032221044348261785
-0.02605716697871685
-0.06333449385783751
0.017677690520940814
0.04519793089275481
-0.07443063159735175
-0.09439457324333489
-0.02958025934640318
-0.041577747935662046
0.02884522372914944
0.05967073388455901
-0.01240657088055741
-0.01620722599909641
-0.03164547848427901
-0.04940720831655199
-0.04326293540543702
-0.04001160826010164
0.028268296729947906
0.0036844832538918126
-0.015963585319695994
-0.10979511989717139
-0.07111559020268032
-0.0512912250815134
-0.07070790658326587
-0.00020541768481052713
0.028997624714975245
0.0031619587280147243
-0.0049771765516197775
-0.06011886917985976
-0.06425607353230589
-0.03060035341331968
0.00777666763679008
0.019342888306709938
-0.013395367634075228
-0.07957075415470172
-0.046026789042457494
-0.03980868012877181
-0.023881321501903585
0.003016992057382595
-0.021112479035537035
-0.0465304915123852
-0.035898320285923546
-0.0819261133656255
-0.011364896979102923
-0.0663216766770347
0.026360075280535966
0.04761010613583494
0.013496864434273448
-0.028904096674523316
-0.06702799754566513
-0.03720157587576978
-0.018671503701625625
-0.009145193107087835
-0.0324230092446669
-0.033375652608810924
-0.08084468090964947
0.0013085321406833827
0.015517176167350044
-0.03226018726127222
-0.061272789960639784
-0.03442631201687618
-0.026020504598363914
-0.018241268524434417
0.04332655353209702
0.047910013658110984
0.0014413931894523557
-0.014576354493328836
-0.07521567877847701
-0.08365072406013496
-0.11530290095834062
-0.02618899928711471
-0.006529658201543498
0.028492947567428928
0.03896482715208549
-0.028904251241328893
-0.08238295938645024
-0.07631093056261307
-0.04199177748932925
0.013304184251865081
0.036049435184395406
0.027881610672920942
-0.06461081455199746
-0.035745894943829626
-0.036772003908481565
-0.05845310588483699
-0.02036149257037323
-0.03441834410477895
0.0009844311498454772
-0.052975297017837875
-0.021762222757388372
0.02243090893898625
-0.05005817259370815
-0.0058726812167151365
0.005304561374941841
-0.06427102483576164
-0.0988992573984433
-0.01308001295910799
-0.02165382419116213
-0.014798429698203108
-0.02051544061396271
-0.05551063287566649
-0.026606241768604377
-0.03818149308790453
0.002629056529258378
-0.019347251603903715
-0.03935807843299699
-0.09689093127963133
-0.013761977592366748
0.030507826595567167
0.030381418779143132
-0.024483936234901194
-0.1263006938934268
-0.06439321977632062
-0.022429091586673167
0.05948694535618415
0.003804471416515298
-0.05472673509575543
-0.05284022953128442
-0.054643896452034824
0.013404093315330101
-0.06064954680186929
0.020766688996900484
0.015413936896948144
0.02658332363353111
-0.05160216731019318
-0.09114358104125131
-0.06512552255298942
-0.04868159201214439
-0.03535832940542605
0.003535070747602731
0.019427833461122646
-0.06539100856753066
-0.012551118474220857
0.0019291378994239494
-0.05600793645135127
-0.037981100200340734
-0.06864658084850817
0.03133364868699573
0.0422606412685127
-0.05418219283637882
0.008944217090174789
-0.02568572805466829
-0.05158674350968795
0.01044268090481637
-0.0220540709560737
-0.058608613202522974
-0.04704031456640223
-0.031790668072062545
0.019456834084849106
-0.04514695979014505
0.02383328106952831
0.023563004800962517
-0.06913203854492167
-0.015175625765550649
-0.01310529705369845
-0.08759949412342394
0.0041707639684318565
-0.04101840130169876
-0.04128591857443098
-0.028573603463883046
-0.011226076366256166
-0.0021645151646225713
-0.06494442386929222
-0.06782614593976177
-0.04375243716640398
0.014568471359780233
-0.06079576018601074
-0.019930196599489136
-0.02087039771140553
-0.044865092109830584
-0.07165816967790306
-0.005230758695688564
-0.005246951659501065
-0.04744271587696858
-0.04177455596982327
-0.04036883825028781
-0.04009441632661037
0.01477798490668647
0.0018220507045043632
0.015006351812189678
-0.08029586247721454
-0.08741023356560618
-0.09879526622535195
-0.03506221022689715
0.050558899147290504
0.09499215532559901
0.0542624869995052
0.02752616010093334
-0.044290079256825265
-0.0895891452091746
-0.10233192603482166
-0.07278399051574524
0.03649804288579617
0.03627050732029602
0.05038585120928474
-0.01387667446397245
-0.04210573293312336
-0.07472210113337496
-0.04461530322805629
-0.002208052503704039
-0.03784977622854058
-0.020510780981567223
0.019737044206067367
0.007632915392605355
-0.0032306083448929712
-0.07709757113480009
-0.08455479610711336
-0.10748707011225633
-0.023593988677021116
0.02919362725879182
0.006575624920515111
-0.026505117974011227
-0.09833631702349521
-0.06564549648828688
-0.003494503616821021
-0.0010359468251408543
-0.028676640053163283
-0.06048159659508201
0.06233261522720568
0.018093877428327687
-0.01413828277054563
-0.0818101685399597
-0.11830747794010676
-0.019509073623339646
0.016536781447939575
-0.05552795150288148
-0.08609406594769098
-0.008515681780409068
0.00894694023008924
-0.10470353599521331
0.04332564974902198
0.05357789005211089
0.02762864519172581
0.004939445235322637
-0.08448071363091003
-0.07218003428715747
-0.061115777092936696
-0.002918165104347281
-0.0030516951737808995
-0.003613321045122575
-0.0294197599432664
-0.031003068797872402
-0.044552936633408535
-0.06337352780246874
0.060621272918069735
0.07416733624995686
0.06988474908575881
0.08620458951099863
-0.0760054411512101
0.010501644901523832
-0.04996486708114389
-0.12984477425925434
-0.05951229125776081
0.009816782418056391
0.018469471958269423
-0.06120114440636826
0.022331438484883392
-0.01026343677949626
-0.04004092306422535
-0.04111280745928525
-0.03886639241682133
-0.0008847585522744339
0.03911811747821048
-0.029308509607290034
-0.032281840714858845
-0.023199721194032463
-0.004520993367137294
-0.02706487071554875
-0.033084627546486445
-0.013343961953069083
-0.1031205587732984
-0.07890212413622066
-0.10197682339639869
0.0017170193823403679
-0.0036740278083016165
0.05000666588603053
0.03445770128018921
-0.041119261222775094
0.000509163728565909
-0.06470286726835184
0.010515178659261437
0.02192501701119909
0.002809649864502717
-0.061765165053657256
-0.1251962468097645
-0.08978866139659658
-0.012712693416688126
-0.02069943453898304
-0.03521645769251336
-0.03218406259838957
-0.0033374367994838394
0.018051974329864606
0.020847815279921633
-0.06101326603129564
-0.086514130976866
-0.0176459551876178
0.0016430709292762913
-0.03960611004731618
-0.07645890180538117
-0.02836814080365002
0.0461242825986119
-0.03227558454818791
0.007127844055503374
-0.011700986335199559
-0.028924933689268073
-0.03944712196243927
-0.005966224471194437
-0.06520356162218377
-0.026391695355414413
-0.0036299706625868566
-0.027787718010586104
-0.17654736855183728
0.1057063685148023
0.07377958602228318
0.008263832687589456
0.0356632043258287
-0.0925138528982643
-0.01681324845776544
-0.023169135442003608
0.005976707538138726
-0.03053205995092867
-0.05053776163549628
-0.03411202091956511
0.00414226452994626
-0.00734826887401141
-0.0009874533698166488
-0.04845082305109827
-0.06885976856574416
-0.05014737975579919
0.06611665777745657
0.08859769922855776
0.06577355228364468
0.030973142944276333
0.010383104277707389
-0.11226212154724635
-0.15813462469668593
-0.16947210382204503
-0.17052547412458807
-0.08833589448477142
-0.09786761780560482
0.04344942400348373
0.11876731074880809
0.1391895907036087
0.13055290988995694
0.09407056600321084
0.029130539114703424
-0.049627525004325435
-0.09511280918377452
-0.12798387673683465
-0.1576176715316251
-0.08072292822180316
0.010959812405417324
0.013440951734082773
0.03458941717326525
-0.004930680481265881
0.009494179745615838
-0.07718762354852515
-0.07791401748545468
-0.013946354452855303
0.020134160251473077
-0.00695192301645875
-0.044004060298902914
-0.030952506029279903
-0.022138652529974934
-0.029716306515183533
0.0021827724121976644
0.005822670270845265
-0.03785230775611126
-0.04109859598156618
0.010950883603072725
0.06345290307945106
0.0507259424921358
-0.022571360699657816
-0.02797826898677158
-0.01272014966525603
-0.06301626475760713
-0.03944873351792921
-0.029819994404533645
0.0016753914824221283
0.021345122208003886
0.0011186756019014865
-0.07802882215764839
-0.02561191655490802
0.03922920734476065
0.00716223146628181
0.008094296121271327
-0.039369107220409205
-0.015294373108190484
-0.040416768180875806
0.011620104403846199
-0.09286523819901049
0.005278251148411073
0.0014138407350401394
-0.021939217468798233
-0.0798157480894588
-0.052477976322279574
-0.019691591303853784
0.014335403146105818
0.09016048051125836
0.05535969487391412
0.012098320212317049
-0.030862303628055088
-0.09501253216876648
-0.05085046618478373
-0.031148928086622618
0.0052124260837445036
0.04731972675654106
0.02331091147425468
-0.03181186391338997
-0.021602585697110044
-0.0574870777745673
0.021998986521793995
-0.05440218003059272
-0.0570513014390599
-0.0028953691689821426
0.04372581676580012
0.03341732257104013
-0.011569202004466206
1.056323162629269e-05
-0.02891754760639742
-0.05451578685824643
-0.010704830705435597
-0.011271021510765422
0.012085197788110236
0.018758814496322884
-0.03831345263461117
-0.04465985652495874
-0.01674052445378038
0.03529199541299022
0.07175976793769223
0.022116629985248437
-0.023135545532568358
-0.07983397546922788
-0.01853613481944194
-0.0217463182634674
0.04031749428213516
0.06820523696632108
0.030306074368127156
-0.03698248944419902
-0.04640560140251182
-0.05281823877885472
-0.052064237437662086
0.024393610263359733
0.07346094361855648
0.028976223460631445
0.06457070496617234
-0.030813408026006073
-0.02783934954641154
0.0032198603221331723
0.031057746353326365
0.008164347189449472
-0.058402296579970425
-0.09514568469603546
-0.05155672648106702
-0.0703289194534591
0.05453734529874055
0.07277229281316977
0.079042898141779
0.012798260011550155
-0.045905231752840336
-0.04751493785443017
0.0066697912334348075
-0.04744725378986914
-0.0071638447407167405
-0.001829173164878739
0.020546435604046565
0.042497259797528386
0.03246503142872825
-0.020393640130350832
-0.06896498725109268
-0.101447801978793
-0.05743230908410624
0.0011236591681154096
0.03500003876979463
0.02979832598794019
0.04422630267663408
-0.052229848835850134
-0.13217543513746932
-0.11276801954954863
-0.026144224855670473
0.0122914793464588
0.08740673378633801
0.114651244453853
0.15413219796027988
0.05911571366232238
0.018210232017736416
-0.06939003278966993
-0.16663187590893358
-0.17146491282619536
-0.13900675473269075
-0.09175544907338917
-0.05206660625117365
0.056469742110493826
0.14633780918666162
0.09843287643161602
0.12907895373064093
0.04714049628819339
-0.05539201526698889
-0.019040010841308685
-0.01708532410339103
-0.06907547646551393
-3.484837361611426e-05
0.00656599081821696
0.010086270704050548
-0.009223021581419744
0.06183689396857517
0.03386471749399789
-0.006149209104478359
-0.06990788875191356
-0.12552689760923386
-0.07500987453386188
-0.0572511704522185
-0.005375893801101483
0.027753836820920696
0.03418783630513644
0.04050500947778346
-0.07366279021152877
-0.04788961878512055
-0.052929168628907064
-0.005566050196648575
0.007687223260290921
0.10980405530881399
0.10862983245169744
0.06243063347938005
-0.0017406659171683714
-0.03518444497603923
-0.11923027399097919
-0.1620722654624842
-0.14268673745391425
-0.09514611728081945
0.014258742070524022
0.06037726395879872
0.0791237074881792
0.058753232631715946
0.030742569142603315
-0.06997186101216357
-0.09226464887615293
-0.08169377221202012
-0.04617741584661417
0.014895378294340844
0.02501446834867238
-0.014499070231977385
0.005931071906161378
-0.0220681501996296
-0.02502717245624808
-0.005148040290805511
-0.004044667744892649
0.029633177975483704
-0.020118620719586033
-0.024946083052782342
-0.02524587394145783
-0.010792397708428325
-0.006999696786806453
0.01834924680952099
-0.07197964584338479
0.002708257161430083
-0.07980717867030762
-0.04309038853762104
-0.0003529597743181512
-0.04649034941394348
0.06842702349968022
0.0835715838620672
0.05600752308964729
0.03702984443953028
0.025096712255617604
-0.11632266634842381
-0.10658597236033529
-0.1318686763115693
-0.09828309947624803
-0.0925238989511854
0.03016480484893691
0.013116089161485434
0.044183621743286494
0.028608672248083167
-0.0323461654552375
-0.00010987096538883634
-0.10274337295413716
-0.09283872175728902
-0.0754547543838271
-0.039246506908966694
0.06382682971889153
0.09574970134417526
0.08933052362408489
0.049750127025617985
0.06950507064902922
-0.03768998682426172
-0.10113229358103126
-0.10518071769729431
-0.12118617830856238
-0.026005723855632823
0.006777617385523627
0.07220428592700046
0.08742373250424862
0.04320779419686005
0.03521948801790131
-0.07703228481568658
-0.07224193400179502
-0.05621921271085739
-0.02180449570005294
0.02190059881286288
-0.01216221744834911
-0.007069787582622666
-0.01823798643090413
0.020439333813556004
-0.017007638489303645
-0.046499690630298574
0.014599276692024432
0.05496203312941361
-0.01716050066124808
-0.06601654732003226
-0.0594009893538896
-0.024170112933461496
-0.03243138257676037
0.03292298477390432
-0.05173373385332525
-0.002607840238852077
0.1032148288359167
0.052781712933210656
0.03271115361712873
-0.03951176158443559
-0.013775225932477042
-0.02863407862605527
-0.05419380573221133
-0.010678237302272464
0.0026434951287228614
0.015483075545489555
-0.040645020417287014
-0.04402150657551829
-0.0064584953943267465
0.005764319218769742
-0.003536060016358533
8.442423131782562e-05
0.027246900644968264
0.007657170692255022
-0.1126058818299498
-0.10710395235219039
-0.09300350624471321
-0.0658773169707274
-0.017599980572413187
0.046176912903320044
0.05495873588370159
0.08286833300371654
0.03311858450615546
-0.09386172886297572
-0.12216993021138478
-0.1221531160408631
0.01772488137203254
-0.03966477475796637
0.0542068434151588
0.004876126952694904
0.04291820438152172
-0.011412696039769799
-0.05013767311174888
-0.06611671950668097
0.01844113049446605
-0.04263908171560615
-0.05017434611909266
-0.0034336638273089193
0.05292414134601131
0.021557238680543378
0.010708740486734314
-0.003170545262946689
-0.12243383389431983
-0.195099906741234
-0.12396751926280558
-0.11216644593514502
-0.01497342004586244
0.06228114460736833
0.10585964081110433
0.07323940946662333
0.052648233278887346
-0.016943511087447405
-0.09668973693624139
-0.09189501171931624
-0.09080239578179317
-0.10411343578016385
-0.03366992707390182
0.06967464939225465
0.06658093523219577
0.1062119544367306
0.062031250847212505
0.057020944836040144
-0.02323757732665399
-0.1298503001453355
-0.09679736481666623
-0.10579098056768999
-0.09117638971656561
-0.012182153172034305
0.06352281813451555
0.059994240935338894
0.0791048823739402
0.0284876612277003
-0.0032628649096295703
-0.14030878189805662
-0.0924347630207194
-0.13108422618824989
-0.1055017906910507
-0.0624393509933725
0.00633471405308228
0.07845125446328893
0.03667163211139268
0.06369848040230863
-0.002902099920902401
-0.025846257994999178
-0.07395680015906692
-0.08088279218645766
-0.08854954849812202
-0.0006009647368045989
-0.016055978790973313
0.07143686633207835
0.044388535563484766
-0.009706764954898972
-0.06311360567997326
-0.05926648173772264
-0.03995101862892625
-0.011462670256150886
-0.029545797224272974
-0.007254975633259164
-0.0002471705956850201
-0.04877173433123971
0.009275617989715101
-0.029375783100476838
-0.0018490893926355056
-0.07323639664264192
0.01837071720365202
-0.010095906953210942
-0.04000154720233695
-0.07117438031127676
-0.04318648064509034
0.061594614167916006
0.05088914628140628
0.0826606198825175
0.013075770570139866
-0.06316425266049919
-0.10028617276111618
-0.05243918803171255
-0.032005634342567646
0.02420552950934507
0.08727203516173176
0.028122635078034364
0.019550695806302087
-0.06804380650282837
-0.0931268998538144
-0.0999991109711118
-0.11101645085727796
-0.07646576676052064
0.02988177366205491
0.06248075301118661
0.11515029584916192
0.09057368387584575
0.06530265920264355
0.000679000404488761
-0.07769724765967112
-0.16646456869784743
-0.13313524471595883
-0.14018463646061718
-0.09317613232997246
-0.017909454691107385
0.07144179471652023
0.07614350109361112
0.11349670041818172
0.027922594235860743
0.011062326469982509
-0.07093705212173518
-0.11535822227597237
-0.13655144174117595
-0.07992828464193735
-0.013807662689941935
-0.02101446731830947
-0.020702877824078314
0.045839298792998306
-0.03139226750499802
-0.008343656094325524
-0.00822514661558671
-0.10276712052291259
-0.04724898317726911
-0.08764618980058003
0.01650475606584223
0.04765072014561156
0.02174875403943588
0.04694203096005367
-0.06372517271347533
-0.08945750368002336
-0.0686059508989274
-0.0016812758112791926
-0.004406242253025994
0.04930547125695739
0.0008597599025961244
-0.1062272514700453
-0.046801855554804206
-0.05040127587199095
-0.04047484813054325
0.057481136929709464
0.11354935739655048
0.08066986390622333
0.03795430313766701
-0.035782510713033844
-0.13788621360436082
-0.07676495268242434
-0.08975473191821948
-0.03040966631306219
0.02062518347884179
0.014580773218767717
-0.0013454393483698368
0.02199337986610317
-0.08478701685089618
-0.14749583824595902
-0.20328696049546124
-0.06071952264755964
-0.001955217547219945
0.03557310317410156
0.04020513030991424
0.0020858559273619903
-0.01443015955737792
-0.06444891917635687
-0.059235493376036175
-0.023725127290163073
0.001439014475181466
0.04480525552025938
-0.03907363151233767
-0.024753826364758424
-0.05252032520365901
-0.01574196964247676
-0.0021143020176168648
0.008435144705799758
-0.019963042068411596
-0.02499973810336087
-0.028823141942666552
0.022163098052260466
-0.009632989826059202
-0.04742704989621416
-0.045776978848152794
-0.08459143363143085
-0.01272178130238899
0.022553451271960512
0.0655483193550026
0.02453010006865952
0.03651127623015782
-0.058974039246095344
-0.07482287078164518
-0.10542395366064738
-0.04421264975098893
0.0360454082256183
-0.0021433293004520237
0.05591867904513492
-0.005705994029995054
-0.019002386119154835
-0.0538932892777666
-0.09800550510408357
-0.14707927405834198
-0.13865373702719808
-0.05137697901591309
0.03978906427801121
0.08642640672042035
0.056594603302073665
0.09948297384835314
0.0191223267611349
0.004453065252164379
-0.11006721048033796
-0.2438946757465601
-0.15359724417794496
-0.17381566960830241
-0.06889282583870227
0.012017839312619572
0.05175867957166247
0.07647788259782828
0.054973976213659626
0.019075534633884672
-0.057668026092869695
-0.0729353504430037
-0.05235774407628924
-0.05251985775248613
0.01321530673885718
0.065659350475471
0.038808900179901684
-0.05380261594473268
-0.03317473998686182
-0.022946851800952572
-0.050730432114505675
0.06305007661285345
0.07676618252298795
0.08811961783794686
0.046535352907085326
-0.03616775347472867
-0.04731217981316149
-0.07975692700347281
-0.09504480837495066
-0.040632179770909715
0.04969949656697281
0.07920385416946374
0.10015034873504192
0.0501734720019158
-0.0017878408580145333
-0.05845909836352803
-0.06929269209649647
-0.048767627973575145
0.0016605302444077097
0.007290052715688944
0.023061541907736682
-0.026056234108182252
0.022566111185369664
-0.018588691425975412
-0.02617678133310619
-0.06387512254150352
-0.037869407795369625
0.004868120060564252
0.011654262314550579
-0.02156348021071608
-0.016995436177239753
-0.005466708351377747
-0.0034727481797744986
-0.004581865556247067
-0.013801692936795007
-0.03711767345521366
-0.025900391729919647
-0.011187797989805404
0.023010103883279953
0.008787612804553646
-0.03413643200747174
-0.005947021458268864
-0.020400709749083035
0.003842681137030013
-0.030796576309512602
-0.022448092291597277
0.008769318857048347
0.009164122974652855
-0.04432825707772281
-0.04406121360079851
0.0025689627618703526
0.028635202172154095
0.02428223119932227
-0.05807745696074562
-0.050625111754925456
-0.007252210214574006
0.004900064770481549
0.021183438890147954
-0.02733410074324638
-0.008378094167255767
-0.02448263469250378
-0.045389961305772886
0.006145736353573739
0.030374577443581074
0.017969917724258266
-0.03166377509114682
-0.046303830652504985
-0.03942814454785548
0.005354630782676395
0.015335235108068446
0.027614825608907267
0.02049508588606841
-0.05112405064210179
-0.026379438513686182
-0.031664426234783605
0.01352330293138948
0.014214557064406108
0.0011993951629847288
-0.002943104198493529
-0.05648455307095901
-0.05583573353942484
-0.02889551128464518
0.04586833507346455
0.05920154054183513
0.04303474097105209
-0.02697269426425919
-0.014556036017893348
-0.013900320624088636
-0.0036650365091190906
0.002112481408403255
-0.011165422740305075
-0.02707362065120833
-0.040508238940674346
0.016484933935316803
0.033925170471775346
0.038110199031507364
-0.01658191968454048
-0.05735396800446324
-0.049191080157470424
-0.012202889938635053
0.026156925597206282
0.023860123663325794
-0.005952278253971599
-0.05082268269325141
-0.013090129934425931
0.005391471990151331
-0.01483740330877481
0.003764857819533063
-0.017980072168938932
-0.0002799783724185545
0.010277457915435662
-0.05140072423637321
-0.05069003886455903
0.00858551834244281
0.01322918786900118
-0.006092361261835322
-0.051441147094010375
-0.05815951061595115
0.02204529900336638
0.04496139230650442
-0.02777305404015351
-0.023699775988461624
0.03837147217018355
0.03621453031519195
0.01843928898961167
-0.04257760345353745
-0.05363394813321065
-0.035897996262065135
0.014056888525374234
0.0011982108387655899
0.021926944893493783
-0.021748012200987432
-0.01832266635119595
-0.03835594595875591
0.008505482619511895
0.020701554956758628
-0.005699255221770727
-0.04349775056471117
-0.014894533516780939
-0.043464607111673104
0.010703476407798007
0.012797515543752525
0.006691640330245718
-0.039877641102066264
-0.03499162301704928
-0.019760805800615344
0.035305968558532186
0.0349403693981003
0.016271082851744723
-0.06208151382452343
-0.07103889936115593
-0.05794660185347311
-0.002850489825505065
0.054075404859759146
0.0205533460193692
-0.025017209991347045
-0.027137263750773855
0.0041852769572869875
0.012688929513387848
0.016735373417759547
-0.004217641033392283
-0.10034350398564129
-0.0953840013826266
-0.06263224098802311
-0.03665871106204577
0.025505944002361502
0.04794785717240302
0.03198282419180032
-0.015598546306136996
0.008908836156479083
-0.017155898385681212
-0.08497300263115903
-0.07144378635712201
-0.04029625764815137
0.02710639165889006
0.11013236461440101
0.07727771881764056
0.03371768134093145
-0.024017002840992063
-0.08884266257518902
-0.05159233397716889
-0.05283241027427721
-0.016084990915260278
0.08626931789331138
0.11544353712815791
0.11882979315123521
0.05414455047866795
-0.01257926123435027
-0.09644591563846916
-0.06991089470102452
-0.07601349216201925
0.0054798868877696805
0.024536367753171362
0.0056835677969502285
-0.0022670416419714456
-0.010038566288130824
-0.1052180573460646
-0.06107920024078339
-0.007971895287482766
0.018544800197560107
0.018588808808999602
-0.045342040473769885
-0.061528884689323604
-0.014463964351762115
0.05043239542283118
0.03563220309661119
0.01064748009594041
-0.08009618130745366
-0.04864333549994626
-0.021193007742112968
0.014097335263613786
0.022468835228210082
0.010278978187670873
-0.04446868198283482
-0.08054922202427406
-0.08487405109917745
-0.04817361334062298
0.02723384055570932
0.08186788453895133
0.06391059303859947
0.03221085635595955
-0.05954801848565694
-0.04706162502407096
-0.053066611999383895
0.000994530608295463
0.03176480260663084
0.04080655912855491
0.04522747522605641
-0.04406482999183936
-0.11882197309751064
-0.08713022884330712
0.006433641949115554
-0.012035563042445574
0.05852286206209101
0.02296060635126196
-0.05142518086358905
-0.07376542357087601
-0.03332861267335829
0.011506907205330208
0.04099326858704444
0.022035430854884908
-0.04692210586654255
-0.005895411737583345
-0.030255867415689863
0.019206030108762207
-0.005011184170143679
0.0023766850881656865
-0.05485872598364949
-0.05066814931342378
-0.019473281406135357
0.019194856604372035
0.034364132097834954
0.025955231018087943
-0.05258364896872081
-0.14882431835576426
-0.11732331133680418
-0.06013056746996881
-0.017610387737022393
0.09274294311762787
0.16585133236367255
0.1265384252765216
0.06732133881450864
0.05164175459503895
-0.04608622128944262
-0.07465747096648556
-0.05235859561798861
-0.03131345314614009
0.042453666725123185
0.059974942822009325
0.05755653962842189
-0.0012622962326531706
-0.050231836205057334
-0.07938617909530876
-0.07603130113420775
-0.036743010066857096
0.0303160423936788
0.040899642735894304
0.04184513730706385
0.0334892486625904
-0.07809655172059138
-0.12329594303082558
-0.029626170646224637
-0.016621569360722788
0.02585153544532659
0.04330619057873264
0.012742546901790774
-0.036548543444951065
-0.040607547758554574
-0.018710999764152803
0.013694768837012816
0.02921299383706355
0.01299279551312793
-0.027930196971283294
-0.07717745403260778
-0.08846348705992568
-0.04146832188416738
0.08157198461776716
0.028002842504065484
0.039227355606271885
-0.017803134069254156
-0.0006563751376233995
-0.06608566961949691
-0.057867035109666176
-0.0013859407872587326
-0.006501873402157798
0.004166211601841496
0.01911065487131225
-0.024519954138668254
-0.055910185488755815
-0.057495018543704646
-0.0013578077632701024
0.05602924304548651
0.04890451504979865
0.027985046363028232
-0.0628290417662356
-0.09205126247252338
-0.11647574015660211
-0.074356620432809
0.04141243561753072
0.04558429847793377
0.026018602453405038
-0.01938464413069596
-0.050949025300724315
-0.0003195075041730888
0.04832566217191925
-0.04925272525724722
0.035567437418649206
-0.00216677226126194
-0.038508425481268205
-0.055567592859006254
-0.03875826550938655
-0.06198162309010513
-0.03270277595584048
0.07874964150687447
0.16444846316153416
0.15195013501215726
0.11887444680905901
0.07756119509940618
-0.0029480313969543204
-0.051848411007085815
-0.10356103188132693
-0.0864972720737569
-0.05695289738872589
0.07007300796976779
0.1258606903720647
0.12980427961156238
0.06081107439240441
-0.013151639017451089
-0.047996332781622186
-0.14514792314730585
-0.054065163698396645
-0.054530014225747436
0.06519882227257767
0.06692256233873195
0.04524926999511081
0.024838058510795236
-0.03999516351359489
-0.021093693823786452
-0.06048708212256315
0.012309102930885274
0.0337745518409065
0.031057279295055196
-0.07463061234739143
-0.08944943974984199
-0.08925651618483244
-0.013103973409670289
-0.005736740491556702
0.04491500267977244
0.009852158516878262
-0.053483586782931525
-0.0877554609978688
-0.056540523073635995
-0.007963359974382911
0.08098689833059325
0.09911450352092288
0.07903258821170311
-0.0001767360809026286
-0.043585735555097926
-0.10939345316728577
-0.06526689269230701
-0.06679568901017774
-0.013841407801010064
0.04700485855573788
0.059582781741482904
0.018893295418820344
-0.04190002459654352
-0.02959893803927116
0.00433108072320465
0.0371557541002403
-0.011865921982462169
-0.018917511217296124
-0.06193218177941162
-0.10869235609425232
-0.033371317345881835
0.004552315440378152
0.047207628362230025
0.05626392450722051
0.01737958306330256
-0.09966350634931587
-0.08795549732167274
-0.09340531074121827
-0.09771108560380526
-0.007386839977698401
0.0673022095579654
0.0909645659266971
0.09322471253108233
0.05316910406691022
-0.037194863383774646
-0.06330969091504812
-0.05526149998695473
-0.012871146122279242
-0.026712688224506564
0.008119253267068416
0.020058240501384716
-0.039611234544281615
0.002225476193416398
0.004725497659137545
-0.02438336709747091
-0.06682802960131085
-0.033566014859388815
0.037051297069410793
0.02178084600745933
-0.03571438082144596
0.00013453370411298238
-0.03406534044916043
-0.02034299298247788
0.022326013509882614
0.022958427212870447
-0.04341011633414382
-0.00827821206257795
-0.006467352444815333
-0.05809974981457344
-0.020375384332510293
0.021027455397415906
0.03245894617793965
0.0029866880577174015
-0.061133283912568004
-0.023110060257749865
-0.05770724248941406
-0.04470231993582274
0.06328705268970225
0.11565653816796839
0.1314289241854567
0.07911688669992145
0.008006114767340478
-0.051871772680897266
-0.113756359591207
-0.12475741480011493
-0.12440570234321058
-0.033998045095358975
0.03113711506011896
0.0732511335190793
0.10546848623198457
0.05013665367732756
0.04959294221771415
-0.08624294766923413
-0.1419812625972554
-0.13541488605551422
-0.08495591067730857
-0.029777982126688585
0.031787183426786214
0.1041132188111078
0.08411156714282697
0.05879811237537069
0.007323867568629794
-0.09812995238462463
-0.11991911637596786
-0.0927787498512771
-0.014238187919545453
-0.031896139786113054
0.027766409184550866
0.054290018350002356
0.02427239972166717
0.008160097393556498
-0.06568693402368808
-0.12959548051003367
-0.06626196860452183
-0.07061699262703769
0.013196394414990209
0.044627204959397204
0.022003042700816877
-0.005597109124209965
-0.01750870211981237
-0.059155234921490774
-0.04591592362703523
0.006786855915834167
0.033743425492502865
-0.002659574392964714
0.003132965743134264
-0.07947946824424434
-0.06881356428493746
-0.030234788177040173
0.02320384716585977
0.02503615376917878
-0.020217465520545375
0.022669995163596468
-0.05850587618624559
-0.03790762266726233
0.05259903119440423
0.015378848518594168
-0.05682922523737943
-0.012570202383358264
-0.04332636711524174
0.03875684333615936
0.028114289350924082
0.004784660137829633
0.014235782131436281
-0.07389166574103001
-0.055244605951884296
-0.03947036256431602
-0.0030826616857666522
0.019237253851315472
-0.04427868673519697
-0.040122364724084036
-0.002832743150065653
0.07326384398038499
0.05842882529395865
-0.05401729542063549
0.017773248498997418
0.0006418933335226029
-0.03617463130876786
-0.05192532017827034
0.001763457927154377
-0.05267409932639566
0.014823836652794853
0.02432282361041871
-0.06051827399824106
-0.003944015569686599
-0.01104697841219604
-0.013707789232284995
0.026919168609310873
-0.035473701915179845
0.000590101262787357
-0.05981822834291961
0.0034037706318486016
-0.011437595632742159
0.01065481505702337
-0.03328805018099956
-0.0018344494746997952
-0.02191472333402089
-0.010822776195709594
0.027869076058777864
-0.03413010395161109
-0.024148990703906748
-0.021923911586782197
0.017065408817870775
0.04539135578670539
0.049510302262206096
-0.03667839381887461
-0.012555316250654869
-0.05699362473387737
0.012608719713171013
-0.035391989280469716
-0.03564529983486864
0.05822909192647785
0.11056870673564845
0.05894846154842526
-0.001549079446704127
-0.07380477075639647
-0.09024046839567745
-0.07898926845518872
-0.037725143192801625
0.0663645574968541
0.06185793210170232
0.03377828103111824
-0.01093282931833528
-0.017194156958794338
0.02643390212324448
-0.034150576961110346
0.0033497853146400303
-0.01108820826630108
-0.03656697546830401
-0.05484518257435411
-0.05540188528266299
0.024626857824841863
0.07988887128885835
0.03388701324001886
0.026806747628143057
-0.023030794833175605
-0.07882836280623451
-0.0724770120868925
0.0077285250918066595
0.02324193903041305
-0.017669433629635023
-0.17240147019037977
-0.08801452470652293
-0.02243906820012853
-0.013834352434059838
0.1027841059549246
0.1789324388046225
0.18112584634218365
0.17990870837820694
0.15553954662027536
0.05408310618076939
-0.08211647521238774
-0.1471665097924415
-0.17906876595225185
-0.1853935793042183
-0.030281963765446562
-0.03964958582218969
0.05144910840317607
0.06411425430269446
0.030500553253659746
0.020010513559100218
-0.05193168273399351
-0.06692556620691903
-0.04111113357794238
0.02589959818396892
0.03623294933640864
0.04250880081235664
-0.03461520079144975
-0.010113854630617425
-0.031117361635551788
-0.07072522502858192
-0.05185056140180677
0.0397114130173577
0.020520694233709946
0.05622481725367834
0.020175248326268047
-0.04413641188875772
-0.05700589837942971
-0.014533580979332328
-0.0587454583728686
-0.050270275944058085
0.007924308978545014
0.04874062066664919
0.036995330119793834
-0.013798682390188333
0.012560548260807991
-0.05529508876497857
-0.06327743596557411
0.04103054883307777
-0.009654891771788243
-4.805347271030769e-05
-0.03717754638637416
0.00979029184236424
-0.08642340665392112
-0.017041014929418452
0.00770961386297131
0.046914516628021374
-0.0008378914535569493
-0.010358299701692886
-0.021153733316168655
-0.0013050866764388047
0.004109771747607738
-0.07821139215957373
-0.07446642819559202
-0.055761909829016076
-0.0842780778039014
0.06355129865460185
0.11258434858206101
0.15243051631841809
0.04039996139181312
0.022624200858444965
-0.023399158657412045
-0.17212877399288118
-0.11181903607212007
-0.11138049718283582
-0.06076156439667102
0.06910151611373294
0.104929625231307
0.10664050682680681
0.10508199414471164
-0.0006541957991430536
-0.06001169802402728
-0.11552953574573621
-0.07005421396752354
-0.03629569773329422
0.09601805999409407
0.06572261951805558
0.06228227395331487
0.054584013974817935
-0.011678709232000983
-0.1000970122840954
-0.13463399789179675
-0.12759815800745855
-0.017280831132666208
0.0023638634993403684
0.09753118990920484
0.049480983969260706
0.07492261726292782
0.016833376663271338
-0.03923974894860294
-0.06824454403249547
-0.03839946031803265
-0.012624167851754464
-0.00019118745694868267
0.02454015987859748
-0.01247485480416799
-0.09107692097313702
-0.06988453262056282
-0.032348838223697385
0.06902579731831793
0.09349163094884716
0.09517379618046107
0.06663970239605987
0.010770887194667011
-0.06442219379823655
-0.10261422481562477
-0.12107559514697641
-0.09951463787001558
-0.05487568328680936
0.07338603733296623
0.11084570921957493
0.11924362817080691
0.08726561960065737
0.0348304502076644
-0.09200487601628993
-0.07137021646485664
-0.08385211884160526
-0.02976613834107411
0.02357959491200745
0.041740138753084466
0.04642574390891241
0.03818040936948819
-0.0856108714488073
-0.12009321677032858
-0.07262228338731802
-0.04970913164106605
-0.023023839727102313
0.05715409657204873
0.11504743625118863
0.12055052646974218
0.10381850419798866
0.06087573010881897
0.010373996567068389
-0.15978368563810363
-0.18030555814038962
-0.22509050724329427
-0.19456325354985893
-0.1362854515609797
-0.037991855075233616
0.054303891127347015
0.08920470810699044
0.11803077804233908
0.10763897276774514
0.05633756901079323
-0.07151306893683795
-0.07623072917340323
-0.05373925282037817
0.01935859573131893
0.00413831557557387
0.011593739539421222
-0.05198227542859968
-0.08882126640128263
-0.027943666995270178
-0.0486239300116722
0.062321802077349275
0.11222752812318504
0.06880466980510391
0.09438988601323217
0.012996048397326376
-0.10554282797966152
-0.17235805303789675
-0.09952631290070713
-0.10866818781505572
-0.09629529660014668
0.02299796009901911
0.11265576386358589
0.10180457903516071
0.10059813788393512
0.047876267693936825
-0.033755567277694354
-0.08446264936355874
-0.06010583713214146
-0.03884616106370231
0.03748265916874516
0.027902911484488868
-0.01759473150877966
0.0012023174895148259
0.018192065919720335
-0.056708487406012864
-0.044653921664576046
-0.023016682625893736
0.030835352146823425
0.03300275298295219
0.03113800772553077
-0.05833934969268739
-0.060361756128259
-0.06772100688976934
-0.10940474216477014
0.030917780379240867
0.0930813560844399
0.06729121721582487
-0.026029018059489317
0.030202003254089504
-0.005612961307633668
0.011049195454688743
-0.08484775215038098
-0.055066736253138515
-0.07288956858974416
-0.029082316288622678
0.044467687665019184
0.08145206194603816
0.04977100585529115
0.0004771398575940111
-0.07982284953368435
-0.08074198754911777
-0.024017913019633852
0.006938664391782368
0.06472718106670072
0.05807168906903826
-0.0024305178376380354
-0.024400350637733936
-0.07131005387054756
-0.06273138950928114
-0.05498982073186198
0.013323308210601681
0.0021743369241562505
0.07806608439113916
0.08918381860712543
0.027932117916520838
-0.003909170656697825
-0.0715795741925831
-0.056234685897834424
-0.07974020321853459
-0.09080326357798185
-0.0006054503828636371
0.057585531772929244
0.041952711704652756
0.0016146847119671293
-0.05201783118536696
-0.09221310059365351
-0.06053475110093132
-0.12531878861773293
0.03360843235714128
0.10204546341265086
0.07287611510400893
0.05261751274338167
0.015597042180161225
-0.035104337192024104
-0.07367787825933192
-0.06742397719426663
-0.0022795366176069365
-0.008444037659501191
-0.012835698908020277
0.005275405573229364
-0.06115025297185639
-0.04239916870210436
0.05080275946238544
0.028048777108779177
0.02670373196269793
-0.032354749826481566
-0.027139999496284872
-0.010710657152230851
0.004929855575028341
-0.004734853055367694
-0.010240696086839307
-0.054029093982535414
-0.17826324917996317
-0.18996053482987918
-0.04165724091581069
-0.0026255782577209175
0.13869163159495201
0.18352136603789404
0.14655160898109898
0.16400126414373517
0.10455192993686069
-0.003242754137772863
-0.04254802550713066
-0.06996787179377861
-0.07518215410527773
-0.07329217417282052
0.002631833966006525
0.05607251575565897
-0.00706069053740066
-0.0034456906005289056
-0.06308501290914137
-0.08120807517843787
-0.07640918884226267
-0.017594887351151556
0.058857110067037866
0.18786470087070484
0.11260059534106404
0.08675040617526975
0.0052292338805273175
-0.03612737175717484
-0.07705906260525808
-0.08132436737287208
-0.04234968585296883
0.02306327073893044
0.061993055656785145
0.032627782347844914
0.00127707155115786
-0.04831411613849923
-0.10396859017782845
-0.07563124045555014
-0.061007865879219025
0.0023757241942803375
0.04596482665510848
0.09244206640869379
0.05997684019166627
0.00308111532649491
-0.027152818515787658
-0.10573469369410304
-0.09887051011901349
-0.0531770813777257
0.03419197111361427
0.058032308086694684
0.024457105988403782
0.014071967605559621
-0.05163404323684517
-0.09217539228848182
-0.07333685865523876
-0.031843043805565685
0.0028867896835436113
0.0817140432773158
0.04852863225096371
0.04033300912840332
-0.02548493323774892
-0.07206545930239372
-0.04271939198952168
-0.061179703881862224
0.0365719587134663
0.052018267211678904
0.027509537852893118
0.003810874324699398
-0.061163691760157235
-0.09067725334898569
-0.054700644373951945
0.017230342997208936
0.03315907196156331
0.01996709156082943
-0.0008431016758549958
-0.03482029553561006
-0.1233068392284622
-0.10005242293846095
-0.08573879596224288
-0.005510244831384625
0.06447336581504715
0.08247332098108018
0.06476670026313514
0.04285468161560857
-0.08251668722368777
-0.09052066583535634
-0.0851739838190042
-0.007390545935777482
0.023438544765667757
0.054469955153763294
-0.030902126291039167
-0.030547769065378816
-0.008636544007458724
0.0031300219579861732
-0.007979099376825616
-0.022025683728998047
-0.04315635361490422
0.01323902894728235
0.03857892927044304
0.0017556999591761269
-0.03205053431156557
-0.029605414987599943
-0.03575946363071125
0.030355367794982158
0.049292833340587094
0.03315003371972125
-0.041077316318023804
-0.04340574085654225
-0.001764969085343182
0.011337931004163693
-0.06036737809972692
0.0004956717884851969
-0.04375746891309973
0.02636165988224093
0.0009618612020858563
0.007372757051143708
-0.02993846542085521
-0.048298332665581256
-0.01364449291031633
-0.011709046175383264
0.04124079839675687
0.05338351638056338
0.00326801830669865
-0.011522818384037237
-0.03934475746063981
-0.09192529854954046
-0.07471813827578444
-0.10804411460412666
0.05549565864203032
0.049414194147175294
0.05288358493726264
0.041922594187781215
0.03166657053225208
-0.06165293606454725
-0.10909216006984934
-0.10584068449679762
-0.04243483979371376
0.029351156335906126
0.027010148336557904
0.00554421425658802
0.0022852781985420734
-0.05755813442283397
