None
None
None
None
None
None
None
None
None
None
None
None
None
None
None
None
None
None
None
None
None
None
None
None
None
None
None
None
None
None
None
None
None
None
None
None
None
None
None
None
None
None
None
None
None
None
None
None
None
None
None
None
None
None
None
None
None
None
None
None
None
None
None
None
None
None
None
-0.005752956516516861
0.006769319414161146
0.01981973589863628
0.03172078501665965
0.045295483781956136
0.05919425073079765
0.07327240833546966
0.08744341507554054
0.10342516400851309
0.11947131552733481
0.1363429946359247
0.1550666568800807
0.1730847677681595
0.19517194759100676
0.2161207925528288
0.2380330190062523
0.2664844593964517
0.293763083871454
0.3186068646609783
0.3504797574132681
0.3860701145604253
0.4208920728415251
0.4549711188301444
0.49240231420844793
0.5359838809818029
0.5826181173324585
0.63044155202806
0.6751211546361446
0.7355074677616358
0.7897956743836403
0.8467707512900233
0.9065609648823738
0.9738310873508453
1.0511885154992342
1.1142078563570976
1.191847275942564
1.270894717425108
1.3330039978027344
1.41137489490211
1.456566248089075
1.5082526933401823
1.53372186049819
1.5585559010505676
1.5550832003355026
1.55664087459445
1.549608338624239
1.5350164324045181
1.5109924226999283
1.485208099707961
1.4683475717902184
1.4473628588020802
1.4286031015217304
1.4028123319149017
1.3992635980248451
1.3993221074342728
1.4044481068849564
1.4216466210782528
1.444031022489071
1.469645656645298
1.4941515550017357
1.5206092409789562
1.5433001182973385
1.5588432401418686
1.5744768679141998
1.5880118235945702
1.5967647023499012
1.6055762320756912
1.6109766103327274
1.6177042089402676
1.6255539059638977
1.6369104608893394
1.6417001597583294
1.6492444351315498
1.6523869782686234
1.6572186090052128
1.65935018658638
1.6582228057086468
1.6583885587751865
1.6545614823698997
1.6523607596755028
1.6549083068966866
1.6612904705107212
1.6736494824290276
1.6923495531082153
1.7106040380895138
1.739471908658743
1.7721767909824848
1.7946742326021194
1.8318792395293713
1.8553428687155247
1.8721753023564816
1.873922187834978
1.8714457005262375
1.8724162727594376
1.8620147481560707
1.8502137437462807
1.836344838142395
1.8249463811516762
1.8294950872659683
1.8315106518566608
1.8422892950475216
1.86653695628047
1.879442986100912
1.9121633246541023
1.9236595891416073
1.9395723901689053
1.9499767497181892
1.9428360238671303
1.9407756105065346
1.941144898533821
1.9291720055043697
1.9335550628602505
1.9084091819822788
1.947440642863512
1.9395876452326775
1.9264970421791077
1.9410321786999702
1.9685494489967823
1.985219120979309
2.007808495312929
2.0079749152064323
2.033461183309555
2.053330175578594
2.0517365783452988
2.0352310054004192
2.0854686312377453
2.078623127192259
2.072682198137045
2.1045011915266514
2.1132004633545876
2.0733103081583977
2.127379022538662
2.1591121964156628
2.194655504077673
2.1373703368008137
2.230180535465479
2.187082353979349
2.169221181422472
2.274779334664345
2.214854918420315
2.235138777643442
2.2254483066499233
2.2195540852844715
2.23618920519948
2.214560840278864
2.2255166098475456
2.2112495712935925
2.3693579733371735
2.2779341489076614
2.335875380784273
2.2961127310991287
2.3318871408700943
2.376674748957157
2.3628780767321587
2.3560933768749237
2.3499175384640694
2.431686371564865
2.4280561804771423
2.455615997314453
2.3587851114571095
2.361383616924286
2.452327214181423
2.483734756708145
2.4558774903416634
2.3583956211805344
2.439387369900942
2.606784202158451
2.4986507445573807
2.4566785171628
2.6322109773755074
2.5415240079164505
2.492975816130638
2.471845991909504
2.5693575963377953
2.638176918029785
2.505194589495659
2.54987071454525
2.5253735706210136
2.6525987535715103
2.673882320523262
2.7468436434865
2.753935731947422
2.7208468839526176
2.6672367230057716
2.7565597146749496
2.644643858075142
2.7373762875795364
2.5165372788906097
2.5847678631544113
2.6968106254935265
2.611352816224098
2.593535616993904
2.7422788962721825
2.698598213493824
2.8499079570174217
2.839855395257473
2.806831978261471
2.792711265385151
2.7641342282295227
2.89653392881155
2.843835987150669
2.8300432339310646
2.7035373970866203
2.8613325506448746
2.6736490353941917
2.8474277779459953
2.8018037900328636
2.885766990482807
3.0218008905649185
2.8865265995264053
2.9105513840913773
2.9603410065174103
3.0611794143915176
2.9513356760144234
2.9163291826844215
3.0269985422492027
2.9153346121311188
2.8490096628665924
2.9501160755753517
2.9911619797348976
3.082585260272026
2.9314596876502037
2.8866099566221237
3.041374549269676
2.9530811086297035
3.003126360476017
2.9975457563996315
3.061913087964058
2.9878901094198227
2.864080063998699
2.8406782522797585
3.1513528302311897
3.0915349423885345
3.072589047253132
3.1524083465337753
3.2144937962293625
3.240054629743099
3.2076729238033295
3.2040537372231483
3.0891749188303947
3.0916183292865753
3.085684910416603
3.1973684057593346
3.087806060910225
3.1159612983465195
3.14538487046957
3.1709760576486588
3.3494637832045555
3.4321831092238426
3.2915492951869965
3.3309087231755257
3.4792253524065018
3.156975381076336
3.264037862420082
3.3344644233584404
3.36384167522192
3.142336219549179
3.4512245431542397
3.263859197497368
3.4356440007686615
3.2292203530669212
3.2838475480675697
3.5153937116265297
3.2578955590724945
3.5680928602814674
3.4584281891584396
3.484486348927021
3.4748261496424675
3.6391976699233055
3.5266025587916374
3.4016735926270485
3.3901097625494003
3.460863746702671
3.5669975504279137
3.614787958562374
3.54868895560503
3.48930736631155
3.661134108901024
3.562747083604336
3.60092680901289
3.6289256289601326
3.555388353765011
3.5613680630922318
3.608336366713047
3.6432854309678078
3.557191900908947
3.7235527858138084
3.6848776638507843
3.4710544422268867
3.6671039313077927
3.580251917243004
3.8248255774378777
3.776873916387558
3.848963998258114
3.7481373324990273
3.899979442358017
3.727193370461464
3.5493897199630737
3.8053388446569443
3.7224470525979996
3.7160549610853195
3.6004868373274803
3.595720298588276
3.744588188827038
3.7818716913461685
3.8895840272307396
3.903031051158905
3.954208105802536
3.8367715552449226
3.561808727681637
3.891409121453762
3.834300257265568
3.762139953672886
3.728277713060379
3.8512603044509888
3.7605734691023827
3.898637533187866
3.89061176776886
3.664703942835331
3.842306613922119
3.735087737441063
4.031433545053005
3.9560317546129227
3.9053213596343994
3.678053140640259
4.131677210330963
3.882168859243393
3.9050046652555466
3.8421525433659554
3.9317965134978294
4.06351912021637
3.9646936878561974
3.9968411177396774
4.011635020375252
3.8649773746728897
3.8345180228352547
4.137310832738876
4.124111890792847
4.059001184999943
3.9882090762257576
4.211126491427422
4.118150964379311
3.9250393882393837
3.8564348369836807
4.223306991159916
3.9187407940626144
3.9949970692396164
4.160340286791325
4.141243539750576
3.993210308253765
4.061109185218811
4.207576259970665
4.174414306879044
4.218089558184147
4.214133590459824
4.000514179468155
3.9972502142190933
4.160837575793266
4.067283272743225
4.084315076470375
4.233607091009617
4.209847673773766
4.310087651014328
4.243534706532955
4.238746784627438
4.021830730140209
4.257830984890461
3.9074215218424797
4.0581755340099335
4.003031216561794
3.898055277764797
3.962297238409519
4.196346566081047
4.427824981510639
4.345670007169247
4.310643255710602
4.262848272919655
4.212663047015667
4.323570929467678
4.218285001814365
4.1750472113490105
4.111710324883461
4.297148518264294
4.467471845448017
4.064078114926815
4.309636257588863
4.451462969183922
4.220741227269173
4.550706550478935
4.492840692400932
4.252649217844009
4.187692143023014
4.206939250230789
4.291146591305733
4.2529264613986015
4.453133299946785
4.346138991415501
4.455982021987438
4.508343987166882
4.569188788533211
4.3889437690377235
4.471490100026131
4.16570857912302
4.279573440551758
4.549867920577526
4.3027793020009995
4.792503193020821
4.651187419891357
4.513457268476486
4.558354914188385
4.5271710976958275
4.611318111419678
4.609003305435181
4.508458569645882
4.561596795916557
4.721406355500221
4.671950057148933
4.539220385253429
4.310094065964222
4.372959427535534
4.755112707614899
4.502008929848671
4.521651744842529
4.711146056652069
4.666551098227501
4.553506329655647
4.813342422246933
4.395965985953808
4.564062014222145
4.692594677209854
4.778830602765083
4.5690819546580315
4.674080073833466
4.5301888808608055
4.878349393606186
4.908677905797958
4.674737840890884
4.764652118086815
4.483551360666752
4.645160466432571
4.671356290578842
4.969825565814972
4.755291283130646
4.851864501833916
4.729380637407303
5.116362646222115
4.928463846445084
4.86954590678215
5.01288940012455
4.433731518685818
4.6537086218595505
4.893173426389694
4.891408756375313
5.056347414851189
4.9026172161102295
4.71671599149704
4.643836677074432
4.929074928164482
5.03710313141346
4.814753964543343
4.9576437175273895
4.93608096241951
5.0475486516952515
4.887136846780777
5.126296550035477
5.094633266329765
5.035771265625954
4.916039898991585
5.088700473308563
5.167779490351677
5.212028980255127
5.010804727673531
5.29352031648159
5.020777210593224
4.892213940620422
5.175006181001663
5.382996886968613
5.194613501429558
4.92364838719368
5.039633676409721
5.220195427536964
5.233320012688637
5.195919170975685
5.040913462638855
5.281816199421883
5.095997735857964
5.213764503598213
5.170336350798607
5.086301073431969
5.307375460863113
5.386542618274689
5.545007586479187
5.516342177987099
5.429397404193878
5.0561105608940125
5.38740411400795
5.3529864847660065
5.4005986750125885
5.300572887063026
5.477577701210976
5.371120035648346
5.583983764052391
5.38722825050354
5.5750222355127335
5.487675368785858
5.478319346904755
5.334835067391396
5.487132042646408
5.334093660116196
5.7837866842746735
5.621758297085762
5.529766649007797
5.35026615858078
5.628102719783783
5.763842865824699
5.391432926058769
5.2182759791612625
5.419172301888466
5.375719889998436
5.592799544334412
5.4976706802845
5.736747056245804
5.666468933224678
5.73517544567585
5.984296724200249
5.6336691081523895
5.80940805375576
5.828956112265587
5.688514888286591
5.833509236574173
5.653126880526543
5.631342306733131
5.9453060030937195
5.656409382820129
5.682906150817871
6.129654437303543
5.825353026390076
5.817320227622986
5.923283830285072
5.89837734401226
5.9452687948942184
5.862392440438271
5.977268502116203
5.667869359254837
5.87504842877388
5.764453217387199
5.898011222481728
6.14758637547493
5.996897518634796
6.181685701012611
6.137711808085442
6.149418503046036
6.098648980259895
5.978006973862648
5.9715540409088135
6.049675866961479
5.9313774555921555
6.038658574223518
6.081127345561981
5.986754238605499
6.292421653866768
5.988001957535744
6.191554829478264
6.2425717413425446
6.079717919230461
6.224176958203316
6.038042813539505
6.011591836810112
6.004310071468353
5.87261375784874
6.102783992886543
6.428281202912331
6.2156127244234085
6.516993060708046
6.456134811043739
6.222534105181694
6.5430783331394196
6.377599507570267
6.3440549820661545
6.314095735549927
6.350109174847603
6.37291345000267
6.465844690799713
6.332401856780052
6.556165814399719
6.463192731142044
6.355021387338638
6.528302237391472
6.412787899374962
6.396011903882027
6.305821821093559
6.487045496702194
6.250698372721672
6.5248290449380875
6.696617051959038
6.528917074203491
6.3982106149196625
6.53438338637352
6.49320924282074
6.353264808654785
6.658362984657288
6.4801216423511505
6.510157614946365
6.567196160554886
6.345657929778099
6.645011007785797
6.4946568608284
6.614932268857956
6.570153638720512
6.569601610302925
6.588422566652298
6.2766896188259125
6.585090160369873
6.884610429406166
6.763504549860954
6.5807288736104965
6.5437257289886475
6.786559298634529
6.528919696807861
6.78765207529068
6.738757774233818
6.593758448958397
6.624555766582489
6.946454644203186
6.689717456698418
6.623988658189774
6.832784980535507
6.914025247097015
6.903428807854652
6.711066514253616
7.073140308260918
6.740333542227745
6.893312320113182
6.900955513119698
6.877473458647728
7.0168666541576385
6.79919707775116
7.042036563158035
6.931341603398323
6.700368329882622
6.986886873841286
7.001120403409004
6.783195286989212
6.762805283069611
6.573364838957787
7.024707242846489
6.7361879497766495
7.142165705561638
7.02802862226963
6.794477716088295
6.969365149736404
7.028968542814255
6.836592346429825
7.039468467235565
7.108892843127251
6.879722237586975
7.033777222037315
7.259948804974556
7.379505664110184
7.032319009304047
6.90073436498642
7.113870874047279
7.139686599373817
7.032422751188278
6.914889082312584
7.037839114665985
7.1265861093997955
7.224292069673538
7.455840602517128
6.645036816596985
7.171911492943764
7.285317450761795
6.893020451068878
7.319377675652504
7.497582137584686
7.364024057984352
7.315906852483749
7.269763022661209
7.325234979391098
7.199613839387894
7.226118832826614
7.350973755121231
7.370819643139839
7.294977441430092
7.4759215116500854
6.946533113718033
7.324964165687561
7.4565301686525345
7.5031608790159225
7.686869859695435
7.510892406105995
7.530367240309715
7.493615105748177
7.464684292674065
7.320839107036591
7.485126122832298
7.392326965928078
7.580458834767342
7.4325290620327
7.387383356690407
7.459367573261261
7.456505760550499
7.4166417717933655
7.375419571995735
7.787161752581596
7.6036037504673
7.633608177304268
7.398213267326355
7.744546964764595
7.5791128277778625
7.7383470088243484
7.339548796415329
7.839131221175194
7.6989408284425735
7.9147385358810425
7.610309436917305
7.845349162817001
7.757323056459427
7.741983532905579
7.546257495880127
7.602531507611275
7.5775609612464905
7.686520338058472
7.683201223611832
7.494692698121071
7.998288944363594
7.884542226791382
7.443391114473343
7.793983951210976
7.7157235741615295
7.72715000808239
7.684500575065613
7.401596784591675
7.972184777259827
7.94452577829361
7.888395309448242
8.085164621472359
7.968691825866699
7.895286902785301
7.9347240179777145
7.927098587155342
7.633586153388023
7.950971245765686
8.103938326239586
7.7625748962163925
8.127583295106888
7.913834989070892
7.756645679473877
8.029774963855743
7.727882042527199
7.868892669677734
8.022261276841164
7.837561026215553
8.038842126727104
7.9334442764520645
8.122411981225014
7.803953126072884
7.826762244105339
7.932026520371437
7.825632750988007
8.061887040734291
8.030531570315361
7.947301343083382
8.361568868160248
8.222445920109749
8.0184685587883
8.2534608989954
7.859064161777496
7.8955816477537155
8.05278679728508
8.105305194854736
8.23681415617466
8.072312042117119
8.255455747246742
8.240014404058456
8.12625515460968
8.064030587673187
8.136117368936539
7.950567722320557
8.225607112050056
8.047012731432915
8.273803368210793
8.045860916376114
8.510124742984772
8.289142817258835
8.412378698587418
8.161571428179741
8.623848259449005
8.329090937972069
8.362683400511742
8.226735293865204
8.446786865592003
8.423696592450142
8.530744209885597
8.28112342953682
8.146674379706383
8.47648398578167
8.649817645549774
8.627088248729706
8.43696315586567
8.436369821429253
8.229054123163223
8.29752342402935
8.253529950976372
8.510597705841064
8.518811985850334
8.43389019370079
8.626526787877083
8.401619479060173
8.18763379752636
8.642330825328827
8.1997230052948
8.578292950987816
8.506657257676125
8.65709525346756
8.441492229700089
8.359485417604446
8.595907866954803
8.537871018052101
8.694282338023186
8.77441018819809
8.600232094526291
8.682732224464417
8.616955369710922
8.641642540693283
8.62313425540924
8.616824507713318
8.570121020078659
8.721474021673203
8.364390537142754
8.781286507844925
8.984770655632019
8.81197726726532
8.806262701749802
8.656657069921494
8.713696911931038
8.962074965238571
8.89876127243042
8.836663544178009
8.715208321809769
8.880515277385712
9.057602375745773
8.906010091304779
9.025335997343063
8.872533410787582
8.900217965245247
8.931268364191055
8.784773290157318
8.772670269012451
8.92061585187912
9.025639712810516
8.838462442159653
9.086388111114502
9.129671216011047
9.040636241436005
9.167166352272034
8.989525854587555
9.173866420984268
9.139837235212326
9.083446711301804
8.851901590824127
9.156727105379105
9.22471034526825
9.19973337650299
9.105463802814484
9.313848406076431
9.192862868309021
9.020043939352036
9.173709690570831
9.3147032558918
9.245171010494232
9.13421306014061
9.343180745840073
9.197657763957977
9.17639708518982
9.304577231407166
9.251395493745804
9.200461506843567
9.374908685684204
9.19166973233223
9.239153623580933
9.172734260559082
9.250258147716522
9.279174894094467
9.421487927436829
9.469490587711334
9.197452634572983
9.217612534761429
9.21638709306717
9.396996349096298
9.37681731581688
9.267051368951797
9.314210057258606
9.469369977712631
9.52921935915947
9.477916985750198
9.5086330473423
9.457852900028229
9.387280404567719
9.517891854047775
9.288892835378647
9.412757903337479
9.55692332983017
9.542907297611237
9.448261320590973
9.465930610895157
9.505996018648148
9.318090409040451
9.407110035419464
9.613029778003693
9.597595363855362
9.561021387577057
9.663432210683823
9.562731564044952
9.616826593875885
9.465124696493149
9.551924735307693
9.486847281455994
9.496726244688034
9.511047452688217
9.643561840057373
9.792175322771072
9.67871806025505
9.62919545173645
9.462394803762436
9.444865196943283
9.56085941195488
9.69310736656189
9.708959758281708
9.701618522405624
9.873106747865677
9.8050457239151
9.6608145236969
9.727365255355835
9.695953518152237
9.828023493289948
9.66860842704773
9.839487612247467
9.731947630643845
9.765542924404144
9.596705168485641
9.702954560518265
9.598738431930542
9.607117980718613
9.896059960126877
9.851166278123856
9.954756200313568
9.84400799870491
9.84630662202835
9.843898326158524
9.847616076469421
9.829711765050888
9.89969515800476
9.86926731467247
9.831882923841476
9.925319790840149
9.883242845535278
9.814916342496872
9.866801112890244
9.916034549474716
9.955365300178528
10.067779570817947
9.975278526544571
9.99411991238594
9.928889751434326
9.758399605751038
9.954461991786957
9.87186136841774
10.037124902009964
10.049281775951385
10.1106458902359
10.150066792964935
10.23579454421997
10.00211015343666
9.920170605182648
9.982431948184967
9.96554410457611
10.072278469800949
10.12435057759285
10.133946418762207
10.166472971439362
10.064954161643982
10.082429349422455
9.939153522253036
9.839672952890396
10.29370453953743
10.094402104616165
10.30215859413147
10.27211707830429
10.32223317027092
10.088243395090103
10.211480468511581
10.08691418170929
9.983185410499573
10.171684712171555
10.185422480106354
10.378608375787735
10.19084420800209
10.186107218265533
9.960236608982086
10.222156018018723
10.373014241456985
10.36494567990303
10.269911229610443
10.216400295495987
10.132249563932419
10.246390491724014
9.92708370089531
10.145616829395294
10.251267582178116
10.264897167682648
10.357291549444199
10.279154896736145
10.246841996908188
10.39416754245758
10.28499522805214
10.294308096170425
10.2907595038414
10.356709390878677
10.265140384435654
10.497634887695312
10.525255560874939
10.406875014305115
10.276987731456757
10.462997645139694
10.112157225608826
10.387674182653427
10.513815730810165
10.638765007257462
10.509470820426941
10.454325407743454
10.431802451610565
10.597085326910019
10.610150396823883
10.386968582868576
10.51723313331604
10.427398055791855
10.470651745796204
10.43529263138771
10.419830799102783
10.299354761838913
10.57214441895485
10.52188315987587
10.470469295978546
10.539286345243454
10.587794095277786
10.473581105470657
10.6409712433815
10.619604885578156
10.513394117355347
10.609202444553375
10.507530510425568
10.430370658636093
10.634149849414825
10.812401294708252
10.787995517253876
10.7851482629776
10.563868224620819
10.559458464384079
10.583333730697632
10.579221993684769
10.581131666898727
10.75142639875412
10.635025203227997
10.733599066734314
10.715498298406601
10.766324818134308
10.610225856304169
10.715165197849274
10.500792682170868
10.769832491874695
10.550085037946701
10.883354276418686
10.56169056892395
10.686934649944305
10.614241421222687
10.764092147350311
10.950176388025284
10.887999713420868
10.832042396068573
10.875593394041061
10.917692929506302
10.925079703330994
11.025619089603424
10.778738230466843
11.048362344503403
10.966971784830093
10.994948416948318
11.062990635633469
10.90968832373619
11.009863704442978
10.88691309094429
11.066041976213455
11.099290579557419
11.102304339408875
11.024557441473007
11.0770363509655
11.149143636226654
10.908659189939499
11.009741932153702
11.08711650967598
11.115339189767838
10.908067524433136
10.86061716079712
11.049320220947266
11.13180023431778
11.068726658821106
10.761571913957596
11.201066136360168
11.115071535110474
10.813486874103546
10.80392599105835
10.981032371520996
11.007240980863571
11.225508272647858
11.111851036548615
11.101656347513199
11.104130446910858
11.376932829618454
11.262206315994263
11.281394630670547
11.15514960885048
11.145480155944824
11.350301533937454
11.35987663269043
11.248500317335129
11.304865330457687
11.21269679069519
11.240362107753754
11.235930174589157
11.277929663658142
11.394658118486404
11.505776703357697
11.55937534570694
11.395612567663193
11.325746059417725
11.531200408935547
11.36112517118454
11.01090982556343
11.235158145427704
11.24646258354187
11.341732949018478
11.141425669193268
11.236642390489578
11.350030303001404
11.445062816143036
11.221500754356384
11.514890253543854
11.531884342432022
11.65021926164627
11.38698074221611
11.487702459096909
11.26563686132431
11.250419676303864
11.542556822299957
11.472117006778717
11.417150527238846
11.42515179514885
11.407547384500504
11.49111321568489
11.381443232297897
11.507094264030457
11.660333931446075
11.287904918193817
11.529770880937576
11.502401322126389
11.580321907997131
11.681726545095444
11.569698303937912
11.656552135944366
11.47123908996582
11.597064286470413
11.747878432273865
11.413783371448517
11.684204995632172
11.745994865894318
11.499537020921707
11.580429136753082
11.619473576545715
11.61353063583374
11.58371353149414
11.701901257038116
11.73933270573616
11.773885756731033
11.871942937374115
11.6532763838768
11.769785732030869
11.635202497243881
11.586595863103867
11.61347508430481
11.573444545269012
11.773573100566864
11.674642711877823
11.55931094288826
11.380282938480377
11.786356061697006
11.64483979344368
11.705718666315079
11.85546624660492
11.833482325077057
11.899953603744507
11.820271909236908
11.729695230722427
11.63191169500351
11.590589314699173
11.817326456308365
11.878154754638672
11.967432051897049
11.678623765707016
11.914626121520996
11.994353115558624
12.050834506750107
11.983689725399017
11.976813614368439
11.77989748120308
12.075533270835876
11.783728688955307
12.101524472236633
12.192925870418549
11.978478789329529
11.757222354412079
12.01369696855545
11.993220210075378
11.739407241344452
11.945150077342987
12.023445427417755
12.10598137974739
11.950060248374939
12.159987151622772
11.950108826160431
12.02747592329979
11.902502536773682
12.093335330486298
12.013029843568802
12.074460536241531
12.097032368183136
11.996390730142593
11.87522366642952
11.815357029438019
11.951952904462814
12.40022286772728
12.115290194749832
12.040858536958694
11.99815160036087
12.294941991567612
12.13063457608223
12.206678062677383
12.24557775259018
12.237410008907318
12.242634296417236
12.009172528982162
12.033678025007248
12.120672285556793
12.348593384027481
12.247006088495255
11.94100171327591
12.18550232052803
12.35490134358406
12.219103127717972
12.202775359153748
12.344012081623077
12.309170722961426
12.200951844453812
12.337486892938614
12.293759316205978
12.313293039798737
12.298988968133926
12.314182758331299
12.444672256708145
12.304777354001999
12.330579996109009
12.510789155960083
12.239029169082642
12.274976044893265
12.176757365465164
12.23382642865181
12.519247740507126
12.236955732107162
12.445476353168488
12.341817766427994
12.51466166973114
12.51916253566742
12.330954790115356
12.467290580272675
12.281875103712082
12.662814438343048
12.559333950281143
12.523308366537094
12.130516022443771
12.484950482845306
12.425356298685074
12.331749379634857
12.652744740247726
12.642775774002075
12.317932188510895
12.519330501556396
12.261740624904633
12.503246814012527
12.755143284797668
12.506694167852402
12.33687961101532
12.760591566562653
12.519927859306335
12.580548644065857
12.76157921552658
12.617650598287582
12.746742486953735
12.687089025974274
12.479725152254105
12.472052961587906
12.632355481386185
12.458482950925827
12.691878765821457
12.626976788043976
12.737142324447632
12.687187194824219
12.703073024749756
12.752987802028656
12.722627341747284
12.53623029589653
12.519607126712799
12.539207577705383
12.878742337226868
12.831836730241776
12.621511399745941
12.77384614944458
13.00405353307724
12.893820405006409
12.689294785261154
12.767332404851913
12.657140463590622
12.705541014671326
12.701813489198685
12.654413551092148
12.813801229000092
12.867780059576035
13.061971068382263
12.80857303738594
13.157205402851105
12.831087708473206
12.834978967905045
13.036758154630661
12.878601223230362
13.140562057495117
12.747322142124176
13.156603991985321
13.047970324754715
12.827672630548477
12.940716207027435
12.765679717063904
12.887152224779129
12.876992493867874
12.802741557359695
13.11249178647995
12.855423539876938
12.744144886732101
12.801031649112701
13.102423250675201
12.711254358291626
13.00930443406105
13.029363125562668
12.88604348897934
13.075560420751572
12.707428872585297
12.833843976259232
13.279670089483261
13.124616622924805
13.157894432544708
13.169469237327576
13.356328696012497
12.833294421434402
12.9984912276268
12.937862426042557
13.135277837514877
13.27070102095604
13.254805982112885
12.744921058416367
13.325531363487244
13.17429468035698
12.990477859973907
13.120636075735092
12.784863293170929
13.280158817768097
13.314312815666199
13.265552818775177
13.497845262289047
13.079700201749802
13.374707490205765
13.174823641777039
13.355594336986542
13.23808041214943
13.110464125871658
13.090468645095825
13.174471616744995
13.463650643825531
13.10106697678566
13.335324376821518
13.353693127632141
13.354704231023788
13.487291008234024
13.532027274370193
13.346628785133362
13.522789627313614
13.564553201198578
13.298304080963135
13.424006849527359
13.349916845560074
12.943175613880157
13.0893374979496
13.288927435874939
13.157754808664322
13.673751443624496
13.627207726240158
13.601294726133347
13.396799713373184
13.520518183708191
13.267661988735199
13.093369871377945
13.129521518945694
13.314856737852097
13.466332137584686
13.277018040418625
13.466653317213058
13.654277235269547
13.668659716844559
13.4922416806221
13.690879851579666
13.474911212921143
13.136733740568161
13.433652848005295
13.437655568122864
13.618728965520859
13.664249688386917
13.48901429772377
13.512356042861938
13.615862339735031
13.725086212158203
13.588485538959503
13.668997347354889
13.777073323726654
13.644479900598526
13.682299196720123
13.35350850224495
13.309327781200409
13.695524096488953
13.675971955060959
13.555066257715225
13.715202629566193
13.830041617155075
13.67363327741623
13.783796787261963
13.718173384666443
13.84203726053238
13.54393184185028
13.882847756147385
13.680479496717453
13.652992248535156
13.64916306734085
13.829515904188156
13.719125866889954
13.711087197065353
13.845357865095139
13.791279733181
13.544187366962433
13.785255014896393
13.978706151247025
14.058516293764114
13.709047973155975
13.841435998678207
13.85942256450653
13.68325012922287
14.020021051168442
13.677749872207642
13.896855026483536
13.64262080192566
13.944770604372025
13.838153958320618
13.839946627616882
13.6620551943779
13.862121134996414
13.975065380334854
14.00572293996811
13.757500261068344
13.966893553733826
13.949101895093918
14.04479444026947
14.12408521771431
14.136200547218323
14.032109767198563
13.902191013097763
14.040571182966232
13.856500566005707
13.96873989701271
14.057342678308487
14.086987048387527
13.987701386213303
14.126516044139862
13.876013815402985
14.232868492603302
14.03575798869133
13.99849197268486
14.13725021481514
13.930306047201157
14.115073025226593
14.018582999706268
14.222517371177673
14.182313323020935
14.140295892953873
14.21862119436264
13.911735236644745
13.702675491571426
14.050655990839005
14.190345376729965
14.19932809472084
14.336745262145996
14.182519376277924
14.019731223583221
14.198273688554764
14.070482164621353
14.243888586759567
14.166986852884293
14.069255650043488
13.991989463567734
14.130512595176697
14.295473575592041
14.361866116523743
14.405752509832382
14.283640772104263
14.168958961963654
14.106768667697906
14.205031335353851
14.146272867918015
14.322269320487976
14.252315372228622
14.32764384150505
14.375406295061111
14.248999208211899
14.423711657524109
14.173177510499954
14.053337752819061
14.106795996427536
14.237040549516678
14.201631993055344
14.209781467914581
14.370402574539185
14.344375401735306
14.214917004108429
14.212231189012527
14.168014019727707
14.378756761550903
14.076719224452972
14.45107913017273
14.3821502327919
14.655088663101196
14.644367337226868
14.526856780052185
14.37561321258545
14.443041652441025
14.102457344532013
14.296879410743713
14.173783212900162
14.248580008745193
14.361161053180695
14.48144045472145
14.682607382535934
14.551414847373962
14.55370381474495
14.577617764472961
14.326667666435242
14.486210703849792
14.29827281832695
14.448677241802216
14.502026319503784
14.559304803609848
14.370734542608261
14.71982291340828
14.761646568775177
14.439712285995483
14.517635732889175
14.528117656707764
14.60334250330925
14.615608304738998
14.596850246191025
14.712449431419373
14.633879125118256
14.24960470199585
14.41464951634407
14.567057073116302
14.488392382860184
14.587234497070312
14.700896888971329
14.666156530380249
14.643840461969376
14.578477650880814
14.515160977840424
14.843924880027771
14.732777565717697
14.722130060195923
14.627470344305038
14.692099630832672
14.865269392728806
14.954795062541962
14.768720984458923
14.931235074996948
14.640523731708527
14.929536163806915
14.795256793498993
14.970087558031082
14.791023641824722
14.936956971883774
14.705294132232666
14.641073316335678
14.884920626878738
14.737544864416122
14.722262173891068
14.812063753604889
14.978955864906311
14.659627556800842
14.854282826185226
14.758825719356537
14.809588551521301
14.853901356458664
15.081973820924759
15.038833558559418
14.782450795173645
14.644072711467743
14.546298772096634
14.902035772800446
14.963763326406479
14.89705228805542
14.89753383398056
15.264491111040115
15.097509950399399
15.071474522352219
14.965297132730484
14.854912042617798
14.659749180078506
14.96013143658638
14.887873411178589
14.555137276649475
15.102658599615097
15.056839168071747
15.072071194648743
15.10902464389801
15.015491098165512
14.991634666919708
14.93777659535408
14.970756471157074
14.711953490972519
14.82137480378151
15.2482231259346
15.160395592451096
15.194140672683716
14.90152621269226
15.234537422657013
15.044952094554901
14.961895048618317
15.173295378684998
14.959864228963852
15.094047784805298
15.003185749053955
15.260526895523071
15.235230475664139
15.192304998636246
15.119511246681213
14.944884210824966
15.271051824092865
15.220460534095764
15.212062656879425
15.011005520820618
15.070459216833115
15.274263620376587
15.024886280298233
15.088621735572815
15.367012172937393
15.461479276418686
15.127530813217163
14.87196147441864
15.232448190450668
14.882031053304672
14.980661571025848
15.165357619524002
15.100635319948196
15.197028458118439
15.113319367170334
15.50352954864502
15.122426927089691
15.258581787347794
15.406296253204346
15.125053256750107
15.044038116931915
15.385902523994446
15.208262175321579
15.429941713809967
15.425457626581192
15.244128793478012
15.253643542528152
15.036413937807083
15.349670767784119
15.147386312484741
15.445280879735947
15.228743702173233
15.212144285440445
15.432365387678146
14.989015311002731
15.06120416522026
15.22482043504715
15.40469679236412
15.281671017408371
15.152966618537903
15.175538212060928
15.575399041175842
15.49621057510376
15.302570015192032
15.492944955825806
15.484617978334427
15.3148053586483
15.637531280517578
15.459044426679611
15.419598579406738
15.347897171974182
15.454860836267471
15.62915724515915
15.67495122551918
15.141246497631073
15.428887099027634
15.638372331857681
15.515124350786209
15.40230405330658
15.601648688316345
15.496126055717468
15.379173278808594
15.205285370349884
15.383505195379257
15.421849489212036
15.223702073097229
15.369476824998856
15.672136127948761
15.786669552326202
15.82859343290329
15.456103414297104
15.659840852022171
15.593118160963058
15.58227789402008
15.635867983102798
15.341333359479904
15.481287181377411
15.597611516714096
15.772485196590424
15.778130114078522
15.733054280281067
15.682798713445663
15.578278660774231
15.685113251209259
15.428350448608398
15.66129806637764
15.738470792770386
15.51488909125328
15.500254094600677
16.01705402135849
15.889598429203033
15.78764483332634
15.869065970182419
15.674141526222229
15.854663282632828
15.678183615207672
15.529862642288208
15.285284459590912
15.92913469672203
15.863516062498093
15.930618524551392
15.722936302423477
15.719187676906586
15.52155727148056
15.848089665174484
15.730081260204315
15.391962260007858
15.77968031167984
15.62358245253563
15.66221359372139
15.646793514490128
15.749416828155518
15.807351261377335
15.724880129098892
15.735653072595596
16.00678327679634
15.914436608552933
15.957296192646027
15.784064143896103
15.830770373344421
15.808057487010956
15.968900680541992
16.051812261343002
15.854323476552963
15.952008962631226
15.849670112133026
15.990102857351303
15.804180681705475
15.849146902561188
15.929395586252213
15.990827709436417
15.82801541686058
15.906752735376358
15.912151396274567
15.763552755117416
16.14035725593567
16.20453703403473
16.278599858283997
16.207267850637436
16.04580992460251
15.746595293283463
15.932926714420319
15.702368170022964
15.892760992050171
16.04906466603279
16.18408989906311
15.999345988035202
16.22329893708229
16.002780377864838
16.336763560771942
16.175991028547287
16.002272099256516
16.130516588687897
15.86792105436325
15.837090343236923
15.665661752223969
16.034140586853027
16.14248526096344
16.313133120536804
16.1952605843544
16.0534425675869
16.000968158245087
15.792548716068268
15.880533277988434
15.809565246105194
15.808724224567413
16.013702780008316
16.33801755309105
16.217364490032196
16.175363659858704
16.27846449613571
15.960271716117859
16.093016117811203
16.270466327667236
15.893794894218445
15.93460002541542
16.050183057785034
15.879130601882935
15.970512807369232
16.327978312969208
15.944685518741608
16.409630358219147
16.216178327798843
16.1077980697155
16.531408488750458
16.320630699396133
16.20483687520027
16.33191016316414
16.137390941381454
16.457921743392944
16.221056908369064
16.254011392593384
16.14107957482338
16.371134161949158
16.255031883716583
15.92340499162674
16.282760590314865
16.13918250799179
16.353543519973755
16.59656298160553
16.494059294462204
16.26570674777031
16.299853175878525
16.507429540157318
16.396221429109573
16.241233438253403
16.02898621559143
16.246790915727615
16.521701395511627
16.59225082397461
16.544769942760468
16.64554274082184
16.367359519004822
16.626405000686646
16.211689710617065
16.18399429321289
16.192030370235443
16.578510344028473
16.582011580467224
16.56413859128952
16.659976541996002
16.56085169315338
16.43457919359207
16.30976176261902
16.262878477573395
16.316721498966217
16.566984713077545
16.43638426065445
16.579358756542206
16.57175722718239
16.63849639892578
16.451361626386642
16.68789041042328
16.601261019706726
16.702860116958618
16.645058810710907
16.75120174884796
16.658722043037415
16.492637276649475
16.703729808330536
16.48984467983246
16.605818927288055
16.842118203639984
16.94374853372574
16.822140872478485
16.756837010383606
16.721638441085815
16.80164498090744
16.754104435443878
16.53206703066826
16.651284396648407
16.68999344110489
16.75598156452179
16.872848331928253
16.58984786272049
16.87494206428528
16.7332661151886
16.79807996749878
16.83652526140213
16.771564304828644
16.726847529411316
16.69514912366867
16.90967309474945
16.85146975517273
16.918154299259186
17.001526832580566
16.863494396209717
16.819805324077606
16.64223486185074
16.409308552742004
16.654204487800598
16.813598334789276
16.8888977766037
16.735122323036194
16.883463978767395
16.67549866437912
16.921976804733276
16.964182436466217
16.867175459861755
16.97820144891739
17.1013965010643
16.82335090637207
16.96731787919998
16.816377818584442
16.820210814476013
16.94098073244095
16.869373202323914
17.014863967895508
17.05504274368286
17.132729947566986
17.121321439743042
17.118560433387756
17.022321581840515
17.020739436149597
16.89977902173996
17.106831312179565
16.967339992523193
16.889729976654053
16.933257400989532
17.14114111661911
17.123126447200775
17.112842679023743
16.986389577388763
17.00051862001419
17.156597793102264
17.132692992687225
17.215125858783722
17.05094313621521
17.03290581703186
17.010050296783447
17.0587095618248
17.087370693683624
17.175768435001373
17.092162907123566
17.179100930690765
17.186538755893707
17.007942974567413
17.190190076828003
17.093214452266693
17.163800954818726
17.209360480308533
17.13776123523712
17.240795075893402
17.169211983680725
17.129587292671204
17.1531879901886
17.052675306797028
17.206952214241028
17.294713079929352
17.155799508094788
17.252948224544525
17.132161855697632
17.315187096595764
17.344726085662842
17.288471341133118
17.301577270030975
17.20699656009674
17.269313514232635
17.373970866203308
17.36481785774231
17.332373440265656
17.29291719198227
17.284042060375214
17.243619441986084
17.25204372406006
17.2794331908226
17.406985223293304
17.31354510784149
17.291165113449097
17.21876186132431
17.281377017498016
17.40139079093933
17.387097120285034
17.335859835147858
17.282525062561035
17.25122332572937
17.28649514913559
17.22543978691101
17.18367338180542
17.396735191345215
17.361815571784973
17.288208663463593
17.441930830478668
17.360478937625885
17.481223344802856
17.378265380859375
17.371551156044006
17.36734104156494
17.374601185321808
17.461893439292908
17.499540150165558
17.412344694137573
17.465459525585175
17.433270275592804
17.41171407699585
17.40654170513153
17.363367974758148
17.4494771361351
17.544564723968506
17.42270541191101
17.43785983324051
17.532954514026642
17.48973923921585
17.446773648262024
17.49448448419571
17.467745304107666
17.404237151145935
17.519247591495514
17.525344729423523
17.49859917163849
17.475531578063965
17.36624675989151
17.526597678661346
17.247981548309326
17.37415736913681
17.41335266828537
17.486202716827393
17.52066045999527
17.569478809833527
17.544202268123627
17.691404461860657
17.354817926883698
17.408227026462555
17.59237766265869
17.60988700389862
17.692026138305664
17.438072621822357
17.552929520606995
17.60758525133133
17.583836317062378
17.533899247646332
17.646884381771088
17.49701601266861
17.626183211803436
17.513408541679382
17.640626430511475
17.679153978824615
17.61260336637497
17.70270848274231
17.645118594169617
17.43965256214142
17.567608773708344
17.579232275485992
17.70265245437622
17.626923620700836
17.490295588970184
17.50950199365616
17.467685341835022
17.52082049846649
17.5916885137558
17.676166355609894
17.533433854579926
17.65672665834427
17.431819200515747
17.639428794384003
17.666998624801636
17.84896546602249
17.86337822675705
17.739453613758087
17.50927758216858
17.392963349819183
17.53328913450241
17.708606839179993
17.80597287416458
17.51925480365753
17.757827401161194
17.499834656715393
17.672325670719147
17.53690856695175
17.61964464187622
17.372424960136414
17.666819036006927
17.67900824546814
17.90795809030533
17.631212413311005
17.591911613941193
17.667683959007263
17.492619276046753
17.526825070381165
17.62229472398758
17.76888471841812
17.799502849578857
17.960961878299713
17.86771148443222
17.887770771980286
17.794459223747253
17.625365436077118
17.892098605632782
17.817416191101074
17.678199410438538
17.7973153591156
17.79082489013672
17.634085595607758
17.81822317838669
17.927602171897888
17.82539588212967
17.892527759075165
17.912195563316345
17.614441514015198
17.7121422290802
17.843619108200073
17.815944254398346
17.85708647966385
17.843378961086273
17.92355477809906
17.952345430850983
17.860914051532745
18.028762698173523
17.723195433616638
17.977647185325623
17.91099202632904
17.81364870071411
17.646475434303284
17.85090547800064
17.882815062999725
17.99243837594986
17.972705841064453
17.81873118877411
17.879993677139282
17.910938322544098
17.77904713153839
17.890223383903503
17.828168213367462
17.763115286827087
18.035481095314026
17.72370171546936
17.952644109725952
17.97523194551468
18.15049570798874
17.90130239725113
17.92687499523163
17.74790668487549
17.92903310060501
17.868655145168304
17.90664428472519
17.984562575817108
18.103371620178223
17.984896779060364
17.868793070316315
18.159274697303772
18.094850659370422
17.75600230693817
18.216065406799316
18.11527931690216
18.09821993112564
17.968532383441925
18.165631413459778
18.180340468883514
18.104707896709442
17.851659297943115
17.952771246433258
17.86512529850006
17.694872498512268
17.75491553544998
17.948409140110016
18.12969022989273
18.030392587184906
18.219215631484985
18.039416670799255
18.258780598640442
18.113897502422333
18.264658451080322
18.136748611927032
18.109791219234467
18.2605082988739
18.111047446727753
18.280140459537506
18.331353783607483
18.094780325889587
18.04887729883194
18.15166187286377
18.258606135845184
18.098197162151337
18.157246530056
18.51868599653244
18.425745904445648
18.37259739637375
18.41544896364212
18.292122960090637
18.43667334318161
18.11016148328781
18.344158351421356
18.38853019475937
18.378555357456207
18.097136676311493
18.346884727478027
18.3572598695755
18.111676573753357
18.42273497581482
18.14698213338852
18.35797142982483
18.409848868846893
18.12835395336151
18.165014266967773
18.340090692043304
18.185212314128876
18.435497760772705
18.47622787952423
18.55720579624176
18.23596501350403
18.515268445014954
18.191098034381866
18.034118592739105
18.44574147462845
18.39310485124588
18.27555149793625
18.238263607025146
18.434319853782654
18.452118158340454
18.297482907772064
18.31660795211792
18.336390554904938
18.204582512378693
18.32394641637802
18.38067466020584
18.436167895793915
18.402724027633667
18.543629109859467
18.386478662490845
18.408421635627747
18.35714489221573
18.344932973384857
18.481829583644867
18.619106829166412
18.529471695423126
18.27960991859436
18.179266154766083
18.30961126089096
18.085598051548004
18.11195731163025
18.235868513584137
18.46391075849533
18.628622710704803
18.363190948963165
18.5735102891922
18.392169773578644
17.99220836162567
18.42030954360962
18.196639597415924
18.382913529872894
18.532260477542877
18.52632886171341
18.504861772060394
18.55686056613922
18.223697304725647
18.58341485261917
18.403518974781036
18.304796159267426
18.666366398334503
18.441205143928528
18.678163528442383
18.468560099601746
18.56762659549713
18.565686225891113
18.333691000938416
18.693941116333008
18.702771484851837
18.648631513118744
18.59250146150589
18.603589057922363
18.77537250518799
18.539631128311157
18.65741389989853
18.409780263900757
18.710449874401093
18.51517963409424
18.360496401786804
18.67231595516205
18.73518431186676
18.324544191360474
18.715324759483337
18.799541234970093
18.574589669704437
18.734556198120117
18.73807054758072
18.384271800518036
18.131799399852753
18.465157330036163
18.64184993505478
18.609680116176605
18.75680387020111
18.668740332126617
18.901248812675476
18.545894145965576
18.968995809555054
18.80278879404068
18.82360005378723
18.50918847322464
18.399771094322205
18.860818564891815
18.68004882335663
18.805258214473724
18.894977867603302
18.794652462005615
18.734266221523285
18.60457056760788
18.792067229747772
18.577308773994446
18.41786754131317
18.762512385845184
18.81209534406662
18.964211225509644
19.023362576961517
18.727118492126465
18.612158238887787
18.64503824710846
19.018884897232056
18.716889321804047
18.60875803232193
19.055868983268738
18.87318331003189
18.97842973470688
18.979758083820343
18.813885390758514
18.63188087940216
18.74036282300949
18.91101586818695
18.890741288661957
18.989360332489014
18.910483598709106
18.93687468767166
18.836441576480865
18.75435894727707
18.88490116596222
18.688745319843292
19.058727085590363
18.592210948467255
18.9548397064209
19.11807668209076
18.9320011138916
19.097925305366516
19.02230942249298
18.817179799079895
18.795972764492035
18.77234721183777
18.787308871746063
18.944328725337982
18.87831449508667
18.877406775951385
19.018389105796814
19.045546174049377
18.9804345369339
19.105044901371002
19.003847420215607
18.645321428775787
18.697311997413635
18.931232273578644
18.706713318824768
18.86490523815155
19.00152289867401
19.13940441608429
19.04299134016037
19.18700009584427
18.744964480400085
18.751827120780945
18.82720595598221
18.966153502464294
19.21018522977829
18.967850267887115
19.164744675159454
19.192735612392426
19.100126922130585
18.916836202144623
18.905548214912415
18.887918651103973
19.161887109279633
19.19764220714569
19.346929490566254
19.185727417469025
19.18367725610733
19.153040170669556
19.079410076141357
19.10115897655487
18.836828768253326
19.21318280696869
19.026429653167725
19.18697613477707
19.183778762817383
18.97407066822052
19.053386092185974
19.26157581806183
18.870303213596344
19.02439057826996
19.26698660850525
19.28072315454483
18.812374651432037
19.155481934547424
19.052478075027466
19.148935914039612
19.142552137374878
18.85558944940567
19.13868623971939
19.020428478717804
18.925781190395355
19.266123473644257
19.092815458774567
19.290608823299408
19.16550636291504
19.069532692432404
19.225959420204163
19.039896488189697
19.21073615550995
19.027717769145966
19.048541605472565
19.04703986644745
18.996743202209473
19.145199418067932
19.26960688829422
19.156310558319092
19.235984325408936
19.094880044460297
19.390002191066742
19.171208083629608
19.40454488992691
19.405078411102295
19.428018271923065
19.140354692935944
19.069131791591644
19.216257691383362
18.99536508321762
19.237044990062714
19.358853220939636
19.102338075637817
19.237536668777466
19.246217489242554
19.145003855228424
19.37985324859619
19.394966661930084
19.320490777492523
19.37682557106018
19.289734423160553
19.40053790807724
19.362322866916656
19.098778307437897
19.173244893550873
19.373578786849976
19.46986562013626
19.40599113702774
19.27734124660492
19.41884869337082
19.340070605278015
19.371157824993134
18.982122838497162
19.19530326128006
19.3502556681633
19.310320496559143
19.19822907447815
19.420169055461884
19.16189467906952
19.33511596918106
19.26824289560318
19.397557199001312
19.675059914588928
19.448902904987335
19.27547812461853
19.10738629102707
19.24702340364456
19.301761031150818
19.30751609802246
19.22172701358795
19.048649072647095
19.58187484741211
19.072797536849976
19.256874203681946
19.30130797624588
19.38743895292282
19.366815626621246
19.25770926475525
19.268139004707336
19.104270339012146
19.36320185661316
19.37297523021698
19.472580790519714
19.68560081720352
19.532812356948853
19.636996269226074
19.66986358165741
19.402791619300842
19.445959627628326
19.61262357234955
19.147621393203735
19.403437912464142
19.07661736011505
19.42506206035614
19.43751335144043
19.420824587345123
19.579951763153076
19.415718495845795
19.52332776784897
19.590236365795135
19.434519410133362
19.368546783924103
19.405618607997894
19.67811369895935
19.52829611301422
18.99915075302124
19.313537061214447
19.310078024864197
19.306806981563568
19.4729061126709
19.18178302049637
19.58928292989731
19.024670958518982
19.372350692749023
19.32633811235428
19.624525904655457
19.415988087654114
19.64286905527115
19.824504137039185
19.364001154899597
19.752439200878143
19.52500432729721
19.787069439888
19.51008892059326
19.469529807567596
19.84547346830368
19.42812281847
19.542588114738464
19.443465650081635
19.730269491672516
19.689994633197784
19.83307307958603
19.61359190940857
19.4432572722435
19.63737291097641
19.614096879959106
19.788464665412903
19.82931339740753
19.855677127838135
19.517755270004272
19.784312188625336
19.732540607452393
19.740837931632996
19.538000106811523
19.516436100006104
19.627984762191772
19.818247318267822
19.503412663936615
19.719529151916504
19.94033658504486
20.08544921875
19.57923847436905
19.500701367855072
19.839660227298737
19.707148730754852
19.725206911563873
19.55607795715332
19.905245184898376
19.73729318380356
19.987261593341827
19.83943098783493
19.521443903446198
19.689234733581543
19.639093160629272
19.556697070598602
19.592796206474304
19.676332771778107
19.74342256784439
19.72795295715332
19.908283531665802
20.077142596244812
19.768517792224884
19.692498862743378
19.88028460741043
19.87551897764206
19.970044195652008
20.164148449897766
19.93928635120392
19.9824059009552
20.0722433924675
19.965995967388153
19.74897074699402
19.807469606399536
20.114044427871704
19.952240586280823
19.971875309944153
20.014472365379333
20.21590346097946
20.07532161474228
19.944474458694458
19.876919269561768
20.014925241470337
19.683322489261627
20.077053368091583
19.947671234607697
20.018738865852356
20.062435269355774
19.937016546726227
20.103326082229614
19.639101266860962
20.163970291614532
20.272880494594574
20.175031304359436
20.134341835975647
19.94838559627533
19.703822374343872
20.090980410575867
19.748221457004547
19.995621740818024
20.145389795303345
19.76764678955078
19.91323894262314
20.222072541713715
20.2300124168396
20.048852384090424
20.102830946445465
20.1605241894722
19.79414564371109
19.996706128120422
20.138174891471863
20.137338042259216
20.03867733478546
20.081408381462097
19.929928302764893
20.003679990768433
20.0069659948349
19.737037897109985
20.172561824321747
20.223554849624634
20.25559502840042
20.404862999916077
20.30441164970398
20.271601021289825
20.26581370830536
20.37470304965973
20.110738337039948
20.09333997964859
20.091521739959717
19.98986577987671
20.25583428144455
20.07027280330658
20.13541328907013
20.242882430553436
20.37699455022812
19.90523225069046
20.26745581626892
20.315170645713806
20.00885635614395
20.408959090709686
20.09214872121811
19.827255845069885
20.034923911094666
20.10451489686966
20.2007417678833
20.14353460073471
20.233137667179108
20.268645882606506
20.46633130311966
20.366681933403015
20.117687582969666
20.22850477695465
20.291877031326294
20.22795605659485
20.270839154720306
20.07411938905716
20.409547805786133
20.223495841026306
20.35349041223526
20.37137496471405
20.30070787668228
20.263165950775146
20.228135108947754
20.144224286079407
20.494881451129913
20.139579832553864
20.40466183423996
20.245721757411957
20.20059710741043
20.473843336105347
20.236737191677094
20.578584611415863
20.247358322143555
20.552285194396973
20.139865934848785
20.453848898410797
20.039484202861786
20.51005220413208
20.016068935394287
20.414762794971466
20.229722499847412
20.378532648086548
20.371383547782898
20.431444823741913
20.35851800441742
20.449917197227478
20.406511962413788
20.2741801738739
20.215513467788696
20.267013132572174
20.224939227104187
20.431415617465973
20.60946649312973
20.43823128938675
20.54051297903061
20.405262053012848
20.528030395507812
20.31764942407608
20.507342398166656
20.60540944337845
20.510341703891754
20.542097330093384
20.299301087856293
20.370002567768097
20.437206029891968
20.320987939834595
20.510932445526123
20.668529391288757
20.68163138628006
20.507189631462097
20.499599874019623
20.57910394668579
20.369969487190247
20.614356100559235
20.18325763940811
20.72242760658264
20.59754592180252
20.6460320353508
20.29756796360016
20.503626108169556
20.236081063747406
20.46718519926071
20.461037039756775
20.50501984357834
20.54769992828369
20.714401066303253
20.647462606430054
20.66382724046707
20.586981654167175
20.562834084033966
20.615610241889954
20.675906658172607
20.343906223773956
20.687382698059082
20.67859560251236
20.535191297531128
20.56545716524124
20.779608964920044
20.37526559829712
20.443985044956207
20.59355080127716
20.44177496433258
20.900027692317963
20.574806034564972
20.499323546886444
20.611648440361023
20.3327459692955
20.603102684020996
20.620739996433258
20.284413516521454
20.68669205904007
20.703238487243652
20.40739196538925
20.596491932868958
20.759980618953705
20.668456554412842
20.726287841796875
20.772308945655823
20.406285524368286
20.76586616039276
20.719369888305664
20.697959423065186
20.81432217359543
20.56418150663376
20.460676789283752
20.624960005283356
20.5141499042511
20.520265519618988
20.425812005996704
20.630762338638306
20.8876593708992
20.827495515346527
20.54409670829773
20.83248060941696
20.8553027510643
20.708811104297638
20.765072226524353
20.75076860189438
20.667627036571503
20.91861343383789
20.906229376792908
20.878267526626587
20.647396564483643
20.8122341632843
20.915208339691162
20.551373779773712
20.8319393992424
20.871972143650055
20.722656309604645
20.569288969039917
20.63557744026184
20.613115072250366
20.63683557510376
20.691174387931824
20.777696013450623
20.851915776729584
20.816475093364716
20.761257231235504
20.68012148141861
20.726264655590057
20.91743677854538
20.813599586486816
20.814422011375427
20.773991107940674
20.70800405740738
20.875203728675842
20.61039489507675
20.925873458385468
20.528123676776886
20.781301140785217
21.050867915153503
20.99247968196869
20.879169702529907
20.900862753391266
21.08898901939392
20.909797251224518
20.867447197437286
20.999062418937683
20.69709813594818
20.973898231983185
21.0058074593544
20.94248253107071
20.99406385421753
20.976792216300964
20.69665491580963
20.74109709262848
20.905968368053436
20.800369024276733
20.970780074596405
20.80933928489685
21.016745865345
20.770708799362183
21.147682011127472
20.901227355003357
20.893351078033447
20.84734171628952
21.04481029510498
20.9110689163208
21.219215869903564
20.914907932281494
20.977433443069458
21.130171060562134
21.036924123764038
21.24623852968216
21.10381418466568
20.85674738883972
20.990640223026276
21.036843717098236
21.02388644218445
20.748315930366516
21.14140671491623
21.001505613327026
20.980023324489594
20.80780190229416
20.965304017066956
20.878807723522186
21.12272411584854
21.214458286762238
21.318293809890747
21.00430256128311
21.086427092552185
20.95831048488617
21.02290153503418
20.637991786003113
20.954899072647095
21.13470697402954
21.034013867378235
21.18958330154419
21.23276686668396
21.264397740364075
20.966607093811035
21.207154393196106
21.122901797294617
20.98015159368515
21.038800060749054
21.359511375427246
21.32524061203003
21.25449424982071
21.17626976966858
21.361863613128662
21.07554441690445
21.299303591251373
21.277888894081116
21.11490660905838
21.122194826602936
