None
None
None
None
None
None
None
None
None
None
None
None
None
None
None
None
None
None
None
None
None
None
None
None
None
None
None
None
None
None
None
None
None
None
None
None
None
None
None
None
None
None
None
None
None
None
None
None
None
None
None
None
None
None
None
None
None
None
None
None
None
None
None
None
None
None
None
1.112841784954071
1.1321857273578644
1.0560300946235657
1.2006202638149261
1.1520686447620392
1.055236667394638
1.0791370868682861
1.1397222131490707
0.9872000068426132
0.9928818643093109
0.9441236853599548
0.9541923999786377
0.9852510392665863
0.8538818210363388
0.8608449995517731
0.9794271886348724
0.7406143397092819
0.7172582447528839
0.8372422158718109
0.7540935575962067
0.7170785516500473
0.6627601385116577
0.70085409283638
0.7414577603340149
0.6811099201440811
0.69539774954319
0.6717437356710434
0.7208927124738693
0.6621061116456985
0.6821612119674683
0.6695251315832138
0.6850604861974716
0.6783192306756973
0.6639561653137207
0.6934354305267334
0.6841858625411987
0.6431633830070496
0.6871632039546967
0.6528620421886444
0.6785922944545746
0.6439248025417328
0.6296209245920181
0.6437129527330399
0.6975550204515457
0.6790953129529953
0.6519959270954132
0.6233676970005035
0.6845686137676239
0.6983752548694611
0.6529456377029419
0.6324606388807297
0.628876805305481
0.6777118593454361
0.6568893939256668
0.6517593413591385
0.6552152633666992
0.6429552286863327
0.6603139191865921
0.6266150623559952
0.657530665397644
0.6222996562719345
0.6256379783153534
0.6514470875263214
0.6257223337888718
0.6195071786642075
0.6197268515825272
0.638233870267868
0.6318617910146713
0.6644694656133652
0.6208678781986237
0.6071837395429611
0.6677997261285782
0.6140153259038925
0.5972546339035034
0.6517399549484253
0.612129345536232
0.6085662245750427
0.5972150564193726
0.6097265183925629
0.6007946580648422
0.6398056298494339
0.6056991070508957
0.630643755197525
0.6028358042240143
0.6129550337791443
0.6903472244739532
0.6250463277101517
0.6177928447723389
0.6062381565570831
0.5785096287727356
0.6196698248386383
0.6169202029705048
0.6052856147289276
0.609743058681488
0.6045501083135605
0.5788978338241577
0.597561702132225
0.5963726192712784
0.5939815789461136
0.6123468577861786
0.5906791985034943
0.5794039964675903
0.5884651243686676
0.5918385088443756
0.5808089822530746
0.5779074877500534
0.6019529700279236
0.5748513489961624
0.5683556497097015
0.5859152972698212
0.5771901607513428
0.5888635367155075
0.5343411266803741
0.5681465566158295
0.5637676119804382
0.5507132112979889
0.5741994827985764
0.5691095441579819
0.565395787358284
0.5585056692361832
0.5495467334985733
0.5709744542837143
0.5713213235139847
0.5557219386100769
0.537284716963768
0.5463452637195587
0.5470421016216278
0.5615952759981155
0.5473660379648209
0.5634350180625916
0.5559214353561401
0.5505581349134445
0.5376850515604019
0.5615787655115128
0.5357184112071991
0.5455871373414993
0.5376960039138794
0.5585601925849915
0.563994362950325
0.5312820672988892
0.5352159589529037
0.5311018601059914
0.5119052231311798
0.5353068262338638
0.5370594710111618
0.5424095988273621
0.5428091138601303
0.5611426532268524
0.5110912099480629
0.5268958657979965
0.5229316428303719
0.5108400508761406
0.5414057672023773
0.5255333930253983
0.5398038923740387
0.5293989926576614
0.534452423453331
0.5267285779118538
0.5389396995306015
0.5002367869019508
0.4862533137202263
0.5184875130653381
0.503301702439785
0.5381623208522797
0.4979264438152313
0.48923636972904205
0.5184469446539879
0.5032050311565399
0.4945589601993561
0.5240360796451569
0.5010972246527672
0.4880542531609535
0.4910725951194763
0.5085543692111969
0.5186350792646408
0.5022110119462013
0.5376392602920532
0.5031419694423676
0.5407809764146805
0.5009028315544128
0.4902598708868027
0.5048256367444992
0.49068668484687805
0.4836561009287834
0.5120590701699257
0.5006453543901443
0.5217872709035873
0.4722532406449318
0.47769688814878464
0.49419165402650833
0.4781268239021301
0.4890460819005966
0.4767278954386711
0.4702478423714638
0.4897468537092209
0.4596164897084236
0.46860046684741974
0.4864461272954941
0.4633178263902664
0.5202135220170021
0.46784763783216476
0.4738388732075691
0.4658628851175308
0.45709093660116196
0.45803307741880417
0.4796750098466873
0.47390420734882355
0.46072203665971756
0.4588326960802078
0.44261912256479263
0.4502323493361473
0.45785127580165863
0.45321015268564224
0.4509684145450592
0.46653319150209427
0.4727870970964432
0.44071411341428757
0.43819403648376465
0.42807892709970474
0.4412052184343338
0.4500338211655617
0.4424963518977165
0.4600088447332382
0.46673037111759186
0.42219819873571396
0.40303491055965424
0.45807161927223206
0.45526809245347977
0.437882162630558
0.4480624720454216
0.43806926161050797
0.4145042225718498
0.4333631545305252
0.42038165777921677
0.4272170588374138
0.42450908571481705
0.4178665801882744
0.38455457240343094
0.4318278506398201
0.40701109915971756
0.4546414911746979
0.4287261813879013
0.37624847888946533
0.40805474668741226
0.4160577356815338
0.40600667893886566
0.40530239790678024
0.4060541018843651
0.3558877557516098
0.42115268111228943
0.43172572553157806
0.3649418316781521
0.4165891408920288
0.4229675754904747
0.3715085834264755
0.36085836589336395
0.3930361866950989
0.414487287402153
0.4283026456832886
0.3758191540837288
0.37289875745773315
0.3576529398560524
0.3736249804496765
0.40648843348026276
0.3452761098742485
0.38464395701885223
0.39795273542404175
0.4218430742621422
0.3240377902984619
0.4090467840433121
0.3909323960542679
0.3871087282896042
0.34239985793828964
0.40947694331407547
0.3528279811143875
0.3442704677581787
0.3805580884218216
0.39546000212430954
0.3364381194114685
0.30824053287506104
0.4059345871210098
0.38042953610420227
0.3950732797384262
0.3561920002102852
0.3509082607924938
0.3804244101047516
0.3743119463324547
0.3952110484242439
0.39186493307352066
0.4368968978524208
0.4181431457400322
0.3598350062966347
0.34615717828273773
0.2994433045387268
0.37786612659692764
0.3952193856239319
0.39594666659832
0.39222709834575653
0.3666144385933876
0.35361581295728683
0.4161534309387207
0.36717717349529266
0.38721028715372086
0.3325507566332817
0.34748590737581253
0.3640487417578697
0.383681483566761
0.40088067203760147
0.3721461445093155
0.35013818740844727
0.36116431653499603
0.39000653475522995
0.3421836271882057
0.3714285120368004
0.361307829618454
0.37972813844680786
0.4181344136595726
0.3498295098543167
0.38288159668445587
0.39999645948410034
0.3998074010014534
0.3537609651684761
0.3657730743288994
0.35147658735513687
0.38243648409843445
0.3884631097316742
0.3086075112223625
0.3432595729827881
0.39966432750225067
0.3761095330119133
0.3772142603993416
0.4260626286268234
0.42640382796525955
0.3918197304010391
0.3974822983145714
0.35429755598306656
0.3387545198202133
0.3533414229750633
0.3431363105773926
0.42740508168935776
0.3431110978126526
0.32732701301574707
0.36160822212696075
0.38487765938043594
0.467499740421772
0.4030468761920929
0.4108857735991478
0.32900677621364594
0.4133860915899277
0.34349510818719864
0.321450911462307
0.4314560070633888
0.35415375977754593
0.2707999758422375
0.3601427264511585
0.33743758499622345
0.36618877202272415
0.3817766606807709
0.3304019048810005
0.3620189353823662
0.34076376259326935
0.3415132835507393
0.41175878047943115
0.48075127601623535
0.4118323475122452
0.42010827362537384
0.3386246860027313
0.4427708089351654
0.3932259753346443
0.37417472153902054
0.337637260556221
0.4158751964569092
0.34800466895103455
0.3743559643626213
0.42619334906339645
0.3205481991171837
0.38839635998010635
0.3623141050338745
0.3423425033688545
0.3982168883085251
0.406284861266613
0.39614128321409225
0.4241333454847336
0.3393096476793289
0.37804946303367615
0.4253508746623993
0.30955976247787476
0.401789054274559
0.4234228953719139
0.39662059396505356
0.398210272192955
0.3589385375380516
0.3453671336174011
0.38919520378112793
0.3594335541129112
0.46479707211256027
0.34701258689165115
0.4087393060326576
0.4139599874615669
0.52686757594347
0.4826870486140251
0.3842804878950119
0.36543944478034973
0.3861338272690773
0.3984503224492073
0.39270418882369995
0.39906302839517593
0.4906565025448799
0.39606793224811554
0.3144856169819832
0.4000498428940773
0.39665327221155167
0.37542612105607986
0.44167613983154297
0.3558383136987686
0.4408271089196205
0.4092966541647911
0.3426571488380432
0.35641664266586304
0.36713822931051254
0.45734621584415436
0.4307348430156708
0.4434810280799866
0.31105102598667145
0.4989016354084015
0.3445837050676346
0.4157152622938156
0.3840988576412201
0.42113831639289856
0.4768597409129143
0.3730942979454994
0.41777200251817703
0.37906187027692795
0.39371243119239807
0.41864512860774994
0.4935208261013031
0.4602661430835724
0.4464152753353119
0.39156754314899445
0.4017941392958164
0.4303269386291504
0.436932735145092
0.3995409458875656
0.34216683357954025
0.5070193111896515
0.38925115019083023
0.3466872349381447
0.36120909452438354
0.41023939847946167
0.3172072172164917
0.3425106033682823
0.3323633521795273
0.46419787406921387
0.35837986320257187
0.4219337925314903
0.3545164465904236
0.49045737087726593
0.3018316403031349
0.5003231689333916
0.40316491574048996
0.3634863495826721
0.4267270565032959
0.4284963309764862
0.39802224934101105
0.4873512536287308
0.493451327085495
0.5022398233413696
0.40627867728471756
0.36473072320222855
0.39119382202625275
0.41547900438308716
0.42687902599573135
0.47994980216026306
0.36267995089292526
0.4801207110285759
0.38701507076621056
0.36240822821855545
0.42958855628967285
0.4300307109951973
0.3427027761936188
0.45264604687690735
0.434484526515007
0.4050910174846649
0.3484898954629898
0.3019026145339012
0.28782735764980316
0.3815642148256302
0.37021464854478836
0.34041571617126465
0.32441041991114616
0.3841479420661926
0.34653114527463913
0.3973316103219986
0.35584142059087753
0.4276968091726303
0.3362884521484375
0.3286539241671562
0.371627114713192
0.3449073024094105
0.3805283159017563
0.36182986199855804
0.3245878368616104
0.31225237250328064
0.4267970472574234
0.3763398304581642
0.4081727936863899
0.3649572283029556
0.3454175740480423
0.369883980602026
0.3402289152145386
0.3641683831810951
0.3397253155708313
0.4601209759712219
0.31393589079380035
0.3203466907143593
0.4285310208797455
0.39238785952329636
0.31319358944892883
0.4503599777817726
0.3723388612270355
0.45072075724601746
0.3293735459446907
0.31061583012342453
0.42900097742676735
0.3142584376037121
0.49686647951602936
0.2786269374191761
0.3396119996905327
0.3548397310078144
0.29540904238820076
0.3225356340408325
0.3437943048775196
0.26195207238197327
0.33382824063301086
0.27909957617521286
0.22062261775135994
0.2616747245192528
0.35998332500457764
0.45091793686151505
0.35731521993875504
0.3386693745851517
0.2583547830581665
0.3353561609983444
0.32781408727169037
0.3911144360899925
0.33809420466423035
0.25437121093273163
0.3068094812333584
0.4173419177532196
0.3184090778231621
0.5013545900583267
0.38516657799482346
0.3106861226260662
0.3392122834920883
0.375160776078701
0.3208567053079605
0.379239484667778
0.2984476834535599
0.2735704481601715
0.3656816706061363
0.31420930102467537
0.43614330142736435
0.42904118448495865
0.3441536985337734
0.37057163566350937
0.2920832224190235
0.3417253792285919
0.3406546488404274
0.31307998672127724
0.30978092551231384
0.3039492405951023
0.31429192051291466
0.3600696250796318
0.2056060992181301
0.29474935680627823
0.2787928991019726
0.2632950507104397
0.34666429460048676
0.20247087255120277
0.29113801196217537
0.31683675199747086
0.28162627667188644
0.23363575711846352
0.4173528477549553
0.3055134266614914
0.27010009810328484
0.3787335306406021
0.25794946029782295
0.31447264179587364
0.3453061357140541
0.29121019691228867
0.2854338064789772
0.3092398941516876
0.3172791600227356
0.30366218090057373
0.31356487795710564
0.32390623167157173
0.2826234921813011
0.3016425296664238
0.25731757655739784
0.2790421321988106
0.28414326906204224
0.39662063121795654
0.38146713376045227
0.38773585110902786
0.24893885105848312
0.25130756571888924
0.2754758410155773
0.2892936170101166
0.322562750428915
0.3637908734381199
0.3675185590982437
0.31782105565071106
0.23419597372412682
0.2627914845943451
0.31308505684137344
0.3363739997148514
0.2712148427963257
0.3606807366013527
0.3009776696562767
0.2314480096101761
0.40907611697912216
0.34364403039216995
0.22192426770925522
0.2933279499411583
0.33848727494478226
0.289317362010479
0.3068248964846134
0.21612542495131493
0.33653589710593224
0.19957400485873222
0.3581640124320984
0.21423712372779846
0.23458571918308735
0.26945875585079193
0.1690817978233099
0.343068927526474
0.20845571532845497
0.271539106965065
0.331229604780674
0.2766575962305069
0.3005743883550167
0.2985333204269409
0.30768611282110214
0.34727593511343
0.23842556960880756
0.36264120787382126
0.29790227115154266
0.2982335351407528
0.3126724064350128
0.3259080797433853
0.26324881985783577
0.2794383727014065
0.28872325271368027
0.28620948642492294
0.311267975717783
0.28147806227207184
0.1761178057640791
0.19018694013357162
0.32704607397317886
0.3507986217737198
0.317100428044796
0.2586965672671795
0.28381719440221786
0.2863353807479143
0.2855864316225052
0.3252577632665634
0.25632328167557716
0.2131163775920868
0.3963382989168167
0.27797460183501244
0.2589118219912052
0.3498868867754936
0.24107814580202103
0.13363017700612545
0.27419114112854004
0.24974709376692772
0.3104725778102875
0.2100368421524763
0.2994984835386276
0.3143823742866516
0.27315280213952065
0.2818925902247429
0.29327792674303055
0.19470245391130447
0.3578292615711689
0.23275857418775558
0.2581411860883236
0.283979918807745
0.18985258042812347
0.23978501558303833
0.2811806872487068
0.22357431426644325
0.24954350292682648
0.28996603190898895
0.23414915427565575
0.3255496695637703
0.21234367787837982
0.30364142172038555
0.3332785964012146
0.27732887491583824
0.2839508056640625
0.27051106840372086
0.25393345206975937
0.18274447694420815
0.24102306738495827
0.3098595030605793
0.313079372048378
0.2378026470541954
0.27367645874619484
0.19192048534750938
0.3150017186999321
0.13357243686914444
0.21964958682656288
0.19459084793925285
0.30728304386138916
0.19407562352716923
0.2316635139286518
0.2275768294930458
0.30701033025979996
0.29959286376833916
0.29960373416543007
0.22680187597870827
0.2648428715765476
0.3156133368611336
0.18292218074202538
0.265508733689785
0.3620688319206238
0.1857447475194931
0.23041517660021782
0.24607931450009346
0.2425788938999176
0.34477396309375763
0.16676492244005203
0.232179906219244
0.3070751056075096
0.1592075526714325
0.1902826465666294
0.29005803167819977
0.22359272837638855
0.1960892304778099
0.3083973154425621
0.222958005964756
0.20936795696616173
0.29168957844376564
0.23268947005271912
0.2737255245447159
0.33922478556632996
0.1767619028687477
0.255043588578701
0.28202198073267937
0.2345195896923542
0.33971092849969864
0.2794402129948139
0.2834157831966877
0.20602703839540482
0.27132995426654816
0.25737567618489265
0.26616252958774567
0.29346244782209396
0.2322787307202816
0.23194588348269463
0.29522133618593216
0.20354453101754189
0.205401711165905
0.30651116743683815
0.18196140229701996
0.29240696132183075
0.26839895360171795
0.2940531000494957
0.23894285038113594
0.23387432098388672
0.2571963518857956
0.2122037038207054
0.17885736003518105
0.26925376430153847
0.27787912636995316
0.2017050888389349
0.29351184517145157
0.24789218977093697
0.29175563529133797
0.2333374246954918
0.2677674386650324
0.12360812723636627
0.2368052713572979
0.19513221830129623
0.27710919454693794
0.16604767180979252
0.2769012711942196
0.26216767728328705
0.23175740614533424
0.18668627552688122
0.18754170835018158
0.19513653963804245
0.20203328877687454
0.28275322914123535
0.193646727129817
0.20456292480230331
0.19196397252380848
0.22122214548289776
0.24385188147425652
0.2552887536585331
0.20817016810178757
0.219373919069767
0.17834656313061714
0.19435075297951698
0.2310001626610756
0.14777070470154285
0.2274317815899849
0.33795028924942017
0.14794817753136158
0.20451315864920616
0.1847214475274086
0.20244579017162323
0.1993029434233904
0.23323240503668785
0.3422873094677925
0.18506194278597832
0.19575494341552258
0.20994427800178528
0.17536280676722527
0.25418655201792717
0.19207317754626274
0.1882050521671772
0.2338348962366581
0.2364879697561264
0.18367166444659233
0.2092064432799816
0.2535823658108711
0.22651650570333004
0.20804164186120033
0.09803578816354275
0.21550024300813675
0.1733292005956173
0.17452232539653778
0.2018502652645111
0.11109291017055511
0.14308663830161095
0.17661846615374088
0.2346196584403515
0.18223731964826584
0.13732757233083248
0.1786467730998993
0.14490992203354836
0.19094697386026382
0.19865038990974426
0.20821909978985786
0.27603790163993835
0.19075877405703068
0.23035618290305138
0.13900423049926758
0.24353860691189766
0.1519270706921816
0.1459014881402254
0.15474770218133926
0.10881684441119432
0.19638489745557308
0.11517659574747086
0.13758515939116478
0.16046518087387085
0.24386519566178322
0.14388990961015224
0.10699917003512383
0.1561894416809082
0.1896308995783329
0.14235708862543106
0.1473980825394392
0.1807180168107152
0.1708586923778057
0.11637990921735764
0.15357834845781326
0.16487469151616096
0.12939525581896305
0.1414516270160675
0.16431648656725883
0.14153670705854893
0.16946356929838657
0.18365103751420975
0.13372112810611725
0.1609440641477704
0.1759995985776186
0.21337278746068478
0.14649196714162827
0.19720413908362389
0.14746341854333878
0.11976015195250511
0.19780640210956335
0.17613446712493896
0.2129745427519083
0.1535836886614561
0.16851485148072243
0.18462633714079857
0.17536889761686325
0.14385906979441643
0.12647605314850807
0.16477125324308872
0.14700238406658173
0.15000589191913605
0.18975221179425716
0.08810430578887463
0.2012697122991085
0.14554334711283445
0.13548248633742332
0.1406623162329197
0.2066979482769966
0.17380645871162415
0.18115898966789246
0.23634904250502586
0.1931731142103672
0.11756296828389168
0.13372055906802416
0.18046672269701958
0.13450207374989986
0.16022038459777832
0.15776949748396873
0.18188226409256458
0.12111681699752808
0.17118650674819946
0.16542360931634903
0.17879005521535873
0.1901544351130724
0.15293164551258087
0.15324721112847328
0.20670371875166893
0.23769262060523033
0.2439233735203743
0.1943422369658947
0.13815655186772346
0.179654648527503
0.18385495245456696
0.14826041739434004
0.17242992669343948
0.20029587671160698
0.16405782289803028
0.17645935900509357
0.1188113996759057
0.20672542601823807
0.13707410171627998
0.21612727269530296
0.1621702592819929
0.21547692641615868
0.16795417852699757
0.27302445098757744
0.2723076306283474
0.09489423967897892
0.18017077818512917
0.12457728944718838
0.17301756888628006
0.17513437010347843
0.17237021401524544
0.15846356563270092
0.22059495374560356
0.16469520330429077
0.18343337252736092
0.1957978643476963
0.13926150649785995
0.20871038734912872
0.210826076567173
0.17850042693316936
0.13880983088165522
0.16192502342164516
0.10444688610732555
0.1610775664448738
0.12816422432661057
0.22832083702087402
0.23560380935668945
0.14108780398964882
0.22105062380433083
0.13254986889660358
0.19664478302001953
0.144546614959836
0.16435554064810276
0.10387620516121387
0.19967994093894958
0.23150645941495895
0.19669648259878159
0.1506461314857006
0.11042850278317928
0.13793793320655823
0.1549510471522808
0.15065993182361126
0.177162766456604
0.13598618656396866
0.21878573670983315
0.2654774859547615
0.11063674837350845
0.2409573569893837
0.15746670961380005
0.13082259893417358
0.10343184880912304
0.1548416167497635
0.1122520212084055
0.21008635312318802
0.2830670028924942
0.166033074259758
0.19161985348910093
0.13713436014950275
0.15201173163950443
0.17696339264512062
0.28443456813693047
0.20314563252031803
0.14267761260271072
0.12297460995614529
0.16301463171839714
0.17315306700766087
0.21960509940981865
0.1776439044624567
0.3221250846982002
0.24334215559065342
0.18631896749138832
0.19531311467289925
0.1420028619468212
0.2160625047981739
0.2560199052095413
0.10239865444600582
0.17252412252128124
0.1254318170249462
0.20483927987515926
0.1756568495184183
0.2599469795823097
0.1799715794622898
0.14440011139959097
0.16363548673689365
0.1992822466418147
0.14491671323776245
0.2639125734567642
0.21579885482788086
0.1727292500436306
0.08958113845437765
0.17043531872332096
0.17363101802766323
0.18035329692065716
0.13802627101540565
0.12500112876296043
0.21842463687062263
0.20347015000879765
0.2089351750910282
0.15179762244224548
0.21671773493289948
0.23869996331632137
0.26454294845461845
0.13842573389410973
0.16091308183968067
0.18681525997817516
0.17342722974717617
0.1745187696069479
0.2483837567269802
0.19753746688365936
0.19709812849760056
0.24181047827005386
0.1679827831685543
0.21471842750906944
0.22284046560525894
0.1742295455187559
0.1167884860187769
0.12815000675618649
0.1254687961190939
0.2075979132205248
0.2304089181125164
0.18283389508724213
0.24236228689551353
0.2478948049247265
0.21073323488235474
0.2144086416810751
0.16991111915558577
0.16084275767207146
0.14510086923837662
0.27498945966362953
0.21371179819107056
0.29338959231972694
0.16514149866998196
0.28380338475108147
0.12822138145565987
0.24568551778793335
0.2007734403014183
0.2099769227206707
0.1726403757929802
0.10107358545064926
0.15367697924375534
0.1696149744093418
0.1764474008232355
0.1434103175997734
0.12024633586406708
0.08776743151247501
0.20341353490948677
0.1304174792021513
0.17970472760498524
0.1614752821624279
0.11687759589403868
0.14908163994550705
0.14097926020622253
0.18778242357075214
0.11264630686491728
0.11273129284381866
0.15755227580666542
0.14611165691167116
0.09507568273693323
0.09485355485230684
0.22801180183887482
0.17096440866589546
0.15576009824872017
0.12685611750930548
0.20291917026042938
0.20938844233751297
0.14087738376110792
0.1394529640674591
0.16110551357269287
0.30091844126582146
0.1298082321882248
0.1553334342315793
0.218002799898386
0.2612066548317671
0.18033745139837265
0.1741195283830166
0.12283672392368317
0.16537880711257458
0.17204161547124386
0.17656848579645157
0.07342162542045116
0.14164011925458908
0.17296618781983852
0.1706861201673746
0.1723507083952427
0.1043167570605874
0.09310927800834179
0.11512857116758823
0.11346737388521433
0.17714738473296165
0.12234642636030912
0.1175989480689168
0.17645065113902092
0.08713802509009838
0.10984380543231964
0.06332867406308651
0.15473460406064987
0.17740015871822834
0.08405641186982393
0.1256710384041071
0.2607645243406296
0.1790398322045803
0.18976764008402824
0.14524323865771294
0.24818499572575092
0.17289568297564983
0.15433589555323124
0.15001905150711536
0.21055639907717705
0.09926266316324472
0.08668205328285694
0.0618733623996377
0.17943554371595383
0.1287747723981738
0.18721585907042027
0.2024465836584568
0.10093210637569427
0.16522108018398285
0.1914746854454279
0.16120292991399765
0.2367151491343975
0.16554476041346788
0.1839963048696518
0.1390824569389224
0.10827263630926609
0.22386724967509508
0.15437360294163227
0.1585218422114849
0.13950673211365938
0.09331647958606482
0.15123068541288376
0.12495318986475468
0.2190142422914505
0.14710251986980438
0.09033521823585033
0.17223172262310982
0.08729615528136492
0.08401509467512369
0.19199295155704021
0.17057860363274813
0.1474444568157196
0.12558551505208015
0.14406944997608662
0.1263609454035759
0.1269555753096938
0.11499865259975195
0.09838354215025902
0.17362297885119915
0.09072819165885448
0.1709035336971283
0.17104355245828629
0.17126397881656885
0.18398298509418964
0.16260318830609322
0.2055203840136528
0.19863902777433395
0.24146563559770584
0.12181097548455
0.1950552985072136
0.16365941241383553
0.12893898971378803
0.13811752013862133
0.09421406779438257
0.14718124084174633
0.18688157945871353
0.2213711217045784
0.22266335971653461
0.12782150134444237
0.12503770552575588
0.11506637372076511
0.20571941509842873
0.12410679832100868
0.120693389326334
0.08818425331264734
0.09890744043514132
0.09306640177965164
0.16842179046943784
0.06472553592175245
0.15999985113739967
0.10830562468618155
0.08941563498228788
0.11546640656888485
0.1658040601760149
0.09566646069288254
0.1370636261999607
0.2006023759022355
0.11797065008431673
0.08421425428241491
0.10941383987665176
0.18632039055228233
0.07457317598164082
0.11938111670315266
0.13163302559405565
0.1554019544273615
0.12267368007451296
0.1540410267189145
0.13017481192946434
0.13948135916143656
0.13463343493640423
0.1913346005603671
0.20873762667179108
0.18087499774992466
0.05757779814302921
0.14093370363116264
0.12472726218402386
0.18949244543910027
0.08608868904411793
0.14388163946568966
0.1360951066017151
0.11661678366363049
0.11478956043720245
0.09883186873048544
0.15637311339378357
0.16623296402394772
0.13942598924040794
0.07603845652192831
0.153713240288198
0.22613157331943512
0.1245554480701685
0.07071700692176819
0.09252490010112524
0.12312221992760897
0.09798157773911953
0.12974566966295242
0.16863367334008217
0.08922609314322472
0.11600936576724052
0.15797248017042875
0.12299173325300217
0.11086818017065525
0.07234574481844902
0.12009160406887531
0.1416893843561411
0.07115294691175222
0.1755569837987423
0.13394485227763653
0.14415015373378992
0.1515801204368472
0.06424678210169077
0.19239970296621323
0.09418279398232698
0.12065893597900867
0.07470925338566303
0.11389385629445314
0.16478565335273743
0.10524313617497683
0.14986641891300678
0.050388216972351074
0.12449254002422094
0.13474309630692005
0.2139845322817564
0.11338633392006159
0.12286961730569601
0.1657252497971058
0.08162311976775527
0.06999089103192091
0.1976335644721985
0.09761830978095531
0.1678258180618286
0.10459153726696968
0.047518739476799965
0.13302032183855772
0.1771627739071846
0.0749957524240017
0.1508124964311719
0.11915615014731884
0.073342758230865
0.13437769003212452
0.08340868167579174
0.09098874405026436
0.20059475768357515
0.12394173070788383
0.0954902870580554
0.13988520158454776
0.09171721339225769
0.13349793292582035
0.11686675529927015
0.11131384409964085
0.1626298977062106
0.12118842266499996
0.09463552897796035
0.13482931721955538
0.1499510034918785
0.14054788183420897
0.06668532872572541
0.10303364414721727
0.14689352363348007
0.10796197224408388
0.04654466360807419
0.06283077970147133
0.1289336560294032
0.12271978426724672
0.1517742332071066
0.1423365529626608
0.14631806313991547
0.143024530261755
0.141876719892025
0.09401115495711565
0.10206848382949829
0.13698884658515453
0.04104010667651892
0.10723038390278816
0.13565453980118036
0.05258134286850691
0.11198916006833315
0.05282915569841862
0.1374940164387226
0.040699600242078304
0.07489362824708223
0.12739577889442444
0.12395400367677212
0.17041319608688354
0.13365171663463116
0.12606391590088606
0.14288061391562223
0.08395140711218119
0.16789927100762725
0.17206975165754557
0.16143305227160454
0.07022308092564344
0.2212364599108696
0.14047821564599872
0.1174157876521349
0.15230741444975138
0.12531644199043512
0.19554518908262253
0.18727586418390274
0.0323761273175478
0.09775488823652267
0.08759876294061542
0.08612626139074564
0.04130714852362871
0.1718310285359621
0.14873286057263613
0.17603159323334694
0.10851531010121107
0.07765026297420263
0.08338626334443688
0.24500038474798203
0.043136993888765574
0.06834873836487532
0.09937204839661717
0.10890139639377594
0.22981806099414825
0.08525591529905796
0.07980775414034724
0.11197714321315289
0.048450836911797523
0.12718917429447174
0.05213694367557764
0.09979707561433315
0.06992411660030484
0.10078616626560688
0.17783819511532784
0.16573955863714218
0.1413739025592804
0.03721870481967926
0.15443109907209873
0.06737223267555237
0.10703554190695286
0.1040416806936264
0.08707857597619295
0.09763753227889538
0.12703589908778667
0.11248705303296447
0.05721336416900158
0.11991343926638365
0.05722650792449713
0.07055055256932974
0.1606302047148347
0.1158676678314805
0.10656327940523624
0.1582691641524434
0.03824505675584078
0.06569917686283588
0.08018650580197573
0.13586909137666225
0.09475463442504406
0.15272142551839352
0.19847040995955467
0.16228634677827358
0.11864484660327435
0.09325184393674135
0.1214150171726942
0.09979153797030449
0.08952812943607569
0.0614473819732666
0.12644561287015676
0.0697042141109705
0.13830479234457016
0.18845463916659355
0.12388730607926846
0.1411944478750229
0.10245480202138424
0.07851402461528778
0.12696699425578117
0.09692420205101371
0.10648037493228912
0.05204882938414812
0.06993673322722316
0.09142418531700969
0.06195104867219925
0.11836463585495949
0.09945095237344503
0.1561195757240057
0.18481620028614998
0.08435312379151583
0.12077364884316921
0.13036909885704517
0.08120225183665752
0.05498970113694668
0.09204384405165911
0.07759881298989058
0.12024359498172998
0.0665403944440186
0.15969914942979813
0.059971206821501255
0.15307266358286142
0.08067497983574867
0.12790227215737104
0.062378575559705496
0.10691293654963374
0.10212498251348734
0.06315392395481467
0.09103929344564676
0.1645932663232088
0.057931064162403345
0.037088155280798674
0.03141495957970619
0.13899188907817006
0.13070825207978487
0.10843945015221834
0.10692437086254358
0.045115018263459206
0.13187274057418108
0.07932892721146345
0.1443466767668724
0.08328226022422314
0.12484179809689522
0.13428632216528058
0.14964892249554396
0.09896877314895391
0.07382863573729992
0.05621238052845001
0.11827267147600651
0.06005849735811353
0.08028858434408903
0.09327978268265724
0.05158041836693883
0.04757370427250862
0.05578235536813736
0.08222826011478901
0.11436918005347252
0.1346300607547164
0.07952453987672925
0.08330731466412544
0.06951949372887611
0.103378776460886
0.07314915582537651
0.14236026583239436
0.04638833552598953
0.10209857858717442
0.09568931255489588
0.06888559274375439
0.15926834009587765
0.09208228951320052
0.1373884566128254
0.09031790867447853
0.0814880570396781
0.04801286198198795
0.02552173938602209
0.1288855792954564
0.17518631368875504
0.10037598572671413
0.09486959222704172
0.07352781388908625
0.03561457712203264
0.06900126300752163
0.14227769151329994
0.09903410542756319
0.12086709588766098
0.10286387801170349
0.0932949697598815
0.09856981318444014
0.12434034701436758
0.09655052237212658
0.06365149561315775
0.046393916476517916
0.06614733207970858
0.07079544570297003
0.09964703395962715
0.08956246823072433
0.08776809554547071
0.10079614445567131
0.08975382149219513
0.09819789230823517
0.09629315882921219
0.0897714663296938
0.10761186853051186
0.0628941897302866
0.09340552985668182
0.13723777513951063
0.15541599690914154
0.1312551610171795
0.14589175581932068
0.12671531457453966
0.09745270013809204
0.07093872502446175
0.07523280568420887
0.08708198182284832
0.13331957161426544
0.05859975144267082
0.14186944719403982
0.10316677112132311
0.13986114878207445
0.05107109993696213
0.07439203187823296
0.12137158960103989
0.10490018874406815
0.05407820921391249
0.17483299784362316
0.10269711539149284
0.13374832645058632
0.12905302736908197
0.1568702794611454
0.08905956335365772
0.046325573697686195
0.0892772669903934
0.06560631282627583
0.0535337058827281
0.11151157133281231
0.08133856067433953
0.12503455951809883
0.10853510163724422
0.09132814593613148
0.07274225726723671
0.1544349044561386
0.08307156804949045
0.07442194828763604
0.09828482940793037
0.09176359605044127
0.07813439797610044
0.08287317119538784
0.1008229493163526
0.10938035510480404
0.08902811910957098
0.05809503048658371
0.13828250020742416
0.11280511692166328
0.06528651434928179
0.10034860484302044
0.07803396135568619
0.09522491414099932
0.10102008655667305
0.11953750438988209
0.11966029182076454
0.11902213841676712
0.05720187723636627
0.05982286902144551
0.06368648912757635
0.07539484277367592
0.08832898922264576
0.053209129255265
0.049603684805333614
0.09507405571639538
0.053010089322924614
0.10301448311656713
0.03347678016871214
0.07085278816521168
0.0391176650300622
0.06624089181423187
0.04933405155315995
0.08731177821755409
0.10185515601187944
0.05253111012279987
0.10183447506278753
0.11318975687026978
0.06970928329974413
0.055920323356986046
0.10516577586531639
0.08147651050239801
0.1074308380484581
0.09529744554311037
0.098280755802989
0.039927730802446604
0.037868421990424395
0.09672790067270398
0.1620489782653749
0.1398286558687687
0.06731050834059715
0.04122227802872658
0.07525970879942179
0.08128175791352987
0.026961566414684057
0.0647431081160903
0.0734806265681982
0.09599460009485483
0.0767573295161128
0.14358417643234134
0.050637081265449524
0.07484127394855022
0.14985369704663754
0.045643074437975883
0.08266881667077541
0.08007577527314425
0.0788959227502346
0.09095028229057789
0.07913626823574305
0.0610602917149663
0.08341904915869236
0.11660348996520042
0.1498272940516472
0.05654360447078943
0.0586778256110847
0.05785178253427148
0.10782060911878943
0.05406869389116764
0.07651572301983833
0.09599066339433193
0.04168992210179567
0.07815429009497166
0.06967557454481721
0.10664161015301943
0.05446420144289732
0.057115057948976755
0.08418226707726717
0.06780390348285437
0.1041754768230021
0.049570206087082624
0.0730726602487266
0.060186886228621006
0.09786529932171106
0.0797570776194334
0.05562011618167162
0.1408644188195467
0.10099820233881474
0.08527236897498369
0.03345052199438214
0.09787607192993164
0.15896987169981003
0.06280771410092711
0.14390323497354984
0.098516084253788
0.07776700519025326
0.09989137947559357
0.08164527826011181
0.1106380820274353
0.037674476858228445
0.1397578688338399
0.07442193431779742
0.05689588654786348
0.10874400474131107
0.11385286040604115
0.08761599799618125
0.1031905896961689
0.0645707561634481
0.06449873838573694
0.07824256829917431
0.09675558097660542
0.11550608463585377
0.09141184575855732
0.15716775692999363
0.1079610176384449
0.12069251295179129
0.10519829438999295
0.09482650458812714
0.13303167745471
0.10835935547947884
0.105393978767097
0.06880127266049385
0.09331185044720769
0.14551643561571836
0.11775774508714676
0.05808618478477001
0.08379804715514183
0.0917534688487649
0.08276106510311365
0.057303286623209715
0.08710621297359467
0.04168767295777798
0.08585545420646667
0.12984080612659454
0.10980041325092316
0.08347215782850981
0.07298685144633055
0.03975047077983618
0.10355345252901316
0.09644966013729572
0.06855125771835446
0.08037925884127617
0.11252707429230213
0.09890339430421591
0.0992041528224945
0.10397366061806679
0.11640177015215158
0.08305891696363688
0.06192341726273298
0.11385719757527113
0.10622580535709858
0.05564247351139784
0.05775041365996003
0.06630084244534373
0.16075391694903374
0.08734919875860214
0.0763299479149282
0.06780662760138512
0.06482292991131544
0.1169761624187231
0.14805340394377708
0.11786027252674103
0.08701313519850373
0.087658675853163
0.09829174028709531
0.10761149972677231
0.10632659774273634
0.05244084261357784
0.12061896733939648
0.07756390701979399
0.056713856756687164
0.10605370532721281
0.1082104230299592
0.05543422978371382
0.07989690965041518
0.08141202619299293
0.07143352506682277
0.080895877443254
0.04614862147718668
0.08609762601554394
0.10064956964924932
0.13365943636745214
0.08324729092419147
0.07247316930443048
0.07160209631547332
0.09897706611081958
0.0793959591537714
0.11708876397460699
0.06332430709153414
0.09526422619819641
0.14871672540903091
0.08565001375973225
0.11254131887108088
0.08916941471397877
0.113812449388206
0.08754526125267148
0.07676099147647619
0.09467866271734238
0.07326787523925304
0.06756431423127651
0.06016743462532759
0.0908478470519185
0.08998343721032143
0.10786782205104828
0.08871906856074929
0.07052990421652794
0.07162669114768505
0.06168724875897169
0.05372115224599838
0.08845058269798756
0.04827662417665124
0.11333833262324333
0.08551509119570255
0.07331331120803952
0.09811669588088989
0.0844461815431714
0.08809803938493133
0.06396942120045424
0.1052133608609438
0.050220854580402374
0.04889032989740372
0.04370619589462876
0.0538967396132648
0.08554946957156062
0.1460572239011526
0.07882306771352887
0.11079332418739796
0.08341301325708628
0.0532193910330534
0.03836349816992879
0.08108907006680965
0.0729846740141511
0.12020398117601871
0.051852225326001644
0.07276855036616325
0.10947028733789921
0.06096076127141714
0.09229372255504131
0.10087366169318557
0.1443713679909706
0.1072270255535841
0.06932815304026008
0.054750144481658936
0.06652252469211817
0.11862574890255928
0.10980027355253696
0.11787158437073231
0.10061277635395527
0.09117650985717773
0.08936255238950253
0.08571149408817291
0.05920182168483734
0.10673848912119865
0.09163953550159931
0.07328007835894823
0.11170190013945103
0.08541319984942675
0.07262570038437843
0.09761071763932705
0.13555997237563133
0.13221961352974176
0.12542585749179125
0.13896376080811024
0.04578747693449259
0.13036350719630718
0.039646515622735023
0.06854232773184776
0.08787810802459717
0.03941606683656573
0.0664798952639103
0.08469449263066053
0.050789205357432365
0.09119323827326298
0.03156605223193765
0.07004530355334282
0.09582045208662748
0.1090229582041502
0.06678932951763272
0.08234376925975084
0.14582409709692
0.07481547258794308
0.08087230334058404
0.07943931873887777
0.031160562299191952
0.07726369332522154
0.11762418039143085
0.1427461113780737
0.06359489820897579
0.06942003685981035
0.0863411407917738
0.1312615554779768
0.09296272788196802
0.03462448064237833
0.05444480711594224
0.07306635938584805
0.04188307374715805
0.11059901025146246
0.05146890040487051
0.07809238228946924
0.10200975462794304
0.11457628011703491
0.05375943472608924
0.041945286095142365
0.06223123800009489
0.041341392789036036
0.06415025098249316
0.06071534473448992
0.08921878226101398
0.08765720762312412
0.10623662592843175
0.09298147074878216
0.06877241469919682
0.05349565530195832
0.03987350221723318
0.04148704698309302
0.07165351463481784
0.04619422694668174
0.08488097973167896
0.050649245735257864
0.0770188057795167
0.07189581263810396
0.04093094449490309
0.07125501381233335
0.04554577637463808
0.07371298596262932
0.09335789643228054
0.05519018555060029
0.03249703859910369
0.04074925696477294
0.04799632262438536
0.05901466775685549
0.029139605816453695
0.03261925373226404
0.059702614322304726
0.04757222905755043
0.07419681921601295
0.06295028096064925
0.04190105199813843
0.10532639175653458
0.050815445370972157
0.06413370370864868
0.05254929233342409
0.03912929445505142
0.05199279868975282
0.04820563085377216
0.055865160189568996
0.025320718996226788
0.0449382602237165
0.04447038425132632
0.03248569369316101
0.04946332052350044
0.04130704700946808
0.05861925473436713
0.08897676132619381
0.07311753928661346
0.05191777367144823
0.040240577422082424
0.04750747140496969
0.03776962123811245
0.06920956820249557
0.028954757377505302
0.03345086798071861
0.0669759064912796
0.06170489452779293
0.04168128129094839
0.06220659241080284
0.045072742737829685
0.06367581523954868
0.08781891129910946
0.04613928450271487
0.0600819019600749
0.057479687966406345
0.03655321849510074
0.0523209311068058
0.038836263585835695
0.023636157624423504
0.04253064841032028
0.039538347627967596
0.06765524204820395
0.028240190353244543
0.04826314561069012
0.06985948979854584
0.055196717381477356
0.02991244988515973
0.03458407195284963
0.03545775869861245
0.05854310095310211
0.04186607804149389
0.03792357724159956
0.031315782107412815
0.018092856276780367
0.04233315773308277
0.042286780662834644
0.05587822338566184
0.03454583557322621
0.06095881015062332
0.04221790190786123
0.06476986594498158
0.052575319074094296
0.044677556958049536
0.05523890443146229
0.04135956009849906
0.04108723159879446
0.04744532844051719
0.04426341550424695
0.04824259039014578
0.04542191931977868
0.04896092414855957
0.04398804623633623
0.054490841925144196
0.055035911966115236
0.05132994055747986
0.029161201789975166
0.060246479231864214
0.04176095686852932
0.0596794169396162
0.0318624135106802
0.030841455794870853
0.04655005224049091
0.03146699350327253
0.03899923246353865
0.05380630446597934
0.024619249626994133
0.04704494681209326
0.04812878277152777
0.05057907570153475
0.04323277994990349
0.05675931181758642
0.04644313082098961
0.07152751926332712
0.030221310444176197
0.05366419814527035
0.0298191849142313
0.06529440032318234
0.05267761554569006
0.03886940237134695
0.04171694861724973
0.06926877051591873
0.07068479061126709
0.05318674445152283
0.06218098336830735
0.06194716691970825
0.11182177066802979
0.05739225307479501
0.05868326732888818
0.06072837486863136
0.052495662588626146
0.07234297413378954
0.034910356625914574
0.06681684404611588
0.05084329657256603
0.05608788039535284
0.055455227848142385
0.04701066808775067
0.0520683228969574
0.05575539078563452
0.05581124173477292
0.04598510079085827
0.06205096002668142
0.07996102701872587
0.05968505423516035
0.05545344948768616
0.029232650063931942
0.06461241142824292
0.06177457049489021
0.046544409822672606
0.08190548652783036
0.06027645384892821
0.06983798509463668
0.08263636473566294
0.08392157312482595
0.04557294677942991
0.0679044178687036
0.0766369579359889
0.06933109555393457
0.09632410109043121
0.061127014458179474
0.1472022756934166
0.10706222988665104
0.0660172002390027
0.07544148806482553
0.06348450039513409
0.05734245199710131
0.07680684421211481
0.024924708530306816
0.15416269563138485
0.10589144751429558
0.04391090106219053
0.03947958396747708
0.03283054055646062
0.13290352188050747
0.0641467934474349
0.05008713901042938
0.05618557566776872
0.07713336870074272
0.040695518255233765
0.0880070785060525
0.051063941325992346
0.0686237420886755
0.049604625441133976
0.06271283701062202
0.09719856269657612
0.04646562831476331
0.05461241467855871
0.08880395721644163
0.07989037223160267
0.09534858586266637
0.05386178195476532
0.080431436188519
0.1121014654636383
0.10585652431473136
0.10897610429674387
0.16170286387205124
0.08782711671665311
0.07552686566486955
0.11817497666925192
0.08458006381988525
0.15476089995354414
0.10491320863366127
0.11617972981184721
0.051613309886306524
0.037842519115656614
0.04590444127097726
0.10925905918702483
0.12916903756558895
0.11370157077908516
0.07125006848946214
0.04788626031950116
0.16430207714438438
0.07969598099589348
0.12166370823979378
0.07611306942999363
0.14230555528774858
0.06681967247277498
0.1598274502903223
0.14602532517164946
0.09969435026869178
0.035285456106066704
0.13072845293208957
0.13228986971080303
0.09062010981142521
0.12519078003242612
0.09595616720616817
0.08739249175414443
0.09077391913160682
0.11533874459564686
0.04759528674185276
0.07906695641577244
0.057316293474286795
0.07704955898225307
0.11673121713101864
0.0738257123157382
0.05809945287182927
0.18764960579574108
0.09893055632710457
0.09305882267653942
0.1321957828477025
0.09354060934856534
0.06139927916228771
0.11697359848767519
0.06708117527887225
0.06270719598978758
0.1264219442382455
0.12200865335762501
0.0891984929330647
0.11138478806242347
0.09360372647643089
0.08216469129547477
0.08769442746415734
0.07849258184432983
0.10536052659153938
0.07670371048152447
0.11526501458138227
0.06679379264824092
0.08193096611648798
0.059645954985171556
0.11671521328389645
0.07250088918954134
0.10809303214773536
0.06793727539479733
0.07783688232302666
0.1146064680069685
0.11087818443775177
0.08631465118378401
0.10929501615464687
0.0933126718737185
0.1932713845744729
0.13886598125100136
0.0721820117905736
0.15276556182652712
0.07640399690717459
0.10250529460608959
0.052539137192070484
0.12224804796278477
0.13307868596166372
0.14404932036995888
0.08707949472591281
0.09705264074727893
0.13029526267200708
0.08057810598984361
0.08271485613659024
0.10122920805588365
0.1330427099019289
0.07219798397272825
0.10341076832264662
0.15133481472730637
0.029189726570621133
0.04763984400779009
0.09720033220946789
0.14798611355945468
0.06014652643352747
0.08601051243022084
0.11888618767261505
0.17072981223464012
0.14430700056254864
0.14200628455728292
0.11700302548706532
0.11406476143747568
0.10642217192798853
0.06805388536304235
0.11337148398160934
0.08451259043067694
0.16690456960350275
0.06638075644150376
0.09114096313714981
0.037567414343357086
0.06032964447513223
0.09812694415450096
0.08799189515411854
0.08695147419348359
0.10239113168790936
0.06210359022952616
0.08001602301374078
0.10902060102671385
0.10594658739864826
0.10064865462481976
0.1076447507366538
0.10740948934108019
0.025713313836604357
0.037117225117981434
0.030873795971274376
0.0383307384327054
0.0843948214314878
0.04420097405090928
0.13660514540970325
0.06636163499206305
0.05334817571565509
0.06580201722681522
0.12369424849748611
0.07548455148935318
0.10033716261386871
0.10381517466157675
0.05596036650240421
0.10100380145013332
0.07969121169298887
0.05066557601094246
0.1155879320576787
0.12755155749619007
0.10532100778073072
0.12691564299166203
0.07079738681204617
0.042692030780017376
0.018617229536175728
0.10863130539655685
0.0413407888263464
0.11744278995320201
0.1723574404604733
0.05883660260587931
0.07644715812057257
0.08279705513268709
0.120225312653929
0.09724829252809286
0.10012411652132869
0.13077616691589355
0.11968887783586979
0.08709742547944188
0.11375936679542065
0.07790376665070653
0.07830063719302416
0.08903717389330268
0.07016114704310894
0.07678428012877703
0.10975901409983635
0.07403785549104214
0.08815404959022999
0.13671908993273973
0.11666283383965492
0.05345117021352053
0.07860791310667992
0.1416333019733429
0.12341872975230217
0.10890731401741505
0.1317366622388363
0.11769669130444527
0.09593703364953399
0.08635206334292889
0.06930299010127783
0.127288319170475
0.0746524902060628
0.11496484465897083
0.19627274759113789
0.09972654888406396
0.1582160647958517
0.09710152121260762
0.08411351684480906
0.07239910773932934
0.13773857336491346
0.08571090083569288
0.15383892506361008
0.08291439432650805
0.10288227582350373
0.1385635044425726
0.061497502494603395
0.10980767477303743
0.07497471407987177
0.09756510145962238
0.06554392445832491
0.08560540084727108
0.13941279985010624
0.06239941343665123
0.07444576267153025
0.10145013872534037
0.08138915058225393
0.08838829211890697
0.05583804566413164
0.09595034644007683
0.09264989756047726
0.20854578539729118
0.10342621617019176
0.12936910800635815
0.10371970012784004
0.05283894669264555
0.05744986142963171
0.14667010307312012
0.09730120375752449
0.08049950795248151
0.10390298953279853
0.09082198143005371
0.06714822258800268
0.13453598134219646
0.17759915068745613
0.09417839720845222
0.08705083094537258
0.08930219663307071
0.06255916086956859
0.08743987139314413
0.04785704636014998
0.07887249533087015
0.05338250659406185
0.09307080740109086
0.05075290100648999
0.12600050121545792
0.14872289448976517
0.05077816965058446
0.10176786035299301
0.11711030174046755
0.06628673803061247
0.09065632615238428
0.1265557291917503
0.1064283661544323
0.05693399393931031
0.0748169282451272
0.08792102336883545
0.0797608969733119
0.10143026849254966
0.0664505553431809
0.05460810102522373
0.09770218376070261
0.1248284075409174
0.10215848218649626
0.03385598352178931
0.10489425621926785
0.1369711048901081
0.027380638755857944
0.06548123247921467
0.07208619313314557
0.07534050475805998
0.07948912680149078
0.12896212842315435
0.10264455899596214
0.06275760382413864
0.09108330868184566
0.0681668110191822
0.08194229379296303
0.036495866253972054
0.09644089173525572
0.11583311669528484
0.07957425341010094
0.14510022662580013
0.049702756106853485
0.1449040975421667
0.057599026709795
0.03748366888612509
0.0768669187091291
0.08086751028895378
0.06561330845579505
0.11936551798135042
0.07483302243053913
0.08317767921835184
0.09795070253312588
0.08043976593762636
0.07281371206045151
0.09416380617767572
0.07063453644514084
0.104008708614856
0.09905670862644911
0.047536719124764204
0.060387891717255116
0.1559023018926382
0.09285421296954155
0.061752067878842354
0.12221908755600452
0.12706924602389336
0.10644204542040825
0.11636787373572588
0.09216877771541476
0.057999469339847565
0.14740514568984509
0.12386053241789341
0.11160190124064684
0.13702211156487465
0.051653264090418816
0.11223039031028748
0.06677346769720316
0.06778610777109861
0.09090674621984363
0.09449980407953262
0.1067346828058362
0.12628143839538097
0.04889154387637973
0.04847703129053116
0.04227187763899565
0.07032261975109577
0.061069246381521225
0.06146668642759323
0.07917978428304195
0.08242152770981193
0.15140867978334427
0.0528500247746706
0.11783861555159092
0.08552425540983677
0.07061645295470953
0.08554046601057053
0.0742425499483943
0.04930968303233385
0.15854646638035774
0.10953308269381523
0.07897492032498121
0.09041007421910763
0.17952587828040123
0.07701865723356605
0.11915050260722637
0.06521714106202126
0.11217856174334884
0.15990287996828556
0.13563782535493374
0.12560373544692993
0.1823167037218809
0.08923494908958673
0.09877266455441713
0.05914777657017112
0.06730035971850157
0.1355268293991685
0.05452173948287964
0.15033329650759697
0.09610090218484402
0.08145818579941988
0.14910498913377523
0.1250801384449005
0.1644889973104
0.14658307656645775
0.07685902435332537
0.11751667503267527
0.10724778473377228
0.20260504819452763
0.04611198976635933
0.09414428751915693
0.05353771988302469
0.09535891329869628
0.06351936468854547
0.1453065648674965
0.14655390102416277
0.13202383182942867
0.16320031695067883
0.09631519485265017
0.0669451761059463
0.17463999427855015
0.09589054249227047
0.10654675029218197
0.11626399215310812
0.06579763162881136
0.06169333402067423
0.10697855986654758
0.09098777640610933
0.12334439810365438
0.06511370837688446
0.1065501244738698
0.15629512071609497
0.1357986144721508
0.08402657881379128
0.07266592839732766
0.06855209544301033
0.10141187906265259
0.04819871811196208
0.13395066559314728
0.11394446529448032
0.18796413019299507
0.17946753278374672
0.11926556564867496
0.12820537853986025
0.16875422932207584
0.09014176018536091
0.12340830825269222
0.0860450235195458
0.1069464422762394
0.1397860897704959
0.06069718673825264
0.11847152467817068
0.13001164235174656
0.1942148394882679
0.10588593408465385
0.1460094777867198
0.11312871985137463
0.11183688975870609
0.18628741800785065
0.08228877559304237
0.21197988837957382
0.14009031746536493
0.15915354900062084
0.11684050224721432
0.14344866387546062
0.12434235773980618
0.09851708821952343
0.1359324250370264
0.14757282845675945
0.13270500302314758
0.13381703849881887
0.06595182418823242
0.10713443253189325
0.0746191618964076
0.1061271820217371
0.1676119603216648
0.1429625628516078
0.10748124867677689
0.21467639598995447
0.11415316350758076
0.13240350782871246
0.07300070114433765
0.09766871016472578
0.09340796526521444
0.06652673427015543
0.17947005294263363
0.160427357070148
0.1584095498546958
0.1637727813795209
0.19225741922855377
0.11571051552891731
0.0519048566929996
0.12381540890783072
0.29581617563962936
0.21000835113227367
0.15006639435887337
0.18569073639810085
0.14150817040354013
0.19505370035767555
0.11048153787851334
0.2548911180347204
0.11015054117888212
0.1426453534513712
0.13019064627587795
0.17669256031513214
0.12229788769036531
0.05200463393703103
0.1662489166483283
0.05283169820904732
0.13390623684972525
0.0706931371241808
0.1270904578268528
0.13524135667830706
0.11493271496146917
0.1699524149298668
0.12368064932525158
0.11223886720836163
0.058316199108958244
0.12099122814834118
0.08736194297671318
0.12008274719119072
0.15417488291859627
0.15549627877771854
0.11464279191568494
0.07342171482741833
0.08622971270233393
0.0925237750634551
0.20783396065235138
0.09246281627565622
0.09552760981023312
0.09579186886548996
0.16868282295763493
0.1282017771154642
0.13968680333346128
0.08676712680608034
0.1549699641764164
0.12248769402503967
0.08972448483109474
0.03487347159534693
0.15410391986370087
0.15356053039431572
0.0756740877404809
0.11213659308850765
0.08784265629947186
0.13487735204398632
0.07719123968854547
0.14573202934116125
0.08551935898140073
0.11183503177016973
0.14211558550596237
0.0953729348257184
0.09423711150884628
0.10928977560251951
0.11105983331799507
0.15360542200505733
0.12919343635439873
0.1860741265118122
0.08460661256685853
0.04237837437540293
0.08348200982436538
0.11310449708253145
0.09759913384914398
0.113107705488801
0.08245374262332916
0.08321220520883799
0.09012271091341972
0.1014366908930242
0.0962135586887598
0.09811551682651043
0.1599456313997507
0.15507306437939405
0.051815006881952286
0.07636482268571854
0.07744924537837505
0.09717236459255219
0.04602849995717406
0.07514084596186876
0.07683211099356413
0.14092018129304051
0.10969483479857445
0.17129485681653023
0.08936536777764559
0.1074590552598238
0.08296044450253248
0.03655833378434181
0.07124673575162888
0.037817609030753374
0.16271760687232018
0.05740016791969538
0.044626046903431416
0.06809214502573013
0.0934486947953701
0.08896477334201336
0.14690369460731745
0.04407834354788065
0.12545927986502647
0.06654977425932884
0.04873431194573641
0.19351107440888882
0.10336934868246317
0.06663068663328886
0.05095712561160326
0.08693959005177021
0.056332943961024284
0.06659392453730106
0.11138888215646148
0.10404601972550154
0.11466507706791162
0.08975478541105986
0.1328045236878097
0.10880653187632561
0.10913333296775818
0.08809316251426935
0.06798687763512135
0.1753871850669384
0.050919775385409594
0.07668910501524806
0.12017473392188549
0.06758428597822785
0.08368509821593761
0.10588395688682795
0.09782204730436206
0.05091194994747639
0.10079771839082241
0.06942928675562143
0.05670702550560236
0.1050958726555109
0.05115550756454468
0.15382866095751524
0.13584251701831818
0.06791351921856403
0.041190664283931255
0.1305059678852558
0.08111352613195777
0.06417504232376814
0.12311421055346727
0.04762876406311989
0.10948160290718079
0.1489928150549531
0.13749956712126732
0.09942094353027642
0.07116453908383846
0.10420458950102329
0.09022044343873858
0.11283770948648453
0.04702835297212005
0.06572139449417591
0.16242827102541924
0.08122734539210796
0.0723552331328392
0.07491638418287039
0.05662722419947386
0.10845332406461239
0.04789906041696668
0.0955509771592915
0.06492381915450096
0.07959774835035205
0.058555542724207044
0.08160820789635181
0.11266256216913462
0.10141017846763134
0.035335687920451164
0.17303591780364513
0.0744130527600646
0.08360207686200738
0.11190243251621723
0.0406816266477108
0.08987636584788561
0.039951703045517206
0.12764393584802747
0.03944642748683691
0.14437402039766312
0.04249413311481476
0.15716617740690708
0.03343858290463686
0.1308926623314619
0.058730138931423426
0.13797840755432844
0.1007140320725739
0.10059985937550664
0.07706129737198353
0.08527859207242727
0.07118516508489847
0.07598781259730458
0.09792009741067886
0.09600098989903927
0.091800756752491
0.16162144765257835
0.09281821921467781
0.04172782227396965
0.07618695544078946
0.038158351788297296
0.09537690784782171
0.07727231224998832
0.12474773079156876
0.08219775417819619
0.07002397999167442
0.05705881351605058
0.060664594639092684
0.10138132097199559
0.08119462616741657
0.05181250814348459
0.12240009941160679
0.06140397395938635
0.04288629908114672
0.06394322589039803
0.07403588108718395
0.09228576440364122
0.05163908330723643
0.11580194532871246
0.03832857683300972
0.13810908235609531
0.03496365388855338
0.06992309028282762
0.0672486200928688
0.14590637758374214
0.06497158482670784
0.10801198147237301
0.0689673712477088
0.07665476202964783
0.06408698577433825
0.10026700934395194
0.05503121763467789
0.0719244796782732
0.0664184051565826
0.061885371804237366
0.06793536245822906
0.04337189486250281
0.07237409707158804
0.15293969213962555
0.033868599217385054
0.03924020612612367
0.07390431128442287
0.059077042154967785
0.03151481505483389
0.1099250647239387
0.13570446148514748
0.09572806907817721
0.12462899554520845
0.02239145990461111
0.17522223945707083
0.14188642799854279
0.06366630038246512
0.12184554943814874
0.0446807355619967
0.05034904554486275
0.11689212545752525
0.025201833341270685
0.033685870468616486
0.11490298435091972
0.08781438646838069
0.08126017171889544
0.0756996413692832
0.06973472982645035
0.058667494216933846
0.10138676594942808
0.05095485923811793
0.09894962515681982
0.06769821932539344
0.04512509214691818
0.0986965587362647
0.15037816762924194
0.06892377324402332
0.09742648527026176
0.08265827130526304
0.10699837654829025
0.08577410085126758
0.03986487304791808
0.06470841448754072
0.13439741590991616
0.08801573934033513
0.035677827429026365
0.04773329617455602
0.058487426955252886
0.060554913710802794
0.10688766930252314
0.060818784637376666
0.05568851809948683
0.05367455072700977
0.07564261928200722
0.057883906876668334
0.022384739015251398
0.10405246168375015
0.0516364467330277
0.06473165284842253
0.08481468074023724
0.13389916066080332
0.09349790029227734
0.08176325494423509
0.10889560612849891
0.08730059489607811
0.05392774846404791
0.06699327006936073
0.07211399730294943
0.09239873010665178
0.11642063781619072
0.11918053496629
0.03382660076022148
0.061887528747320175
0.048152715200558305
0.06484270561486483
0.10534701170399785
0.07883260794915259
0.13755981135182083
0.05164787080138922
0.12369648739695549
0.06585397431626916
0.025299467146396637
0.06841421173885465
0.06753072189167142
0.0844489554874599
0.021581466309726238
0.057069997768849134
0.065753941424191
0.07493355544283986
0.10955375712364912
0.08570957835763693
0.0602246206253767
0.08563301409594715
0.05563588906079531
0.050614514853805304
0.09604873321950436
0.06638857303187251
0.057042401283979416
0.1147154844366014
0.08802359644323587
0.125314568169415
0.04493442038074136
0.08386866096407175
0.04584918776527047
0.0786952544003725
0.07975136954337358
0.07801091112196445
0.047914909198880196
0.07751464191824198
0.024312587920576334
0.08641891553997993
0.05927931750193238
0.04425352159887552
0.04533762438222766
0.022816247306764126
0.06073393300175667
0.1158943772315979
0.07929327758029103
0.046297852881252766
0.05143869947642088
0.09636875614523888
0.06335644982755184
0.08570381300523877
0.07539564650505781
0.12167859775945544
0.06354465312324464
0.09679341781884432
0.0404254593886435
0.028358348179608583
0.017099851742386818
0.10950432484969497
0.06262888829223812
0.061583137139678
0.08464745571836829
0.1534075103700161
0.08727062167599797
0.05502504110336304
0.0713728740811348
0.07543432293459773
0.0459708315320313
0.06447017891332507
0.1506702834740281
0.03444738406687975
0.051620676182210445
0.07307948917150497
0.06277777720242739
0.02870496455579996
0.0604452327825129
0.05515385698527098
0.058278623735532165
0.025048489682376385
0.07936819735914469
0.03493211464956403
0.033229915890842676
0.06230135774239898
0.080206832382828
