0
0
28529
19346
23695
20800
20276
20131
25196
18976
17773
22254
24904
17879
20062
19952
20158
22890
19093
17918
18503
18924
18192
20197
18707
19780
14958
24022
20633
16905
20344
19200
18249
24484
98593
38347
22227
23849
25883
23833
17030
21090
20884
25226
22522
18725
19530
25205
19899
22057
20634
18603
24903
22943
22820
18179
27682
29154
22135
23610
23386
20347
22487
19954
18183
20445
23159
23818
21142
28358
98695
36516
13744
14994
18044
20382
17756
18271
18485
18452
18134
18624
17946
16792
21234
22614
18974
17056
17251
19994
15975
20389
20451
17841
20806
19798
19699
19931
21497
21587
20166
18532
18342
18362
22617
27901
98764
38731
28115
22946
24960
23254
30101
23306
27811
25310
23907
22229
22151
24464
25001
24701
27862
23003
18547
24901
24471
34513
25276
27808
30662
25679
25924
26805
26407
27965
24552
28625
28072
29487
22873
33360
98896
46736
27666
25572
29501
23157
22171
28494
32319
29784
22932
24430
29844
27231
28753
31152
24400
27961
25184
27245
26592
34339
24841
32746
29528
25181
27628
23582
26215
26135
27347
35864
35668
34337
33277
31005
98982
53133
33496
34567
35638
36240
33663
35527
35098
34260
40497
38897
37474
35057
33043
34950
38493
39851
35357
31353
36932
35647
36812
34026
41983
38495
42265
41047
36906
43991
39329
39677
38785
35197
41145
43035
99103
56908
40252
36534
41723
39959
35315
37352
34370
38184
44588
38701
41551
44472
42861
40611
38589
38492
41119
39710
39856
38374
41992
40725
39829
40684
39990
41280
35921
39683
42601
40674
44299
41458
43746
45216
99137
62034
48412
42347
45249
48970
50190
46850
48161
51498
47149
48826
38837
46993
48976
45524
48288
44674
59700
58496
44042
46978
47865
47648
45117
50777
41688
46430
43140
50820
48398
43830
47715
53636
53754
45152
99002
66855
59507
55560
57102
55869
57187
46882
51655
51250
49068
58079
52911
53656
52174
56135
54658
48510
54725
49946
51537
52332
56129
56015
56562
53500
57459
48936
48667
57436
52371
56207
52585
59073
54556
57558
98928
66820
45955
47525
46907
51553
40942
44191
39631
50737
48131
45168
46552
51330
53752
45140
52371
46608
44153
45612
49699
48193
48579
50376
43731
46630
47366
51996
43589
52072
46364
42826
56290
45100
45718
51843
98777
66440
40825
43379
43248
40677
32851
51547
47953
46759
41909
40538
39115
42380
50469
50588
43982
42250
41547
47375
41964
43895
43628
39468
45781
45123
50063
42650
41433
43315
51219
42167
45607
46074
39829
45447
98599
62038
33738
34888
38559
41399
34697
35834
30153
35330
32677
35165
35671
34981
29841
31792
33101
34978
35763
40054
37485
42149
32638
40185
36410
28549
41681
33506
36080
35217
34674
32664
35663
37929
40953
38502
98091
67630
37786
39955
41496
38216
35855
39374
34860
45560
40667
39306
35351
40985
38261
37851
42676
39047
45581
37988
36390
34270
37224
31148
37668
41862
49160
39333
39638
38975
37986
41277
39406
40225
38957
39085
97832
64213
45085
48770
40046
51301
37216
37382
39895
43881
46237
40983
41182
39773
43441
43489
41927
42752
43831
43555
42442
38282
36003
48852
45341
45007
48958
38823
36746
36709
40844
44416
37864
39844
46767
45981
97584
71921
55418
50168
50829
42254
51024
53695
47040
45276
48061
43241
45801
49899
49441
47486
45808
43480
45781
47187
48097
46355
50288
42929
51738
54246
55533
49498
45249
47677
44197
40586
48054
53256
46620
51153
97866
75847
61936
56196
61381
57193
53132
60603
57457
55936
62304
58837
61188
57255
57913
51391
59444
54473
59699
61093
52610
56502
64347
60581
65746
58210
61812
62445
55048
60771
59407
65218
57418
60991
61589
60650
97833
75255
57379
66948
65544
63571
60908
64338
64632
55562
68874
62682
64383
66416
63351
62087
63483
54317
70246
62546
61262
60273
67035
61211
68887
66828
58336
63138
57106
65258
63109
68440
64302
60948
65769
66667
97835
78305
60646
61363
56852
61655
54684
57341
52753
54774
56644
64141
56250
53974
53732
57246
63504
62696
55715
56002
57012
59935
62333
58398
58546
54368
60257
60793
66618
59942
55432
53339
56948
51332
55707
56150
97241
76820
63183
60074
58535
57069
61150
59949
60875
61561
63332
51933
60892
57691
56995
61510
57944
62045
63388
62670
58946
63979
57593
64103
62161
52545
51894
56252
57712
65369
56731
61151
57562
53205
58598
57404
97290
79345
61672
64727
62052
59767
63781
64036
65995
56772
57167
58642
62691
57546
62780
58427
62330
59258
59761
65631
58479
67957
63446
64846
60295
55645
59563
65069
65541
67624
66905
68766
63920
61927
55792
57090
97224
79719
52793
64009
62401
67502
61868
62771
61406
61652
61793
59983
60611
61559
63931
62133
63776
63486
61567
60317
61188
56312
64378
63927
62091
57880
58231
62749
58368
64764
64037
61971
66433
62446
62824
62019
96651
79915
60682
69256
68168
66799
64223
69049
69638
67980
75568
71099
64219
72048
68441
64807
68344
67279
67312
66212
68304
69002
68763
68718
70995
71318
67465
66546
68520
70767
70487
66512
66561
63191
71719
71555
97780
82897
64904
63009
59613
61735
60835
67037
61751
64801
57914
63802
61307
58877
60129
63483
63861
60655
61088
59995
63219
64889
59617
64477
64867
62892
64542
62849
58606
64717
61224
66075
65644
54089
62469
62877
96854
82370
64800
66596
66002
66638
67871
68380
63584
71987
63606
69555
64237
72996
71985
69808
73536
65283
67705
68840
66921
69380
66107
70261
64590
63030
71459
64260
64770
63937
73827
65108
66328
69474
65064
68659
97232
82843
69688
62965
70971
71550
69945
60200
65647
63667
71957
70190
62964
68455
73687
66779
65566
70223
70388
65956
67499
68891
68872
71521
69055
69831
73635
69088
72145
69761
70468
70928
70085
71161
68121
67329
97017
82231
60981
59830
62039
61794
62738
64060
57584
63244
57605
66419
64937
61444
64060
60308
57667
59080
60269
61162
57469
60397
58601
61576
61009
62665
59065
61845
60776
64116
59464
64065
63115
63245
59691
59860
96058
76190
54264
48702
56252
55049
57060
59523
52813
60476
49665
53286
56176
52419
48457
55651
58977
55221
53789
53727
48984
57871
60102
52417
50796
56975
57035
61979
57556
52034
60629
51280
55507
61827
53637
54556
95596
79906
56383
52150
51022
50373
57555
60350
55422
49912
54514
55573
53192
53440
54134
50865
45602
49663
62039
55660
53320
57326
50453
50425
52360
48023
49295
53249
58518
58937
54675
60113
56517
53869
57493
53440
95805
81888
55428
60882
55411
63277
59165
58872
62650
59016
59702
49733
53318
60505
60103
59379
57361
58442
66438
61238
61243
57140
59086
56643
62238
59711
59499
61175
59487
56794
62116
58501
63125
56231
58974
61328
96104
79318
57588
54296
55021
54706
54781
56776
55287
63357
56190
57369
56842
56663
58902
60243
55259
54897
55379
57954
55973
58716
61441
54335
52240
60121
56233
53004
57588
58911
61560
58561
56097
55949
50835
57010
96195
87377
77036
74667
71503
76801
72553
73212
72671
73324
77549
74593
72124
72606
76952
74603
75236
75396
74666
68828
69635
75392
76258
76472
76392
76594
75220
74585
73002
73011
72862
75346
75760
73151
75338
77257
96589
88071
73970
74708
78081
77165
72879
76124
75263
70638
73130
74803
78366
76255
77550
70976
75675
77204
75892
70276
72411
74866
72805
76682
74846
74675
73949
73043
71308
73221
75563
75476
75729
73715
77398
73567
96340
86242
74471
75404
71819
65598
69110
70864
67356
73417
69902
70834
71712
69500
74324
69811
73393
72753
70946
69999
69985
72701
68852
72545
72486
69226
71845
72822
72145
73244
70800
73284
70839
75680
67924
70873
96350
87673
73286
72114
65591
71674
72866
73159
70486
72167
72891
70948
71423
73134
70424
72423
71305
73221
72248
75065
76602
71783
70820
75796
72048
69966
71853
69933
75248
77018
71014
74821
75132
75446
73734
78406
96090
86515
71829
66045
70660
67878
64853
66784
66785
64693
63325
67645
66716
65511
68953
69541
64973
64174
61457
66002
66959
66020
63018
63717
62118
69400
65095
65867
64130
63303
67069
72372
66571
64783
69898
64674
95023
84948
72128
73232
74901
75931
76663
73394
75856
73145
78502
73427
71517
73798
72349
77898
71114
69918
72102
70628
73419
73878
72503
70071
70816
77805
76405
72523
72967
70633
71377
74622
70412
72917
67225
71617
95608
87338
71239
71754
72698
72256
69483
70439
74001
68995
66443
71350
71717
73937
70468
75004
71354
68507
71947
71873
73929
70515
75447
73402
78423
75935
69338
75184
70104
74253
67302
74285
73848
69735
68891
72534
95601
87632
71075
69454
73349
72957
72536
71208
72702
72174
69949
73281
73013
69987
71598
72704
72976
71816
70830
67920
70018
72592
72619
74020
71239
68566
73425
70872
75056
69135
74312
70042
72984
70745
71162
69427
95598
85154
74017
70249
71332
72600
74873
72245
68784
71656
72241
69438
70939
68628
71863
66973
74276
74582
72290
71711
74407
73261
69523
69926
72339
71774
70378
73331
76355
72845
72656
71109
70175
76319
71954
70142
95181
89522
72349
74630
74941
72802
76104
74104
73211
74655
77141
79472
72035
73373
77005
70391
76052
73408
69219
74496
75361
75271
77689
71324
76103
75729
75877
77663
71179
74185
74940
76632
79363
75569
73017
95570
95706
86110
62918
59256
60091
59780
57763
61058
59906
58827
64710
61293
58865
62800
62030
59742
60365
56215
58593
56574
61697
55998
55919
60410
53485
62147
57599
60215
57966
56002
57664
61755
65743
62180
60974
94374
94454
86243
69135
55902
57423
61984
61742
56689
61776
57007
61653
61568
62694
57712
61715
61276
61712
65343
61132
62382
65203
58053
60717
62872
57027
56346
62307
60366
56215
61703
58599
57086
59696
60075
61915
95044
85684
70383
59622
59042
67467
62412
62961
66454
59697
65490
64724
64888
66498
61774
65679
66162
62651
68199
67418
65012
63707
62829
63350
59596
70955
62116
67662
64633
58879
70255
65555
61289
64250
69021
63929
95178
83884
60311
63141
63961
61846
63179
67970
65713
62716
62496
62273
62825
59620
67425
66711
66787
63974
65977
68249
62588
62963
61025
65348
65369
62872
66969
67230
62739
68145
66968
68391
67059
63862
61295
65638
94250
90754
76721
79838
73046
76715
77484
75795
77136
77549
78388
77404
76244
74519
77009
77207
76283
76028
77149
78920
77296
79243
76815
80450
80314
75130
78881
75067
75042
77851
78322
73981
76817
79247
83204
75443
94982
87883
77305
76508
75443
74855
75291
77242
75297
77207
76235
75797
75970
73275
75402
78794
75138
76222
76024
74690
75068
74903
78699
78122
77759
74027
77095
73761
75392
73152
78990
77298
78212
75772
76407
73627
94496
90135
77181
75808
77660
77663
73761
75454
72526
75769
78114
74365
74024
73325
76195
74185
75888
76650
76809
78150
76638
77274
78325
79554
77999
77854
75665
78913
75187
74886
74396
78839
77670
75670
73619
77827
95246
88570
73128
74876
71239
72001
72555
71141
73303
75387
71881
72458
75417
73942
72582
72580
72443
74359
74029
73514
75993
71840
78029
73466
70489
70672
77073
73704
69954
74165
70364
71529
70322
70988
72302
75637
94750
87870
69948
73794
73051
66520
71964
69679
72581
71480
69125
73025
72092
71292
71093
72179
71415
69488
73896
65343
72223
65286
65803
72066
70200
70664
69082
74870
72785
73832
70681
70777
68077
70352
72163
69253
93824
89826
71764
77980
79436
77663
76919
78645
80563
73111
74965
77360
80695
77575
75982
76906
80447
76500
72979
73360
75362
75354
80049
78107
73059
77566
76612
76614
78551
76546
77914
76283
78206
77544
78180
78080
95068
92374
75870
73723
78679
80421
77360
73947
75510
77825
76653
78524
75877
81724
79105
76656
79391
81757
75226
73638
77150
78379
76593
76927
74383
75683
79232
72531
79645
75442
74427
75319
75435
76839
74152
76118
95201
90379
73151
77211
72488
76057
77487
72019
77916
76907
78076
73537
77498
73039
73036
70682
76534
79090
73683
73578
78361
79237
75740
75520
74962
75717
74655
75906
74387
75366
74417
74980
75783
77784
71351
68503
93737
93593
77231
79423
79443
81418
84025
80992
80246
80672
82174
77400
78499
81564
80286
76623
79973
81138
80805
80439
77740
79540
81739
78428
75122
82573
83829
78813
77728
75934
78051
81170
79925
82228
81780
82028
94754
90307
83675
78170
82555
80892
83401
81376
81724
79340
80197
80073
77801
80845
82209
75571
80011
80899
82515
77868
79189
78641
77824
79559
77345
78318
76868
78767
80323
78607
78761
78695
79629
81447
78723
79413
94399
91148
78508
78210
82075
77885
82460
80144
78534
75029
78431
80392
78873
79848
78108
78830
77809
78305
80144
78647
79100
78988
79749
80378
76534
75758
77718
81440
79912
80456
78816
78575
78576
75532
80814
77750
94307
92737
77340
75811
76367
73147
78792
75848
78180
75735
79506
77060
73899
72636
78223
74396
76133
76233
77368
78383
73178
73512
75848
76467
77982
77339
75736
75326
77173
71757
74512
76419
79798
77350
74317
75806
94161
89224
73191
68807
65657
62285
71170
69424
64816
65330
65066
67688
65454
67076
68524
69688
65839
67962
69491
67338
71619
69134
66938
64707
65670
69148
66317
64522
68714
66443
68361
62870
67346
67404
70505
65559
91669
91146
66983
67994
68752
71018
66727
72680
69291
70789
74051
68554
67296
65719
63632
68361
68838
70907
67851
71033
69394
71446
70135
71258
68243
71797
70842
68277
67655
66242
68205
71483
70206
68660
71342
70683
92313
90854
63713
65638
65517
63312
61355
65740
66355
63399
66012
58445
67558
63625
67192
59011
66062
65017
62071
62028
66121
65444
61987
65766
67142
64135
64980
67211
64013
68988
69614
66399
61247
65812
67871
66061
89853
91323
60597
63551
60340
65894
62902
65569
65043
62444
61891
63694
60424
61470
63642
60965
60187
67446
67028
64519
64683
66036
62255
66756
65777
69286
60514
60283
57663
59626
59592
58315
61619
57370
63334
63560
91006
91298
64630
73503
72171
68671
69762
67632
72118
69294
71480
68565
68329
65183
63044
66608
70018
65220
62136
64396
64522
66592
68239
69481
70315
66120
63831
64004
72735
66202
68742
68907
72354
69308
64965
67270
91050
93714
74412
74965
73797
72799
74637
74134
72759
73989
75439
73716
70992
74674
71511
72274
74542
74323
75604
77832
73112
75495
74743
70473
73789
69531
73044
79298
76807
73851
78187
75275
75816
74547
76201
77974
91382
93468
80330
79412
76066
78890
79841
78519
79071
79701
81145
79721
80072
78963
79340
81101
80851
75534
80158
82382
77892
79710
77454
77223
80178
77629
79688
79297
81158
80710
78785
79378
79491
81213
78968
77518
92205
92217
77615
76514
75367
77620
77777
73021
73670
73491
78420
72660
73487
75856
74060
77256
78525
74472
73118
73997
76954
78179
77460
76172
80912
77116
75899
70893
77319
76928
73440
74144
77214
74830
75756
73703
93077
92402
73132
75005
76326
76530
77513
76897
77815
78360
77758
75992
80777
75857
73303
73957
76753
74537
73992
77745
78785
75953
76142
75898
78785
75747
73864
77879
77779
75825
77045
75712
73260
78231
77351
75275
91768
92917
75680
74811
78772
76209
76126
76933
76059
74754
76296
77492
73741
77454
77447
76077
78311
79112
74209
78756
73758
76870
76294
77454
73269
75067
75363
75025
76553
79890
74799
82046
78321
73478
76928
77114
90797
93978
77985
76638
80460
75686
77641
76953
76903
80417
76874
79693
78035
80069
76442
79539
76342
80003
81351
78438
79888
78612
79419
75987
78083
76178
78412
78144
78105
71778
77819
79972
78795
81319
77501
76218
92136
93748
74314
74688
77161
76146
76860
71444
75898
76576
76819
76673
75408
78162
74401
74968
76487
74747
76586
71808
72890
73235
73319
72605
73576
76730
74313
75771
72058
75406
75789
72707
72782
77165
75281
77256
91332
93041
70818
69789
70377
67285
71637
69815
68058
68359
74734
69220
68331
68902
72953
69264
64368
65476
67312
70857
74671
70566
65605
68718
67996
66863
67715
71536
65770
67732
67236
65982
68226
69684
69616
68054
89168
92604
68365
67671
68102
61073
65520
64389
60383
60958
66016
62972
63787
62703
62786
67771
63231
65671
67353
61856
64264
63874
65128
61532
64734
67825
64883
63502
65718
61723
67324
66001
65231
63811
64114
66047
88382
94089
74422
70748
68937
69688
69232
71415
70898
70048
69513
70511
66638
66533
71296
73225
69195
65760
71670
67265
71047
73268
73904
68790
73117
69029
73736
69577
70939
72051
72165
68799
72550
69671
71189
73101
89395
93966
70407
70146
70860
63306
66881
68203
65225
65359
63174
68107
64939
68854
67844
67754
67909
65061
68643
63642
67413
71339
64427
66680
71542
67906
67489
68990
63917
67156
65586
65243
71202
70355
71290
64583
89978
93157
75248
76499
71062
74427
72670
72838
71879
75026
77896
74007
76792
73677
75039
72655
71427
73555
71907
75861
76197
75845
73061
72864
71291
75380
74273
75649
77185
71559
71813
72655
72627
76042
75673
74836
90434
94132
75656
76448
72182
70180
76646
75346
74076
73551
75615
72172
72246
69776
72799
75720
77743
77095
75515
73740
74754
75411
73032
72682
74366
75281
75463
76410
76269
77125
74548
73768
75850
74584
72919
73069
89783
95361
81266
83264
83770
81415
82359
82870
81562
78683
82630
80077
80531
83686
80754
81349
85247
81244
82132
83531
82274
80909
82020
78917
80849
80743
82730
81406
81062
83168
81852
82068
83849
81923
82351
81296
91672
95445
81786
82296
84019
84307
85871
84104
81557
84901
81454
81451
84053
83614
84657
82991
84010
80890
81593
82989
84938
86184
81593
85640
80134
82313
82642
85479
83826
82917
84339
83845
81916
83842
85743
82893
91827
95931
82460
78983
80776
82349
79609
80556
79616
82796
80749
79130
80515
81781
77559
80610
80197
82225
78889
80212
80221
81469
80692
80747
76857
80707
80067
80117
80849
82795
84581
81567
80910
81001
81256
81401
90338
95256
79770
83030
78076
79624
79508
79575
77836
79873
75181
78330
77687
76354
78970
78859
73492
78485
77068
77428
78341
77914
80121
80575
78347
77347
82405
77943
77616
77707
78085
77295
78289
76805
81675
81491
90753
95563
81372
79481
78600
80610
78968
78899
80407
80530
80455
79400
79875
78448
78927
78088
80439
79020
78937
78896
80592
78887
78070
82247
80150
82070
81193
81227
82851
81719
80253
81294
78345
76534
81664
79084
89926
96368
82424
82423
84075
83286
84093
82682
81382
83631
82445
82279
81269
82510
79805
81896
82277
79952
80044
79378
81097
83618
80934
81892
80816
83691
82507
79727
80098
81380
80825
81786
84442
84283
83044
81091
90691
96656
83398
80995
82371
82510
82554
83186
84686
80518
83436
82422
83272
82656
82044
82435
83360
81673
81796
80937
79955
83158
83247
82757
83133
82904
79577
79131
82879
83161
82600
83917
80944
84089
83473
80562
91183
95606
82364
81892
81967
84598
84735
84175
81587
80276
82942
83793
81770
81770
82766
84250
82967
82699
79728
80241
81661
81267
83043
79454
81897
82878
80245
81762
81153
81691
82911
81641
80844
81485
83237
82229
90786
96516
81177
75963
74637
81034
78253
75944
74517
77660
73428
77309
79143
80588
78302
80543
77988
76010
78719
76913
79434
77722
79986
72968
76938
74576
76981
75102
79507
75038
77721
79399
80136
77947
76110
75742
88035
95708
78782
71903
75533
75358
72526
77023
78770
75311
75218
73153
74040
73723
