0
0
65397
41420
42546
44918
40272
36071
48503
45580
39066
36523
49943
37060
42097
41372
49305
44702
29076
32357
31474
33251
36016
36734
33580
38285
26276
42784
35188
38082
43140
30821
35759
99200
99200
34564
33919
38972
47194
35084
23877
38366
42566
40365
39045
35429
31389
43462
33241
32434
30327
30649
36392
40864
32694
36041
55813
45747
43725
36049
34271
30012
37318
28084
32246
33554
37941
41650
47328
99200
99200
31600
21590
22307
26609
35763
27902
37858
34189
27827
28471
28769
26444
38354
37435
28433
23508
30642
30399
29720
33344
35059
31073
28692
40375
28488
31439
38808
41097
38471
35322
27548
30623
38026
42372
99200
99200
39622
46328
42516
41191
54732
53206
37878
49253
39718
37378
41324
40662
39102
43208
39943
42140
39193
33249
36972
41876
45929
47088
50221
48825
48009
40509
44641
53416
38153
50291
42028
49215
43158
41440
99200
95619
52352
41195
39660
46474
36348
46342
44348
41643
45211
38753
54043
43571
46096
50331
51249
42100
37645
44189
41990
46304
55138
45817
44867
39945
47826
43132
35647
34793
40283
48542
59443
54008
47853
51219
50061
99200
69581
62215
59948
52462
51934
52424
59652
49339
54614
59521
65614
61484
55745
58876
57444
60315
62003
51328
55581
50629
58758
60343
46084
69032
61515
61898
59778
53171
80663
59318
58379
59966
57656
68710
70299
99200
99200
79882
65358
69422
63511
56892
73421
66164
74766
76589
64011
69912
69339
74942
73191
57518
67211
70660
66224
65667
62787
61792
77363
74430
64249
65368
63524
70716
68358
71092
80229
82376
73908
74554
71616
99200
99200
82352
72401
84174
81850
85115
78874
83544
88375
92165
73042
71023
76796
88307
81566
88812
82107
88772
86479
73230
79489
85251
79822
71330
88223
77736
84627
73949
84403
87522
83444
89250
95055
91049
75234
99200
99200
95039
95146
95236
90607
95065
80119
89140
88770
82196
92779
86704
95564
87090
88771
91517
89617
89281
85128
86499
89787
91263
88663
92911
95076
92760
94671
87905
99200
89420
95623
95246
95634
93156
87500
99200
92181
85542
67657
75227
87579
73540
75966
76286
88485
77099
78060
86482
83999
89550
74212
79315
68705
68243
69508
84806
81624
74370
84720
66978
82263
79133
82855
75641
88762
76805
68201
90058
72027
75035
87409
99200
91826
66087
74829
74724
73347
63149
86358
78184
74244
75046
72272
57427
65035
79712
71863
63583
68271
67452
73994
67131
84320
81041
64791
75334
72463
81041
71608
72943
66086
86203
81564
73827
78582
68682
78837
99200
84824
51913
54363
46661
57343
46442
48956
43470
49151
51118
52411
49571
53372
40251
49280
48569
46960
54139
66746
58265
60051
53704
58901
55944
44308
63431
54946
48748
49036
58866
40508
57208
51250
56969
65215
99200
91634
59641
70538
66617
57266
57622
65328
51334
63373
60563
64424
63542
59808
62579
64355
60986
60993
68133
58722
57591
53415
67435
57608
58125
64752
73829
66198
58519
60117
58878
68719
66839
70471
58743
64100
99200
90592
74552
80132
65397
82322
70300
61153
61580
71870
73027
65480
61389
65637
68752
63515
68166
66410
73057
71931
73590
66880
59483
68419
80549
71997
75029
64977
52901
62837
62466
66970
62578
60058
75135
69739
99200
96027
83452
80183
87869
74817
82509
78564
72117
80032
78877
72702
80218
78087
83773
79702
76228
82319
77174
65535
82945
78366
84330
70971
79965
85098
88402
90097
73670
80853
73826
69242
83683
84880
80271
85473
99200
99200
88778
84859
99174
94944
96129
96290
93125
90504
97218
91965
90907
96525
86153
87112
97328
89518
93156
99200
93173
93741
99196
86281
99200
92629
96334
94942
94701
99200
94279
95534
98997
97192
96129
99183
99200
97703
96453
99200
96030
99196
95673
99200
95098
95832
99200
96624
99196
96525
89046
99200
95225
93950
91373
99196
90176
99200
99200
93850
99196
99200
91582
94080
86908
99200
93751
99196
99189
99200
99200
99200
99200
95763
92839
91869
98818
99200
91614
88500
89706
85420
99157
95620
92464
84148
90283
91868
99200
99189
92954
85106
91198
99200
90299
95485
94473
91449
96525
99196
99200
90957
91978
89665
93916
84209
93611
95633
99200
88651
89887
95584
84217
95039
93221
96126
99179
89233
92170
89210
94271
90468
82931
80982
93726
94376
95688
95886
83847
90702
85622
99128
93945
83696
85941
90973
92987
95744
91163
86828
89584
91736
93352
87125
99200
99196
91077
99200
99163
94445
94033
95039
99146
90367
99186
95920
95336
91436
99200
95931
96720
94842
96029
99200
94540
99196
99200
95828
93743
90079
99200
99122
99200
99200
99200
99200
99200
95831
99183
99200
99200
95926
91967
95336
92995
99200
88995
95831
99167
89777
96327
96029
95831
90076
96426
95931
93743
93736
88054
96020
95610
91968
99157
96128
94577
99180
93718
95700
85828
99200
95488
92869
95009
99189
95237
95237
99200
93387
97020
99200
99200
95137
99200
99200
95336
96228
99200
96129
97020
99200
95278
99200
97158
99170
99200
95236
96823
99200
99200
99200
99200
99196
99200
93449
99200
99200
99200
93865
95236
94741
99200
99200
99200
95465
94543
99200
94327
88797
99200
94741
89674
89390
95249
92165
91967
92363
93057
94048
99200
88991
91766
90082
99189
91472
94913
90630
99200
99200
91701
90183
85706
94345
94543
99200
91807
94947
95237
94639
99200
96593
99200
96030
99200
96713
99200
99200
96426
99200
99200
93849
99176
99200
99200
95336
99200
95534
99200
99200
99200
94939
94642
99180
94146
99200
99196
92792
96822
99183
99200
96201
99200
99200
96624
99193
99200
99200
99196
99200
99200
99200
94875
99200
94657
94577
99200
99200
99136
99200
99200
99193
99200
99200
99200
99200
99200
99200
99193
99200
99200
99196
99183
96921
99200
99200
99200
99200
96879
99200
99200
99200
99200
99200
95875
90449
96190
99200
91407
99179
90965
94624
89305
96437
96426
95825
93453
92551
95168
99200
96845
99183
94741
88696
94939
89380
95336
99200
89315
96263
89674
99200
97119
96425
95633
88953
89740
95347
99200
89631
88261
80746
85684
93546
87705
88203
87409
94048
87312
92699
87791
88576
79456
85855
99116
89258
79678
86903
82447
92650
89456
79150
89765
90383
87708
95930
93537
87536
96026
75605
85348
93155
87191
85360
99200
94042
85467
86213
85321
88122
91745
94642
93235
77886
86807
80563
87014
87417
83721
81232
84662
84428
93136
79640
89536
92080
83653
83735
85408
75808
81315
94135
85657
93840
90260
91822
89879
88949
92703
92958
99200
93354
92855
94537
87102
91555
90079
92677
91886
97912
92170
87803
92067
94242
88492
93566
91636
92442
99200
99200
91765
91353
91876
88096
93949
94444
90680
94111
94642
88725
92949
84015
92295
91467
96607
89489
99200
86733
88980
87300
82664
81842
90679
86614
86181
85367
83088
88789
89689
91372
90057
84731
88607
87700
80569
86221
82555
88479
92066
82595
80110
90481
86912
85623
91644
90963
87318
87283
86729
80418
81678
86065
99200
99200
99200
97416
99200
99200
96525
99200
99155
97020
99200
99200
96723
99200
99200
99200
99200
99200
99200
96921
96624
97033
96723
99200
99200
99200
99200
99200
99200
96921
97218
99200
99200
97417
96822
99200
99200
99200
99200
99200
99200
99200
99200
96723
99200
99200
99200
99200
99196
99200
99200
99200
99200
99200
99200
99200
96922
99200
99200
99189
99200
99200
99200
99200
99200
99196
99200
99200
99200
99200
98092
99200
99200
99200
97119
99200
97219
96921
97222
96723
97416
99200
99200
97515
99200
97218
99200
96635
99084
99200
95290
97221
99200
99189
96909
96723
97223
99200
97020
99200
99189
96624
97318
99200
99200
99200
96998
99200
99200
98047
99200
98327
96170
99173
97221
94838
97122
99200
99200
99200
96035
99200
99200
97917
99200
99200
99200
99200
99200
99190
99200
99200
96809
97622
96194
96291
99200
99200
96030
99200
99196
96635
99200
99200
99200
99193
99200
99200
99200
99200
99200
99200
93180
93719
96625
99200
99200
94868
96527
99200
99200
94304
99200
99200
99200
96853
93056
99200
90764
99200
99200
96221
97139
91765
96256
99200
99200
97073
99200
96812
99200
99200
99200
99200
99200
97774
99200
99200
99200
99200
99200
99200
99200
99200
99200
99189
99200
99200
99200
99200
99200
99200
96652
94626
99200
99200
99200
99200
99200
97808
99200
99200
99200
96845
99200
99200
99200
99200
99200
99200
99200
99196
99200
99200
99200
96283
99200
99200
99200
99196
99200
99196
99200
99200
99200
99200
99200
99170
99200
99200
99200
99200
99200
99200
99200
96950
99190
99200
99200
99200
99200
99200
99200
99200
99196
97563
99200
99200
99200
98292
99200
99200
99196
97761
99200
99200
99196
99200
99200
99183
99200
96568
97417
99200
99200
97071
99200
97093
99200
99200
99200
99200
99200
99193
99200
97320
99200
99200
99200
99200
99200
99200
95904
99200
99200
99200
99200
99200
99200
99200
99200
99200
99200
99189
99200
99193
99200
99183
99200
99200
99200
99200
99200
99200
99189
99200
99200
99200
99200
99200
99200
99200
99200
99200
99200
99200
99200
99200
99200
97555
99200
99200
99200
99200
99200
99200
99200
99200
99200
99200
99200
99200
97162
97740
99200
99200
99200
99200
99200
99180
99200
99200
99200
99200
96630
99200
99175
99200
99189
99200
99200
99200
96664
89191
94049
93394
91091
89820
88751
86028
92460
89067
90930
90817
93155
90558
90261
94557
93974
89800
96822
93750
83603
89286
89885
87813
89210
90217
89537
88498
91606
93058
96525
96723
94431
99200
99200
99200
95111
92411
92184
90438
91399
89510
93254
85286
93554
88141
88466
89356
89341
89818
93452
92759
95089
94093
91371
91350
93255
89807
89732
95658
90763
94712
86943
84941
82750
92833
97199
91944
94239
99200
99200
99200
91798
89997
96921
96910
92858
97119
97119
95143
97912
96034
96459
92448
97615
97912
95035
93993
97872
97912
86816
92588
90475
95162
98209
96071
92500
96434
91716
96628
93553
96739
98308
96525
94500
99200
99200
90468
97218
95175
93298
92033
93648
97317
84044
94062
96603
94742
99189
96921
96827
95102
96822
99196
94781
91620
90908
93204
94441
94841
96968
96939
97013
90878
94144
96959
99167
99183
94906
88568
98058
99200
99200
99200
99200
99200
99200
99200
99200
99200
99200
99200
99200
99200
99200
99200
97465
99200
99200
99196
99200
99200
99200
99200
99200
99200
99200
99200
99200
99200
99200
97033
99200
99200
99200
99200
99200
99200
99200
97912
99200
99200
97914
99200
99200
97103
99200
99200
97020
97829
99193
96929
99200
99200
99200
96755
99200
99200
99186
99200
99200
99200
99200
99200
97912
97894
99200
99200
99200
99200
97230
99200
98037
99200
99200
99200
99200
99200
99200
96524
96461
94100
99200
93797
96945
96525
96982
96867
99200
99200
99200
99200
99200
99200
96737
99200
99200
99200
99200
99200
96231
99200
99200
96538
99200
97048
99200
99200
99200
99200
99200
99200
99200
96764
99200
99200
99200
97782
99200
93882
94496
99200
99200
99196
99200
95289
99200
99200
99200
96305
99196
99164
99200
99196
95237
99200
99200
97160
93852
99200
99200
99200
96654
91967
99200
99200
99200
92654
99200
96821
93675
99200
95272
97017
99200
93355
93288
96921
93553
96030
93652
99200
99189
95633
94359
96228
96228
93951
99200
99200
96228
96128
94443
94739
94284
94566
99200
96037
96426
94247
95633
99200
99200
99200
99200
99200
99200
99200
99200
99200
99200
99200
99200
99200
99200
99200
99200
99200
99200
99200
99200
99200
99200
99200
99200
99200
99200
99200
99200
99200
99200
99200
99200
99200
99200
99196
99200
99200
99200
99200
99190
99200
99200
99183
96741
99200
99200
99196
99200
99152
99189
99200
99200
99200
99200
96822
99200
99200
97721
97218
99200
99200
99200
99200
99200
99200
96624
99200
99193
99200
99200
99200
99200
99200
99200
99200
99200
99200
99200
99200
99189
99200
99200
99200
97152
99200
99159
96228
99200
99200
99200
99200
99200
99200
99200
99200
99200
96426
99200
99200
99196
99200
99200
99200
99200
99200
99200
99200
99200
99200
99200
99196
99200
99200
99200
99200
99200
99200
99200
99200
99200
99200
99200
99200
99200
99200
99200
99200
99200
99200
99200
99200
99193
99175
99200
99200
99200
99200
95931
99200
99200
99200
99200
99196
99200
99200
99200
99200
99200
99200
99200
99200
99200
99200
99200
99196
99200
99200
99200
99200
99200
99200
99200
99200
99200
99200
99200
99193
99200
99200
99200
99200
99200
99200
99200
99200
99200
99200
99200
99200
99200
99200
99200
99200
99200
99200
99200
99200
99200
99200
99200
99200
99200
99200
99200
99200
99200
99200
99200
99200
99200
99200
99200
99200
99200
99200
99200
99200
99200
99200
99200
99200
99200
99200
99196
99200
99200
99200
99200
99200
99200
99200
99200
99200
99200
99200
99189
99200
99200
99200
99200
99200
99200
99200
99200
99200
99200
99200
99200
99200
99200
99200
99200
99200
99200
99200
99200
99200
99200
99200
99200
99200
99200
99200
99200
97317
99200
96119
96723
93851
94780
94648
94254
96324
97119
93847
96723
97018
96228
92911
96922
97035
96618
99200
95732
99200
97912
99196
97317
99200
94626
99200
92447
94345
95130
99200
94247
94663
93846
99200
99200
95299
93341
95156
96357
88799
95367
97509
99183
97516
94939
96128
94364
93850
95039
94916
92366
95402
97466
92799
99200
99200
95546
95433
97021
95336
95364
96426
92548
94345
97615
94610
94473
92312
95171
99200
99200
89433
93681
95534
94679
88397
91679
96316
93649
99186
92138
96327
94049
93748
96128
96327
96525
90171
92954
95633
93741
92662
96401
96556
93949
96228
92657
95930
95930
92270
96423
91767
96228
94190
96030
99200
99200
85866
91159
90678
91224
92792
92757
89831
91657
87895
91087
83128
87882
92184
94702
86766
90900
96012
96525
91750
90588
85895
87873
88638
92665
85643
88410
81757
84080
82234
85670
88759
83540
87665
87934
99200
99200
92951
96128
99200
95216
97516
95038
97710
97516
97314
95174
96524
94047
93850
99186
94804
94090
93553
96842
92392
95706
90044
92365
97219
95443
93252
91869
97413
96327
97615
95447
96921
94346
96624
95920
99200
99200
99200
99200
99200
99200
99200
99200
99200
99200
99200
99200
99200
99200
99200
99200
99200
99200
99200
99200
96722
95633
99200
99200
99200
99200
99200
99200
99200
99200
97218
99200
99200
99200
99200
99200
99200
99200
99200
99200
99200
99200
99200
99200
99200
99200
99200
99200
99200
99200
99200
99200
99200
99200
99200
99200
99200
99193
99200
99200
99200
99200
99200
99200
99200
99200
99200
99200
99200
99200
99200
99196
99200
99200
99200
99200
99200
95931
95732
99200
95949
95534
95633
95732
96216
99200
95951
99200
99200
95534
99200
99200
95930
96124
95831
95931
99200
99200
99200
99186
95930
95729
96128
95831
96125
96029
99200
99200
99200
99200
97843
99200
99200
99200
97714
99200
99200
99200
99200
99200
99200
98246
99196
96148
99200
99200
98109
98040
99200
97813
99200
99200
99200
99200
99200
97616
98011
99200
96600
97924
96534
99200
99200
99196
99200
99200
99200
99200
95244
99200
99200
99200
99200
99200
99200
97327
99200
99200
99200
99196
99200
99200
99200
99200
99200
99200
99200
99200
99200
97518
99196
99200
99200
99200
99200
99200
99200
99200
99200
99200
99200
99200
99200
99200
99200
99200
99200
99200
99200
99200
99200
99200
99200
99200
99200
99200
99200
99200
99200
99200
99200
99200
99200
99196
99200
99200
99200
99200
99200
99200
99200
99200
99200
99200
99200
99200
99200
99200
99200
99200
99200
94939
99200
99112
99200
99200
99200
99200
97441
99200
97318
99200
99200
96921
99200
96344
99200
97076
97735
99196
99183
99200
97463
99200
99200
99200
99200
97318
99189
99200
99200
99200
99200
97894
99183
99200
95180
99200
99200
99190
97911
96777
99200
95733
92258
99200
96228
97017
99196
96822
96362
96656
99200
96727
99200
99200
97413
98110
96225
96327
96327
99200
99200
94727
94445
99200
99200
96521
99200
99200
93470
92945
93348
85719
88758
90285
88810
90230
92859
89694
92661
90383
89395
92363
88597
89011
89789
87586
89313
90878
88534
85820
88402
91967
87208
90387
94362
86644
90186
87501
87312
87333
85720
91286
99200
99200
96327
95434
93057
97119
96327
97813
93850
97813
96328
97516
94146
91470
96327
94245
96624
95018
95830
95234
95335
96427
97594
91669
97714
93468
95825
92064
97417
96426
97516
96426
94645
96538
94047
99200
99200
99200
90771
95018
96422
88541
88792
95043
91392
88654
88291
95461
96923
92854
89789
95232
97116
96908
95809
92945
93105
95232
90379
92079
92836
97314
92855
99196
86340
90470
92944
90964
95135
94636
95320
90494
99200
99200
99200
99200
99200
99200
96926
99200
99200
99200
99200
99200
99200
99200
99200
99200
99200
95121
99200
99200
99200
99200
99200
99200
99200
99200
99200
99200
99200
95930
99200
99200
99200
99200
99200
99200
99200
99095
99200
99189
99200
97219
99200
99200
99183
99200
99200
97120
99200
95332
99200
99200
99200
99200
99200
99200
99157
99200
97149
97246
99200
99200
99200
97021
99196
99200
99200
99200
99200
99200
99196
99189
99200
99200
99200
99200
99200
99200
99200
99200
99200
99200
99200
99200
99200
99200
99200
99200
99200
99200
99200
99200
99200
99200
99200
99200
99200
99200
99200
99200
99200
99200
99200
99200
99200
99200
99200
99200
99200
99200
99200
99200
99200
99200
99200
99200
99200
99200
99200
99200
99200
99200
99200
99200
99200
99200
99200
99200
99200
99200
99196
99200
99200
99196
99200
99200
99200
99200
99200
99200
99200
99200
99200
99200
99200
99200
99200
99200
99200
99200
99200
99200
99200
99200
99200
99200
99200
99200
99200
99200
99200
99200
99200
99200
99200
99200
99200
99200
99200
99200
99200
99200
99200
99200
99200
99200
99200
99200
99200
99200
99200
99200
99200
99196
99200
99200
99200
99200
99200
99200
99200
99200
99200
99200
99200
99200
96822
99200
99200
99200
99200
99196
99200
99200
99200
99200
99200
99200
99200
99200
99200
99196
99200
99200
99200
99200
99200
99200
99200
99200
99200
99200
99200
99200
99200
99200
99200
99200
99200
99200
99200
99200
99200
99200
99200
99200
99200
99200
99200
99189
99200
99200
99200
99200
99200
99200
99200
99200
99200
99186
99189
99200
99200
99200
99200
99200
99200
99200
99200
99200
99200
99200
99200
99200
99200
99200
99200
99200
99200
99200
99200
99200
99200
99200
99200
99200
99200
99200
99200
99200
99200
99200
99200
99200
99200
99200
99200
99200
99200
99200
99200
99200
99200
99200
99200
99200
99200
99200
99180
99200
99200
99200
99200
99200
99200
99200
99200
99200
99200
99200
99200
99200
99200
99200
99200
99200
99200
99200
99200
99200
99200
99200
99200
99200
99200
99200
99200
99200
99200
99200
99200
99200
99200
99200
99200
99200
99200
99200
99200
99200
99200
99200
99200
99200
99200
99200
99200
99200
99200
99200
99200
99200
99200
99200
99200
99200
99200
99200
99200
99200
99200
99200
99200
99200
99200
99200
99200
99200
99200
99200
99200
99200
99200
99200
99200
99200
99189
96823
99200
99200
99200
97024
99200
99200
96723
99200
99200
99200
99200
99200
99200
99200
99200
99200
96426
96723
99200
99200
96837
96544
96936
99200
97326
99200
99200
99200
99200
94600
99200
99180
