0
0
26619
25997
25069
26722
25856
24592
29980
27746
27236
27653
28955
29132
31777
28285
26398
30580
26454
29816
28513
28772
30078
27118
30036
27786
29031
29458
25401
31021
28783
27937
30872
28725
28422
31614
26766
26425
28219
28373
28526
31042
30996
28130
26581
26248
29090
25823
31836
28027
28817
26731
28177
30657
25685
28996
27644
28282
25979
27328
27497
26449
29205
27832
28570
26532
29757
29972
29218
26639
28809
30980
25100
26299
27394
23149
26859
29059
27701
28988
28147
28618
30546
31846
25716
26714
27820
26524
32557
25630
31658
30594
26536
28279
28665
28384
30224
25013
27469
30478
27686
30082
27354
28376
28353
28326
26873
30541
27479
30125
30126
30120
28489
32557
28424
31021
30180
31855
29472
30767
29239
30821
31357
32358
29996
29741
30538
31757
28894
33764
31027
28028
30392
29559
31219
30862
34528
31119
31911
32669
33850
28810
30703
33099
31608
32988
32463
29197
32098
30347
29233
30122
34168
32244
32337
31318
35063
32769
32785
31996
33240
34046
33396
33436
31944
33053
30245
33436
34530
34663
34604
34794
34545
36869
33206
36067
30419
34478
34313
34081
31264
34434
29418
33724
33037
35675
36504
34479
33867
33569
35553
32299
31248
35172
36107
35345
37055
35507
34334
45566
39417
37326
36868
34341
32494
35638
36027
33755
36762
38970
37833
34078
32052
37657
37487
35421
34228
36523
36742
37115
34779
36720
38213
34831
34508
37848
38307
38221
37765
35362
38532
36647
37894
39312
38740
39045
34909
35929
38567
39665
34531
38527
34207
36188
40750
39607
39473
36337
36744
35957
40159
35515
33772
35926
36265
35261
38867
37800
39761
38887
37327
35491
37935
35956
35906
38727
39528
38368
40241
37570
39670
35305
39254
38189
38669
37824
38638
39510
40387
33646
39631
40575
37421
39597
36552
40412
36385
39621
39329
40257
37001
38199
37692
41160
40418
39785
38522
42113
38343
40331
40144
41318
39723
40022
39859
39600
38626
36453
39129
37718
39516
40022
42074
39707
37729
40203
40142
38042
38961
39489
39488
40215
40320
39511
40973
37042
39868
39665
38122
39426
37051
36168
38727
40589
40377
40612
42746
42476
39802
40724
42275
39953
42005
41569
41348
39138
39806
40602
40661
37896
40098
39546
40017
40858
41322
39931
40294
40798
42600
41705
39623
41736
39057
41246
41574
40263
43234
42307
40187
42858
39664
41994
40183
39882
42723
41390
43543
42669
41387
39304
39544
40394
39907
42299
43933
36704
41723
40054
40899
43914
43020
41362
40567
40838
40790
41365
41630
41372
40288
43352
48848
42654
39835
41934
42606
39391
39884
40213
41858
41643
37760
39128
39854
36235
40755
39799
39650
42068
36336
40734
41186
41466
37500
38811
38603
40865
37374
41478
41910
41417
40008
37209
41461
40373
38868
40981
40240
42031
40269
41876
41094
39385
40943
40270
38338
39200
41824
39551
39282
40379
41132
42048
42578
39973
41089
43076
40995
42499
41339
41571
42765
41456
40989
43284
42081
40723
41317
41223
42679
41704
40258
41327
40256
40022
42243
41934
44698
44065
43080
41243
39098
39872
42261
42798
41859
42756
43937
41278
37941
40116
37929
41348
42839
42417
43289
43255
43240
43804
41813
38264
38965
42114
39875
41221
42026
43925
43002
42155
42401
42974
42544
38455
41416
43467
43195
44533
42388
43671
41151
39659
42499
43094
43771
41682
43485
43437
41626
43038
43416
40689
41667
43650
43015
43780
42918
42839
42100
41923
43060
44390
43356
40881
42520
43115
43138
43031
41861
44017
43880
42288
43096
42392
45054
43167
42645
44781
41324
42725
41682
42827
42555
42821
41937
37524
43409
44035
41590
42446
43229
43848
43875
44279
43492
43569
43501
42285
42351
41826
43359
44603
45332
43609
43848
44337
41300
42271
42689
42828
44743
43330
45223
41941
44434
43231
43635
44848
44495
43613
44434
42722
43494
48549
44045
41763
42993
41431
40990
42688
42665
44412
43197
42186
43284
42439
41681
44036
44760
42599
42506
42681
42895
43832
42473
44110
43387
43957
44834
42706
42926
43420
42631
43404
41472
43683
43732
43642
44203
43459
42954
41216
42893
41110
44710
42893
44227
45193
41442
42988
42728
43268
40539
44822
43076
45485
42818
43812
44811
40949
43788
42665
41885
45137
43836
41107
42322
40848
42793
44232
44180
44477
42664
44323
41926
44751
42203
39595
42924
45485
42266
43368
43340
41715
42783
43470
43564
42093
42799
45773
44177
42862
45073
43520
43993
42592
44051
43524
44651
42800
43410
41890
42685
44584
43854
44375
45461
45793
45077
46010
42277
45234
45006
44704
45272
44661
45363
45161
44959
42939
44860
43860
45148
42464
43209
43897
42960
41636
45707
43808
43139
44494
45397
44475
46086
43760
45995
45014
44988
43705
44811
43276
45105
45339
45916
45543
46839
45803
45535
45335
43832
44867
46162
43960
45164
45320
44848
44951
45479
45615
45405
43328
45516
46181
45715
44282
41934
45800
45763
43967
43955
44917
45601
42682
44012
44315
44913
43822
43961
44426
42148
42819
41735
44065
42838
45531
43768
45205
44822
44232
45852
45817
45328
43796
45530
46178
44908
46235
45271
44364
45064
43585
44135
45593
50483
46356
43846
44936
43640
45828
42797
44111
43632
40877
43898
44553
44629
44611
43283
42926
42397
44974
44674
43454
43129
44964
43493
44149
43323
43880
43643
43146
42983
43680
43439
45427
43591
43859
44459
43793
44499
44126
43561
43525
43760
42478
44185
45156
42678
44376
42583
42780
45190
43558
43710
44351
45350
44109
44680
44141
44497
44426
44777
42937
45667
45332
42150
46019
43399
45454
44217
44015
45085
44682
45499
45286
44004
45793
44334
40420
41925
44009
43529
45670
45023
43412
44874
42260
44136
44118
44600
44042
44628
44882
43190
40964
45134
44713
43397
44691
45567
44389
43985
44506
44616
43435
43627
44791
44843
44625
44854
45070
44870
44813
44548
44303
43118
43459
39703
42021
44562
43605
44219
44876
44483
40752
44999
41636
45496
44901
44505
41999
45574
45801
46311
44468
43113
44215
44156
44874
45799
44050
44986
46007
45873
42728
44345
44501
46011
44972
43813
44214
45802
45199
44663
45510
45307
44714
44754
44874
45196
45977
45746
45633
45544
44589
44061
45520
44347
44714
44458
44955
45314
44472
44126
45463
45419
45742
46047
45161
45813
44663
44670
44544
42314
44785
45610
46590
46450
45418
42364
45779
46000
44722
42980
44581
43279
44010
45516
44347
45083
45126
44896
46351
45893
50486
48196
46813
46071
45785
45947
45510
46717
46991
46693
45316
46074
46953
46266
46749
43899
45003
44987
42763
45170
44541
46196
44944
46191
45688
44951
46421
46135
46850
44900
45154
46534
46324
46583
46010
46447
44425
45381
45711
45432
46074
45348
46001
45902
45186
43071
45622
46004
46153
46358
46229
45209
46792
46252
47187
44437
46570
46813
46761
46724
45819
45863
46358
46418
46359
46784
46414
46452
46443
47095
45541
45678
46275
47837
47224
46531
46009
46185
45820
46076
46643
44256
44380
44620
44402
45777
46548
48239
48164
46976
46869
45889
46525
46524
47042
47172
46327
45964
45856
46557
46757
46535
46542
46254
47422
45043
46843
46533
47337
45982
46257
47770
47474
46739
47840
47996
45112
45129
45342
45818
46129
44900
44966
46453
46699
46191
46074
45364
45770
45812
46331
46403
47213
47563
46150
46601
46162
46466
46146
43707
46619
46831
44460
47080
47629
47017
46956
46561
45972
47079
45914
47415
46675
47614
46440
47059
47004
47172
47268
44578
47101
46986
47156
44460
45657
46592
47126
47589
45299
45434
47681
45682
47221
44056
44504
45956
45933
46137
45324
46001
46174
44828
45944
46461
46962
46818
45551
45128
45372
43898
46619
45774
45550
45342
45991
47913
46329
45880
47170
47541
50340
48211
48131
48340
47669
47985
46083
47230
47680
47045
47537
46916
48692
47882
48185
48324
45812
45742
47238
47758
47211
44912
47943
47680
47719
47556
48121
48089
46917
48705
46125
48032
48344
47195
46268
48647
46068
46648
48727
48686
48531
48073
48102
46903
47596
48484
47629
48107
48073
47794
48101
47660
47645
48341
47834
48289
48861
48041
48237
47457
48057
48218
48422
48067
48614
46615
47882
47584
48415
47639
47192
48400
48315
47575
48165
48114
47787
48092
48600
48048
48051
47722
48761
48603
47733
47007
45965
47809
48294
48329
48004
47989
47511
48095
45764
48423
48221
48050
47967
47723
47797
44884
45124
47056
48076
47083
48477
48236
48111
43596
47747
48663
46987
48242
48412
48416
43014
45160
48652
48349
47020
48398
48282
48701
46726
48351
47817
47920
48219
48184
46778
46306
47524
46820
47236
44816
44296
46314
48226
47566
48122
47874
48359
47395
48315
46265
48127
48484
48869
48052
48179
48009
48470
47887
49051
47563
48179
46090
48063
48913
46602
48374
48838
48621
48736
48006
47422
46496
47335
47531
47925
45959
45254
45616
44400
45926
47481
47800
47493
47869
48225
48644
48023
48745
47966
48282
46140
48608
48583
48392
48252
47371
48056
47706
45424
46509
46087
47754
46494
48509
48679
50293
47733
46804
45596
45252
46705
47050
46783
45260
45937
46324
47575
46926
46776
46445
46562
47153
46691
46958
43318
45582
44675
44117
43109
44253
44465
45574
45652
45614
46108
47006
47261
45777
45710
46706
42718
42630
45773
44067
47314
46644
46643
41587
45881
46869
46089
46416
44380
45464
46516
46621
43145
47073
45556
45086
45126
44062
44210
44670
43805
46378
47422
45901
45311
45609
45109
45447
46817
46363
43715
46577
47443
47326
47214
47428
46751
46351
46361
46526
46594
46171
47541
46725
47140
46858
44761
47039
47330
46568
47695
46200
45980
46498
46875
46886
47316
46905
47114
46830
46799
47380
47063
46970
46932
47474
47070
46044
46202
46679
45109
46307
46641
45927
44993
47244
46788
46899
45404
45805
45782
46589
46443
47559
46495
45861
45470
45936
45711
45653
45907
46654
45899
46799
46141
45744
46019
44469
46477
43113
44566
46456
46589
46301
46457
45879
46425
47480
46142
46819
47492
45341
46290
47017
47798
46107
46582
46250
46902
46250
46042
45265
46749
46655
46808
46163
48209
47391
47763
47055
46423
46513
46521
46504
46563
46539
46431
43177
45387
46470
46968
47160
46633
46746
46340
46505
46043
46796
47204
47466
44937
48134
47204
47234
46255
47036
47276
46160
47468
46814
47697
47317
50479
49051
45359
46051
46607
45096
45514
45624
45827
45060
46626
46081
46913
47058
46161
46924
46968
47480
45984
47478
46658
46980
47150
46696
46775
47148
45721
47365
44404
44984
45707
44389
44876
46909
47330
45821
47128
47561
46987
46927
47494
46577
46764
42786
43264
47450
47802
46801
47054
47050
46937
47356
46177
46603
47596
46903
47526
46664
45354
45919
46005
46255
46836
45801
47561
46211
46293
45988
47245
46274
47359
47195
45910
47029
46754
45973
46982
47410
47260
47147
47616
47793
46792
46322
46040
46751
46877
47677
47911
47486
46609
46870
46584
46074
47012
45187
47449
48181
46915
47339
45860
45983
46636
44974
47292
46707
47599
46267
45801
46925
47941
46904
47426
46907
47514
45990
46457
46409
47310
45450
46271
47056
47616
47117
46885
46746
46080
45968
47338
47449
46743
47766
47751
47605
47969
46515
47173
47502
47155
47365
47069
46002
47041
45995
47223
47327
46530
47119
47769
46422
47224
47886
47061
48389
47180
46142
46413
47771
47948
45630
45323
45893
46446
47322
47682
45452
47879
47745
46927
47352
47825
48204
47818
47502
47436
48634
46072
48178
47905
47691
46735
46577
46275
47683
46760
45978
47797
47585
46051
48038
47957
48023
47877
47522
47205
47622
48182
48040
47695
47128
48043
50547
49370
47732
46776
47240
48104
48331
47273
48136
47704
48306
47610
46671
47781
48490
47715
48006
47447
47549
47635
47332
47836
48162
47986
48084
47580
47610
47610
46645
48492
48589
47855
47433
47571
48403
48181
47190
48101
47438
46786
47487
48101
46986
47527
47880
47246
47170
48351
48128
47853
48051
47743
47446
46807
48367
47451
47372
47832
48306
48239
47371
47778
47826
47866
47138
48139
47665
47354
48311
48329
48169
46365
48183
48124
47788
48540
47837
46452
47066
48527
48674
48524
47952
47354
48522
48441
48047
48205
46983
47049
47280
47859
47577
48106
48375
47660
47538
48168
47786
47987
47366
47330
47813
47075
48465
46894
48353
47554
45374
47319
48526
47990
48423
48284
47724
48165
47438
48357
48559
47464
48716
48085
48063
48569
48015
48180
47631
46713
47829
48376
46393
47650
47237
47296
48342
47499
48311
48050
47610
47843
48399
45268
48240
48324
47533
48312
47266
45031
48091
47801
48094
48780
48199
47768
48648
47660
47488
48128
48704
47432
48424
47849
47755
47989
47638
48409
48523
48389
47998
48135
48177
47814
48258
47946
48202
48529
48028
47913
47806
48209
46995
48325
47403
47680
47944
47353
48597
48380
47874
47723
47228
48208
48410
48043
44944
48244
48059
47866
48095
46902
48195
50558
48650
48763
49007
48773
48810
48479
48663
48834
49261
47817
47823
47985
48376
49058
48874
48622
48301
48689
47841
49189
48525
48525
48243
48961
49236
48457
48467
48265
48120
48709
49115
46139
48899
48735
48680
48386
48935
46833
49013
48752
48617
47857
49231
47546
48207
49222
48281
48183
48871
48981
48574
49044
48661
48710
48737
48411
48158
48696
48491
48861
48837
48765
48034
49125
48675
48344
46467
47571
48010
48517
48338
47862
48329
48529
48160
48497
47250
48177
48085
47723
48751
48846
48418
49091
48417
48946
48371
48161
48801
48763
48262
48721
47870
48274
48743
48275
48605
46069
46678
47988
48255
48799
48660
48623
48026
48090
48697
48957
48692
45652
48076
48291
48481
48962
48359
48082
48443
48509
48449
48949
47765
48540
48226
48537
47716
48691
48849
48127
48509
48387
48193
48441
48700
48621
49014
44987
48354
48618
48425
48561
48603
48655
47901
48434
48433
47730
48711
48117
48028
48074
48100
48652
47424
48202
47876
47688
48379
47250
48507
48967
48640
48541
48362
48726
48419
48727
49090
48887
49051
48429
48387
48887
49095
48678
48990
48552
48432
48075
47907
48646
48600
49062
48387
49035
47139
48140
48034
48091
49029
46912
48112
48563
48610
48641
48160
48236
48189
48964
49030
47523
50541
49498
48955
49242
48530
48698
48949
48887
48761
49012
48549
48596
49106
49038
48940
48713
48859
49214
48813
48425
48548
49229
48978
48826
48875
48396
49094
49137
48057
48732
48037
48646
48990
48757
49181
49089
49040
48938
49031
49024
49231
48132
48159
49072
49031
49121
49088
49057
48823
49097
47847
47721
48616
49049
48752
48985
48652
48868
48814
48974
48594
48750
49164
48512
49268
49324
48896
48914
48776
48787
48600
48454
48513
49429
49339
48981
49210
49290
48520
48618
49255
49233
49185
48917
48858
48963
49189
48952
48628
48889
48988
46524
47152
49079
47947
48517
49479
48821
49025
49284
49152
49423
48898
49206
48662
49184
49052
49127
47989
48717
48878
48885
49137
49190
49064
49576
48076
49350
48113
48201
47816
48141
48657
49026
49155
48605
49201
49284
48905
49244
49251
49072
48356
49244
49096
48959
49320
48693
48197
49494
48755
48326
49096
48904
47200
48709
49593
49315
48521
48320
48548
49172
48885
49158
49376
48709
49533
49292
49347
48563
49147
49200
48833
49190
49093
49340
48865
47581
48375
48657
49201
48998
48649
49434
49406
49219
49186
49277
48772
48590
49434
49184
49689
49226
48981
48839
49526
48671
48910
48739
49367
47864
48966
48230
49255
49113
48754
49565
48766
48638
49603
50549
49520
49352
49387
48575
49116
49008
48844
48475
48551
46982
49113
48973
48448
48671
48461
48727
48732
48857
48966
48804
48962
49058
48741
48738
49091
49290
49247
48557
49040
49043
48929
48757
48734
48665
48505
49194
48693
48118
48954
48866
48687
48162
49425
48736
49074
49073
49347
49140
48201
48845
49116
49181
49164
49035
48559
48921
48978
48791
48974
48970
48818
49203
48289
49139
49019
48286
49180
49305
49446
48671
48235
49100
48741
48584
48699
48761
49071
49243
49475
49213
49271
47683
49261
49067
49113
49299
48988
48632
48905
48806
49102
49027
48842
49267
49285
48238
49008
48878
49069
49271
49412
49159
49368
48631
48539
49212
49139
48696
49311
48878
49019
49224
46969
49101
49243
49223
49168
48958
48972
47857
49417
49244
48564
49368
49101
48395
49274
48946
49320
49307
48785
48343
48815
49150
48405
49390
48959
48599
48576
49474
48550
47971
49134
49264
48952
49137
48860
48590
49465
48298
49012
49235
49393
49208
48310
48730
49286
49227
48970
49317
48568
49197
48765
49069
49257
47927
48394
49166
48686
47421
47375
49182
48714
49028
48940
49325
49526
47971
49158
46427
48554
48876
49498
49182
49306
48549
49167
49063
49019
49271
49313
46360
48984
49246
49269
48573
47787
49289
49559
50552
49604
49664
49245
49192
49131
44360
48690
48692
49403
48874
49589
49323
49204
49385
48965
48641
49005
48670
49251
49156
49504
49032
49143
49086
49088
49291
49216
49766
48718
49455
49683
49620
49229
48147
49087
49122
49120
48962
49370
49267
48367
49320
47606
49612
49234
48384
48966
48906
49452
49324
49242
49483
49402
49393
48900
49725
49366
49082
49025
48676
48908
48762
49463
49471
48762
49329
49136
49037
49378
49245
47760
49049
49099
49504
49316
48729
49355
49173
49744
49760
49036
49208
49554
48975
49304
49387
49278
48510
49145
49492
49162
49197
49633
49208
48831
48993
49425
49396
48201
49964
48949
49184
49534
49635
49701
49338
49520
49287
48823
49275
48964
49518
49506
49483
49676
48464
49579
49490
49551
49390
49467
49227
47877
49369
49695
49304
49303
49539
49523
49587
49615
49546
49632
49624
49578
49268
49337
49822
48837
49631
49620
48911
49457
47348
49125
49444
48171
49157
49715
49260
49434
49384
49842
49530
49554
49581
49698
49575
49464
49401
49286
49158
49542
49597
49618
49756
49631
49808
49068
49581
49368
49610
49544
49403
47050
49061
49526
49743
49714
49490
49491
49632
49527
47400
49344
49496
49709
48793
49666
49280
49742
49634
49337
49653
49386
49561
49594
49448
49684
50087
50561
49733
49083
49104
49462
49044
49129
49457
49618
49460
49234
48915
49359
49522
49151
49424
49428
49627
49405
49132
49251
49555
49449
49443
48945
49401
49542
49478
49203
49305
49073
48768
49404
49342
49470
48852
49486
49357
49443
49206
49344
46993
49440
48996
49118
49321
48809
49337
49335
49089
49571
49508
49128
49095
49284
49374
49460
49602
49108
49328
49214
48895
49176
49148
49537
49224
49412
49711
48965
49311
49275
48579
48875
49365
48658
48815
49457
49600
49473
49585
49319
49610
49268
49118
49389
48506
49436
49757
49164
49276
49459
49268
49456
49601
49546
49602
49634
48719
49009
49349
49432
49475
49448
49491
49279
49523
49192
48884
49338
48790
49174
48901
49100
49470
49191
49394
49369
49175
49021
49246
48861
49315
49407
49364
49276
48897
49389
49345
49456
49621
48287
49579
49209
49028
49460
49520
49167
49571
49339
49293
49163
48631
49660
49385
49397
49182
49546
49512
49517
49427
49428
49285
49400
49690
49511
49634
49326
49424
49292
49041
49424
49249
49441
49725
49254
49533
49567
49357
49540
49291
49548
49489
49692
49284
49273
49413
49503
49544
49459
49579
48901
49245
49643
49717
49513
49263
49653
49207
49538
