None
None
None
None
None
None
None
None
None
None
None
None
None
None
None
None
None
None
None
None
None
None
None
None
None
None
None
None
None
None
None
None
None
None
None
None
None
None
None
None
None
None
None
None
None
None
None
None
None
None
None
None
None
None
None
None
None
None
None
None
None
None
None
None
None
None
None
0.9997000098228455
0.9994000792503357
0.9991001486778259
0.9987998008728027
0.9984983205795288
0.9981949329376221
0.9978898167610168
0.9975830912590027
0.9972757697105408
0.9969680905342102
0.9966598153114319
0.9963511228561401
0.9960423707962036
0.9957326650619507
0.9954231381416321
0.9951134920120239
0.9948066473007202
0.9945067167282104
0.9942057728767395
0.9939055442810059
0.9936045408248901
0.9933025240898132
0.9930008053779602
0.9926998019218445
0.9924003481864929
0.9921009540557861
0.9918038845062256
0.9915067553520203
0.9912108778953552
0.990915834903717
0.9906189441680908
0.9903236627578735
0.9900266528129578
0.9897283911705017
0.9894294142723083
0.989130437374115
0.9888308644294739
0.9885290861129761
0.9882256388664246
0.9879178404808044
0.9876056909561157
0.9872856736183167
0.9869576096534729
0.9866179823875427
0.9862684011459351
0.9859007000923157
0.9855128526687622
0.985105574131012
0.9846813678741455
0.9842429161071777
0.983802080154419
0.9833606481552124
0.9829246997833252
0.9824925065040588
0.9820606708526611
0.981630802154541
0.9811993837356567
0.9807671904563904
0.9803252816200256
0.9798685312271118
0.9794002771377563
0.9789230823516846
0.9784391522407532
0.9779501557350159
0.977457582950592
0.9769626259803772
0.9764662384986877
0.9759692549705505
0.9754723906517029
0.974976122379303
0.9744809865951538
0.973987340927124
0.9734955430030823
0.9730057716369629
0.972518265247345
0.9720332026481628
0.971550703048706
0.9710708856582642
0.9705938100814819
0.9701195359230042
0.9696480631828308
0.9691794514656067
0.9687137007713318
0.9682508111000061
0.9677907228469849
0.9673334360122681
0.9668788909912109
0.9664270877838135
0.9659779667854309
0.9655315279960632
0.9650876522064209
0.9646463394165039
0.9642075300216675
0.9637711644172668
0.9633371829986572
0.9629055261611938
0.9624761939048767
0.9620490670204163
0.9616241455078125
0.9612013101577759
0.9607805609703064
0.9603618383407593
0.9599451422691345
0.9595303535461426
0.9591174721717834
0.9587064385414124
0.9582971930503845
0.9578896760940552
0.9574838876724243
0.9570797681808472
0.956677258014679
0.9562763571739197
0.9558770060539246
0.9554791450500488
0.9550827741622925
0.9546878337860107
0.9542942643165588
0.9539020657539368
0.9535112380981445
0.9531217217445374
0.9527334570884705
0.9523464441299438
0.9519606828689575
0.9515761137008667
0.9511926770210266
0.950810432434082
0.9504292607307434
0.9500492215156555
0.9496702551841736
0.9492923021316528
0.9489194750785828
0.9485471844673157
0.9481754899024963
0.94780433177948
0.9474338293075562
0.9470639228820801
0.9466946721076965
0.9463260769844055
0.945958137512207
0.9455908536911011
0.9452242255210876
0.9448582530021667
0.9444929361343384
0.9441282749176025
0.943764328956604
0.943401038646698
0.9430384039878845
0.9426764249801636
0.9423151016235352
0.9419544339179993
0.9415943622589111
0.9412349462509155
0.9408761858940125
0.9405180215835571
0.9401604533195496
0.9398035407066345
0.9394472241401672
0.9390915036201477
0.9387363791465759
0.9383817911148071
0.9380277991294861
0.9376744031906128
0.9373215436935425
0.9369692206382751
0.9366174936294556
0.936266303062439
0.9359156489372253
0.9355654716491699
0.9352158308029175
0.934866726398468
0.9345180988311768
0.9341700077056885
0.9338223934173584
0.9334752559661865
0.9331285953521729
0.9327824115753174
0.9324367046356201
0.932091474533081
0.9317466616630554
0.931402325630188
0.931058406829834
0.9307149648666382
0.9303719401359558
0.9300293326377869
0.9296871423721313
0.9293453693389893
0.9290040135383606
0.9286630749702454
0.9283225536346436
0.9279824495315552
0.9276427030563354
0.9273033738136292
0.9269644021987915
0.9266258478164673
0.9262876510620117
0.9259498119354248
0.9256123304367065
0.9252752065658569
0.9249384999275208
0.9246020913124084
0.9242660403251648
0.9239303469657898
0.9235950112342834
0.9232600331306458
0.9229253530502319
0.9225910305976868
0.9222570061683655
0.9219233393669128
0.9215899705886841
0.921256959438324
0.9209242463111877
0.9205918312072754
0.9202597141265869
0.9199279546737671
0.9195964932441711
0.9192653298377991
0.9189344644546509
0.9186038970947266
0.9182736277580261
0.9179435968399048
0.9176148772239685
0.9172863364219666
0.9169579744338989
0.9166297912597656
0.9163018465042114
0.9159740805625916
0.9156465530395508
0.9153192043304443
0.914992094039917
0.914665162563324
0.9143384695053101
0.9140120148658752
0.9136857986450195
0.9133597612380981
0.9130339622497559
0.9127084016799927
0.9123830795288086
0.9120579957962036
0.911733090877533
0.9114084243774414
0.911083996295929
0.9107598066329956
0.9104357957839966
0.9101120233535767
0.9097884893417358
0.9094651937484741
0.9091420769691467
0.9088191986083984
0.9084965586662292
0.9081740975379944
0.9078518748283386
0.907529890537262
0.9072080850601196
0.9068865180015564
0.9065651297569275
0.9062439799308777
0.9059230089187622
0.9056022763252258
0.9052817225456238
0.9049614071846008
0.9046412706375122
0.9043213725090027
0.9040016531944275
0.9036821126937866
0.9033628106117249
0.9030436873435974
0.9027247428894043
0.9024060368537903
0.9020875096321106
0.9017691612243652
0.9014509916305542
0.9011330008506775
0.9008152484893799
0.9004976749420166
0.9001802802085876
0.899863064289093
0.8995460271835327
0.8992291688919067
0.8989124894142151
0.8985959887504578
0.8982796669006348
0.8979635238647461
0.8976475596427917
0.8973317742347717
0.897016167640686
0.8967007398605347
0.8963854908943176
0.8960704207420349
0.8957555294036865
0.8954408168792725
0.895126223564148
0.8948118090629578
0.8944975733757019
0.8941835165023804
0.8938695788383484
0.8935558199882507
0.8932422399520874
0.8929288387298584
0.892615556716919
0.8923024535179138
0.891989529132843
0.8916767239570618
0.8913640975952148
0.8910516500473022
0.8907393217086792
0.8904271721839905
0.8901151418685913
0.8898032903671265
0.889491617679596
0.889180064201355
0.8888686895370483
0.8885574340820312
0.8882463574409485
0.8879354000091553
0.8876246213912964
0.887313961982727
0.887003481388092
0.8866931200027466
0.8863828778266907
0.8860728144645691
0.8857628703117371
0.8854531049728394
0.8851434588432312
0.8848339319229126
0.8845245838165283
0.8842153549194336
0.8839062452316284
0.8835973143577576
0.8832885026931763
0.8829798102378845
0.8826712965965271
0.8823629021644592
0.8820546269416809
0.8817464709281921
0.8814384937286377
0.8811306357383728
0.8808228969573975
0.8805152773857117
0.8802077770233154
0.8799004554748535
0.8795932531356812
0.8792861700057983
0.8789792060852051
0.8786723613739014
0.8783656358718872
0.8780590891838074
0.8777526617050171
0.8774463534355164
0.8771401643753052
0.8768340945243835
0.8765281438827515
0.8762223124504089
0.875916600227356
0.8756110072135925
0.8753055334091187
0.8750001788139343
0.8746949434280396
0.8743898272514343
0.8740848302841187
0.8737799525260925
0.873475193977356
0.8731705546379089
0.8728660345077515
0.8725616335868835
0.8722573518753052
0.8719531893730164
0.8716491460800171
0.8713452219963074
0.8710414171218872
0.8707377314567566
0.8704341650009155
0.870130717754364
0.869827389717102
0.8695241808891296
0.8692210912704468
0.8689180612564087
0.8686151504516602
0.8683123588562012
0.8680096864700317
0.8677071332931519
0.8674046993255615
0.8671023845672607
0.8668001294136047
0.8664979934692383
0.8661959767341614
0.865894079208374
0.8655923008918762
0.865290641784668
0.8649890422821045
0.8646875619888306
0.8643862009048462
0.8640849590301514
0.8637837767601013
0.8634827136993408
0.8631817698478699
0.8628809452056885
0.8625801801681519
0.8622795343399048
0.8619790077209473
0.8616786003112793
0.8613782525062561
0.8610780239105225
0.8607779145240784
0.8604779243469238
0.8601779937744141
0.8598781824111938
0.8595784902572632
0.8592788577079773
0.858979344367981
0.8586799502372742
0.8583806157112122
0.8580814003944397
0.8577823042869568
0.8574832677841187
0.8571843504905701
0.856885552406311
0.8565868139266968
0.8562881946563721
0.8559896945953369
0.8556912541389465
0.8553929328918457
0.8550946712493896
0.8547965288162231
0.8544985055923462
0.854200541973114
0.8539026975631714
0.8536049127578735
0.8533072471618652
0.8530097007751465
0.8527122139930725
0.8524148464202881
0.8521175384521484
0.8518203496932983
0.851523220539093
0.8512262105941772
0.850929319858551
0.8506324887275696
0.8503357768058777
0.8500391244888306
0.849742591381073
0.8494461178779602
0.849149763584137
0.8488534688949585
0.8485572934150696
0.8482611775398254
0.8479651808738708
0.847669243812561
0.8473734259605408
0.8470776677131653
0.8467820286750793
0.8464864492416382
0.8461909890174866
0.8458955883979797
0.8456037044525146
0.8453115820884705
0.8450192213058472
0.8447266817092896
0.8444339632987976
0.8441410660743713
0.8438480496406555
0.8435549736022949
0.8432617783546448
0.8429685235023499
0.8426752090454102
0.8423818945884705
0.8420888781547546
0.841795802116394
0.8415026664733887
0.8412095308303833
0.8409163951873779
0.8406295776367188
0.840342104434967
0.8400540351867676
0.8397654891014099
0.839476466178894
0.8391870856285095
0.8388973474502563
0.8386079668998718
0.8383182287216187
0.8380282521247864
0.8377379775047302
0.8374475240707397
0.8371568322181702
0.836866021156311
0.8365750312805176
0.8362839221954346
0.8359927535057068
0.8357015252113342
0.8354101777076721
0.83511883020401
0.8348274230957031
0.8345360159873962
0.8342445492744446
0.8339530825614929
0.8336616158485413
0.8333702087402344
0.8330788016319275
0.8327873945236206
0.8324960470199585
0.8322046995162964
0.831913411617279
0.8316221833229065
0.8313309550285339
0.8310397863388062
0.8307486772537231
0.8304576277732849
0.8301666378974915
0.8298757076263428
0.8295848369598389
0.8292940258979797
0.8290032744407654
0.8287125825881958
0.828421950340271
0.828131377696991
0.8278409242630005
0.8275505304336548
0.8272601962089539
0.8269699215888977
0.8266797065734863
0.8263895511627197
0.8260995149612427
0.8258095383644104
0.8255196213722229
0.8252297639846802
0.8249399662017822
0.8246502876281738
0.8243606686592102
0.8240711092948914
0.8237816095352173
0.8234922289848328
0.82320636510849
0.8229202628135681
0.8226338624954224
0.8223472833633423
0.8220605254173279
0.8217735886573792
0.8214865326881409
0.821199357509613
0.8209120631217957
0.8206247091293335
0.8203372955322266
0.8200498223304749
0.8197622895240784
0.8194747567176819
0.8191871643066406
0.8188995718955994
0.8186119794845581
0.8183243870735168
0.8180368542671204
0.8177493214607239
0.8174617886543274
0.8171743154525757
0.816886842250824
0.816599428653717
0.8163120746612549
0.8160247206687927
0.8157374262809753
0.8154501914978027
0.8151630163192749
0.8148759007453918
0.8145887851715088
0.8143017292022705
0.814014732837677
0.8137277960777283
0.8134409189224243
0.8131541013717651
0.8128673434257507
0.8125806450843811
0.812294065952301
0.8120075464248657
0.8117210865020752
0.8114346861839294
0.8111483454704285
0.8108620643615723
0.8105758428573608
0.8102896809577942
0.8100071549415588
0.8097243309020996
0.8094412684440613
0.8091615438461304
0.8088812232017517
0.8086004257202148
0.8083192110061646
0.8080375790596008
0.8077555894851685
0.8074788451194763
0.8072012662887573
0.806922972202301
0.8066440224647522
0.8063644766807556
0.806084394454956
0.8058038353919983
0.8055228590965271
0.8052415251731873
0.8049598932266235
0.8046779632568359
0.8043957948684692
0.8041133880615234
0.8038308024406433
0.8035480380058289
0.8032651543617249
0.8029821515083313
0.8026990294456482
0.8024158477783203
0.8021326065063477
0.8018493056297302
0.801565945148468
0.8012825846672058
0.8009991645812988
0.8007157444953918
0.8004323244094849
0.8001489043235779
0.7998654842376709
0.7995820641517639
0.7992987036705017
0.7990153431892395
0.7987319827079773
0.7984486818313599
0.7981654405593872
0.7978821992874146
0.7975990176200867
0.7973158955574036
0.7970327734947205
0.7967508435249329
0.7964688539505005
0.7961868047714233
0.7959046959877014
0.7956225872039795
0.7953404784202576
0.7950583100318909
0.7947761416435242
0.7944939732551575
0.7942118048667908
0.7939296960830688
0.7936475872993469
0.793365478515625
0.7930834293365479
0.7928013801574707
0.7925193905830383
0.792237401008606
0.7919554710388184
0.7916736006736755
0.7913917899131775
0.7911099791526794
0.7908282279968262
0.7905465364456177
0.790264904499054
0.789983332157135
0.7897018194198608
0.7894203066825867
0.7891388535499573
0.7888574600219727
0.7885761260986328
0.7882948517799377
0.7880136370658875
0.7877324819564819
0.7874513864517212
0.7871703505516052
0.786889374256134
0.7866084575653076
0.786327600479126
0.7860468029975891
0.785766065120697
0.7854853868484497
0.7852047681808472
0.7849242091178894
0.7846437096595764
0.7843632698059082
0.7840828895568848
0.7838025689125061
0.7835223078727722
0.7832421064376831
0.7829619646072388
0.7826818823814392
0.7824018597602844
0.7821218967437744
0.7818419933319092
0.7815621495246887
0.781282365322113
0.7810026407241821
0.780722975730896
0.7804433703422546
0.7801638245582581
0.779884397983551
0.7796050310134888
0.7793257236480713
0.7790464758872986
0.7787672877311707
0.7784881591796875
0.7782090902328491
0.7779300808906555
0.7776511311531067
0.7773722410202026
0.7770934104919434
0.7768146395683289
0.7765359282493591
0.7762572765350342
0.775978684425354
0.7757001519203186
0.775421679019928
0.7751432657241821
0.774864912033081
0.7745866179466248
0.7743083834648132
0.7740302085876465
0.7737520933151245
0.7734740376472473
0.7731960415840149
0.7729181051254272
0.7726402282714844
0.7723624110221863
0.772084653377533
0.7718069553375244
0.7715293169021606
0.7712517380714417
0.7709742188453674
0.770696759223938
0.7704193592071533
0.7701420187950134
0.7698647379875183
0.769587516784668
0.7693103551864624
0.7690332531929016
0.7687562108039856
0.7684792280197144
0.7682023048400879
0.7679254412651062
0.7676486372947693
0.7673718333244324
0.7670950889587402
0.7668184041976929
0.7665417790412903
0.7662652134895325
0.7659887075424194
0.7657122611999512
0.7654358744621277
0.765159547328949
0.764883279800415
0.7646070718765259
0.7643309235572815
0.7640548348426819
0.763778805732727
0.763502836227417
0.7632269263267517
0.7629510760307312
0.7626752853393555
0.7623995542526245
0.7621238827705383
0.7618482708930969
0.7615727186203003
0.7612972259521484
0.7610217928886414
0.760746419429779
0.7604711055755615
0.7601958513259888
0.7599206566810608
0.7596455216407776
0.7593703866004944
0.759095311164856
0.7588202953338623
0.7585453391075134
0.7582704424858093
0.75799560546875
0.7577208280563354
0.7574461102485657
0.7571714520454407
0.7568968534469604
0.756622314453125
0.7563478350639343
0.7560755610466003
0.755803108215332
0.7555305361747742
0.7552578449249268
0.7549850344657898
0.7547121644020081
0.754440188407898
0.7541680335998535
0.7538957595825195
0.753623366355896
0.7533508539199829
0.753078281879425
0.7528056502342224
0.752532958984375
0.7522602081298828
0.7519873976707458
0.7517145872116089
0.7514417171478271
0.7511688470840454
0.7508959770202637
0.7506231069564819
0.7503502368927002
0.7500773668289185
0.7498045563697815
0.7495317459106445
0.7492589354515076
0.7489861845970154
0.7487134337425232
0.7484407424926758
0.7481680512428284
0.7478954195976257
0.7476227879524231
0.7473502159118652
0.7470777034759521
0.7468052506446838
0.7465327978134155
0.746260404586792
0.7459880709648132
0.7457157969474792
0.7454435229301453
0.745171308517456
0.7448991537094116
0.744627058506012
0.7443550229072571
0.7440829873085022
0.7438110113143921
0.7435390949249268
0.7432672381401062
0.7429954409599304
0.7427237033843994
0.7424520254135132
0.742180347442627
0.7419087290763855
0.7416371703147888
0.7413656711578369
0.7410942316055298
0.7408228516578674
0.7405515313148499
0.740280270576477
0.740009069442749
0.739737868309021
0.7394667267799377
0.7391956448554993
0.7389246225357056
0.7386536598205566
0.7383827567100525
0.7381119132041931
0.7378411293029785
0.7375704050064087
0.7372996807098389
0.7370290160179138
0.7367584109306335
0.736487865447998
0.7362173795700073
0.7359469532966614
0.7356765866279602
0.7354062795639038
0.7351360321044922
0.7348658442497253
0.7345956563949585
0.7343255281448364
0.7340554594993591
0.7337854504585266
0.7335155010223389
0.7332456111907959
0.7329757809638977
0.7327060103416443
0.7324362993240356
0.732166588306427
0.7318969368934631
0.731627345085144
0.7313578128814697
0.7310883402824402
0.7308189272880554
0.7305495738983154
0.7302802801132202
0.7300110459327698
0.7297418117523193
0.7294726371765137
0.7292035222053528
0.7289344668388367
0.7286654710769653
0.7283965349197388
0.728127658367157
0.72785884141922
0.727590024471283
0.7273212671279907
0.7270525693893433
0.7267839312553406
0.7265153527259827
0.7262468338012695
0.7259783744812012
0.7257099747657776
0.725441575050354
0.7251732349395752
0.7249049544334412
0.7246367335319519
0.7243685722351074
0.7241004705429077
0.7238324284553528
0.7235644459724426
0.7232964634895325
0.7230285406112671
0.7227606773376465
0.7224928736686707
0.7222251296043396
0.7219574451446533
0.7216898202896118
0.7214221954345703
0.7211546301841736
0.7208871245384216
0.7206196784973145
0.720352292060852
0.7200849652290344
0.7198176980018616
0.7195504903793335
0.7192832827568054
0.7190161347389221
0.7187490463256836
0.7184820175170898
0.7182150483131409
0.7179481387138367
0.7176812887191772
0.7174144387245178
0.7171476483345032
0.7168809175491333
0.7166142463684082
0.7163476347923279
0.7160810828208923
0.7158145904541016
0.7155480980873108
0.7152816653251648
0.7150152921676636
0.7147489786148071
0.7144827246665955
0.7142165303230286
0.7139503955841064
0.7136842608451843
0.713418185710907
0.7131521701812744
0.7128862142562866
0.7126203179359436
0.7123544812202454
0.7120887041091919
0.7118229269981384
0.7115572094917297
0.7112915515899658
0.7110259532928467
0.7107604146003723
0.7104949355125427
0.7102294564247131
0.7099640369415283
0.7096986770629883
0.709433376789093
0.7091681361198425
0.7089029550552368
0.7086378335952759
0.7083727121353149
0.7081076502799988
0.7078426480293274
0.7075777053833008
0.707312822341919
0.7070479989051819
0.7067831754684448
0.7065184116363525
0.706253707408905
0.7059890627861023
0.7057244777679443
0.7054599523544312
0.7051954865455627
0.7049310207366943
0.7046666145324707
0.7044022679328918
0.7041379809379578
0.7038737535476685
0.7036095857620239
0.7033454179763794
0.7030813097953796
0.7028172612190247
0.7025532722473145
0.702289342880249
0.7020254731178284
0.7017616033554077
0.7014977931976318
0.7012340426445007
0.7009703516960144
0.7007067203521729
0.7004431486129761
0.7001795768737793
0.6999160647392273
0.6996526122093201
0.6993892192840576
0.6991258859634399
0.698862612247467
0.6985993385314941
0.698336124420166
0.6980729699134827
0.6978098750114441
0.6975468397140503
0.6972838640213013
0.6970208883285522
0.696757972240448
0.6964951157569885
0.6962323188781738
0.6959695816040039
0.6957069039344788
0.6954442262649536
0.6951816082000732
0.6949190497398376
0.6946565508842468
0.6943941116333008
0.6941316723823547
0.6938692927360535
0.693606972694397
0.6933447122573853
0.6930825114250183
0.6928203701972961
0.692558228969574
0.6922961473464966
0.692034125328064
0.6917721629142761
0.6915102601051331
0.6912484169006348
0.6909865736961365
0.690724790096283
0.6904630661010742
0.6902014017105103
0.6899397969245911
0.6896781921386719
0.6894172430038452
0.6891562938690186
0.6888953447341919
0.6886370778083801
0.6883785724639893
0.6881226897239685
0.6878663301467896
0.6876095533370972
0.6873523592948914
0.6870948076248169
0.6868369579315186
0.6865788102149963
0.686320424079895
0.6860617995262146
0.6858029961585999
0.6855440139770508
0.6852849125862122
0.685025691986084
0.6847663521766663
0.6845069527626038
0.6842474341392517
0.6839878559112549
0.6837282180786133
0.6834685802459717
0.6832088828086853
0.6829491257667542
0.682689368724823
0.6824296116828918
0.6821698546409607
0.6819100975990295
0.6816503405570984
0.6813905835151672
0.6811308264732361
0.6808711290359497
0.6806115508079529
0.680351972579956
0.6800946593284607
0.679837167263031
0.679579496383667
0.6793216466903687
0.6790636777877808
0.6788055896759033
0.6785473823547363
0.6782890558242798
0.6780306696891785
0.6777722239494324
0.6775137186050415
0.6772551536560059
0.6769965887069702
0.6767379641532898
0.6764793395996094
0.676220715045929
0.6759620904922485
0.6757102608680725
0.675457775592804
0.6752046942710876
0.6749534606933594
0.674701452255249
0.6744487881660461
0.6741955876350403
0.6739418506622314
0.6736876368522644
0.6734330058097839
0.6731780171394348
0.6729227304458618
0.6726671457290649
0.6724112629890442
0.6721585392951965
0.6719052791595459
0.6716515421867371
0.6713973879814148
0.6711428165435791
0.6708879470825195
0.6706327795982361
0.6703773140907288
0.6701216101646423
0.6698657274246216
0.6696096658706665
0.6693534255027771
0.6690970659255981
0.6688405871391296
0.6685839891433716
0.6683273315429688
0.6680706143379211
0.6678138375282288
0.6675570011138916
0.6673001050949097
0.6670432090759277
0.666786253452301
0.6665292978286743
0.6662723422050476
0.6660153865814209
0.6657584309577942
0.6655014753341675
0.6652445197105408
0.6649875640869141
0.6647306084632874
0.6644737124443054
0.6642168164253235
0.6639599800109863
0.6637031435966492
0.663446307182312
0.6631895303726196
0.662932813167572
0.6626760959625244
0.6624194383621216
0.6621627807617188
0.6619061827659607
0.6616496443748474
0.6613931059837341
0.6611366271972656
0.6608802080154419
0.6606237888336182
0.6603674292564392
0.660111129283905
0.6598572731018066
0.6596031785011292
0.6593489646911621
0.6590945720672607
0.6588400602340698
0.6585854291915894
0.6583306789398193
0.6580860018730164
0.6578401923179626
0.6575955152511597
0.6573612689971924
0.6571353673934937
0.6569115519523621
0.6566845774650574
0.6564643979072571
0.6562542915344238
0.6560535430908203
0.6558570265769958
0.6556545495986938
0.6554467678070068
0.6552397012710571
0.6550284624099731
0.654812753200531
0.6545988917350769
0.654391884803772
0.6541799902915955
0.6539637446403503
0.6537435054779053
0.6535197496414185
0.6532927751541138
0.6530629396438599
0.6528305411338806
0.6525985598564148
0.6523642539978027
0.6521278023719788
0.651889443397522
0.6516493558883667
0.6514127850532532
0.6511743068695068
0.6509341597557068
0.6506924629211426
0.6504493951797485
0.6502114534378052
0.6499717831611633
0.6497305631637573
0.6494879722595215
0.6492440700531006
0.6489990949630737
0.6487531065940857
0.648506224155426
0.6482619643211365
0.6480222940444946
0.6477916836738586
0.6475719809532166
0.6473562717437744
0.6471366286277771
0.6469134092330933
0.6466907858848572
0.6464648842811584
0.6462361216545105
0.6460047364234924
0.6457709670066833
0.6455351114273071
0.6452973484992981
0.6450578570365906
0.6448183059692383
0.6445772647857666
0.6443348526954651
0.6440911889076233
0.6438493728637695
0.6436062455177307
0.6433658599853516
0.6431356072425842
0.6429124474525452
0.6426861882209778
0.6424645185470581
0.6422495245933533
0.6420431733131409
0.641833484172821
0.6416193246841431
0.6414156556129456
0.64122474193573
0.6410467028617859
0.6408801674842834
0.6407215595245361
0.6405532956123352
0.6403791308403015
0.6402087807655334
0.6400470733642578
0.6398929953575134
0.6397428512573242
0.6395882368087769
0.6394235491752625
0.6392622590065002
0.6391042470932007
0.6389498710632324
0.6387853622436523
0.6386132836341858
0.6384400129318237
0.6382585167884827
0.6380696296691895
0.6378880143165588
0.6376990079879761
0.6375033259391785
0.6373016238212585
0.6370987296104431
0.6369002461433411
0.6367045044898987
0.636502742767334
0.6362956166267395
0.6360889673233032
0.6358910799026489
0.6356987953186035
0.6355042457580566
0.6353117823600769
0.6351262927055359
0.6349526643753052
0.6347901225090027
0.6346340775489807
0.6344850659370422
0.6343253254890442
0.6341707706451416
0.6340222358703613
0.6338801980018616
0.6337458491325378
0.6336197257041931
0.6335033774375916
0.633396565914154
0.633298397064209
0.6332070231437683
0.6331195831298828
0.6330326795578003
0.6329400539398193
0.6328355073928833
0.6327331066131592
0.632633626461029
0.6325364708900452
0.632437527179718
0.6323297619819641
0.632216215133667
0.6320981383323669
0.6319659948348999
0.6318244338035583
0.6316852569580078
0.6315435767173767
0.6313902139663696
0.6312267184257507
0.6310659646987915
0.630913496017456
0.6307684779167175
0.6306280493736267
0.6304757595062256
0.6303128004074097
0.6301477551460266
0.6299898624420166
0.6298370361328125
0.6296842694282532
0.629520833492279
0.6293631196022034
0.6292115449905396
0.6290654540061951
0.6289216876029968
0.6287663578987122
0.6286147832870483
0.6284642219543457
0.62832111120224
0.6281855702400208
0.6280550360679626
0.6279208064079285
0.6277740001678467
0.6276327967643738
0.6275010704994202
0.6273782849311829
0.6272635459899902
0.6271549463272095
0.6270481944084167
0.6269347071647644
0.6268064379692078
0.6266804337501526
0.6265565156936646
0.6264369487762451
0.6263182163238525
0.6261910796165466
0.6260505318641663
0.625917375087738
0.6257916688919067
0.6256735920906067
0.6255605220794678
0.6254483461380005
0.6253358721733093
0.6252089738845825
0.6250864267349243
0.6249688267707825
0.6248542070388794
0.6247379779815674
0.6246190071105957
0.6244996786117554
0.6243817806243896
0.6242587566375732
0.624122142791748
0.6239882111549377
0.6238542795181274
0.6237154006958008
0.6235640645027161
0.6234201788902283
0.6232851147651672
0.623158872127533
0.6230392456054688
0.6229186654090881
0.6227952241897583
0.6226577162742615
0.6225226521492004
0.6223942637443542
0.6222703456878662
0.6221514940261841
0.6220318078994751
0.6219020485877991
0.621772289276123
0.6216406226158142
0.6215016841888428
0.6213601231575012
0.6212215423583984
0.621086835861206
0.620952308177948
0.6208140850067139
0.6206774115562439
0.6205453276634216
0.6204177141189575
0.6202763319015503
0.6201382875442505
0.6199874877929688
0.6198252439498901
0.6196600198745728
0.6194884777069092
0.6193075776100159
0.6191182136535645
0.6189212799072266
0.6187174916267395
0.6185199022293091
0.6183155179023743
0.6181050539016724
0.6178988218307495
0.6176874041557312
0.6174865961074829
0.6172888278961182
0.6170966625213623
0.6169136166572571
0.6167352199554443
0.6165552139282227
0.6163740158081055
0.616199791431427
0.6160316467285156
0.6158538460731506
0.61568284034729
0.6155178546905518
0.6153600215911865
0.6152083873748779
0.6150453686714172
0.6148812174797058
0.614723265171051
0.6145636439323425
0.6143951416015625
0.6142204999923706
0.6140443682670593
0.613859236240387
0.6136661171913147
0.6134656667709351
0.6132586598396301
0.6130457520484924
0.6128427982330322
0.6126335859298706
0.6124305725097656
0.6122212409973145
0.6120213270187378
0.6118308901786804
0.6116511821746826
0.6114817261695862
0.6113126277923584
0.6111338138580322
0.6109597086906433
0.6107955574989319
0.6106402277946472
0.6104859709739685
0.6103204488754272
0.6101633310317993
0.61000657081604
0.6098557710647583
0.6097016930580139
0.6095489263534546
0.6094012260437012
0.6092602610588074
0.6091264486312866
0.6089967489242554
0.6088533401489258
0.6087124347686768
0.6085588932037354
0.6083939671516418
0.608218789100647
0.6080424189567566
0.6078659892082214
0.6076923608779907
0.6075093746185303
0.6073389053344727
0.6071775555610657
0.6070250272750854
0.6068768501281738
0.6067166924476624
0.606550395488739
0.6063891053199768
0.6062366962432861
0.606090784072876
0.6059327125549316
0.6057636737823486
0.6055847406387329
0.6053969264030457
0.6052011251449585
0.6050098538398743
0.6048109531402588
0.6046051979064941
0.6043932437896729
0.6041783094406128
0.6039581298828125
0.6037359237670898
0.6035091876983643
0.6032863855361938
0.6030632257461548
0.6028484106063843
0.6026283502578735
0.6024131774902344
0.602192759513855
0.6019752621650696
0.601752758026123
0.6015257835388184
0.6012948155403137
0.6010602116584778
0.6008223295211792
0.6005815863609314
0.600350022315979
0.6001220941543579
0.5999040603637695
0.5996811389923096
0.5994538068771362
0.5992311835289001
0.5990175604820251
0.5988075137138367
0.5985925197601318
0.5983805656433105
0.5981720089912415
0.5979655385017395
0.5977529883384705
0.5975350141525269
0.5973121523857117
0.5970848798751831
0.5968688130378723
0.5966486930847168
0.5964363813400269
0.5962218642234802
0.596011221408844
0.5958092212677002
0.5956007242202759
0.5953864455223083
0.5951828956604004
0.5949899554252625
0.5948031544685364
0.5946083664894104
0.5944118499755859
0.5942252278327942
0.5940460562705994
0.5938746333122253
0.5936936736106873
0.5935170650482178
0.5933479070663452
0.5931799411773682
0.5930020809173584
0.592825174331665
0.5926560163497925
0.5924937129020691
0.5923209190368652
0.5921564698219299
0.5920024514198303
0.5918575525283813
0.591720461845398
0.5915703177452087
0.5914205312728882
0.591276228427887
0.5911341905593872
0.5909795761108398
0.5908136963844299
0.5906379818916321
0.5904530882835388
0.5902623534202576
0.5900768041610718
0.5898926258087158
0.5897080898284912
0.5895152688026428
0.5893265008926392
0.5891487002372742
0.5889626145362854
0.5887683629989624
0.588566780090332
0.5883718132972717
0.5881695747375488
0.5879608392715454
0.5877462029457092
0.587526261806488
0.5873016119003296
0.5870726704597473
0.5868399143218994
0.5866037011146545
0.5863697528839111
0.5861433148384094
0.585912823677063
0.5856866836547852
0.5854564309120178
0.5852225422859192
0.5849853157997131
0.5847597718238831
0.5845348238945007
0.5843056440353394
0.5840854644775391
0.5838753581047058
0.5836595296859741
0.583439826965332
0.5832154154777527
0.5829867720603943
0.582754373550415
0.5825185179710388
0.582279622554779
0.5820379853248596
0.5818065404891968
0.5815792083740234
0.5813480019569397
0.5811132788658142
0.5808753967285156
0.5806347131729126
0.5803914666175842
0.5801459550857544
0.5798983573913574
0.5796489715576172
0.5793979167938232
0.5791568160057068
0.5789236426353455
0.5786871910095215
0.5784634947776794
0.5782533884048462
0.5780549645423889
0.577849805355072
0.577638566493988
0.5774219036102295
0.5772003531455994
0.5769743919372559
0.5767526030540466
0.5765356421470642
0.576313853263855
0.5760876536369324
0.5758575797080994
0.5756239295005798
0.5753876566886902
0.5751485228538513
0.5749067664146423
0.5746626853942871
0.5744165182113647
0.574184775352478
0.5739536285400391
0.5737190842628479
0.5734815001487732
0.573250412940979
0.5730220079421997
0.5727899670600891
0.5725648999214172
0.5723439455032349
0.5721185803413391
0.5718892812728882
0.5716696381568909
0.5714638829231262
0.5712589025497437
0.571050763130188
0.570852518081665
0.570647656917572
0.5704368352890015
0.5702206492424011
0.569999635219574
0.5697742700576782
0.5695476531982422
0.5693172216415405
0.5690834522247314
0.568856418132782
0.5686256885528564
0.5683916211128235
0.568154513835907
0.5679147243499756
0.5676725506782532
0.5674281716346741
0.5671870708465576
0.5669437050819397
0.5666983127593994
0.5664511322975159
0.5662022829055786
0.5659521222114563
0.5657098293304443
0.5654808878898621
0.5652610063552856
0.5650367736816406
0.5648197531700134
0.564614474773407
0.5644033551216125
0.5641880035400391
0.5639798045158386
0.5637838840484619
0.5636011362075806
0.5634278655052185
0.5632491111755371
0.5630699992179871
0.5628949403762817
0.5627246499061584
0.5625575184822083
0.5623807311058044
0.5622036457061768
0.5620179176330566
0.5618313550949097
0.5616371035575867
0.5614359378814697
0.5612411499023438
0.5610395073890686
0.5608379244804382
0.5606316328048706
0.5604196190834045
0.5602024793624878
0.5599806904792786
0.5597547888755798
0.5595251321792603
0.5592921376228333
0.5590633749961853
0.5588384866714478
0.5586097836494446
0.5583808422088623
0.5581583976745605
0.5579404830932617
0.5577291250228882
0.5575125813484192
0.5573011636734009
0.557091236114502
0.5568760633468628
0.5566572546958923
0.5564396977424622
0.5562306046485901
0.5560225248336792
0.5558162331581116
0.5556198358535767
0.555431067943573
0.5552382469177246
0.5550447702407837
0.5548608303070068
0.5546708106994629
0.5544735193252563
0.5542696714401245
0.5540696978569031
0.5538685321807861
0.5536612272262573
0.5534483790397644
0.55323326587677
0.5530214309692383
0.5528057217597961
0.5525981187820435
0.5523850321769714
0.5521745085716248
0.5519587397575378
0.5517512559890747
0.5515382885932922
0.5513203740119934
0.5511173605918884
0.550925076007843
0.5507426857948303
0.5505651235580444
0.5503790974617004
0.5501977801322937
0.550022542476654
0.5498578548431396
0.549690306186676
0.5495132803916931
0.5493434071540833
0.5491802096366882
0.5490083694458008
0.5488274693489075
0.5486488938331604
0.5484796166419983
0.5483150482177734
0.5481406450271606
0.5479643940925598
0.5477913618087769
0.5476213693618774
0.5474420785903931
0.547260582447052
0.5470791459083557
0.5468995571136475
0.5467272996902466
0.5465598702430725
0.5463979244232178
0.5462425351142883
0.5460945963859558
0.545952320098877
0.5458132028579712
0.5456616282463074
0.5454989075660706
0.5453261733055115
0.5451490879058838
0.5449633598327637
0.5447717308998108
0.5445767045021057
0.5443748235702515
0.5441760420799255
0.5439887642860413
0.5437939167022705
0.5436017513275146
0.5434121489524841
0.543216347694397
0.543013870716095
0.5428053140640259
0.5425913333892822
0.542389988899231
0.5421852469444275
0.541974663734436
0.5417782664299011
0.5415952801704407
0.5414189696311951
0.5412375926971436
0.5410481095314026
0.5408512949943542
0.5406482815742493
0.5404567718505859
0.5402722954750061
0.5400800108909607
0.5398968458175659
0.5397216081619263
0.5395410060882568
0.5393521785736084
0.5391721129417419
0.5390017628669739
0.5388221740722656
0.5386379361152649
0.5384521484375
0.5382714867591858
0.5380976796150208
0.5379149913787842
0.5377242565155029
0.537545382976532
0.5373727679252625
0.5372072458267212
0.5370320081710815
0.5368559956550598
0.5366848707199097
0.5365219712257385
0.5363672375679016
0.5362138748168945
0.5360495448112488
0.5358899235725403
0.5357398986816406
0.5355947613716125
0.5354392528533936
0.5352784991264343
0.5351219773292542
0.5349547863006592
0.5347779989242554
0.5345931053161621
0.5344004034996033
0.5342006683349609
0.53400057554245
0.5337942242622375
0.5335822105407715
0.5333650708198547
0.5331433415412903
0.5329174995422363
0.5326886773109436
0.5324564576148987
0.5322335958480835
0.5320068001747131
0.5317764282226562
0.5315541625022888
0.5313384532928467
0.5311180353164673
0.5309025645256042
0.5306873321533203
0.5304673910140991
0.530254602432251
0.5300381183624268
0.5298319458961487
0.5296201705932617
0.5294033288955688
0.529181957244873
0.528965950012207
0.5287600159645081
0.5285516381263733
0.5283378958702087
0.5281347632408142
0.5279418230056763
0.5277419686317444
0.5275429487228394
0.5273376107215881
0.5271266102790833
0.5269105434417725
0.5267044305801392
0.526492714881897
0.5262784361839294
0.5260710120201111
0.5258650183677673
0.5256674289703369
0.5254634618759155
0.5252686738967896
0.525084376335144
0.5248923301696777
0.5246933102607727
0.5244975686073303
0.5242999196052551
0.5241054892539978
0.523910641670227
0.5237091183662415
0.5235015749931335
0.5232886672019958
0.5230768918991089
0.5228620171546936
0.5226424932479858
0.5224274396896362
0.5222126245498657
0.5219931602478027
0.5217695236206055
0.5215421319007874
0.521311342716217
0.521077573299408
0.5208410620689392
0.5206084847450256
0.5203825235366821
0.5201531052589417
0.5199258327484131
0.519709050655365
0.519503653049469
0.5192927122116089
0.5190780162811279
0.5188587307929993
0.5186353325843811
0.5184082388877869
0.518189013004303
0.5179656744003296
0.5177386403083801
0.5175244212150574
0.5173220038414001
0.5171293020248413
0.5169317722320557
0.5167450308799744
0.5165660381317139
0.5163919925689697
0.5162244439125061
0.5160475969314575
0.5158712267875671
0.5156983137130737
0.5155242085456848
0.5153415203094482
0.5151586532592773
0.5149706602096558
0.5147754549980164
0.5145737528800964
0.5143661499023438
0.5141533017158508
0.5139408707618713
0.5137236714363098
0.5135021805763245
0.5132768750190735
0.5130481123924255
0.5128161907196045
0.5125815272331238
0.5123443603515625
0.5121195316314697
0.5119087100028992
0.511701762676239
0.5114895105361938
0.5112879872322083
0.5110904574394226
0.5108945965766907
0.5106923580169678
0.5104843974113464
0.5102810263633728
0.5100859999656677
0.5098974704742432
0.5097018480300903
0.5094998478889465
0.5093050003051758
0.5091037154197693
0.5088995695114136
0.508695662021637
0.5084862112998962
0.5082876086235046
0.5080950856208801
0.5078958868980408
0.5076907277107239
0.5074918270111084
0.507302463054657
0.507113516330719
0.506931722164154
0.5067421793937683
0.5065497756004333
0.5063682198524475
0.506193995475769
0.5060214996337891
0.5058445334434509
0.5056593418121338
0.5054685473442078
0.5052708983421326
0.5050671100616455
0.5048689246177673
0.5046646595001221
0.5044549107551575
0.5042575597763062
0.5040717720985413
0.5038915872573853
0.50371915102005
0.5035569071769714
0.503404438495636
0.5032489895820618
0.5030831694602966
0.5029258131980896
0.5027778148651123
0.502627968788147
0.5024697184562683
0.5023137331008911
0.5021626353263855
0.5020006895065308
0.5018290281295776
0.5016496777534485
0.5014699101448059
0.5012907981872559
0.5011181235313416
0.5009559988975525
0.5007995367050171
0.5006430745124817
0.5004763007164001
0.5003169178962708
0.50016188621521
0.5000149607658386
0.4998584985733032
0.4996917247772217
0.4995328485965729
0.49938416481018066
0.49923810362815857
0.49908068776130676
0.49892109632492065
0.4987671375274658
0.49861910939216614
0.49848049879074097
0.4983297884464264
0.4981681704521179
0.4980148673057556
0.49787044525146484
0.49773138761520386
0.4975985884666443
0.49745309352874756
0.49731528759002686
0.49718594551086426
0.49705934524536133
0.49693575501441956
0.4967985153198242
0.4966670274734497
0.49654337763786316
0.4964267611503601
0.4963083863258362
0.49617716670036316
0.49604374170303345
0.49590766429901123
0.4957594573497772
0.4956156313419342
0.49547362327575684
0.4953260123729706
0.49517276883125305
0.49500879645347595
0.49484187364578247
0.49466559290885925
0.4944809079170227
0.4942886233329773
0.4940927028656006
0.49390271306037903
0.493705689907074
0.49350234866142273
0.49330970644950867
0.49312952160835266
0.4929489493370056
0.4927677810192108
0.4925787150859833
0.4923825263977051
0.4921799302101135
0.49197497963905334
0.49176889657974243
0.49156349897384644
0.49135640263557434
0.4911598861217499
0.49095702171325684
0.49076467752456665
0.49058467149734497
0.4904133975505829
0.49023860692977905
0.49005529284477234
0.4898788630962372
0.48971378803253174
0.4895593225955963
0.48939427733421326
0.48923155665397644
0.4890793561935425
0.48893478512763977
0.48877865076065063
0.4886121153831482
0.488436222076416
0.4882606565952301
0.4880860447883606
0.4879028797149658
0.4877305030822754
0.4875675141811371
0.48740869760513306
0.4872397482395172
0.48707979917526245
0.48693010210990906
0.48679062724113464
0.4866519570350647
0.48650112748146057
0.4863525629043579
0.4862123429775238
0.48607850074768066
0.4859408438205719
0.4858032464981079
0.48567014932632446
0.4855377674102783
0.4854036867618561
0.48527029156684875
0.48514047265052795
0.4850156009197235
0.4848771393299103
0.4847264587879181
0.48457542061805725
0.48443248867988586
0.4842957556247711
0.4841465950012207
0.4839878976345062
0.48382553458213806
0.48365333676338196
0.4834722578525543
0.48330214619636536
0.48312675952911377
0.4829428493976593
0.48277026414871216
0.4826035499572754
0.4824426770210266
0.4822828769683838
0.48212575912475586
0.48197394609451294
0.4818289875984192
0.48168641328811646
0.4815320074558258
0.48138582706451416
0.481245756149292
0.48111453652381897
0.48098623752593994
0.480844646692276
0.48070234060287476
0.48056432604789734
0.4804203510284424
0.48026803135871887
0.4801092743873596
0.479957640171051
0.4798094630241394
0.47964996099472046
0.4794802665710449
0.47930681705474854
0.4791245758533478
0.4789344370365143
0.47874370217323303
0.47854676842689514
0.4783477485179901
0.47814252972602844
0.47794637084007263
0.4777452349662781
0.4775457978248596
0.4773401916027069
0.4771430492401123
0.476953387260437
0.4767712652683258
0.476581335067749
0.47638431191444397
0.4761961102485657
0.47601938247680664
0.4758533537387848
0.47567784786224365
0.47550344467163086
0.47533100843429565
0.4751679599285126
0.47501468658447266
0.4748620092868805
0.4747012257575989
0.4745429456233978
0.4743931293487549
0.4742496609687805
0.4741084575653076
0.4739631414413452
0.473816841840744
0.473674476146698
0.47354036569595337
0.4734124541282654
0.47328776121139526
0.4731493890285492
0.4730066955089569
0.47286710143089294
0.47273167967796326
0.4725990295410156
0.4724535048007965
0.4723087251186371
0.4721604287624359
0.4720008075237274
0.47183099389076233
0.47166192531585693
0.471498042345047
0.47133326530456543
0.4711616039276123
0.47099944949150085
0.4708458185195923
0.47069287300109863
0.47052904963493347
0.47035545110702515
0.47018879652023315
0.4700204133987427
0.46985602378845215
0.46968191862106323
0.46949949860572815
0.4693150818347931
0.4691229462623596
0.4689238965511322
0.4687337875366211
0.4685421586036682
0.46834689378738403
0.4681461751461029
0.4679506719112396
0.46774861216545105
0.46754562854766846
0.46733683347702026
0.4671228229999542
0.4669041335582733
0.46669188141822815
0.46647778153419495
0.46625903248786926
0.4660360813140869
0.4658189117908478
0.4655974209308624
0.465378999710083
0.4651563763618469
0.4649401009082794
0.4647328555583954
0.46453148126602173
0.4643288850784302
0.4641367197036743
0.4639386534690857
0.46373438835144043
0.4635452330112457
0.46336477994918823
0.4631763696670532
0.46299058198928833
0.4627973735332489
0.462615966796875
0.4624415338039398
0.4622766077518463
0.4621177315711975
0.4619487226009369
0.4617743492126465
0.4616085886955261
0.46144476532936096
0.4612857401371002
0.4611198604106903
0.46095192432403564
0.4607762098312378
0.4605920612812042
0.4604003131389618
0.4602017402648926
0.45999741554260254
0.4597875475883484
0.4595770835876465
0.45936182141304016
0.45914211869239807
0.4589323103427887
0.45873066782951355
0.4585256278514862
0.4583151638507843
0.4581127166748047
0.4579060971736908
0.45770227909088135
0.4574929177761078
0.4572785794734955
0.45705974102020264
0.45684903860092163
0.4566437602043152
0.45643794536590576
0.45623859763145447
0.4560462534427643
0.4558621346950531
0.45568346977233887
0.45549675822257996
0.45531800389289856
0.45514926314353943
0.45498785376548767
0.45481669902801514
0.4546496570110321
0.45448869466781616
0.45433565974235535
0.4541867673397064
0.4540364444255829
0.45388686656951904
0.45372632145881653
0.4535559415817261
0.4533884525299072
0.45321446657180786
0.453031986951828
0.4528428018093109
0.4526466429233551
0.45245376229286194
0.4522673487663269
0.4520840048789978
0.4518930912017822
0.4517100155353546
0.45153772830963135
0.4513757526874542
0.45122042298316956
0.4510689377784729
0.4509067237377167
0.4507501423358917
0.45059993863105774
0.4504542946815491
0.4503091871738434
0.4501526951789856
0.4500025510787964
0.44985976815223694
0.44972312450408936
0.4495876133441925
0.44944849610328674
0.4493112564086914
0.4491773247718811
0.4490455985069275
0.448906809091568
0.44875669479370117
0.44861671328544617
0.4484838843345642
0.44835951924324036
0.44823792576789856
0.4481171667575836
0.44798916578292847
0.4478675425052643
0.4477516710758209
0.4476396143436432
0.44752901792526245
0.4474107623100281
0.44729292392730713
0.44717735052108765
0.44705942273139954
0.4469272792339325
0.44679635763168335
0.44667065143585205
0.4465494751930237
0.44641441106796265
0.4462668299674988
0.4461210370063782
0.44597697257995605
0.44582128524780273
0.4456663131713867
0.4455026388168335
0.44533756375312805
0.4451775848865509
0.4450075924396515
0.444828599691391
0.44464150071144104
0.44445592164993286
0.4442670941352844
0.4440796375274658
0.443884938955307
0.4437045454978943
0.4435345232486725
0.443371444940567
0.44319868087768555
0.44302892684936523
0.4428647756576538
0.44269922375679016
0.44253242015838623
0.44237273931503296
0.44221988320350647
0.4420742988586426
0.4419289827346802
0.4417721927165985
0.44162195920944214
0.44147515296936035
0.4413256347179413
0.4411650598049164
0.44101157784461975
0.4408664107322693
0.44072845578193665
0.4405955672264099
0.4404635429382324
0.4403187036514282
0.4401796758174896
0.4400489628314972
0.43992456793785095
0.4398000240325928
0.4396618902683258
0.43952304124832153
0.4393720328807831
0.43921011686325073
0.43903836607933044
0.43887341022491455
0.4387127459049225
0.43854212760925293
0.43836474418640137
0.4381941556930542
0.438029944896698
0.43785613775253296
0.437690794467926
0.4375357925891876
0.43739157915115356
0.43725335597991943
0.4371056854724884
0.4369467794895172
0.4367954134941101
0.43665364384651184
0.4365200102329254
0.436387836933136
0.43624284863471985
0.4360939860343933
0.4359496235847473
0.43581172823905945
0.43566158413887024
0.4355004131793976
0.43534448742866516
0.43517810106277466
0.43500232696533203
0.4348181188106537
0.4346263110637665
0.4344276785850525
0.4342229664325714
0.4340238571166992
0.43381866812705994
0.4336080253124237
0.4333924651145935
0.4331724941730499
0.4329550564289093
0.432733416557312
0.43251127004623413
0.4323026239871979
0.4321090281009674
0.43190887570381165
0.43170279264450073
0.4314914047718048
0.43127524852752686
0.4310600757598877
0.4308505356311798
0.43063604831695557
0.4304327070713043
0.43022412061691284
0.43001052737236023
0.42979612946510315
0.42959651350975037
0.4294069707393646
0.42921802401542664
0.4290301203727722
0.428846150636673
0.4286656677722931
0.42847737669944763
0.4282820522785187
0.4280981719493866
0.4279252588748932
0.42776021361351013
0.42758893966674805
0.427417516708374
0.4272556006908417
0.42709457874298096
0.42693042755126953
0.4267568290233612
0.4265822172164917
0.42639923095703125
0.4262087941169739
0.4260115921497345
0.42580947279930115
0.42561694979667664
0.4254295527935028
0.4252350926399231
0.4250529110431671
0.42488375306129456
0.42472273111343384
0.42456963658332825
0.4244060516357422
0.4242520034313202
0.4241057336330414
0.4239634573459625
0.42380958795547485
0.42364755272865295
0.4234759211540222
0.4233091473579407
0.4231332540512085
0.4229491353034973
0.42275765538215637
0.422559529542923
0.4223635196685791
0.4221707880496979
0.4219868779182434
0.4218011498451233
0.42160820960998535
0.42142340540885925
0.42124685645103455
0.42107871174812317
0.4209016263484955
0.4207164943218231
0.4205387532711029
0.42036765813827515
0.42019420862197876
0.42002081871032715
0.4198390245437622
0.4196496605873108
0.4194566607475281
0.4192572236061096
0.4190611243247986
0.41885891556739807
0.41866010427474976
0.41846978664398193
0.41828596591949463
0.4181002676486969
0.41791847348213196
0.41774556040763855
0.41757991909980774
0.41741636395454407
0.41725555062294006
0.41710135340690613
0.4169507622718811
0.4167998135089874
0.4166432023048401
0.41647836565971375
0.4163144528865814
0.41615092754364014
0.4159882068634033
0.41583165526390076
0.4156660735607147
0.4155099093914032
0.41535937786102295
0.415213942527771
0.41505733132362366
0.41490939259529114
0.41477036476135254
0.4146382510662079
0.4145108461380005
0.41438058018684387
0.41425400972366333
0.4141349494457245
0.41402047872543335
0.41391071677207947
0.4137870967388153
0.4136500954627991
0.4135196805000305
0.41339513659477234
0.41327422857284546
0.41315576434135437
0.41303470730781555
0.4129173457622528
0.41280341148376465
0.4126885235309601
0.4125593602657318
0.4124351739883423
0.412311851978302
0.4121909439563751
0.41205844283103943
0.4119133949279785
0.4117736220359802
0.41164159774780273
0.41149696707725525
0.41134101152420044
0.4111867845058441
0.41102734208106995
0.4108639657497406
0.4107005298137665
0.4105342626571655
0.4103657603263855
0.41019001603126526
0.4100203216075897
0.4098453223705292
0.4096709191799164
0.4095011353492737
0.40933752059936523
0.4091673791408539
0.4090084433555603
0.40885835886001587
0.4087162911891937
0.40857791900634766
0.4084286391735077
0.4082796573638916
0.40813833475112915
0.4079993665218353
0.40784987807273865
0.40769270062446594
0.4075438976287842
0.4074036777019501
0.40726324915885925
0.40712037682533264
0.4069860875606537
0.4068605899810791
0.4067394733428955
0.40662112832069397
0.4064953029155731
0.4063716232776642
0.40625104308128357
0.40613630414009094
0.4060262143611908
0.4059145450592041
0.4057972729206085
0.40567952394485474
0.40556392073631287
0.40544888377189636
0.405324786901474
0.40520167350769043
0.40507572889328003
0.4049365520477295
0.4047854244709015
0.4046253561973572
0.4044562876224518
0.4042782783508301
0.404100626707077
0.4039149284362793
0.4037322998046875
0.40355435013771057
0.40336838364601135
0.4031752049922943
0.40297555923461914
0.4027702510356903
0.40255969762802124
0.40235477685928345
0.40214458107948303
0.40194088220596313
0.40173178911209106
0.4015178680419922
0.4013136625289917
0.4011179506778717
0.40091606974601746
0.400714635848999
0.4005076289176941
0.400295615196228
0.4000817835330963
0.39986926317214966
0.39965274930000305
0.3994322121143341
0.39920806884765625
0.3989855647087097
0.398761510848999
0.39854270219802856
0.3983322083950043
0.3981271982192993
0.39792969822883606
0.3977333903312683
0.39753830432891846
0.39733830094337463
0.3971326947212219
0.39692479372024536
0.3967120945453644
0.3964967727661133
0.39627739787101746
0.39605438709259033
0.3958412706851959
0.39563626050949097
0.39543694257736206
0.39524558186531067
0.3950548768043518
0.3948644697666168
0.3946847915649414
0.3945153057575226
0.3943522870540619
0.39418312907218933
0.39401230216026306
0.3938369154930115
0.39366599917411804
0.3934866189956665
0.39331212639808655
0.3931407630443573
0.3929610252380371
0.3927859663963318
0.39260604977607727
0.39241862297058105
0.39222443103790283
0.3920273184776306
0.39183181524276733
0.3916303813457489
0.39143460988998413
0.39124009013175964
0.39103955030441284
0.3908448815345764
0.39064422249794006
0.3904381990432739
0.3902338445186615
0.3900376856327057
0.38984838128089905
0.3896525800228119
0.38946717977523804
0.38929203152656555
0.38912779092788696
0.38897064328193665
0.38881054520606995
0.3886556029319763
0.38850775361061096
0.3883659541606903
0.38822150230407715
0.3880769908428192
0.38793522119522095
0.3877887427806854
0.38763147592544556
0.3874645233154297
0.3872888386249542
0.3871074616909027
0.3869221806526184
0.38673707842826843
0.3865450918674469
0.38634923100471497
0.3861475884914398
0.3859441578388214
0.38573700189590454
0.38552701473236084
0.3853219747543335
0.3851238191127777
0.38492685556411743
0.3847317099571228
0.3845307528972626
0.3843245506286621
0.38412904739379883
0.38392776250839233
0.3837212920188904
0.3835163712501526
0.3833177983760834
0.38312265276908875
0.3829217255115509
0.382720023393631
0.3825131952762604
0.38230177760124207
0.38208624720573425
0.38186702132225037
0.3816488981246948
0.38143765926361084
0.38123375177383423
0.38103488087654114
0.3808387219905853
0.380647748708725
0.3804512321949005
0.38026663661003113
0.3800910413265228
0.3799189031124115
0.37973877787590027
0.3795604109764099
0.3793797492980957
0.37919196486473083
0.37900519371032715
0.3788214921951294
0.37864506244659424
0.378461092710495
0.3782741129398346
0.37808066606521606
0.3778842091560364
0.3776877820491791
0.37748587131500244
0.37727901339530945
0.37707239389419556
0.3768770098686218
0.376690149307251
0.3764968812465668
0.37631312012672424
0.37613964080810547
0.37597528100013733
0.375802606344223
0.3756236732006073
0.37543752789497375
0.37525448203086853
0.3750731647014618
0.37489956617355347
0.3747291564941406
0.3745608627796173
0.37439098954200745
0.37422993779182434
0.374073326587677
0.37391534447669983
0.3737589120864868
0.37360095977783203
0.3734337389469147
0.37325817346572876
0.37308573722839355
0.3729177415370941
0.37274622917175293
0.3725793659687042
0.37240415811538696
0.3722214102745056
0.372035413980484
0.37184301018714905
0.3716448247432709
0.3714504539966583
0.3712577819824219
0.3710593581199646
0.37086808681488037
0.3706805408000946
0.3704901933670044
0.37029388546943665
0.37009504437446594
0.36989110708236694
0.36969149112701416
0.36948686838150024
0.369282990694046
0.36907684803009033
0.3688663840293884
0.3686543405056
0.36844971776008606
0.3682406544685364
0.36804577708244324
0.3678610324859619
0.3676832616329193
0.36749836802482605
0.36730706691741943
0.367117315530777
0.366929829120636
0.3667362332344055
0.3665456175804138
0.3663491904735565
0.3661574423313141
0.36597123742103577
0.36578840017318726
0.36560726165771484
0.3654193878173828
0.36522549390792847
0.3650386333465576
0.36485907435417175
0.3646726608276367
0.36448943614959717
0.3642997145652771
0.3641062080860138
0.3639072775840759
0.3637164235115051
0.363534152507782
0.3633507490158081
0.3631609082221985
0.3629792034626007
0.3627937138080597
0.36261022090911865
0.3624389171600342
0.3622712194919586
0.36209553480148315
0.36192670464515686
0.3617660105228424
0.3616121709346771
0.3614630699157715
0.3613041341304779
0.3611468970775604
0.3609962463378906
0.36084792017936707
0.36069849133491516
0.3605515658855438
0.3604121804237366
0.3602724075317383
0.3601290285587311
0.35997524857521057
0.35982683300971985
0.3596811890602112
0.35952749848365784
0.35938146710395813
0.3592430353164673
0.35909372568130493
0.3589443862438202
0.35879436135292053
0.3586515784263611
0.35851234197616577
0.35837575793266296
0.35824623703956604
0.3581256866455078
0.358013778924942
0.3579065501689911
0.35779932141304016
0.357678085565567
0.3575545847415924
0.35743486881256104
0.35731109976768494
0.35717806220054626
0.35704708099365234
0.35691604018211365
0.3567765951156616
0.35662806034088135
0.3564859628677368
0.35635238885879517
0.35621535778045654
0.35607749223709106
0.3559357523918152
0.3557957708835602
0.3556629419326782
0.3555299639701843
0.35538551211357117
0.35523074865341187
0.35506671667099
0.3549005389213562
0.35473743081092834
0.3545682728290558
0.3544054627418518
0.3542511761188507
0.3540962338447571
0.3539429008960724
0.3537929356098175
0.3536466658115387
0.3535047471523285
0.35336703062057495
0.35322609543800354
0.35309189558029175
0.3529618978500366
0.3528231978416443
0.3526912331581116
0.3525657653808594
0.3524424433708191
0.35231512784957886
0.3521758019924164
0.3520456552505493
0.35191792249679565
0.35177820920944214
0.3516406714916229
0.35150691866874695
0.35137444734573364
0.3512304723262787
0.3510863184928894
0.3509487509727478
0.35080018639564514
0.35065382719039917
0.35051342844963074
0.3503766357898712
0.35022875666618347
0.3500869572162628
0.3499435782432556
0.34980931878089905
0.3496832549571991
0.3495664596557617
0.3494582176208496
0.3493574261665344
0.34926292300224304
0.34917160868644714
0.3490760624408722
0.34898102283477783
0.34888985753059387
0.3488026261329651
0.3487183451652527
0.34861770272254944
0.3485092222690582
0.3484007716178894
0.3482934534549713
0.34817206859588623
0.34805095195770264
0.34792861342430115
0.34779444336891174
0.34764888882637024
0.347507119178772
0.3473743200302124
0.34724634885787964
0.3471176326274872
0.34697699546813965
0.34684446454048157
0.34672027826309204
0.3466019630432129
0.34647753834724426
0.3463487923145294
0.3462196886539459
0.34609273076057434
0.3459553122520447
0.3458098769187927
0.3456677496433258
0.34552720189094543
0.3453758955001831
0.34522974491119385
0.34509021043777466
0.344941645860672
0.3447926938533783
0.344642698764801
0.3444828987121582
0.3443237841129303
0.3441680371761322
0.3440191447734833
0.3438658118247986
0.3437138795852661
0.34355682134628296
0.34340542554855347
0.3432537615299225
0.3430942893028259
0.3429447114467621
0.34280240535736084
0.3426671624183655
0.34253647923469543
0.342394083738327
0.34225448966026306
0.3421213924884796
0.341993123292923
0.3418697118759155
0.3417383134365082
0.3416157066822052
0.34150105714797974
0.34139424562454224
0.34129372239112854
0.34119442105293274
0.3410852253437042
0.34098145365715027
0.34087929129600525
0.34078192710876465
0.34068039059638977
0.34056419134140015
