0.78582057384
0.7859845192399999
0.9960126432258064
1.0
1.0
1.0
1.0
1.0
0.9998027961290322
1.0
1.0
1.0
1.0
1.0
1.0
1.0
1.0
1.0
1.0
1.0
1.0
1.0
1.0
1.0
0.9997654548387097
1.0
1.0
1.0
1.0
1.0
1.0
1.0
1.0
1.0
1.0
0.9999585774193549
1.0
1.0
1.0
1.0
1.0
1.0
1.0
1.0
1.0
1.0
0.9999590929032258
1.0
1.0
1.0
1.0
1.0
1.0
1.0
1.0
1.0
1.0
1.0
1.0
1.0
1.0
1.0
1.0
1.0
0.9999420167741936
1.0
1.0
1.0
1.0
1.0
1.0
1.0
1.0
1.0
1.0
1.0
1.0
1.0
1.0
1.0
1.0
1.0
1.0
1.0
1.0
1.0
1.0
1.0
1.0
1.0
1.0
1.0
1.0
1.0
1.0
1.0
1.0
1.0
1.0
1.0
1.0
1.0
1.0
1.0
1.0
1.0
1.0
1.0
1.0
0.9999275096774193
1.0
1.0
1.0
1.0
1.0
0.9998421722580645
1.0
1.0
1.0
1.0
1.0
1.0
1.0
1.0
1.0
1.0
1.0
1.0
1.0
1.0
1.0
1.0
1.0
1.0
1.0
1.0
1.0
1.0
1.0
1.0
1.0
1.0
1.0
1.0
1.0
1.0
1.0
1.0
1.0
1.0
1.0
1.0
0.9999111632258065
0.9999967658064516
1.0
1.0
1.0
0.9999110212903226
1.0
1.0
0.9928321135483871
1.0
1.0
1.0
1.0
0.9996346193548387
1.0
0.9998496038709678
1.0
1.0
1.0
0.9999729193548387
1.0
1.0
1.0
0.9999728980645162
1.0
1.0
1.0
0.9987352180645162
1.0
1.0
1.0
1.0
1.0
1.0
1.0
1.0
1.0
1.0
0.9996425432258065
1.0
1.0
1.0
1.0
1.0
0.9998421722580645
0.9709906631999999
0.9755117251612903
0.006347884599999961
0.8068365958400001
1.0
0.9790827019354839
0.9834723149200001
0.9819869625806451
1.0
1.0
1.0
0.9999729412903227
1.0
1.0
1.0
1.0
0.9997423477419355
1.0
1.0
1.0
1.0
1.0
0.9998040277419356
0.9979472722580645
0.9997269225806451
1.0
1.0
1.0
0.9995036225806452
0.9985952290322581
0.9799132825806451
0.9999563909677419
1.0
1.0
0.99971166
1.0
1.0
0.92383657976
0.7849817818
0.9932939716129032
1.0
1.0
1.0
0.9999419238709677
1.0
0.993254310967742
0.9841954187096774
0.9999491793548386
0.9999967658064516
1.0
0.9998038709677419
1.0
0.9514112166400001
0.951933484516129
1.0
1.0
0.9753786438709677
0.9999728980645162
0.999773084516129
1.0
0.9995040199999999
0.8300190324
0.9603940154838709
0.9998581567741935
1.0
1.0
0.9616095180645161
1.0
1.0
0.9998658064516128
1.0
0.9995264161290324
1.0
0.9998729922580645
0.9701687129032258
0.79977277728
0.9683647251612904
1.0
1.0
1.0
1.0
0.9996042664516128
1.0
1.0
0.9998037141935484
1.0
1.0
0.98356134436
0.9346443748387097
0.983546509032258
1.0
1.0
0.9426665331199999
0.9719255490322581
0.999965693548387
1.0
0.7832526025806451
0.8975102838709678
0.92457998204
0.9639264708799999
0.66328053476
0.9917102322580645
0.9997344406451613
0.80919992
0.9856036735483871
1.0
0.9858627038709677
0.9324079374193548
0.6551150967741936
0.82997140864
0.9836638535483871
1.0
0.9998038709677419
1.0
1.0
0.9999038612903226
0.9974658064516129
1.0
1.0
1.0
0.9997348651612903
0.9924546309677419
0.9998038709677419
1.0
1.0
1.0
1.0
0.9996039503225806
1.0
0.977337435483871
0.9828541935483871
1.0
0.9999800419354838
0.9998966090322582
1.0
0.9997039006451613
1.0
0.64809123648
0.94893166684
0.7974198709677419
0.70009715596
0.9959832503225806
0.9999038612903226
0.91322291772
0.8624509003599999
0.74458386808
0.7868955582399999
0.9796800967741935
1.0
1.0
0.8244130425806452
0.9820851612903225
1.0
0.9994041090322582
1.0
0.9936206451612903
0.9881943729032258
1.0
1.0
0.9997729032258064
0.9998038709677419
0.8228441670967742
0.63421126112
0.7372356088
0.82101877192
0.9837215980645162
1.0
0.81931749876
0.9322432
0.9828541935483871
0.9997039006451613
1.0
0.66212521044
0.9919833825806452
0.9997039006451613
0.9785866296774193
1.0
0.66299424
0.5790853174193548
0.69788295408
0.7246156312800001
0.9681767309677419
1.0
0.9998038709677419
0.8201273283870968
0.81752512
0.9646841096774194
0.8210989348387097
0.979770190967742
1.0
0.9997348651612903
0.9920143470967742
0.65685518896
0.8194859656000001
0.8347377350799999
0.99786214192
0.88701807252
0.92986157384
0.9956290529032259
1.0
0.9994350645161291
0.9357661698399999
0.6255631666
0.004518529520000011
0.67518359056
0.91367847968
0.8551402922580645
0.9843800135483871
1.0
0.8748015335483872
0.90221734356
0.61963843304
0.8259199883870968
0.9951600199999999
0.9165912765199999
0.9908490916129032
1.0
1.0
0.9994794696774193
0.9920445206451612
0.8579587522580646
0.9799070232258065
0.98640576
0.8828226851612904
0.9850694930399999
0.9900494916129032
0.9997423477419355
1.0
1.0
0.9999729193548387
0.9994346122580644
1.0
0.9960220711600001
0.99543924936
0.9909884283870968
1.0
1.0
1.0
0.9998348387096774
1.0
0.9950592038709678
1.0
0.8583088270967743
0.7237212903225807
0.9985355709677419
0.9993346393548387
1.0
1.0
1.0
0.9993128916129033
1.0
1.0
0.9997039006451613
0.9998038709677419
1.0
0.9999038612903226
0.9999729193548387
0.9997732658064516
0.6375680256399999
0.98964992
1.0
1.0
0.9604871767741936
0.8329238709677419
0.9691207000000001
0.9892800587096774
1.0
0.9996039503225806
1.0
0.9996039503225806
0.64650019004
0.976342366451613
1.0
0.9997888748387096
1.0
1.0
0.9806451612903225
1.0
0.9661906574193548
0.9998728903225806
0.63304122928
0.79683496
0.89925950808
0.9773732303225807
0.9999038612903226
0.9997348651612903
0.9925165419354839
0.8488404040399999
0.906566555483871
0.7540001161290323
0.898152
0.9797470967741935
1.0
0.9933226483870967
0.9999038612903226
1.0
0.9999585438709677
0.9997348651612903
0.9614174322580645
1.0
1.0
0.9891053619354839
0.9995040199999999
1.0
0.9999657483870967
0.9998038709677419
1.0
0.9997039006451613
0.72426485296
0.7222128
0.9648769883870968
1.0
0.798085344516129
0.8323213032258064
0.90608113564
0.8897432838709678
0.8724062380645161
0.6808265600000001
0.59962752
0.8013289548387097
0.6754147866
0.9782709677419354
1.0
0.9994350645161291
1.0
0.8153176606451612
0.9850937483870968
0.9738877387096774
0.9401616135483871
0.8143042361290322
0.71360703788
0.9710661780645161
1.0
1.0
0.9998114012903225
1.0
0.9653249193548388
0.8174614793548388
0.766018064516129
0.95403296
0.9913135483870968
0.8943879806451612
0.8086004341935483
0.8402396477419355
0.9871722354838709
1.0
0.9998348387096774
0.7152515406
0.71961379864
0.8523893210800001
0.798229826451613
0.7294630554838709
0.64584331132
0.9717300174193548
0.8902773967741936
0.7129548387096774
0.8212241425806452
0.875989677419355
0.60963960872
0.9703039761290322
0.68687620762
0.81770225024
0.9063052800000001
0.8183122580645161
0.8440373361290323
0.9913165961290322
1.0
0.8348268341935484
0.75973696
0.9675045161290323
0.90353984
0.7213545600000001
0.7242006425806451
0.8000334916129032
0.8353636303225807
0.7318878903225806
0.7970184606451612
0.8179850638709677
0.9920825806451613
0.9996039503225806
1.0
0.8304938509677419
0.6248718664516129
0.8010731193548387
0.75191744
0.6876455387096775
0.7063600839999999
0.9877956935483871
1.0
0.9993741548387096
0.6827088632799999
0.7127410161290323
0.80329627188
0.8173463361290323
0.89611156844
0.7998062774193548
0.9947608051612903
1.0
0.7093049122580646
0.7334652799999999
0.71548992
0.68142110212
0.8122944505599999
0.9774709677419354
0.7745614032258065
0.6374450712
0.9998038709677419
1.0
0.9997039006451613
1.0
0.9997039006451613
1.0
0.9999800580645162
0.9992949412903226
1.0
0.9999038612903226
0.9997348651612903
1.0
0.8974328374193549
0.8273751703225806
0.91070941516
0.9884759774193548
1.0
0.8477898206451613
0.7420296587096774
0.882520068
0.9933226483870967
0.9797110612903227
0.8592342574193548
0.6449673735483871
0.9813161290322581
1.0
0.9997039006451613
0.9997039006451613
1.0
1.0
0.9999657483870967
1.0
0.9995729883870969
1.0
0.9085616006451613
0.9735594180645162
0.7601944194399999
0.97934722556
0.9771491367741935
0.6604414234399999
0.9823488980645161
0.9997039006451613
1.0
1.0
1.0
0.9205056703225807
0.7849617451612904
0.75776249624
0.76866092172
0.9740361922580646
1.0
0.9996729361290322
0.8143042361290322
0.7508240006451612
0.9863649877419356
0.9997039006451613
1.0
0.9781731503225806
0.6623974290322581
0.76152959296
0.9803510264516129
0.9998114012903225
0.9963446677419355
0.7698083616800001
0.6429086122580645
0.9748049167741936
0.7485548890322581
0.76942357292
0.7454504470967741
0.76353333332
0.9958967741935485
0.9997039006451613
1.0
0.8963949903225806
0.6560464516129032
0.9801030632258064
0.9663408664516129
0.76338066328
0.9909171812903226
0.9999728980645162
1.0
0.7953517935483871
0.75794180582
0.97739853984
0.64323222332
0.7668531996
0.9821161290322581
0.9997039006451613
0.9512906774193548
0.8938608
0.81027499752
0.9787463761290323
0.9284292916129032
0.9812809535483872
1.0
0.9993346393548387
1.0
0.81937722684
0.647781430967742
0.9686551187096775
0.6907404129032259
0.9751305419354839
0.6759061090322581
0.64556023604
0.7540301625806451
0.98440628064
0.693440096
0.64757652236
0.75872450344
0.667111249032258
0.64823058304
0.64637087708
0.66577756
0.76280755924
0.7857271006451613
0.66051968692
0.9979664167741936
0.697434706451613
0.99055953596
0.9996419709677419
0.9360361290322581
0.9864710929032258
1.0
0.9744574077419355
0.75739220156
0.87752177564
0.7201641948387096
0.64428693132
0.76299826016
0.63829488
0.97610247408
0.65193633996
0.6545083870967743
0.6453974207600001
0.6613915791599999
0.9766352399999999
0.7509841016
0.63656354364
0.6384920916129032
0.64069265456
0.64571419432
0.64540322096
0.63888342332
0.63990080992
0.6690530948387097
0.79051434276
0.64054706884
0.6429086122580645
0.780629677419355
0.64446086784
0.7383329032258064
0.6387566043199999
0.63945658564
0.64044806388
0.6511927892
0.6419985201599999
0.8126617600000001
0.8461129987096774
0.6475870967741936
0.975866284516129
0.75645025488
0.9591038851612903
0.6543444458064516
0.76426656
0.965100909032258
0.7927756387096774
0.9790399999999999
0.7141358354838709
0.9772602180800001
0.78315841564
0.64116657984
0.7785880611999999
0.7834339199999999
0.7469650729999999
0.97105122976
0.9872399716129033
1.0
0.999942109032258
0.74988282504
0.9764833749999999
0.64659232
0.8844490322580645
0.6514974077419354
0.6527744903225807
0.64624476896
0.6384446304
0.6555268774193548
0.7505623632258064
0.8948575406451613
0.6515625703225806
0.9737541496774192
0.76325566888
0.64379566824
0.7697106406451613
0.7682444555599999
0.63734191744
0.84092473248
0.6469567443199999
0.719023397
0.006359543919999997
0.52285701076
0.83550401284
0.826250455483871
0.8172980361290323
0.8146300225806452
0.9940914496774194
1.0
1.0
0.9999348322580645
0.9755736412903225
1.0
0.8182304348387097
0.9800880206451613
0.9790399999999999
0.84074528
0.9432218148387097
0.8237224922580645
0.9946571070967741
1.0
0.9998348387096774
0.9997039006451613
1.0
0.7520590187096775
0.8158540483870969
0.9850937483870968
1.0
0.8436059619354838
0.8411308864516129
0.8213062567741936
0.8184759535483871
0.9159964606451613
0.8180502870967743
0.98516168768
0.8173797496774193
0.8259199883870968
0.8184759535483871
0.8189993903225806
0.9905754838709677
0.9595305580645161
0.8182143399999999
0.9460662193548387
0.8694896232258065
0.8238602561290322
0.8397077092399999
0.8303676638709678
0.8192451393548387
0.791644949032258
0.8138691251612903
0.8193270883870968
0.8204552638709677
0.7967793548387097
0.8029316129032257
0.8189993903225806
0.8165292348387096
0.842090350967742
0.816869869032258
0.8175432258064517
0.9944567741935483
0.9071571374193548
0.8182304348387097
0.8100959322580644
0.9109901464516129
0.82050712
0.8162500361290321
0.8220752116129032
0.8175432258064517
0.8183122580645161
0.9174256767741935
0.8310553234000001
0.8192266696774193
0.9053950896774193
0.8202912380645161
0.8190812903225807
0.8278717941935485
0.98974166584
0.8166925245161291
0.82254462552
0.99394771504
0.8135430232258065
0.833257173548387
0.8296818058064516
0.9843922580645161
1.0
0.9994036322580645
1.0
0.8207408167741935
0.8173277438709677
0.8207835116129033
0.8182304348387097
0.8183122580645161
0.9888764570799999
0.7873934890322581
0.8183940974193549
0.8982128941935484
0.9978236070967742
1.0
1.0
0.9757687174193549
0.8107840922580646
0.815154613548387
0.8191632064516129
0.8174796316129033
0.8189033419354839
0.87024853396
0.8078301406451612
0.807142235483871
0.8199323161290323
0.8177067670967741
0.8315309225806452
0.8208872419354839
0.8198503225806452
0.8184759535483871
0.8297647651612903
0.9816253161290324
0.9950592038709678
1.0
0.9998188974193549
1.0
0.99993478
0.8270690735483871
0.95155319064
0.8240250941935484
0.8285221064516128
0.8216644206451613
0.820414135483871
0.8170817587096774
0.9391442367741936
0.8278957296774194
0.9750328141935484
0.8655395812903225
0.9716328935483871
0.90553759376
0.82190398724
0.819117809032258
0.8295988625806451
0.8195225135483871
0.8163316941935483
0.8191131206451613
0.9727996696774194
0.842068050967742
0.9189732503225806
0.9979133419354839
0.940229144516129
0.9731796961290323
1.0
1.0
0.9998348387096774
0.9996349116129032
0.8149354322580645
0.8267794987096775
0.8176249883870967
0.8199323161290323
0.8305337206451614
0.8206193548387097
0.8186719541935483
0.8172351703225806
0.9816084361290323
0.8175432258064517
0.899240493548387
0.8278129896774193
0.8185578251612904
0.83150756924
0.8202912380645161
0.8474696658064517
0.8166721116129033
0.9943212129032257
0.9994346122580644
0.8266062916129032
0.8300357490322581
0.8303459496774194
0.8787143206451612
0.9803362870967741
0.8304688967741936
0.8190812903225807
0.8183122580645161
0.8302846606451613
0.83240456
0.864454193548387
0.83749266632
0.9915996414
0.8301972761290322
0.8205373012903225
0.9748714096774194
0.8808110006451613
0.9743948387096774
0.9372310890322582
0.8308660341935484
0.8177242393548387
0.8311979161290322
0.9784255283870967
0.8351474529032258
0.9921135483870969
0.9814291283870968
0.8215526974193548
0.8169375812903227
0.82484169408
0.955468009032258
0.8219050851612903
0.821180790967742
0.7628195651612903
0.005481358360000013
0.5600035158000001
0.805927149032258
0.8041231677419355
0.8046570174193548
0.9487631129032258
0.806696104516129
0.8169375812903227
0.8038614174193548
0.8033792935483871
0.8030365070967742
0.8033559264516128
0.804308815483871
0.8152361290322581
0.8175432258064517
0.8567638709677419
0.9956976348387097
0.9997729032258064
1.0
1.0
0.9995346058064517
0.8703453477419354
0.85601263872
0.8022428051612903
0.8034596070967742
0.774859021935484
0.8025901619354838
0.8151761516129031
0.8188356393548386
0.8045501322580646
0.8016666825806451
0.8238326677419354
0.8061382651612903
0.8067767741935483
0.803596950967742
0.8183784587096774
0.86265768268
0.950006775483871
0.8214193548387098
0.86522279544
0.81216
0.8050776941935484
0.9001154483870969
0.8206922658064516
0.8042284090322581
0.86758912
0.8023230451612903
0.8009130006451612
0.8102580322580645
0.8155973625806451
0.7899532922580645
0.8142771206451613
0.8175432258064517
0.8035399374193548
0.8047915941935483
0.8974328374193549
0.8113909677419354
0.8174614793548388
0.8051304154838709
0.8027920548387096
0.8044696774193547
0.8037463058064517
0.8019549167741935
0.8031725645161291
0.8035399374193548
0.8035399374193548
0.8034367445161291
0.8144670967741935
0.8144670967741935
0.8144670967741935
0.9996039503225806
0.9996039503225806
1.0
0.9534137193548388
0.7685533329032258
0.8072229174193548
0.8054803535483872
0.825151033548387
0.8036202832258065
0.8043892387096774
0.8029316129032257
0.8713887245199999
0.8832089626799999
0.8832089626799999
0.8734297089199999
0.8052387096774193
0.8020823722580646
0.7251689600000001
0.7251689600000001
0.8024635187096774
0.7747212135483871
0.8144765374193548
0.8062557974193548
0.8150731141935484
0.8030119141935483
0.8030119141935483
0.8109854748387096
0.8041231677419355
0.8041231677419355
0.8172980361290323
0.8172980361290323
0.8177067670967741
0.8177067670967741
0.8172980361290323
0.7881623677419355
0.8034367445161291
0.8031947393548386
0.9787154174193547
0.9999729193548387
0.918902670967742
0.918902670967742
0.9521238709677419
0.7817768535483871
0.7907990361290322
0.72589132484
0.72589132484
0.9913817187096774
0.9997111987096774
1.0
0.9998038709677419
0.9892225348387096
0.8156207096774193
0.8156207096774193
0.9274064103225806
0.8189175070967742
0.8161683948387097
0.8161683948387097
0.9986044290322581
0.9986044290322581
0.9999728761290322
1.0
1.0
0.9998111
0.9262546503225806
0.8143042361290322
0.8143042361290322
0.9996419709677419
0.9998804541935483
1.0
0.9995349780645161
0.8175432258064517
0.8191632064516129
0.9689147212903225
0.9996039503225806
0.9196715496774194
0.884280144516129
0.8050246767741935
0.815399209032258
0.8183122580645161
0.8033792935483871
0.8031384483870968
0.8034940587096774
0.9342492793548387
0.8063482896774193
0.815632255483871
0.806088350967742
0.806088350967742
0.8087603670967742
0.7862487780645161
0.9775866567741934
0.8189175070967742
0.8176095929032259
0.8167062
0.9103230322580645
0.8081532083870968
0.8038614174193548
0.8144670967741935
0.7903109722580646
0.789246881935484
0.87054773156
0.8247140329032259
0.8634604148
0.7965649761290323
0.8153176606451612
0.9913445161290323
0.9846999083870968
0.8160051612903225
0.9775996954838709
1.0
0.9999275096774193
0.871970121935484
0.8671172164800001
0.9212743638709677
0.8195225135483871
0.8172645522580646
0.7890211090322581
0.8550686472
0.817935315483871
0.8557082766799999
0.9790090322580645
0.9999038612903226
1.0
0.8924931083870967
0.8029316129032257
0.9889180432258065
0.9444240367741936
0.8187216187096774
0.8617162387096775
0.8023230451612903
0.7525840367741936
0.005296686320000008
0.65267404492
0.75330037812
0.7562844569599999
0.75893034964
0.76506933548
0.9180893421199999
0.76110043004
0.75811584
0.75992021584
0.7769830826
0.75382838788
0.75528668532
0.77045769732
0.76752740724
0.75421821452
0.91874278856
0.76597288544
0.9676776122580645
0.7878626483870967
0.7561907348399999
0.91797619284
0.76330333932
0.9829661174193548
0.76764373312
0.75255738428
0.75587611924
0.75342247192
0.75495305876
0.767710022
0.8962006410400001
0.7606621738
0.7540208844799999
0.75970866912
0.75589465052
0.7673129871600001
0.9758151877419355
0.8607811883870967
0.7552748725199999
0.7539876412400001
0.7537492650800001
0.75492922584
0.75261767292
0.75390698044
0.7762628238709677
0.7538549336399999
0.77098944
0.75624811036
0.77136388916
0.76123427656
0.7545875200000001
0.75368918136
0.75888621
0.7561132800000001
0.75816587708
0.7551596799999999
0.75425376
0.7600423957599999
0.7552748725199999
0.7559201915599999
0.7928057761599999
0.7531294870399999
0.75403531648
0.7626359528000001
0.76919338344
0.75383951332
0.77115777688
0.7592088088
0.75604451104
0.75584807288
0.7543041150800001
0.759669887
0.7577735652800001
0.7542338234
0.754762004
0.7604955498
0.75338396488
0.75313275188
0.75851678832
0.75291615868
0.7538922907600001
0.7555491898400001
0.76061563064
0.7577207365999999
0.76047987244
0.8914749322800001
0.7625691830799999
0.7530666666800001
0.75627274908
0.75877669632
0.75339552
0.7539521791199999
0.75476302788
0.756114148
0.99059612076
0.7682346069199999
0.75357089164
0.7562283771599999
0.75573184
0.75408299172
0.75614168328
0.9833003374193549
1.0
0.9995349780645161
0.75291615868
0.7640758400000001
0.7584496
0.75802048
0.7542060800000001
0.99111265332
0.80648054552
0.7529512994800001
0.7662589082
0.75377379836
0.75316471296
0.7648585834400001
0.99059982
0.8040838368800001
0.75396088656
0.76993305992
0.8979779666
0.7544475303200001
0.75287597764
0.7541228831200001
0.7583433430000001
0.75267076188
0.75599254284
0.75498098004
0.75782030144
0.7561132800000001
0.9087891210800001
0.75293878612
0.7537492650800001
0.9133069354838709
0.75364930688
0.9986931148387097
0.9994346122580644
1.0
0.75520736
0.77776539612
0.9803662845161291
1.0
0.7555433243599999
0.7704766947599999
0.75556899688
0.77411837184
0.7549332000400001
0.7578187056
0.75579930008
0.7677181082
0.9138774367741935
0.75311754684
0.75799480312
0.7544203321999999
0.7542936212800001
0.75400759848
0.76090969096
0.9729634090322581
0.75599561008
0.7532027232799999
0.75253728
0.75974743576
0.75641584632
0.75826580128
0.7547662698800001
0.7580290458
0.7642280116
0.9951807464516128
0.9056226741935485
0.9813161290322581
0.9999038612903226
0.9998348387096774
1.0
0.9998038709677419
1.0
0.9994434380645161
0.9738817703225806
1.0
1.0
1.0
0.7524895999999999
0.7540186930799999
0.7539721339200001
0.75267584968
0.7710911826799999
0.75272049592
0.7585362927599999
0.7548139642
0.75740064
0.75426427496
0.75894498652
0.76218013564
0.75349508724
0.7549729135600001
0.9944891264516129
0.9999038612903226
0.90473672632
0.76056566628
0.7593855258000001
0.75628426844
0.6907778573600001
0.03894545548387096
0.64333299532
0.86389367492
0.85913042088
0.9024545793548386
0.8688510553200001
0.8760451380400001
0.8665198884
0.8806691259200001
0.8715187982
0.87484392924
0.86469519336
0.87279543772
0.8650920583999999
0.9427069425806451
0.8674964499600001
0.8571160068
0.87063234324
0.87292193904
0.9425977503225806
0.9944935322580646
0.9979957722580645
0.9972663529032257
0.99978068
1.0
0.9998348387096774
0.9998038709677419
0.9213625806451613
0.9819197451612903
1.0
1.0
0.897022655483871
0.87022585036
0.8757269593548387
0.86001735828
0.9988041103225807
1.0
0.9999348322580645
0.9999038612903226
0.86550826604
0.8698423343200001
0.8706199620399999
0.8780985785600001
0.9443391141935484
0.8588133238709678
0.86905333868
0.8737699574193548
0.9990348387096774
1.0
1.0
0.9997039006451613
0.9997039006451613
1.0
0.9995733296774194
0.9143808200000001
0.8666658131599999
0.9978871838709676
0.9998270677419354
0.9997041374193548
1.0
0.87335084456
0.86613247976
0.9976944683870967
1.0
0.9996428283870968
0.86761803392
0.87812436908
0.86423664564
0.88042589928
0.8774035803600001
0.8762913674
0.86506090956
0.8715696308800001
0.8659981596399999
0.86631986416
0.8753937549999999
0.950490757419355
0.9205935483870968
0.9438672277419354
0.8682906821199999
0.8635839999999999
0.87134607864
0.8757862656800001
0.8667656137599999
0.8817892199999999
0.8697320792400001
0.8948575406451613
0.85997991396
0.8827972025806451
0.86589845632
0.99818818804
0.9975547974193548
0.9999110922580645
1.0
0.9313360367741935
0.87179314068
0.8572334266399999
0.8574747909199999
0.86194102048
0.8697824000000001
0.8691878836400001
0.87197568
0.8803196799999999
0.86996725636
0.8777948369199999
0.8627643564399999
0.8752969212399999
0.99680624064
0.87691572428
0.8742405121599999
0.8600182472800001
0.8654911999999999
0.9982233953199999
0.88339226232
0.8702398724
0.9060770761290323
0.8902451922580645
0.87129340264
0.8705163868800001
0.9496846677419355
0.87015075296
0.98983701628
0.87070483792
0.8749258746799999
0.8708105105599999
0.9965284361290322
0.87236418208
0.86563424
0.86597676232
0.9958967741935485
1.0
1.0
0.9995040199999999
1.0
0.9999728980645162
1.0
0.9998348387096774
0.9995040199999999
1.0
1.0
0.9997348651612903
1.0
1.0
0.9996042664516128
0.8770450710000001
0.86892416
0.8657208120800001
0.86507155964
0.86943085716
0.8594358400000001
0.9943212129032257
0.9995040199999999
0.8846259574193548
0.86559536048
0.85524
0.86432861416
0.8658263712
0.87212686732
0.989235266451613
1.0
0.9996422574193548
1.0
0.9997041374193548
0.9997423477419355
0.9520063890322581
0.8602557344399999
0.87040224
0.87619474156
0.8574890692399999
0.9910986032258065
0.9999038612903226
1.0
0.9427120367741936
0.86016683636
0.8646539562
0.86460054048
0.8783346580000001
0.86618017404
0.8728339199999999
0.8587585765600001
0.86358596492
0.8738341228400001
0.8683078153199999
0.85974144244
0.87034623464
0.8577766223200001
0.86513629912
0.8597695999999999
0.86296810208
0.9456378335483872
0.85754819628
0.85933159896
0.8658387129199999
0.8654911999999999
0.8622326828799999
0.8639621984000001
0.9288112948387096
0.8649002106
0.8618565373999999
0.8658940082
0.7944448051199999
0.005850267679999961
0.6734982559200001
0.98502496
0.9146375912800001
0.93901421308
0.9719584561290323
0.9899734787096774
0.9999038612903226
1.0
1.0
0.999727141935484
0.93048221912
0.93298287992
0.91527803312
0.93012342424
0.91629942972
0.9381970388
0.9261007298
0.9436417074800001
0.9188400879999999
0.920476874
0.92911332264
0.92614565088
0.92714673064
0.9164971154
0.9157950664000001
0.9409298291200001
0.91916855056
0.9965838348387097
1.0
0.9998348387096774
0.9996039503225806
1.0
0.92788889332
0.9204861083200001
0.8997569670800001
0.90831875624
0.9257255641200001
0.9272923722799999
0.93128736872
0.92737459492
0.9331967999999999
0.9876757819354838
0.9994346122580644
0.92721569256
0.93010561528
0.92695014052
0.9272844800000001
0.9434500299999999
0.9295779244000001
0.9302383038400001
0.9272923722799999
0.9312918308
0.9412027503600001
0.9151383504
0.93152358472
0.92671769648
0.9296852203599999
0.9205861703199999
0.9865020541935484
0.9996039503225806
0.9269645652799999
0.9272666064
0.93086048
0.9314392882
0.92800223976
0.92709376
0.9791905503225806
1.0
0.94380233508
0.9271707268
0.92728974204
0.9895775683870968
1.0
0.9998038709677419
0.99855516896
0.89014502152
0.916132135
0.93062952912
0.9271760248400001
0.91619748152
0.92319519424
0.9355367326399999
0.9172753124799999
0.90549472
0.92518656
0.92952397648
0.9260749874399999
0.92200779612
0.92766784
0.9376294429600001
0.9300069586
0.93806326736
0.92747258724
0.9301196418
0.9509247141935484
0.91918232176
0.9266673332800001
0.920554991
0.91861371724
0.9923863877419354
1.0
1.0
0.98662523336
0.91663297936
0.9191661612
0.93156686676
0.9874993548387097
0.9965002741935484
0.93289415532
0.92505093664
0.91422143716
0.93072430272
0.9180893421199999
0.92628046804
0.93410466952
0.91656758972
0.9937034741935484
0.99874579048
0.9897154909677419
0.9834300116129033
0.91732298772
0.9197987200000001
0.91485162452
0.9144187162399999
0.9329210594799999
0.9140017212
0.9303428329032258
0.92737721772
0.92875759152
0.93062897132
0.9152691199999999
0.92548107568
0.91456172764
0.91439911972
0.91829059012
0.939644997
0.9260089316000001
0.9981013589200001
0.97829961004
0.91479232
0.9893797322580645
1.0
1.0
1.0
0.92835812276
0.9303813581199999
0.91525761728
0.92574446664
0.9013041096
0.89861960628
0.92932986596
0.91505100696
0.9248953738
0.9141921839199999
0.9982844684400001
0.9735737704799999
0.91815473168
0.9141448614
0.92861952
0.9899806690322581
0.9995574703225807
1.0
0.92466689332
0.91396205548
0.98976277816
0.8935627125600001
0.92380086008
0.91803877144
0.9122053338799999
0.93702905228
0.91541030764
0.9302593125599999
0.9162264573600001
0.92890313032
0.91428749624
0.92002368948
0.91366072316
0.9137867710400001
0.91186954436
0.9246533960000001
0.9954434109677419
0.9477209329032259
0.92582306616
0.9859612903225806
0.9997500070967742
0.9168813425806452
0.91356064788
0.9143592759199999
0.91460939812
0.91650509052
0.9179534586
0.9147311672799999
0.91311587948
0.9136308805600001
0.9138705082
0.91456563032
0.91413205664
0.9177470369999999
0.92495388924
0.8368201617600001
0.0071495601999999785
0.63162560416
0.86733346668
0.9390503225806451
0.86472676224
0.86344597588
0.85785185484
0.85821529868
0.8736835341935484
0.85821513752
0.8605766993999999
0.8582438400000001
0.9945200974193549
0.87345579264
0.85859785292
0.87163302752
0.86008928104
0.86123868396
0.85995095508
0.85740232652
0.8671209679199999
0.86515744
0.8578147199999999
0.86084638608
0.86056347268
0.8614796008000001
0.87162921552
0.86215164416
0.86412036816
0.85904494448
0.86068358984
0.85749019608
0.86068358984
0.85803441804
0.86344234892
0.86410848
0.9827868825806452
0.860821984
0.8579006797200001
0.86691293128
0.8579958796
0.86371608784
0.8577185778799999
0.8630323497200001
0.85839640036
0.86056039188
0.85793862772
0.8501962603600001
0.8602837265200001
0.8643677903200001
0.86099451044
0.86237082748
0.8621536
0.9973264
0.9108434313199999
0.86592908708
0.8776019199999999
0.86124768
0.8579202873999999
0.85798593608
0.8589018902000001
0.8581580242
0.8576239999999999
0.8581103489599999
0.8659056677419354
0.8577670399999999
0.85877672888
0.85796677688
0.85785282528
0.85734754524
0.8651662833599999
0.983752569032258
0.9062978187096773
0.85759519856
0.85786315368
0.8587311091200001
0.85762430784
0.85819616
0.86136304892
0.8578453664000001
0.8572613384
0.8603987601199999
0.9800580070967743
0.9331329529032257
0.86019774112
0.86908107244
0.85818664536
0.8577862027600001
0.8579005100400001
0.85793862772
0.8581389844
0.8581105431199999
0.8794858974399999
0.85931219364
0.85774811556
0.85765278416
0.8579194878
0.8577289471199999
0.8577766223200001
0.85776798404
0.85819607216
0.85811041376
0.85771936
0.85967424
0.85769086184
0.85019223688
0.85753824616
0.85024958084
0.94123617428
0.8511190238
0.8577289471199999
0.8578147199999999
0.85700416
0.85734754524
0.8569088
0.8578155688799999
0.85776632948
0.85767168
0.85959835952
0.8640310338
0.85713810476
0.86036146844
0.9788132696774193
0.93216
0.8670741167741934
0.8573646021200001
0.85719488
0.9981846400000001
0.9075249250399999
0.8606953286000001
0.9983753599999999
0.8918105599999999
0.8605754890399999
0.8572121018
0.8629617991199999
0.8574044213199999
0.8578624
0.86534125412
0.8572521948
0.85765278416
0.85707347836
0.94285111756
0.8509488000000001
0.8569661434
0.8577957812799999
0.85771936
0.8587970394000001
0.94321063892
0.85173487676
0.8574890692399999
0.85774811556
0.85711881624
0.8570705611599999
0.85137792
0.8568707929199999
0.85822477256
0.85793862772
0.8571493812400001
0.85739352772
0.85702347532
0.85728060808
0.85709952
0.86804390684
0.85734754524
0.86116156384
0.85769168412
0.85729798616
0.8593881600000001
0.85757632
0.85982665732
0.8578147199999999
0.85704278288
0.85708021604
0.85762522956
0.85815785992
0.85710916908
0.8576239999999999
0.8577670399999999
0.8587778022
0.85719488
0.8578624
0.85701626584
0.85724056112
0.85697580484
0.8577670399999999
0.8570904438400001
0.85700416
0.8570614938400001
0.85697709312
0.8577670399999999
0.8570921648800001
0.8576230746
0.8572709742000001
0.86006503348
0.942214013
0.84325025004
0.8567083908400001
0.8608556577200001
0.8636891684000001
0.8573650405600001
0.78326495048
0.006274239999999991
0.6080245022
0.8129533259999999
0.81315260472
0.8129759648000001
0.8131474304
0.81296671676
0.81298145816
0.81465042504
0.81307130572
0.9901484567741935
1.0
0.9966590438709677
0.8130722997200001
0.81365001504
0.81352
0.81315260472
0.81307682768
0.81302363528
0.81330122024
0.81405843416
0.8130517393200001
0.81305829596
0.8129181854799999
0.8148827834399999
0.8129337733600001
0.8132339199999999
0.8134470364799999
0.81318624
0.8301586234399999
0.8106590020000001
0.8131241034000001
0.94087455256
0.80635327532
0.81943232
0.815494939
0.81311642028
0.8130878815199999
0.87412923692
0.8134471766
0.8132140610799999
0.8130432000000001
0.82646987808
0.81311791896
0.81313856
0.813404999
0.81334330568
0.81300469016
0.8130959519200001
0.8130432000000001
0.81299552
0.8131189762000001
0.81299552
0.8130908800000001
0.8129900229999999
0.8132818816
0.8131377884800001
0.81294784
0.81313302008
0.81300102032
0.81314706116
0.8129337733600001
0.81312451244
0.81297421476
0.81370874096
0.81201360272
0.8127430343200001
0.9855361083870967
1.0
0.8128329534
0.81336293628
0.81297114348
0.81317186936
0.81292829436
0.8131189762000001
0.81933696
0.81309640892
0.8130853544000001
0.81407820784
0.81299552
0.9020084483870967
0.81303104692
0.81310492952
0.8130095790399999
0.8120560743999999
0.8129900229999999
0.81313856
0.81296739348
0.81309985032
0.81291346152
0.81313856
0.813015083
0.81310492952
0.81299552
0.8137189924
0.81296739348
0.81311980868
0.81291269188
0.9793028232258065
1.0
0.9472564683870969
0.81311046208
0.81347232
0.8130517393200001
0.8130162679599999
0.8136162151199999
0.8480031996799999
0.81352
0.81360967708
0.8130432000000001
0.9529882019354838
0.81306578712
0.81548112432
0.81312828684
0.8122482537199999
0.8130487145999999
0.81290875648
0.8130853544000001
0.8130487145999999
0.8131189762000001
0.8129759648000001
0.81311980868
0.8131236929200001
0.81300102032
0.8135760096
0.8132254502
0.81302363528
0.8203438624399999
0.8133769599999999
0.8129882352800001
0.8131518812
0.8129619038
0.8130572542800001
0.8130095790399999
0.8130432000000001
0.81479347936
0.9621351459599999
0.8058348433599999
0.8131689223199999
0.8130095790399999
0.81302363528
0.81307682768
0.81312451244
0.8129142285600001
0.81310492952
0.81300407836
0.8131950104800001
0.8129048496800001
0.81309640892
0.8129900229999999
0.81339659932
0.8130432000000001
0.81301813092
0.8478746335483871
0.81307180356
0.81470038068
0.8322235682
0.814467547
0.8135816818399999
0.8129900229999999
0.81314410324
0.81292829436
0.81391447396
0.81326181272
0.81209482844
0.8129759648000001
0.8130853544000001
0.81299552
0.81387349468
0.8129759648000001
0.81201735132
0.81348320704
0.81311813804
0.81303768868
0.8130095790399999
0.8130095790399999
0.81313229292
0.81335732852
0.8129900229999999
0.8131559102399999
0.81312667468
0.8129619038
0.8130095790399999
0.8249760624
0.81348633136
0.8130291429200001
0.8130908800000001
0.8130807968
0.8129942604799999
0.81312451244
0.838139469032258
0.81314410324
0.8130572542800001
0.81368531736
0.81370244096
0.8129882352800001
0.81311602044
0.8130095790399999
0.81514882048
0.81320027996
0.7550156658064516
0.006898492319999932
0.61489874824
0.78370301032
0.78347108492
0.78370026048
0.7834986101200001
0.78372
0.78351561688
0.78378792484
0.7836076407599999
0.7836723200000001
0.7835799141600001
0.78354326924
0.7882495999999999
0.78370301032
0.7919047904800001
0.7836416358399999
0.7835788800000001
0.78354628536
0.7836784032
0.7836080520800001
0.78281052316
0.7836279516000001
0.7836213263999999
0.78351561688
0.7836553255200001
0.78351561688
0.7836308183599999
0.7838435584000001
0.78364494204
0.7838460646
0.7836213263999999
0.78365862828
0.7834986101200001
0.7823201519999999
0.7836675366
0.78361553748
0.7830695330399999
0.78405694292
0.7835429486
0.7836553255200001
0.78351561688
0.7836723200000001
0.7836246400000001
0.7836308183599999
0.78359102564
0.7835632873599999
0.7836553255200001
0.78349525904
0.7836723200000001
0.78356661668
0.7835939606
0.78818827284
0.78386458084
0.783559956
0.7835632873599999
0.7823812743999999
0.78345093492
0.7836553255200001
0.7870432313599999
0.78366144324
0.78408238828
0.78364494204
0.7836997198800001
0.78354628536
0.7835939606
0.7835972810799999
0.78357363208
0.7824594718400001
0.78347533616
0.8950364767741935
0.78357696
0.7835939606
0.78364494204
0.78354628536
0.7836246400000001
0.783559956
0.783804212
0.7837513069600001
0.7836723200000001
0.7834986101200001
0.7851335533600001
0.78362324696
0.7836416358399999
0.78354628536
0.78358323352
0.78354326924
0.784039992
0.7836723200000001
0.7836213263999999
0.7835632873599999
0.9796800967741935
0.983291844516129
0.7834878214
0.78379646868
0.7836246400000001
0.7836076407599999
0.7838460646
0.78370301032
0.7835972810799999
0.78235071016
0.78228648864
0.78401862144
0.7835632873599999
0.78357696
0.7824020798000001
0.78233358008
0.7840368036800001
0.7834986101200001
0.7824326399999999
0.78358655092
0.78364918328
0.78357696
0.78354628536
0.7836723200000001
0.7836142728800001
0.7836520208000001
0.782293312
0.8449076548387097
0.78356732484
0.7837062987599999
0.7834339199999999
0.7836723200000001
0.7836279516000001
0.78351561688
0.9441594237600001
0.7855034028400001
0.78236650976
0.7822210484
0.7836416358399999
0.78378792484
0.7835906381200001
0.7836076407599999
0.7835326201999999
0.7835906381200001
0.7836308183599999
0.78363878204
0.78354628536
0.7836076407599999
0.78357696
0.7836553255200001
0.78352928
0.78356994404
0.78238817656
0.87779164412
0.7755190399999999
0.78308658268
0.7836246400000001
0.78354628536
0.7835496201600001
0.8952154838709678
0.78229844312
0.78412698668
0.782293312
0.7822381914400001
0.7828959007999999
0.78238496
0.7838186144000001
0.7823201519999999
0.7823243103199999
0.7822276824400001
0.7835939606
0.7835939606
0.7840368036800001
0.78243630912
0.78352928
0.78351561688
0.7836997198800001
0.7835968856
0.78354326924
0.7836246400000001
0.78256220756
0.783559956
0.7841798579999999
0.78246320632
0.7834986101200001
0.7823985653200001
0.78348904056
0.7836723200000001
0.7836416358399999
0.7823886434
0.78340325968
0.78242896868
0.78231043584
0.78236679968
0.78230390052
0.7822799000399999
0.78354628536
0.7836520208000001
0.78397536248
0.7822419199999999
0.78233728
0.7835189605199999
0.7828395814800001
0.78261416816
0.78235071016
0.7834816
0.7824668666400001
0.78351227124
0.7836416358399999
0.712963776
0.006544493479999946
0.61963415748
0.79710096952
0.79718215644
0.79735567328
0.80123576716
0.79726226132
0.7972298459599999
0.7971285571599999
0.7972665798
0.8493589523199999
0.7918886177200001
0.7979753274
0.7971180800000001
0.7972775355199999
0.7971650104800001
0.79712561292
0.7973002808
0.79723061532
0.79714937012
0.79726189856
0.79719628184
0.7971508603599999
0.7972126762
0.7972126762
0.79716126972
0.79721803244
0.79730959288
0.79714937012
0.79719779976
0.7972611199999999
0.7971657600000001
0.80320351928
0.7973344507600001
0.7971232387999999
0.79722907708
0.7985639835999999
0.7984330836
0.79727988788
0.7972111499600001
0.79783423028
0.79874367772
0.79720084108
0.7979120975999999
0.79722830868
0.7979325590799999
0.79724162172
0.7972134399999999
0.7971970406000001
0.79718796572
0.7972704937599999
0.7970689586399999
0.7974691345599999
0.79730959288
0.78454270876
0.79671972012
0.80028366184
0.79726506072
0.7972563623599999
0.79716426144
0.7971508603599999
0.79729316932
0.79722677324
0.8765833929032258
0.80850739516
0.80059872
0.79874002192
0.79722264152
0.7972603418800001
0.79712250052
0.79730247408
0.79723330664
0.7971672603600001
0.79715309904
0.79727672432
0.79715983936
0.7972134399999999
0.7992300679600001
0.79724548456
0.79710096952
0.7992328065600001
0.7972767523200001
0.8470350828
0.7899233838
0.7972134399999999
0.7995174882399999
0.79734085408
0.79722754072
0.79718215644
0.9968539254000001
0.84942703996
0.79711049568
0.79721191284
0.79727910328
0.8145153254
0.79740416
0.7972126762
0.7971024302399999
0.7971814018400001
0.7973368484
0.79720084108
0.7971657600000001
0.7984863827199999
0.7973088
0.7971329868000001
0.797340052
0.79710169968
0.79725568308
0.79718820936
0.7971501149999999
0.7972126762
0.79729238152
0.79719779976
0.79714937012
0.79853181364
0.7972533599200001
0.79718745112
0.7972470329199999
0.79725956428
0.7971657600000001
0.79719855944
0.79718064776
0.79714937012
0.7971337266399999
0.7978723047599999
0.7972689268
0.79747081788
0.7972252395999999
0.79718291144
0.7972126762
0.79718517924
0.79727050376
0.7971560514
0.80317141996
0.79812039612
0.7972603418800001
0.7971508603599999
0.79718064776
0.79722677324
0.79715235236
0.79729696368
0.79717478924
0.79718215644
0.7972023644799999
0.797192495
0.7972657984399999
0.79720962556
0.79712073624
0.8002704090799999
0.7972877598000001
0.7972759695999999
0.7971970406000001
0.79711955172
0.7973088
0.79840662004
0.7972775355199999
0.79718871948
0.7972704937599999
0.79714937012
0.7971657600000001
0.7972134399999999
0.7972195669600001
0.79720658224
0.79721879948
0.79725956428
0.7971382502400001
0.79725246692
0.79946303348
0.79727284344
0.78474411912
0.7987261483199999
0.7972431654800001
0.79724625852
0.79717463104
0.7972532450400001
0.7972126762
0.79754633608
0.7971657600000001
0.79729316932
0.7977690862
0.8735651269600001
0.79728609616
0.7970918713199999
0.7972775355199999
0.7984519844000001
0.79713891784
0.7972572341599999
0.7972759695999999
0.7972393096
0.7972393096
0.79724548456
0.79724548456
0.7971970406000001
0.7973729146
0.79769114736
0.7972134399999999
0.7971814018400001
0.79725413384
0.79723524104
0.7259735471600001
0.006418091612903218
0.54611478676
0.54611478676
0.6985989807199999
0.6986068316
0.69858231076
0.98674423464
0.7273629703600001
0.7273629703600001
0.69856573544
0.69851702448
0.69863669632
0.69858902108
0.6987304816000001
0.6986001803599999
0.69862675336
0.69851584
0.6986588800000001
0.69856876624
0.70178326168
0.69875424
0.69870656
0.6984177671599999
0.6984177671599999
0.6986545928
0.69866218756
0.69861224164
0.69861224164
0.6985712910799999
0.69849155184
0.6986650741600001
0.69856462092
0.6986777633200001
0.69856352
0.69859566216
0.69913220476
0.69913220476
0.6985346804000001
0.69868293948
0.69855573588
0.69855573588
0.6985624036
0.69856352
0.6986654938
0.69861347752
0.68807991208
0.69815322788
0.69866259664
0.69864563652
0.6992850859599999
0.70137664
0.69908477696
0.69856684664
0.69865557112
0.69851584
0.7976161683870968
0.69854677792
0.6985380138
0.69861783288
0.6986323717999999
0.69863108272
0.6985513340799999
0.70027104264
0.69859447824
0.6986380026000001
0.69860788156
0.69860788156
0.6985446766
0.69858902108
0.69859234228
0.69858569856
0.6985469550400001
0.69868249924
0.69868249924
0.69854019628
0.6986277722400001
0.69852917664
0.6986744572400001
0.69859234228
0.69907935052
0.6988128074000001
0.69860788156
0.69860788156
0.6985823747200001
0.7044401642
0.69865985024
0.6984681599999999
0.6986420014
0.69860910732
0.6985380138
0.69973322668
0.6986386161200001
0.69854134588
0.6986244604399999
0.69872216108
0.7013541846
0.69862319648
0.69855794544
0.69858902108
0.6985823747200001
0.69868767368
0.6984936706399999
0.6986300690400001
0.68765030992
0.6978224701200001
0.69871047292
0.69861783288
0.69856352
0.69860788156
0.6985191761599999
0.69863669632
0.6985380138
0.69866081756
0.69861576096
0.6986112
0.6985346804000001
0.6986145170800001
0.6986588800000001
0.69856352
0.6986654938
0.69870656
0.6985403130800001
0.69856462092
0.7641743303225806
0.6986145170800001
0.69866218756
0.69856352
0.6985801398799999
0.6984936706399999
0.69871821444
0.6986536115599999
0.6984991391200001
0.69860561384
0.69858569856
0.6986466273599999
0.7042536175199999
0.6986588800000001
0.6986420014
0.69856462092
0.69856019204
0.6986834368
0.6985679544800001
0.69862905228
0.69865557112
0.69866975352
0.69850608748
0.69869482136
0.69862114732
0.6985346804000001
0.69870656
0.69870656
0.69851584
0.69861783288
0.69865557112
0.6875480964799999
0.6982521312
0.6989926399999999
0.6986777633200001
0.70426237376
0.69876930456
0.69864563652
0.69858902108
0.6985436347199999
0.6986569308
0.69856019204
0.69859234228
0.6986112
0.6986112
0.6986145170800001
0.6985989807199999
0.6986244604399999
0.69856573544
0.69866218756
0.69858569856
0.69854134588
0.69857017192
0.6987254576399999
0.698522511
0.6986112
0.6985657427599999
0.69853904324
0.69863338332
0.69863669632
0.6986112
0.8024884623199999
0.69254332832
0.69946944
0.69866645372
0.68939987972
0.69823315336
0.69868106812
0.6874806919199999
0.6981667566399999
0.69869996
0.6986466273599999
0.69859566216
0.6985945946
0.69861783288
0.7032814562799999
0.69870985804
0.6271139274799999
0.005689646079999948
0.53640764452
0.65408414344
0.66085123984
0.66120084008
0.66102962444
0.6541557044399999
0.6540097405199999
0.6607423884800001
0.65428759868
0.6607975988
0.66104794576
0.66115568032
0.65427542228
0.65388191544
0.6539378418799999
0.65389009584
0.66061024
0.65429873012
0.66083357984
0.6541312793999999
0.6607975988
0.66105018996
0.6611747675599999
0.66107813564
0.65437632472
0.66083776756
0.65428832768
0.6537763748
0.65405788684
0.6607960084
0.6589918334799999
0.6540823706
0.6608143712399999
0.6542688
0.6539501152
0.6538792880400001
0.6608403253199999
0.65432661728
0.6608218828
0.6610448376
0.75051441144
0.65482315768
0.65453540312
0.65402572168
0.65377533588
0.65402491252
0.66086371824
0.6543940806
0.65393504
0.65386688032
0.65402491252
0.65389689652
0.6539105242
0.65399110044
0.65397437636
0.6605521081600001
0.65419117912
0.65397307768
0.6538642143200001
0.65394729056
0.65393357932
0.65388869948
0.65403589076
0.65392690496
0.65390507052
0.65402491252
0.65389009584
0.65397724684
0.65395124676
0.65392422024
0.65404263148
0.6606872112800001
0.6542809838
0.6540401362
0.748745269032258
0.66080929488
0.6542155684
0.65394879196
0.65389825896
0.65401394744
0.65386965304
0.65399238936
0.65393769968
0.6546502399999999
0.6541845107200001
0.6613546645199999
0.65414105896
0.65395822328
0.65389417292
0.65395822328
0.65397724684
0.65394729056
0.65388054028
0.6539457972
0.65397622488
0.65531776
0.6540750174800001
0.65389962008
0.653902354
0.6540805112
0.66074311468
0.6611398583200001
0.6541845107200001
0.65520392588
0.65399205668
0.65395822328
0.65387916292
0.65395822328
0.65393902632
0.65387379552
0.65399401548
0.65401863232
0.65389280784
0.65402238912
0.65389009584
0.65394729056
0.65396786216
0.65377430256
0.65404336484
0.65398431764
0.65389962008
0.65398272
0.6608009599999999
0.65416123224
0.65404263148
0.653909171
0.6539715168
0.65398431764
0.65391732828
0.8700254148387097
0.65399205668
0.6540033667199999
0.65388465916
0.6539282441200001
0.65394182908
0.65402365184
0.65382339896
0.6538682678000001
0.65407379884
0.65396786216
0.65388465916
0.65396238356
0.65396761504
0.653875095
0.65398272
0.65401586572
0.66062517512
0.65414349436
0.65402491252
0.65394729056
0.65395275528
0.6609029370799999
0.65428444356
0.65393637092
0.65389962008
0.65403589076
0.65384651676
0.653875095
0.65401267872
0.65401942836
0.65384511352
0.65403589076
0.65407257824
0.65390507052
0.6608595080799999
0.6611531553200001
0.6541379724
0.65391993632
0.65391469348
0.653994961
0.6539978764000001
0.6538248178
0.65400044004
0.65395690828
0.65394729056
0.65392278456
0.65395105856
0.6549863394
0.65398272
0.6538873599999999
0.65398272
0.65391591544
0.65400464556
0.65390097904
0.6539253657199999
0.65396548184
0.65392958112
0.65399624376
