None
None
None
None
None
None
None
None
None
None
None
None
None
None
None
None
None
None
None
None
None
None
None
None
None
None
None
None
None
None
None
None
None
None
None
None
None
None
None
None
None
None
None
None
None
None
None
None
None
None
None
None
None
None
None
None
None
None
None
None
None
None
None
None
None
None
None
2.7913398146629333
2.8131386637687683
2.619864046573639
2.905114471912384
2.74623841047287
2.5158289074897766
2.571711242198944
2.6771515607833862
2.2736420035362244
2.26660618185997
2.115452229976654
2.127430737018585
2.176139146089554
1.710842490196228
1.698013424873352
2.010782092809677
1.2195378839969635
1.1606561541557312
1.3744718432426453
1.0653999149799347
0.8182736486196518
0.6064393073320389
0.540591835975647
0.6208581626415253
0.27051600627601147
0.05358200892806053
-0.1602819375693798
-0.07778362557291985
-0.501475915312767
-0.3791158050298691
-0.6157590709626675
-0.4590378776192665
-0.5068294629454613
-0.6481593251228333
-0.3166041821241379
-0.12243190500885248
-0.3573877774178982
-0.18035316839814186
-0.17484598979353905
0.17426619492471218
0.035432860255241394
0.06666349060833454
0.06079631485044956
0.4332916922867298
0.3448461890220642
0.20394477620720863
-0.08975442685186863
0.22133834660053253
0.16798444092273712
0.016988955438137054
-0.21542958542704582
-0.28816552832722664
-0.004124552011489868
-0.16719164699316025
-0.213506318628788
-0.06474699452519417
-0.16338275372982025
-0.3319810628890991
-0.4708186313509941
-0.24569343030452728
-0.5160665363073349
-0.37236541509628296
-0.1589154116809368
-0.2105891890823841
-0.18781625851988792
-0.27331296633929014
-0.04912279546260834
-0.03963847458362579
0.08900139480829239
-0.07966088876128197
-0.3517550677061081
0.15487951412796974
-0.29504991322755814
-0.3726952373981476
-0.17858217656612396
-0.41519811004400253
-0.5400101840496063
-0.5275663807988167
-0.3540070056915283
-0.3390117175877094
-0.0872917827218771
-0.11783767119050026
0.010211758315563202
-0.27686455100774765
-0.025330685079097748
0.3647569790482521
-0.22522041574120522
-0.06120826676487923
-0.23990434780716896
-0.6087389141321182
-0.25691643357276917
-0.5061872079968452
-0.3695774935185909
-0.4532112404704094
-0.4095916114747524
-0.4892866313457489
-0.36195362359285355
-0.3929752763360739
-0.21164237335324287
-0.1534186340868473
-0.20896385610103607
-0.2176336757838726
-0.22880542278289795
-0.15898805484175682
-0.33908112347126007
-0.393597986549139
-0.2558456137776375
-0.44909465685486794
-0.4097885526716709
-0.29005690664052963
-0.3858557306230068
-0.1948791891336441
-0.5961593389511108
-0.4012981615960598
-0.34056203439831734
-0.398330919444561
-0.24453559890389442
-0.30447540804743767
-0.2577098719775677
-0.292556457221508
-0.4806920066475868
-0.11580029875040054
-0.25363198667764664
-0.3225637599825859
-0.39290308207273483
-0.5094754993915558
-0.39178449660539627
-0.4121800921857357
-0.5655115619301796
-0.34056361485272646
-0.24565203860402107
-0.22064316272735596
-0.3966667838394642
-0.20151040703058243
-0.23333071917295456
-0.17021016590297222
-0.4237171746790409
-0.21664580702781677
-0.24898050725460052
-0.591159038245678
-0.6346815936267376
-0.4426896870136261
-0.6142296269536018
-0.5379795171320438
-0.29434994608163834
-0.29828046448528767
-0.14632407203316689
0.1201442051678896
-0.4870012700557709
-0.4886302798986435
-0.4415454473346472
-0.22439125925302505
0.08215047791600227
-0.34757424890995026
-0.29404233768582344
-0.5491941273212433
-0.3261132724583149
-0.21605744119733572
-0.35608406364917755
-0.4366750009357929
-0.7579645067453384
-0.3768232427537441
-0.3866836614906788
-0.20726488903164864
-0.359710868448019
-0.0038041993975639343
0.06895679421722889
-0.45964841544628143
-0.44930191338062286
-0.6356586962938309
-0.5971666574478149
-0.4545162320137024
-0.5614206865429878
-0.31253721192479134
-0.27617091592401266
-0.06532971188426018
-0.005895044654607773
-0.0602847496047616
-0.10440795123577118
-0.32717395946383476
-0.5047690905630589
-0.6799736768007278
-0.5678759142756462
-0.5234619155526161
-0.4920041710138321
-0.4135923255234957
-0.2643690821714699
-0.25206733494997025
-0.045953698456287384
-0.08971555903553963
-0.31719794124364853
-0.24418596923351288
-0.2734578400850296
-0.40536973252892494
-0.15754517540335655
-0.27313620410859585
-0.5071029141545296
-0.6316360086202621
-0.5518196597695351
-0.7751491293311119
-0.43721482157707214
-0.33021919056773186
-0.2649872899055481
0.029823508113622665
-0.1727940123528242
-0.1797618865966797
-0.569091796875
-0.06298334524035454
-0.09005052596330643
-0.3474617078900337
-0.3727288544178009
-0.5954770408570766
-0.3314707949757576
-0.4940261170268059
-0.48092377185821533
-0.3632506690919399
-0.20287875831127167
-0.1956005934625864
-0.1593625769019127
-0.10342767834663391
-0.11375156790018082
-0.4678640626370907
-0.5495777651667595
-0.3906903564929962
-0.5473467893898487
-0.37801000475883484
-0.5384500846266747
-0.36554115638136864
-0.21592955337837338
-0.24995024129748344
-0.2075456827878952
-0.0032576490193605423
-0.25376284308731556
-0.46423497796058655
-0.5538563802838326
-0.5906623750925064
-0.22563213482499123
-0.276492640376091
-0.3503084369003773
-0.10162755660712719
-0.47267360985279083
-0.47387657687067986
0.018047280609607697
-0.43114710599184036
-0.3513932041823864
-0.2554224282503128
-0.4090687856078148
-0.29058101773262024
-0.06472042761743069
-0.5152245685458183
-0.4693039730191231
-0.16373476386070251
-0.4991130493581295
-0.3190631680190563
-0.1395462118089199
-0.007634352892637253
-0.3706045299768448
-0.3283916935324669
-0.49764732271432877
-0.2087482511997223
-0.3410149160772562
-0.189568349160254
-0.3073554504662752
-0.45465465635061264
-0.24043652787804604
-0.40574174746870995
-0.5372801348567009
-0.4197110943496227
-0.009518942795693874
-0.03451739251613617
-0.1730443462729454
-0.32155973091721535
-0.165111493319273
-0.46488094329833984
-0.30148420855402946
-0.22084119729697704
-0.5227639488875866
-0.4691002070903778
-0.3334724046289921
-0.19182387739419937
-0.26573553308844566
-0.11944417795166373
-0.26085661351680756
-0.1199181117117405
-0.23093517869710922
-0.3935842700302601
-0.5184303224086761
-0.5640238225460052
-0.5245489552617073
-0.38249219954013824
-0.23477015644311905
0.07898430898785591
0.18640988320112228
0.16989025473594666
-0.09936026483774185
-0.15635987743735313
-0.6032984554767609
-0.5600973665714264
-0.400183679535985
-0.25645651295781136
-0.3392814099788666
-0.24755453690886497
-0.2872966527938843
-0.1283158529549837
-0.1487860418856144
-0.3165673688054085
-0.2875763475894928
-0.35041649313643575
-0.326084085740149
-0.49650000035762787
-0.32120596803724766
-0.3100654184818268
-0.15814353711903095
-0.240557748824358
-0.039107332937419415
-0.1950542889535427
-0.3623126484453678
-0.30865341424942017
-0.6194046586751938
-0.5476446151733398
-0.43555089831352234
-0.06088804826140404
-0.1821795515716076
-0.1688231434673071
-0.49385354667901993
-0.13847512006759644
-0.21315169194713235
-0.1869497187435627
-0.5753345191478729
-0.38152339681982994
-0.3392729386687279
-0.37070316821336746
-0.2465893030166626
-0.18463952280580997
-0.11659132968634367
-0.28143888153135777
-0.10374245326966047
-0.21691023372113705
-0.47318702191114426
-0.6973002925515175
-0.37128541246056557
-0.168575138784945
-0.5279220193624496
-0.3396097347140312
-0.336260374635458
-0.299752876162529
-0.10480585135519505
0.15640794020146132
-0.15379751473665237
-0.1794701535254717
-0.2074535246938467
-0.5193843171000481
-0.591439001262188
-0.3552234210073948
-0.43563784658908844
-0.5042438730597496
-0.4224228821694851
-0.1322959754616022
-0.218017790466547
-0.08900928124785423
-0.07740950211882591
-0.2199774757027626
-0.2813272923231125
-0.595307007431984
-0.4654850587248802
-0.4485339969396591
-0.21135728061199188
-0.5669026374816895
-0.20878710597753525
-0.13624119944870472
-0.3551321402192116
-0.3815448246896267
-0.1303605791181326
-0.0842317882925272
-0.2461663968861103
-0.30978935956954956
-0.3569259438663721
-0.42496658861637115
-0.25514698028564453
-0.3817045697942376
-0.2430514432489872
-0.2193022146821022
-0.15279418230056763
-0.01673540659248829
-0.4445653483271599
-0.3482159227132797
-0.09197915717959404
-0.3487326055765152
-0.3294476643204689
-0.30661419220268726
-0.2933162450790405
-0.1969333253800869
-0.07489404082298279
-0.18988656625151634
-0.36086685210466385
-0.4116473700851202
-0.29630644619464874
-0.2744635343551636
-0.20700962841510773
-0.2302825329825282
-0.1033817920833826
0.11107811005786061
-0.13727308809757233
-0.06223206967115402
-0.11022370494902134
-0.4389973059296608
-0.30051447078585625
-0.5498056411743164
-0.4342771843075752
-0.19702638499438763
-0.24326753988862038
-0.2298785075545311
-0.15812997054308653
-0.32800597697496414
-0.08626418421044946
-0.3509899340569973
-0.08409128617495298
-0.10357708483934402
-0.3557994216680527
-0.3734984416514635
-0.29578573629260063
-0.44645294547080994
-0.382677398622036
0.002647051587700844
-0.1725122220814228
0.11965457815676928
0.18164489045739174
-0.004393232986330986
-0.2407082086429
-0.1069253534078598
-0.27090266114100814
-0.4166058748960495
-0.3706087451428175
-0.46253976225852966
-0.3304879441857338
-0.28558094054460526
-0.18750296719372272
0.12484301067888737
0.2851268909871578
0.19262349233031273
0.2146335430443287
0.16838855296373367
-0.04918921738862991
-0.16224827338010073
-0.6201288849115372
-0.3898749239742756
-0.3462301716208458
-0.425626203417778
-0.3969496600329876
-0.44899770244956017
-0.15377098135650158
-0.06688620150089264
-0.12408444657921791
0.0756504824385047
-0.28011783957481384
-0.13828184641897678
-0.5223189145326614
-0.14297660812735558
-0.37571871280670166
-0.2653455464169383
-0.09177077561616898
-0.3014771267771721
-0.20436043478548527
-0.04108971916139126
-0.11431063432246447
-0.12138351239264011
-0.24639860354363918
-0.262892740778625
-0.14540018886327744
-0.07325927168130875
-0.37684378772974014
-0.36879802495241165
-0.2577771283686161
-0.16649363562464714
-0.33323048055171967
0.014553461223840714
0.0959696201607585
0.06472029210999608
-0.21668173745274544
-0.03918800689280033
-0.3307970501482487
-0.3202580828219652
-0.22629449889063835
-0.28131280094385147
-0.063650231808424
-0.2326837070286274
-0.3542291782796383
-0.27783068269491196
-0.2034127563238144
-0.17563841864466667
-0.33050462417304516
-0.18158931471407413
-0.24016098491847515
-0.20396028785035014
-0.1583402082324028
-0.08716628141701221
-0.07154748542234302
-0.15820022718980908
-0.28889675065875053
-0.21237342525273561
-0.19186971057206392
-0.037918610498309135
-0.08250667806714773
-0.26382675021886826
-0.23798580653965473
-0.16358906403183937
-0.1399825718253851
0.004988443106412888
-0.16503350250422955
-0.12720046006143093
-0.2682481184601784
-0.08481547422707081
-0.33165039122104645
-0.18638802878558636
-0.05545377358794212
-0.44252393394708633
-0.44729531928896904
-0.13779194094240665
-0.3699383232742548
-0.12907155975699425
-0.14290144108235836
0.05970996944233775
-0.07986363396048546
-0.28932405449450016
-0.13520185416564345
-0.479157529771328
-0.08390608709305525
-0.2703715683892369
-0.18172301352024078
0.010205188766121864
-0.02080884575843811
-0.18111275415867567
-0.007287453394383192
-0.18589971400797367
-0.35950442031025887
-0.21709887869656086
-0.4031476825475693
-0.42534442618489265
-0.48051659017801285
-0.21652290597558022
-0.02207109145820141
0.24166586063802242
0.29704005271196365
0.03521272540092468
0.03786973003298044
-0.06596079841256142
-0.17261491995304823
-0.27645107358694077
-0.5894748046994209
-0.4341631382703781
-0.6939665973186493
-0.3628321886062622
-0.08030181005597115
-0.04388989508152008
-0.1878788210451603
-0.011959378607571125
-0.18271442502737045
0.04494837857782841
0.05294885206967592
-0.32329631596803665
-0.23232034780085087
-0.3251729905605316
-0.26780381239950657
-0.07630221731960773
-0.03152336087077856
0.2209754940122366
-0.002555146813392639
-0.07190696522593498
-0.0953388586640358
-0.40138520300388336
-0.40160608291625977
-0.41529648285359144
-0.4242106284946203
-0.12870116904377937
-0.16621933272108436
0.0243498005438596
0.07834899611771107
-0.030732590705156326
0.1127806780859828
-0.09838063083589077
-0.19116842560470104
-0.18043995276093483
-0.13104335637763143
-0.20308716781437397
-0.05225152987986803
-0.06139299273490906
-0.17730318359099329
-0.009890717221423984
-0.12166317272931337
-0.20179010927677155
-0.15085681341588497
-0.07456406764686108
-0.13213783781975508
-0.204663255950436
-0.19664453575387597
-0.2231552628800273
-0.043973120860755444
0.04888199409469962
-0.05030740797519684
-0.008324149996042252
-0.14166179113090038
-0.2522052265703678
-0.30705576390028
-0.18634716421365738
-0.06390485214069486
0.09602764318697155
0.09267364162951708
-0.031082767993211746
-0.05074069835245609
-0.33851027488708496
-0.3252895977348089
-0.380277156829834
-0.26365763880312443
-0.03475734405219555
-0.07689775247126818
-0.14588981540873647
-0.10706841619685292
-0.0021440330892801285
-0.22203325480222702
-0.15641167014837265
0.013553185388445854
-0.06564304977655411
-0.18960173428058624
-0.06505860667675734
-0.058603931218385696
-0.26395532861351967
-0.11278452957049012
-0.13235049694776535
-0.11511804535984993
-0.23566097859293222
-0.023479048162698746
-0.30516332387924194
-0.12773142429068685
-0.0971449688076973
-0.0691159088164568
0.03782964590936899
-0.18291523028165102
-0.049228657968342304
-0.08739000279456377
-0.11294747516512871
-0.2924012951552868
-0.31613385677337646
-0.2505049407482147
-0.14614450931549072
-0.07536097429692745
0.06863307394087315
-0.1828678334131837
-0.06301298458129168
-0.02125447615981102
-0.1020584492944181
-0.25222526490688324
-0.10411144141107798
-0.16859957575798035
-0.16371929133310914
-0.09076190809719265
-0.013212069170549512
0.04426322877407074
0.09978312021121383
-0.05997477378696203
-0.2303629256784916
-0.3416329100728035
-0.2972783222794533
-0.14557134173810482
-0.19425162766128778
0.08317842427641153
0.030721505638211966
0.13860774040222168
0.08900837227702141
0.20593000948429108
-0.2445998601615429
-0.1834388580173254
-0.2097223624587059
-0.11282283486798406
-0.11148270685225725
0.05357228312641382
-0.18766154162585735
-0.1109059602022171
-0.06488148961216211
-0.02126855868846178
-0.16889550909399986
-0.19809496402740479
-0.07940518297255039
-0.09766942774876952
-0.02641415409743786
-0.068305978551507
-0.31395387649536133
-0.14065395295619965
-0.08876114431768656
-0.05787093751132488
-0.02613202203065157
-0.16801762580871582
-0.21247318712994456
-0.0024459771811962128
-0.045805638656020164
-0.046886556781828403
-0.06322473753243685
-0.33040405064821243
-0.22712567076086998
-0.27344993129372597
-0.28889425843954086
-0.020315978676080704
-0.0067307911813259125
0.03736525122076273
-0.10185534786432981
-0.0908731734380126
-0.11985638178884983
-0.1942639546468854
-0.22466209065169096
-0.07596410065889359
0.02966783521696925
0.0669170068576932
-0.08544890116900206
-0.05290883779525757
-0.15423286333680153
-0.20885950699448586
-0.2582377754151821
-0.10113590303808451
-0.04555619158782065
-0.006044580601155758
0.036217101849615574
-0.11387772066518664
-0.21595601737499237
-0.07546530663967133
-0.15163115225732327
-0.09561998210847378
-0.022793049458414316
-0.13703699596226215
-0.20936187263578176
0.009764412301592529
-0.02819804009050131
-0.11994525045156479
-0.04927358869463205
-0.20086661912500858
-0.00874376017600298
-0.0778358206152916
-0.09679914731532335
-0.09081233944743872
-0.07821531244553626
-0.2518182061612606
-0.08631138131022453
-0.06787201762199402
-0.03694863524287939
-0.0467190588824451
-0.09946940932422876
-0.17136255837976933
-0.08538743248209357
-0.0977669800631702
-0.11035768315196037
0.026806985028088093
-0.07397487398702651
-0.1336040897294879
-0.14904507715255022
-0.11182638071477413
-0.16485990397632122
-0.14542758092284203
0.0180172068066895
-0.10545458272099495
-0.03601337410509586
-0.1843146700412035
-0.21383224800229073
-0.14492235891520977
-0.04575221717823297
-0.048319658963009715
0.04292295780032873
0.02506732172332704
-0.19909184332937002
-0.08992913831025362
-0.2209603674709797
-0.15030186949297786
-0.14071048609912395
-0.03587302751839161
0.11932886391878128
-0.059141701087355614
-0.003743968904018402
-0.09848072100430727
-0.181943466886878
-0.2500380501151085
-0.15532533638179302
-0.04210291989147663
-0.11353557370603085
-0.05887709558010101
-0.04856732115149498
-0.13518489617854357
0.01712238322943449
-0.114777279086411
-0.13497798331081867
-0.14235537592321634
0.018336667912080884
-0.09278300683945417
-0.05092018563300371
-0.10018063522875309
0.021030762000009418
-0.13869518227875233
-0.1273739468306303
-0.17068053223192692
-0.1606090720742941
-0.0008939895778894424
-0.0028088558465242386
-0.02774061681702733
-0.036816104664467275
-0.18906575068831444
-0.22008680365979671
-0.15569963678717613
-0.09653981914743781
0.023796286433935165
-0.062435942236334085
-0.07702139625325799
0.0003937366418540478
-0.171305974945426
-0.2901779757812619
-0.03325116983614862
-0.08854190772399306
-0.07753351563587785
-0.06598885077983141
-0.08385305479168892
-0.03652840480208397
-0.14298367779701948
-0.10266928188502789
0.01582977408543229
-0.1254499051719904
-0.13279402535408735
-0.19375231117010117
-0.0014688633382320404
0.02810350968502462
0.08711083605885506
-0.021871103905141354
-0.11809904780238867
-0.1965949386358261
-0.14177988842129707
-0.09819695493206382
-0.07683264650404453
0.04585786676034331
-0.12196064600721002
-0.06509365048259497
-0.01888571446761489
-0.03824622510001063
-0.06038612546399236
-0.12971030175685883
-0.10225442610681057
-0.11915131285786629
-0.0145393842831254
0.05057943891733885
0.04350300505757332
-0.06706723710522056
-0.107106096111238
-0.1791391409933567
-0.12966369558125734
-0.0597144765779376
0.05420614592730999
0.010398481041193008
0.0752580501139164
-0.17239734483882785
-0.03538572695106268
-0.12784982286393642
-0.14213369227945805
0.0037386666517704725
-0.13276671548373997
0.006898730993270874
-0.004971946589648724
-0.08839561510831118
-0.14127289305906743
-0.006667029112577438
0.012786032282747328
-0.05531608406454325
-0.21282541006803513
-0.12628121301531792
-0.05692565254867077
-0.05097714182920754
-0.002115478040650487
-0.020333696389570832
-0.10200036782771349
-0.06551311654038727
0.013483621180057526
-0.07610871084034443
-0.10303939413279295
-0.06998996622860432
-0.04398437961935997
-0.0937125962227583
-0.02484730537980795
-0.051943838596343994
-0.023195705376565456
-0.08959545195102692
-0.10053464211523533
-0.10577400960028172
-0.06557769887149334
0.04504230013117194
-0.06358310580253601
-0.007364652119576931
-0.05348378932103515
-0.049916310235857964
-0.10991168580949306
-0.049694656394422054
-0.0948240403085947
0.06672538630664349
-0.03493194025941193
-0.056016976945102215
-0.07661620434373617
-0.07129187881946564
0.00911931786686182
0.015386516228318214
-0.046321317087858915
-0.10814931336790323
-0.1587031241506338
-0.07282238360494375
-0.17664202116429806
-0.020679236389696598
-0.025930349249392748
-0.054687919560819864
-0.07403840078040957
0.030912026297301054
-0.0317548094317317
-0.10611918289214373
-0.04011756181716919
-0.15536967292428017
-0.1377791976556182
-0.04251264873892069
-0.007216400466859341
-0.016443469561636448
-0.11918331496417522
-0.1275624071713537
-0.09533080458641052
0.00455581396818161
0.03508084826171398
-0.028739792993292212
-0.033765326254069805
-0.11752351559698582
-0.1583263911306858
-0.09759050235152245
-0.029937676154077053
-0.025801592506468296
0.008080140687525272
-0.04574970621615648
-0.1073069111444056
-0.04114552494138479
-0.045529148541390896
-0.02470569231081754
-0.1111798130441457
-0.010200499556958675
-0.10492051020264626
-0.04327840730547905
-0.03730376251041889
-0.06757654342800379
-0.1522037610411644
-0.16503251530230045
0.04098996380344033
-0.04101568693295121
0.05891826096922159
0.011851388379000127
-0.039201340870931745
-0.1254281848669052
-0.14711115695536137
-0.15583457797765732
-0.04627364268526435
-0.04242854518815875
0.04475682973861694
0.05354262189939618
-0.06559050735086203
-0.13411800004541874
-0.13577600941061974
-0.0419018198736012
-0.011049252934753895
-0.047023992985486984
-0.12439676374197006
-0.07157184998504817
-0.07972308807075024
0.020085882861167192
0.09760696440935135
0.09984367806464434
0.12660216726362705
-0.06300744228065014
-0.05101371370255947
-0.208498764783144
-0.14750364609062672
-0.16763352788984776
-0.20634474977850914
-0.050650241784751415
0.05392827186733484
0.16970749758183956
0.1074665142223239
0.07567680941428989
0.036337750032544136
-0.09956865850836039
-0.07655744394287467
-0.17932377383112907
-0.19214069843292236
-0.016381679568439722
-0.11616744473576546
0.005148980766534805
0.053710686042904854
0.046772769186645746
-0.01627913909032941
-0.08545386604964733
-0.22232820838689804
-0.25458287820219994
-0.13233070261776447
-0.0947078752797097
0.019090671092271805
0.13199157267808914
0.09954898990690708
0.06503162160515785
0.06334920693188906
-0.06728639639914036
-0.16204510442912579
-0.19111120142042637
-0.14675825089216232
-0.10766191780567169
0.02777118980884552
-0.09513614699244499
0.14735356159508228
0.15792709589004517
0.0798514699563384
0.08636001124978065
-0.05565815977752209
-0.18656796216964722
-0.08844747208058834
-0.1476668193936348
-0.040826094802469015
-0.08071040431968868
0.020170843927189708
-0.05063604563474655
-0.04781781788915396
-0.01064959168434143
-0.1153363548219204
-0.1535826502367854
-0.10281454026699066
-0.1330287354066968
-0.00985301099717617
0.04107176652178168
0.08400854654610157
0.02409892762079835
-0.02114814263768494
-0.14128963835537434
-0.12063053250312805
-0.1748470738530159
-0.20405256375670433
-0.11327855288982391
-0.03152695670723915
0.04497252753935754
0.02405497501604259
-0.004144799895584583
-0.06531059800181538
-0.07228304538875818
-0.17137039452791214
-0.1909142266958952
-0.14604546688497066
-0.09444011468440294
-0.18401333689689636
0.09618961066007614
0.12491903826594353
0.15663225203752518
0.18954559415578842
0.04639954539015889
-0.053063188679516315
-0.07183405477553606
-0.0944743468426168
-0.0693433741107583
-0.08183740079402924
-0.1393297091126442
0.003017234615981579
0.06289242021739483
0.027615273371338844
0.0525322500616312
-0.05556399200577289
-0.1787030752748251
-0.11319099273532629
-0.14724207296967506
-0.10255133174359798
-0.15780420042574406
0.027867804281413555
0.12647012062370777
0.10709579521790147
0.012225127778947353
0.06527995318174362
-0.106666031293571
-0.09429996088147163
-0.10644038184545934
-0.11633040523156524
0.00271167466416955
0.03492941032163799
-0.022582090692594647
-0.06710933987051249
-0.09083114704117179
-0.05478590773418546
-0.024728051736019552
-0.09661936946213245
-0.11426680162549019
-0.07826132420450449
0.04053918516729027
0.013302605599164963
-0.008077696897089481
-0.05565267149358988
-0.17503707483410835
-0.12127120047807693
-0.1263379044830799
-0.111642612144351
0.0031152814626693726
0.07122782012447715
0.1006811698898673
-0.047793665900826454
-0.09199210815131664
-0.08657166035845876
-0.06141320802271366
-0.09685336425900459
-0.09882946126163006
0.0474313017912209
0.0597714981995523
0.02161201718263328
-0.015179856214672327
-0.08620944246649742
-0.1799511294811964
-0.1522923018783331
-0.16205273941159248
-0.07010964723303914
0.020922218449413776
0.032822411390952766
0.013974135275930166
-0.0347790140658617
-0.10916496999561787
-0.0830055270344019
-0.11886043474078178
-0.15774427354335785
-0.0243841502815485
0.028553667943924665
0.0017856580670922995
-0.016384310089051723
-0.08287846855819225
-0.16177601926028728
-0.20395848527550697
-0.07097541633993387
-0.049841086845844984
-0.06771558150649071
0.047522010980173945
0.028384877718053758
0.01911854720674455
-0.07633437030017376
-0.11630354542285204
-0.11981482803821564
-0.12610375694930553
-0.11213532835245132
-0.0701571493409574
-0.04690811922773719
-0.04538736958056688
-0.17371335858479142
-0.0727051415015012
-0.08777333423495293
-0.009654948487877846
-0.06322992430068552
0.03465162171050906
-0.018827811116352677
-0.07448577042669058
-0.16593210026621819
-0.13560320250689983
-0.14051706064492464
-0.08382742386311293
7.201265543699265e-05
0.04663254041224718
-0.05263994773849845
0.009547998895868659
-0.0821006465703249
-0.16750294342637062
-0.22900012508034706
-0.181162865832448
-0.15404292568564415
-0.20485554868355393
-0.016823639161884785
-0.006168313790112734
0.026362772099673748
0.03804223262704909
-0.020976493135094643
-0.08862389624118805
-0.19477630592882633
-0.1443691123276949
-0.05670210288371891
-0.034875181037932634
0.03325628605671227
-0.03763258922845125
-0.12892544968053699
-0.08410717942751944
-0.013579526916146278
-0.053501704009249806
-0.09228893183171749
-0.12726111710071564
-0.10853795800358057
-0.050097012892365456
0.016069002682343125
-0.04748593899421394
-0.0030767162097617984
-0.12319597322493792
-0.0701262322254479
-0.11533512361347675
-0.10713784396648407
-0.034475880675017834
-0.07959081139415503
-0.12460743449628353
-0.09071267815306783
-0.04878455167636275
-0.12227119691669941
-0.027646032627671957
0.004544960800558329
-0.08446235419251025
-0.0312868463806808
-0.13165269512683153
-0.08706667087972164
-0.11815145611763
-0.1220898968167603
-0.012566019780933857
0.014398744329810143
0.028029032051563263
0.0037684543058276176
-0.02659488283097744
-0.13089440390467644
-0.15828290954232216
-0.18731746636331081
-0.15887491591274738
-0.20058703422546387
0.005425872281193733
0.028327806387096643
0.0038376403972506523
0.022989390417933464
-0.01313210534863174
-0.16054410114884377
-0.10391031950712204
-0.15737090818583965
-0.13974692206829786
-0.07172704604454339
-0.0011813826858997345
0.04861298901960254
0.014672109391540289
0.004039239138364792
-0.0592926274985075
-0.11849749274551868
-0.22399194538593292
-0.17849217355251312
-0.14014820754528046
-0.0763294268399477
-0.05664042057469487
0.0441703861579299
0.01820758543908596
-0.020517592318356037
-0.020193045493215322
-0.04974545119330287
-0.14644392021000385
-0.13030376471579075
-0.17172178626060486
-0.024863124825060368
-0.10050040646456182
-0.048956274753436446
-0.03977544838562608
0.01199478842318058
0.03252866491675377
0.001566840335726738
-0.10786665417253971
-0.0899715581908822
-0.09531159419566393
-0.125480767339468
-0.057990722358226776
0.010558645706623793
0.014893051120452583
-0.051837483420968056
-0.11691492330282927
-0.09463750291615725
-0.08479272446129471
-0.028561186976730824
0.003914147149771452
0.0060185452457517385
-0.083828448317945
-0.09021628834307194
-0.05538817046908662
-0.017931053414940834
-0.04861464165151119
-0.13428125670179725
-0.058550550136715174
-0.10101676639169455
0.02286146825645119
0.03693557297810912
-0.025810477323830128
-0.004798408364877105
-0.1628146953880787
-0.10461380053311586
-0.10903036314994097
-0.0731805507093668
-0.06400366337038577
-0.060182565823197365
0.09442953346297145
0.05459920666180551
0.08054673438891768
-0.019901135470718145
-0.11679030582308769
-0.15675926767289639
-0.05537093756720424
-0.1102669290266931
-0.10642891190946102
-0.002311673015356064
0.03458017110824585
-0.04412922728806734
0.00363624794408679
-0.06861495599150658
-0.1259080171585083
-0.14778264239430428
-0.21636924520134926
-0.18511033803224564
-0.09810332208871841
-0.038587192073464394
0.015824300702661276
0.039357363944873214
-0.04226648062467575
-0.034293236676603556
-0.10168896429240704
-0.23379160277545452
-0.11919932067394257
-0.11517572775483131
-0.09287522220984101
0.04267064854502678
0.01770460605621338
0.10315484367311001
0.0791444992646575
-0.04436490125954151
-0.05347742512822151
-0.10621894337236881
-0.1248947512358427
-0.18447318859398365
-0.11983368266373873
0.0036948365159332752
-0.006926709786057472
0.032740811351686716
0.0030892982613295317
-0.05526859313249588
-0.07138606905937195
-0.13932402059435844
-0.11027512047439814
-0.05468558962456882
-0.03152365970890969
-0.05878612457308918
-0.07564079039730132
0.009404251351952553
-0.03551149391569197
0.010598814231343567
-0.17493499163538218
-0.08977548405528069
-0.1085710134357214
-0.02886067796498537
-0.03353807423263788
-0.0468580755405128
-0.017559442145284265
-0.09356757975183427
-0.010892225429415703
-0.06005295482464135
-0.07794748432934284
-0.049768483731895685
-0.08164716232568026
-0.135738761164248
-0.10995884798467159
-0.10542548727244139
-0.028948615770787
-0.02629181183874607
0.020761660765856504
0.007276581600308418
-0.038078308338299394
-0.13114721421152353
-0.1331986989825964
-0.09005544148385525
-0.03637501550838351
-0.034361960366368294
-0.10691243223845959
-0.03668323624879122
0.05320639070123434
-0.025569139048457146
-0.0922650396823883
-0.048128954134881496
-0.08529126457870007
-0.12502757366746664
-0.08803171198815107
-0.06197767145931721
0.03562750667333603
0.04431239841505885
-0.02919540600851178
-0.16324355360120535
0.024504621513187885
-0.04539281455799937
-0.07978007197380066
-0.05372430570423603
-0.1437165103852749
0.004887273535132408
0.014972526696510613
0.029660500586032867
-0.016666281677316874
-0.1092140432447195
-0.09154046140611172
-0.07561536505818367
-0.10874653793871403
-0.05002939607948065
-0.08078837115317583
-0.04432217963039875
-0.047155363485217094
0.020925125339999795
-0.11653220932930708
-0.05392996035516262
-0.09307020530104637
-0.011947063496336341
-0.04472311830613762
-0.020290824119001627
-0.024981548194773495
-0.12685934361070395
-0.08651123195886612
-0.13832089584320784
-0.04766843840479851
-0.011946880724281073
-0.05049005802720785
-0.0126470853574574
-0.04092357715126127
-0.11764030531048775
-0.0947133619338274
-0.09848555736243725
-0.06744016893208027
-0.023883643094450235
0.002969491295516491
0.03297577612102032
-0.03284207684919238
-0.09370182268321514
-0.11177563667297363
-0.09918142855167389
-0.10719307418912649
-0.033296896144747734
-0.007189665688201785
-0.0011327550746500492
-0.02814393222797662
-0.03808374784421176
-0.11982960440218449
-0.05408465024083853
-0.07197041437029839
-0.1082131452858448
-0.1155705526471138
-0.06242508161813021
-0.03289519343525171
-0.0019584381952881813
-0.03482960269320756
-0.006206829682923853
-0.07072945311665535
-0.08862363803200424
-0.0076779594528488815
-0.08346246788278222
-0.07423080503940582
-0.014510151231661439
-0.06357094552367926
0.06284827692434192
0.030498795676976442
-0.010378398001194
-0.06821921188384295
-0.07671178691089153
-0.10037733614444733
-0.04340667324140668
-0.07712720334529877
-0.03800672618672252
-0.06136752455495298
0.03370233008172363
-0.08920544548891485
0.0012096967548131943
0.0276831379160285
-0.009733474347740412
-0.06816595792770386
-0.07551855966448784
-0.07457567565143108
-0.05206005880609155
0.0480722151696682
0.022485353518277407
0.004269256955012679
-0.028533787466585636
-0.08305439632385969
-0.11806031875312328
-0.12652947567403316
-0.08919399231672287
-0.024444580543786287
-0.012394560792017728
-0.005089031648822129
-0.04828929854556918
-0.06640721624717116
-0.05187053047120571
-0.11101241037249565
-0.13134703785181046
-0.043600721284747124
0.0043550399132072926
0.038445727434009314
-0.011632189154624939
-0.007578070508316159
-0.08011993207037449
-0.0883217416703701
-0.06649987399578094
-0.04546819906681776
0.005489685805514455
0.005543873878195882
-0.03135894797742367
-0.07096592243760824
-0.088642043992877
-0.0586207639425993
-0.04005911573767662
-0.06071560923010111
-0.013614135328680277
-0.12606705259531736
-0.021072326693683863
-0.07594815269112587
-0.028197784908115864
0.0400584451854229
-0.06511779339052737
-0.01220768439816311
-0.051681010983884335
0.0020898296497762203
-0.06291917385533452
-0.060448987409472466
-0.030831655021756887
-0.06052171811461449
-0.02753401640802622
-0.09616808965802193
-0.08153089182451367
-0.030708090402185917
-0.011800096835941076
-0.03788531036116183
-0.08266159286722541
-0.07648016326129436
-0.037769739516079426
-0.07013962883502245
0.01803457085043192
0.014348142314702272
0.01527378149330616
-0.03677643486298621
-0.0772033603861928
-0.1153686810284853
-0.0897279754281044
-0.07105755247175694
-0.03930028947070241
-0.02736442256718874
-0.01874216098804027
0.018647880293428898
0.025123986415565014
-0.016129024210385978
-0.09434599801898003
-0.11706695705652237
-0.12756830267608166
-0.06904738489538431
-0.011827798560261726
0.034484745003283024
0.0467889541760087
-0.010487269842997193
-0.11333507858216763
-0.10955477692186832
-0.11600872315466404
-0.0734817124903202
0.015486316289752722
0.0037360708229243755
0.06010302621871233
-0.014652856683824211
-0.09147399617359042
-0.04428198607638478
-0.17011158913373947
-0.09783406928181648
-0.06551853567361832
-0.012084223795682192
-0.02019002055749297
0.023361142026260495
-0.0531983224209398
-0.04734649579040706
-0.04242940666154027
-0.053559343330562115
-0.10005074087530375
-0.007143364287912846
-0.037948418874293566
-0.08944336604326963
-0.04705708217807114
-0.03986596199683845
-0.06036229385063052
0.005909288302063942
0.051241397159174085
0.0006214678287506104
-0.029700222774408758
-0.0695230532437563
-0.16104683466255665
-0.07548373471945524
-0.08505267789587379
-0.03148104250431061
-0.04498003935441375
-0.021813940373249352
0.0009594238363206387
-0.06077610654756427
-0.09245073609054089
-0.08998327702283859
-0.05488132685422897
-0.07706617098301649
0.04143818514421582
0.04760783025994897
0.050235082395374775
0.037534114671871066
-0.002697551710298285
-0.07794469688087702
-0.15078498236835003
-0.14423510152846575
-0.08903821557760239
-0.03208996157627553
-0.0029810357373207808
0.025842411443591118
0.0074288524920120835
-0.00268704816699028
-0.08185548149049282
-0.1181397195905447
-0.1249716691672802
-0.055548896081745625
-0.05909407930448651
0.022819702979177237
0.009006998501718044
0.044001161586493254
0.004173789639025927
-0.03320152487140149
-0.09773089364171028
-0.11710597760975361
-0.07899597380310297
-0.06340635241940618
0.02284112758934498
0.05088380631059408
0.048251559026539326
0.014662682078778744
-0.022075654938817024
-0.10331125184893608
-0.10903577692806721
-0.16314812004566193
-0.09995550289750099
-0.05625350493937731
-0.05878989025950432
0.028950625099241734
0.06131515093147755
0.10057532927021384
0.07745082676410675
0.05449371971189976
-0.016722213244065642
-0.09497599489986897
-0.1585017368197441
-0.14817569591104984
-0.2532597482204437
-0.13607108127325773
-0.18408142495900393
-0.026198300998657942
0.0033983211033046246
-0.03452881518751383
0.0691330092959106
0.004597061313688755
-0.04612352524418384
-0.07955037523061037
-0.08732082508504391
-0.0658148555085063
-0.016751873889006674
-0.05441309046000242
-0.010229010367766023
0.04748984007164836
-0.023136781062930822
-0.0668617133051157
-0.1031864583492279
-0.11792458035051823
-0.08298101089894772
-0.05801980849355459
0.01370462286286056
0.044648993760347366
0.01360987313091755
0.029078848543576896
-0.0864263791590929
-0.039268957916647196
-0.055550779681652784
-0.050589862279593945
-0.0476050553843379
-0.10641159117221832
-0.021495329216122627
-0.038305680733174086
-0.01372472383081913
-0.05024712439626455
-0.08873010147362947
-0.057177445851266384
-0.060870734974741936
-0.019249622942879796
-0.03116356860846281
-0.03607147675938904
-0.05514592584222555
-0.1334786992520094
-0.04464107844978571
-0.09161516139283776
-0.013116351561620831
0.035004488192498684
-0.026856069453060627
-0.05889796605333686
-0.06142924074083567
-0.019602712942287326
-0.07253949157893658
-0.08313235454261303
-0.026255080476403236
-0.05184196960180998
0.009472600999288261
0.0005133543163537979
-0.04200642160139978
-0.07423500157892704
-0.09739270806312561
-0.07288958970457315
-0.04308358649723232
-0.0012829953338950872
-0.029110818170011044
-0.11826849915087223
-0.07893017958849669
-0.04931167385075241
-0.06789813231443986
-0.003985359333455563
-0.008137837052345276
-0.01602490246295929
-0.016057339729741216
-0.0826590359210968
-0.11890855059027672
-0.11337726190686226
-0.08423410169780254
0.0249263655859977
-0.01077614282257855
0.041321550495922565
-0.03988435072824359
-0.04453052952885628
-0.08510281424969435
-0.07965119928121567
-0.08739686384797096
0.007350834086537361
-0.010409899055957794
-0.06747816735878587
-0.0272193691926077
-0.028391837142407894
-0.05046604014933109
-0.07429641298949718
-0.043051172979176044
-0.06864657904952765
-0.051592372357845306
-0.008361527230590582
-0.054695047438144684
-0.02549797296524048
-0.0969982051756233
-0.0669392105191946
-0.02913592802360654
-0.055651393020525575
-0.032907346496358514
-0.05313475360162556
-0.04989244509488344
-0.04693617206066847
-0.05190190067514777
-0.06270237732678652
-0.03506929730065167
-0.05337694101035595
-0.021817549946717918
-0.08963627927005291
-0.06288071442395449
-0.029460354009643197
-0.025867160875350237
0.025883367285132408
-0.03484190488234162
-0.10154802072793245
-0.09246461931616068
-0.0674866596236825
-0.0952548598870635
-0.013338521122932434
0.010671266354620457
0.013847260735929012
-0.0278335006441921
-0.03250419022515416
-0.09869282133877277
-0.12154907360672951
-0.1441537905484438
-0.12080669775605202
-0.04381484445184469
-0.04882705071941018
0.010218444978818297
0.005718814791180193
0.037350294180214405
0.010554958833381534
-0.04754476295784116
-0.11961158085614443
-0.08804564736783504
-0.11483538150787354
-0.017000237945467234
-0.005679814610630274
-0.06454145209863782
-0.03810047858860344
-0.0864863796159625
-0.06239478196948767
-0.03637395519763231
-0.08656897582113743
-0.055799929425120354
-0.030886054039001465
-0.04779823124408722
-0.028985273791477084
-0.05067778751254082
-0.048764207400381565
-0.06365904398262501
-0.03274271497502923
-0.028964624856598675
-0.02989374252501875
-0.10675866156816483
-0.10075925569981337
-0.0675216419622302
-0.06402730755507946
0.0007424901705235243
-0.005332281580194831
-0.015401192242279649
-0.04323041735915467
-0.043481326662003994
-0.09515391569584608
-0.09733704291284084
-0.05211388738825917
-0.08979860693216324
0.03267337690340355
0.02580786927137524
0.036875974386930466
-0.005845688981935382
-0.061361512169241905
-0.10591095313429832
-0.078003766015172
-0.04132807953283191
-0.0575285330414772
-0.038205695105716586
-0.0026526208966970444
-0.0355999858584255
-0.04981196764856577
-0.08826016262173653
-0.0669139213860035
-0.0411589564755559
-0.038634256925433874
-0.02772003156132996
-0.04787438549101353
-0.06298134103417397
-0.053451219806447625
-0.05810711393132806
-0.02974029816687107
-0.03989584604278207
-0.0638248035684228
-0.056183749344199896
-0.006529020378366113
-0.07805966585874557
-0.07818218600004911
-0.01409882924053818
-0.0230986843816936
-0.04041560972109437
-0.04047788213938475
-0.04981686873361468
-0.1100470032542944
-0.07006555795669556
-0.10064822994172573
-0.024092248175293207
0.012180465273559093
-0.02323681814596057
-0.015756761888042092
-0.0597211392596364
-0.052664910443127155
-0.10655085928738117
-0.03114746860228479
-0.02806396782398224
-0.051365661434829235
-0.0643135393038392
-0.07432648446410894
-0.022727535106241703
-0.010956318117678165
-0.056465694680809975
-0.0504744928330183
-0.044039332307875156
-0.05101409647613764
-0.07136109052225947
-0.04855171451345086
-0.04296203935518861
0.011883997358381748
-0.02604771312326193
-0.07723888009786606
-0.007866347208619118
-0.05299086635932326
-0.028048174688592553
-0.01920248195528984
-0.09098644368350506
-0.11021275073289871
-0.14316051080822945
-0.07240447960793972
-0.023280340479686856
0.002472806489095092
0.025498605566099286
-0.033477592281997204
-0.06310009770095348
-0.08202548790723085
-0.09596860408782959
-0.04635422956198454
-0.03800132032483816
0.034732113825157285
-0.04361743247136474
-0.0024311330635100603
-0.04241133248433471
-0.04149474552832544
-0.047433894127607346
-0.07069207075983286
-0.04541612323373556
-0.02490930398926139
-0.036227683536708355
-0.015927531756460667
-0.05937133822590113
-0.08205449488013983
-0.05825510062277317
-0.05956082604825497
-0.018740276573225856
0.008471520151942968
-0.001296148810070008
-0.052239250391721725
-0.03038172028027475
-0.05219765845686197
-0.058005038648843765
-0.08170720189809799
-0.036753944121301174
0.00527657347265631
-0.02536285889800638
-0.0020567867904901505
-0.07395418174564838
-0.04869890632107854
-0.013675905764102936
-0.027015542844310403
-0.07336434070020914
-0.08350854832679033
-0.05758393229916692
0.0017895488999783993
0.023832087783375755
-0.005430378369055688
0.006298213265836239
-0.05832008272409439
-0.05355440638959408
-0.06534113734960556
-0.11431293096393347
-0.015889162896201015
-0.015499206725507975
-0.016002426855266094
-0.04585831332951784
-0.06058454513549805
-0.05419158563017845
-0.014293284621089697
-0.011106145801022649
-0.036063363775610924
-0.05349498521536589
-0.048472763039171696
-0.037891233805567026
-0.023856853833422065
-0.02146888431161642
-0.047191517893224955
-0.09306416101753712
-0.08818979375064373
-0.060686600394546986
-0.039768350310623646
0.015426450176164508
0.009492998477071524
0.017402705503627658
-0.012560680042952299
-0.08817093260586262
-0.07575352862477303
-0.08407973870635033
-0.10893585346639156
-0.050964842550456524
-0.00394033407792449
0.025090841576457024
0.06526836100965738
0.025671581272035837
-0.0042891568737104535
-0.0693994089961052
-0.06270189676433802
-0.07487189956009388
-0.048694281838834286
-0.0444076219573617
-0.011824470828287303
-0.007566738058812916
0.017117590410634875
-0.03163281409069896
-0.05440911278128624
-0.07501264102756977
-0.06859966646879911
-0.03650839067995548
-0.018210997339338064
-0.03988947975449264
-0.0383781879208982
-0.012247830745764077
-0.056124938651919365
-0.04433073289692402
-0.04813592042773962
-0.03774420544505119
-0.008628890267573297
-0.010835423250682652
-0.04510483983904123
-0.02927554672351107
-0.0554635445587337
-0.029989621601998806
-0.041242373175919056
-0.0029850692953914404
-0.05364122288301587
-0.031741590704768896
-0.03562591038644314
-0.03748524794355035
-0.052859251387417316
-0.06887395493686199
-0.024384330492466688
-0.02716567786410451
-0.020828573033213615
-0.03201976232230663
-0.12166285701096058
-0.10382346995174885
-0.12537030689418316
-0.06924056261777878
-0.05690697394311428
0.0029722508043050766
0.024012128356844187
0.015187217737548053
0.010768356383778155
0.0030951222870498896
-0.03134933905676007
-0.080883271060884
-0.08904985338449478
-0.10019922070205212
-0.09327063150703907
-0.03767099650576711
-0.01983835583087057
-0.003900363342836499
0.005441501270979643
-0.0017296853475272655
-0.04273694800212979
-0.06340754497796297
-0.08553860150277615
-0.040799407521262765
-0.014829782536253333
-0.010992466763127595
-0.027159304823726416
-0.05376035440713167
-0.05394705664366484
-0.04273169906809926
-0.025109409529250115
-0.042979846242815256
-0.0007744824979454279
-0.03828588128089905
-0.04087240807712078
-0.03716711234301329
-0.04568901751190424
-0.0484248036518693
-0.03763977624475956
-0.00535612553358078
0.002656014170497656
-0.00851148774381727
-0.04750965954735875
-0.05988612398505211
-0.06856228318065405
-0.027239474933594465
-0.02602387612569146
-0.012081036242307164
-0.037461970932781696
-0.0645630843937397
-0.03703630389645696
-0.021036724909208715
-0.030259750317782164
-0.04621317982673645
-0.046755905263125896
-0.04464783752337098
-0.0056462702341377735
-0.023998063523322344
-0.044835968874394894
-0.05180453788489103
-0.039103527553379536
-0.04105504392646253
-0.032894338481128216
-0.03454123064875603
-0.038273107493296266
-0.02904505282640457
-0.10580911859869957
-0.09327738173305988
-0.050389768555760384
-0.012395426165312529
0.0014350851997733116
-0.017084671591874212
-0.04882578272372484
-0.05188937298953533
-0.07191695459187031
-0.047029062174260616
-0.003688723430968821
-0.028285103384405375
-0.03834937559440732
-0.060187799856066704
-0.05282041570171714
-0.025376844685524702
-0.01855133008211851
-0.04590771161019802
-0.05057138856500387
-0.0522759729065001
-0.02045822492800653
-0.021851002355106175
-0.03403809014707804
-0.026604716200381517
-0.08105479460209608
-0.05581169528886676
-0.028286305023357272
-0.03864538995549083
-0.019189502811059356
-0.03139385441318154
-0.06480343267321587
-0.08619404770433903
-0.08058841060847044
-0.030911817215383053
-0.01440257509239018
-0.041550587862730026
-0.04941273480653763
-0.025499827694147825
-0.06963109225034714
-0.041090479120612144
-0.02601763338316232
-0.04845545347779989
-0.04786153417080641
-0.008590846497099847
-0.03552981931716204
-0.042285268660634756
-0.06815653946250677
-0.03358467482030392
-0.01747978338971734
-0.004702136851847172
-0.025233153719455004
-0.08334371261298656
-0.10708866268396378
-0.11284921504557133
-0.05540762469172478
-0.010941608110442758
0.0072349621914327145
-0.017249288503080606
-0.032246500020846725
-0.07790933921933174
-0.06814425997436047
-0.11167682241648436
-0.06269501894712448
0.0027372236363589764
0.006593775236979127
0.02278374641900882
-0.0038799564354121685
-0.050594391592312604
-0.08244328387081623
-0.03010257298592478
-0.046180357690900564
-0.009094935259781778
-0.013372254092246294
-0.03247429640032351
-0.07109175808727741
-0.07557681668549776
-0.12611682899296284
-0.08784400299191475
-0.045639390125870705
-0.008066583890467882
0.015291193267330527
0.012724438565783203
-0.03598021389916539
-0.056696134619414806
-0.03292744141072035
-0.08342665247619152
-0.049416399328038096
-0.025135130155831575
-0.021059851394966245
-0.042721373960375786
-0.033300584356766194
-0.049870198126882315
-0.032020772516261786
-0.030801428481936455
-0.06896821036934853
-0.05789431370794773
-0.03836015518754721
-0.03990292316302657
-0.011037187883630395
-0.04398393910378218
-0.04853899497538805
-0.04809041786938906
-0.03599219594616443
-0.01428501564078033
-0.0014804243692196906
-0.052301693707704544
-0.030189696699380875
-0.029570800252258778
-0.053088138811290264
-0.13232563249766827
-0.08142737485468388
-0.02035685908049345
-0.04148677573539317
-0.014373006066307425
-0.048166095511987805
-0.06746270880103111
-0.05868752906098962
-0.032780902460217476
-0.04507941659539938
-0.006554370746016502
-0.02467801352031529
-0.07896197400987148
-0.061843191273510456
-0.054533655755221844
-0.015543869696557522
-0.034018956357613206
0.017146516300272197
-0.014158638659864664
-0.05444690026342869
-0.04606323875486851
-0.04084031097590923
-0.04044568398967385
-0.005260147619992495
-0.021140468306839466
-0.08317582681775093
-0.06923324055969715
-0.05653728079050779
-0.06470627174712718
-0.018639827670995146
0.011022722173947841
-0.03387604816816747
-0.05303819663822651
-0.039935657288879156
-0.036001737928017974
-0.046525567304342985
-0.03935917792841792
-0.00924299526377581
-0.027117465622723103
-0.05434396583586931
-0.06603317428380251
-0.08020726684480906
-0.031138361897319555
-0.010947599541395903
-0.024782048538327217
-0.022250761510804296
-0.057294849306344986
-0.05841911677271128
-0.0215056873857975
-0.03042435832321644
-0.06136082950979471
-0.0765579417347908
-0.024363894714042544
-0.027071833610534668
-0.03051826637238264
-0.02154234331101179
-0.03765318961814046
-0.049635885283350945
-0.056013005785644054
-0.025890005519613624
-0.01666262256912887
-0.001901766867376864
-0.037654558662325144
-0.05058122845366597
-0.07011450175195932
-0.07100069615989923
-0.03681502863764763
-0.0022987527772784233
-0.018188120477134362
-0.024152980418875813
-0.06419054046273232
-0.06912175565958023
-0.03019765904173255
-0.03935413062572479
-0.03516551631037146
-0.05314527312293649
-0.027160894125699997
-0.041994208469986916
-0.017739297589287162
-0.05462518101558089
-0.07068635430186987
-0.02436593093443662
-0.011661096825264394
-0.032811922021210194
-0.0437674499116838
-0.056233239360153675
-0.06160436384379864
-0.06725716590881348
-0.012980726547539234
-0.0016954904422163963
-0.005585256731137633
-0.05075923819094896
-0.055752827785909176
-0.04181751958094537
0.0021810843609273434
0.05397999659180641
3.889319486916065e-05
-0.008151729358360171
-0.0633383933454752
-0.06282267160713673
-0.07012653723359108
-0.04449794953688979
-0.04762378754094243
-0.013053013943135738
-0.0064203813672065735
-0.0033567105419933796
-0.05507395975291729
-0.06926955375820398
-0.06902243662625551
-0.02412858814932406
-0.0024504917673766613
-0.01857790257781744
-0.03932071849703789
-0.06359564699232578
-0.05238434346392751
-0.02159251202829182
-0.037864118814468384
-0.05386596731841564
-0.0517996191047132
-0.00512705254368484
-0.030166239710524678
-0.025287761352956295
-0.0571190663613379
-0.05093040689826012
-0.04513171501457691
-0.05668282136321068
-0.006314045516774058
0.012552601983770728
0.008255216293036938
-0.04236392816528678
-0.022082096606027335
-0.055918377824127674
-0.07095331512391567
-0.04711911827325821
-0.021267093485221267
-0.019517548265866935
-0.021822634153068066
-0.057680689729750156
-0.04865594767034054
-0.06398690678179264
-0.04347829706966877
-0.04083246225491166
-0.046551932115107775
-0.018252662615850568
-0.01370450109243393
0.004287823103368282
-0.023841142014134675
-0.12896733172237873
-0.07572842948138714
-0.08594508189707994
-0.06467659119516611
-0.022976881824433804
-0.00851764704566449
-0.017919039935804904
-0.04657002864405513
-0.05755142029374838
-0.06843154039233923
-0.05960523709654808
-0.03771364921703935
0.010746934451162815
-0.003859086660668254
-0.013536432757973671
-0.052829429507255554
-0.0855253990739584
-0.057699864730238914
-0.052217036485672
-0.024968282436020672
0.007708191405981779
-0.0023638620041310787
-0.05502860341221094
-0.04602716397494078
-0.02579354983754456
-0.053146475460380316
-0.0386906610801816
-0.0169672483461909
-0.01898566645104438
-0.051403758116066456
-0.06124086119234562
-0.05712949298322201
-0.029752766713500023
-0.019956329837441444
-0.016059060115367174
-0.04709257744252682
-0.07740674912929535
-0.0510384738445282
-0.0816603759303689
-0.03798183286562562
0.00998359767254442
0.009415062377229333
-0.023208365309983492
-0.02668997715227306
-0.06750462297350168
-0.08286408707499504
-0.07546395994722843
-0.030048332177102566
-0.00022824190091341734
0.014210499124601483
0.004815748194232583
-0.024513785261660814
-0.079744141548872
-0.07807301916182041
-0.058015923015773296
-0.06366142630577087
-0.027232204098254442
-0.0028661511605605483
0.009694031323306262
-0.002385096449870616
-0.02388997422531247
-0.07005579490214586
-0.09554046764969826
-0.12467112392187119
-0.09377514198422432
-0.06537635903805494
-0.0197078469209373
0.00625560904154554
0.009136799955740571
-0.020776473451405764
-0.046452132519334555
-0.05388306360691786
-0.04334205575287342
-0.012376514030620456
-0.01557913504075259
-0.03254510601982474
-0.042380310129374266
-0.09218388609588146
-0.08903494849801064
-0.10102955438196659
-0.08374127745628357
-0.04783637821674347
0.0017327381065115333
0.03151590097695589
0.018178362399339676
0.015459415270015597
0.012709580012597144
-0.046474475879222155
-0.05050450377166271
-0.09371055290102959
-0.060643402859568596
-0.030790620541665703
0.0037539369659498334
-0.022060331888496876
-0.03505070670507848
-0.046606897260062397
-0.013890850590541959
-0.026919258991256356
-0.03918480779975653
-0.07473881728947163
-0.04940637154504657
-0.03783250926062465
-0.013595173135399818
-0.013519448693841696
-0.05879480671137571
-0.025959244463592768
-0.035042405128479004
-0.06308841379359365
-0.053029218688607216
-0.0409305312205106
-0.0020192726515233517
0.009210281074047089
0.0005245216307230294
-0.026895102579146624
-0.043855538591742516
-0.050677466206252575
-0.06524817273020744
-0.037737200036644936
-0.026727009564638138
-0.0031070492113940418
-0.04575541848316789
-0.042475920636206865
-0.045663476921617985
-0.09867743588984013
-0.08791189827024937
-0.045048643136397004
-0.0024644760414958
0.03014390415046364
0.021084452979266644
-0.02691843791399151
0.00279554765438661
-0.09110871516168118
-0.07989990524947643
-0.07554963231086731
-0.0814780704677105
-0.02386257762555033
-0.01958909071981907
-0.012523721961770207
-0.03910063300281763
-0.025903671514242887
-0.057553020771592855
-0.15383785218000412
-0.060640109702944756
-0.054616409819573164
0.0005471953481901437
0.012154283002018929
0.03225889313034713
-0.03513398952782154
-0.04186501633375883
-0.03389788430649787
-0.04806177783757448
-0.028830220457166433
-0.029038429027423263
-0.06288501992821693
-0.07959487847983837
-0.09586275741457939
-0.07425711676478386
-0.05775207746773958
-0.0012899194844067097
-0.007096477085724473
0.011955465655773878
-0.011132324580103159
-0.026152851758524776
-0.07634332962334156
-0.10223906487226486
-0.08405332639813423
-0.07985400967299938
-0.031209483742713928
0.0013331242371350527
0.000707769300788641
0.010496432427316904
-0.01121687050908804
-0.06965456577017903
-0.08622490707784891
-0.07235770206898451
-0.042285699397325516
-0.03980968240648508
-0.03343223896808922
-0.0005253631388768554
-0.016915310639888048
-0.038025868125259876
-0.07290561497211456
-0.07603591494262218
-0.026111998595297337
-0.028305626939982176
-0.04981969203799963
-0.056055980268865824
-0.06052667647600174
-0.03542813949752599
-0.021061590407043695
-0.019890073977876455
-0.035867295460775495
-0.04843242035713047
-0.06938431691378355
-0.040301358327269554
-0.03352316375821829
-0.038868855219334364
-0.07552253268659115
-0.07849999144673347
-0.04208648833446205
-0.042465006932616234
-0.008579323068261147
-0.005544879008084536
-0.028084514196962118
-0.0564078688621521
-0.07063610944896936
-0.041147601790726185
-0.024654248962178826
-0.09749236982315779
-0.0697746048681438
9.410548955202103e-06
-0.058249145513400435
0.024636195972561836
0.015274864621460438
0.0427369587123394
0.030059464275836945
0.0006928795482963324
-0.0487192589789629
-0.12852562963962555
-0.12166271172463894
-0.12383407168090343
-0.12661310471594334
-0.02703172853216529
-0.04079200280830264
-0.009687011362984776
-0.02137102442793548
-0.1176686231046915
-0.057395702227950096
-0.05749227828346193
-0.023351001320406795
-0.0343631599098444
-0.04643967351876199
-0.028652876615524292
-0.07910668104887009
-0.036131622502580285
-0.01859537558630109
-0.0322412233799696
-0.06853903131559491
-0.07948406599462032
-0.06891395710408688
-0.07648843340575695
-0.016153391916304827
-0.015779387089423835
-0.0019397810101509094
-0.04355968115851283
-0.0357940923422575
-0.06194090284407139
-0.07040149252861738
-0.06417084485292435
-0.03229175985325128
0.00043581239879131317
-0.01198602735530585
-0.010178822558373213
-0.03532186266966164
-0.07465663738548756
-0.04442390985786915
-0.06918624974787235
-0.038634169031865895
-0.024950490798801184
-0.009358698735013604
-0.06467563565820456
-0.013318234356120229
-0.021071593859232962
-0.024751689401455224
-0.08852502796798944
-0.08382177352905273
-0.06967708189040422
-0.01398962561506778
-0.021446099039167166
-0.02651195554062724
-0.04866706393659115
-0.04179783444851637
-0.08943012729287148
-0.03288881713524461
-0.012760898098349571
-0.0195677790325135
-0.07183064054697752
-0.07753620110452175
-0.02258267207071185
-0.09416599245741963
-0.02143659337889403
-0.03547388571314514
-0.03759134258143604
-0.013900757185183465
-0.024243586463853717
-0.06269108224660158
-0.04506606608629227
-0.044537859968841076
-0.054071989841759205
-0.04711445653811097
-0.01997037883847952
-0.030764703638851643
-0.018240254372358322
-0.0645724255591631
-0.05090366955846548
-0.0189452056074515
-0.015094335773028433
-0.03660490066977218
-0.0381667697802186
-0.03333898464916274
0.016696433653123677
-0.010937397601082921
0.008459254051558673
-0.07096296502277255
-0.046038055792450905
-0.04086098773404956
-0.026761868502944708
-0.034020993392914534
-0.02191230864264071
-0.02745960745960474
-0.05686184670776129
-0.052648842334747314
-0.028760275803506374
-0.05821120273321867
-0.027003902941942215
-0.03019701683660969
0.01250716345384717
0.0043193313758820295
-0.027066348266089335
-0.03080180799588561
-0.03136378712952137
-0.06385768577456474
-0.058535946533083916
-0.0650413054972887
-0.042424694634974
-0.006464003585278988
0.02204896236071363
0.019303343957290053
0.007163818459957838
-0.024902476463466883
-0.05076222913339734
-0.11091401427984238
-0.0811016783118248
-0.03986259875819087
-0.010314702522009611
-0.001979122112970799
-0.002368098241277039
-0.007279724522959441
-0.06773770973086357
-0.061240434646606445
-0.05221450515091419
-0.013833114877343178
-0.022849231492727995
-0.05413666425738484
-0.047498833388090134
-0.016905357595533133
-0.022988008451648057
-0.03383631841279566
-0.04487776942551136
-0.040971082635223866
-0.06218903698027134
-0.023646893445402384
-0.016406462411396205
-0.010286907316185534
-0.01417812006548047
-0.03261112794280052
-0.05479085398837924
-0.07180502451956272
-0.04439494526013732
-0.015619238838553429
-0.007297139207366854
-0.016400968190282583
-0.021642456529662013
-0.058683899231255054
-0.04188841674476862
-0.1033715195953846
-0.03884721710346639
-0.01284517825115472
-0.026708727702498436
0.029899877030402422
0.0011054202914237976
-0.02192087611183524
-0.0056554777547717094
-0.06222927384078503
-0.051438817754387856
-0.05876720417290926
-0.07896878011524677
-0.060367707163095474
-0.00210669485386461
-0.002571948221884668
0.002425535232760012
-0.017953872098587453
-0.02322055189870298
-0.07751009427011013
-0.08394449390470982
-0.11192888766527176
-0.06756694708019495
-0.08451623469591141
-0.032405619975179434
-0.0006095687276683748
0.0253276564180851
0.030203883536159992
0.004185503581538796
-0.006144743587356061
-0.027294352184981108
-0.07906942907720804
-0.060830650851130486
-0.06936384923756123
-0.05651261541061103
-0.009881590493023396
0.0006386173190549016
-0.007157814456149936
-0.01167196175083518
-0.04571133945137262
-0.09577904641628265
-0.04892652668058872
-0.02423791214823723
-0.027270475402474403
-0.05768392328172922
-0.014401734340935946
-0.023241623770445585
0.015066128224134445
-0.041774201672524214
-0.015585087006911635
-0.040323305409401655
-0.057916078716516495
-0.04100939491763711
-0.012882416835054755
-0.01967638690257445
-0.028454887215048075
-0.05527500715106726
-0.0318264695815742
-0.013849478680640459
-0.030526957008987665
-0.029624890070408583
-0.04380064131692052
-0.03956974530592561
-0.026633331552147865
-0.03619747795164585
-0.041397776920348406
-0.040848595555871725
0.0001517346827313304
-0.023473753593862057
0.004069804446771741
0.023053394630551338
-0.02527992194518447
-0.009183992689941078
-0.010215178364887834
-0.03747168928384781
-0.06256729178130627
-0.08257288206368685
-0.04611663334071636
-0.011135863489471376
-0.015325367217883468
0.01838551089167595
-0.029872271232306957
-0.04835059028118849
-0.03722075466066599
-0.05528115667402744
-0.05010411608964205
-0.019524806644767523
-0.010743157472461462
-0.023228091435157694
-0.027962579391896725
-0.01726059429347515
-0.02081867540255189
-0.03979235282167792
-0.018784530460834503
-0.030048639979213476
-0.046474981121718884
-0.026794083416461945
-0.04574580164626241
-0.006862134439870715
-0.017627349123358727
-0.033101425506174564
-0.03247952228412032
-0.04673571791499853
-0.03599590854719281
-0.04002096102340147
-0.019057704601436853
0.00764736469136551
0.01571347110439092
0.004068562586326152
-0.09195348154753447
-0.09424538351595402
-0.04829832445830107
-0.06038370542228222
0.00011336617171764374
0.02209204575046897
-0.0038350867107510567
-0.00224147253902629
-0.022243900690227747
-0.0718679903075099
-0.06885839998722076
-0.05559799028560519
-0.04565178044140339
-0.028521672822535038
-0.007788481656461954
-0.02389354375191033
-0.021115438546985388
-0.056543353013694286
-0.08641592506319284
-0.06409499794244766
-0.07982282107695937
-0.05670884996652603
-0.017926557804457843
0.04907283466309309
0.03413442149758339
0.02795621519908309
0.01200458692619577
-0.0056411377736367285
-0.046076754573732615
-0.06356842070817947
-0.06601758487522602
-0.047052730806171894
-0.02968202205374837
-0.018059695488773286
-0.001779557322151959
0.007742611691355705
-0.03585954662412405
-0.035504980478435755
-0.03417299874126911
-0.04297100240364671
-0.009125849843258038
0.0136058236239478
-0.007786230184137821
-0.01946946606040001
-0.030202874913811684
-0.06553944479674101
-0.06910321861505508
-0.04646700620651245
-0.008391544688493013
0.000993584981188178
-0.017657545977272093
-0.021517081535421312
-0.03884151950478554
-0.04840169567614794
-0.035883713979274035
-0.0073871552012860775
-0.023062547203153372
-0.013717082445509732
-0.048830460757017136
-0.052255263552069664
-0.05551779456436634
-0.027612488833256066
-0.021184050478041172
-0.040105124935507774
-0.006455218885093927
-0.041589726228266954
-0.04642891604453325
-0.021309164352715015
-0.034398156218230724
-0.01840598916169256
-0.015386259299702942
0.001844592799898237
-0.023628759663552046
-0.05029473174363375
-0.04654841963201761
-0.028091392014175653
-0.062237804755568504
-0.0421003308147192
-0.029409819282591343
-0.00746967364102602
-0.007059666852001101
-0.03290028963238001
-0.04060158971697092
-0.026357556460425258
-0.0342466093134135
-0.020794304669834673
-0.03161316318437457
-0.041892701759934425
-0.05081364884972572
-0.03589231404475868
-0.04628946166485548
-0.005147006129845977
-0.011737569468095899
-0.010173921938985586
-0.03614786022808403
-0.02835086453706026
-0.050762700382620096
-0.027626691677141935
-0.004090477013960481
-0.013630116824060678
-0.030568530783057213
-0.03120296122506261
-0.05253052245825529
-0.029367671813815832
-0.015677427873015404
-0.013891456415876746
-0.04689670214429498
-0.03929643169976771
-0.00379333458840847
0.005924775032326579
-0.024630875792354345
-0.03405919577926397
-0.04947861237451434
-0.026329575572162867
-0.031447254586964846
-0.0026044331898447126
-0.000962547492235899
-0.023576019681058824
-0.05078127747401595
-0.04462259169667959
-0.039411338744685054
-0.018740248633548617
-0.03150407946668565
-0.01287802669685334
-0.004192097578197718
-0.04863939341157675
-0.043180542066693306
-0.05809300020337105
-0.020572780165821314
-0.01644846238195896
-0.014063705166336149
-0.03033876372501254
-0.019455119036138058
-0.02940023224800825
-0.03793414728716016
-0.023123084218241274
-0.00023375620367005467
-0.007136428903322667
-0.01897751644719392
-0.040863330475986004
-0.055192822590470314
-0.03567448817193508
