None
None
None
None
None
None
None
None
None
None
None
None
None
None
None
None
None
None
None
None
None
None
None
None
None
None
None
None
None
None
None
None
None
None
None
None
None
None
None
None
None
None
None
None
None
None
None
None
None
None
None
None
None
None
None
None
None
None
None
None
None
None
None
None
None
None
None
0.7181557323783636
0.7019192185252905
0.6951457411050797
0.6209201198071241
0.6409268192946911
0.6981702446937561
0.731796276755631
0.7666594590991735
0.7047865726053715
0.6208232762292027
0.5383293693885207
0.5757824974134564
0.6489773606881499
0.6054972670972347
0.6266183629631996
0.5893747531808913
0.5226864190772176
0.6230789846740663
0.3772354139946401
0.5068868934176862
0.3049429254606366
0.3785665724426508
0.3424797775223851
0.2821591997926589
0.3170297983997443
0.09809209823924903
0.06051141180796549
-0.06816295662429184
-0.06039241042526555
0.13160152026102878
0.009294632880482823
-0.1409895456454251
-0.05453143149497919
-0.20616180539946072
-0.18064274202333763
-0.07491944590583444
-0.12291482875298243
-0.1333681287651416
0.0023767217062413692
-0.13985228980891407
-0.08523329781019129
-0.03328454587608576
0.09426352678565308
-0.046248441154602915
0.06007114367821487
0.025750371045432985
-0.03646561437926721
0.03657876745364774
0.02887434812146239
0.025827903104072902
-0.14640858711209148
-0.06195023318286985
0.002312057971721515
-0.1328838923946023
-0.05126443528570235
-0.10784013551892713
-0.08301637618569657
-0.06813818099908531
-0.009700021517346613
-0.10688327370735351
-0.06415102483879309
-0.03854883188614622
0.011234325764235109
-0.030928923399187624
0.1349379277380649
-0.0010067933617392555
0.011601829399296548
0.03879228595178574
-0.07802674709819257
-0.09548468748835148
-0.12377961759921163
-0.24631626192967815
-0.17438525962643325
-0.16829116258304566
-0.21472364899818785
-0.11658111024007667
-0.08694996999111027
-0.048448529742017854
-0.00951594056095928
-0.10071056906599551
-0.05185854740557261
-0.027323834132403135
-0.09096564580977429
0.058719390392070636
-0.011724630399839953
0.1262484292674344
-0.0068783589886152185
-0.01474360708380118
-0.07271885266527534
-0.07735023502027616
-0.04456098785158247
-0.29025618673767895
-0.30662032845430076
-0.24176204076502472
-0.23545717341039563
-0.24702716479077935
-0.18425712373573333
-0.13307287503266707
-0.2047906492371112
-0.1028987766476348
-0.06888293386873556
-0.03815141459926963
-0.1380138785170857
-0.05183077016590687
0.06469638987618964
-0.055646405191509984
-0.015930219917208888
-0.03474977635778487
-0.13326050533214584
-0.0964721105992794
-0.05204763083020225
-0.05033317516790703
-0.2472366087604314
-0.2430007876828313
-0.22150054387748241
-0.1807923645246774
-0.15112521371338516
-0.08353317093133228
-0.22459682141197845
-0.19060578220523894
-0.24622997571714222
-0.04997996559541207
-0.13434645731467754
-0.24943493492901325
-0.1292216619476676
-0.23664758983068168
-0.002219069516286254
-0.08057846920564771
-0.018731288146227598
-0.07677363933180459
-0.1738627110607922
-0.14647236233577132
-0.16698545892722905
-0.2313389155897312
-0.11868771133413247
-0.20011669234372675
-0.2261747820302844
-0.14249040630238596
-0.14664670848287642
-0.11310718796448782
-0.006206796228070743
-0.09961881075287238
-0.08831616489624139
-0.2612784610828385
-0.19730388442985713
-0.2187122087343596
-0.21910051503800787
-0.21221986808814108
-0.3392149838618934
-0.11485184775665402
-0.2090339450223837
-0.11936492106178775
0.009152874954452273
-0.1289279096527025
-0.08946222969098017
-0.24930807016789913
-0.1429139275860507
-0.19187819142825902
-0.3225415516644716
-0.1017237312044017
-0.10042849974706769
-0.1759160161127511
-0.04784856387414038
-0.2242746118863579
-0.18926704936893657
-0.22583449096418917
-0.36546329176053405
-0.27436230098828673
-0.21741436829324812
-0.2519702799618244
-0.1788121907156892
-0.09919173231173772
-0.0625999757903628
-0.13140226318500936
-0.14414815336931497
-0.1807871286800946
-0.24759470071876422
-0.26197151211090386
-0.2591592470416799
-0.34171530697494745
-0.20996502108755521
-0.28491546772420406
-0.13969555194489658
-0.09147350904822815
-0.2172007811604999
-0.0909586958005093
-0.06929191130620893
-0.3430099440738559
-0.14152695302618667
-0.2787650085519999
-0.40971553046256304
-0.22567763947881758
-0.17032169416779652
-0.16405405680416152
-0.13742885331157595
-0.15863645722856745
-0.09825301927048713
-0.1849013725295663
-0.24871596100274473
-0.34227719756017905
-0.33110304456204176
-0.2886509022646351
-0.3305211409151525
-0.21532972366549075
-0.10828362940810621
-0.02903593983501196
-0.1921142302453518
-0.1340140108804917
-0.13279732258524746
-0.34882180468412116
-0.236922258278355
-0.3263150881975889
-0.29485960584133863
-0.047100606956519186
-0.2462895772769116
-0.1929719694890082
-0.28804620083246846
-0.19517632434144616
-0.30475617368210806
-0.2788338329992257
-0.16191146575329185
-0.3145925858989358
-0.05805303750457824
-0.17373056523501873
-0.1606744976597838
-0.33402922051027417
-0.258745955536142
-0.21418590180110186
-0.19994963653152809
-0.19936957440222614
-0.24307623459026217
-0.3389916990417987
-0.30257213380536996
-0.19800816528731957
-0.332286352844676
-0.3103302872623317
-0.3514886716147885
-0.33413491770625114
-0.14149749896023422
-0.38598235696554184
-0.14377103670267388
-0.24471442872891203
-0.4262182763777673
-0.18221281585283577
-0.3055888176022563
-0.15960374015776324
-0.3384491681063082
-0.2855321437527891
-0.2543462263420224
-0.06389540783129632
-0.22627372667193413
-0.3577451276942156
-0.31044459153781645
-0.28627100042649545
-0.30798804013465997
-0.2631071755749872
-0.13355568586848676
-0.16086388789699413
-0.38786858413368464
-0.23230559495277703
-0.3857226481413818
-0.384716971006128
-0.3593614373821765
-0.3229347877204418
-0.17810409102821723
-0.19102183186623733
-0.18986026119091548
-0.26192871294915676
-0.2793025050777942
-0.3338163467706181
-0.23294904983777087
-0.2177032285835594
-0.3999672511126846
-0.39536305362435087
-0.34693914419040084
-0.4556437851861119
-0.09527324621740263
-0.22229996290911913
-0.14026065275538713
-0.26496046385727823
-0.40788964834064245
-0.26326561253517866
-0.23601120884995908
-0.2156849367893301
-0.3755884384736419
-0.16534766292897984
-0.27625797828659415
-0.08028267389272514
-0.3462207985576242
-0.17591998726129532
-0.20478889788500965
-0.20121137314708903
-0.3742238827981055
-0.23189733130857348
-0.5936330719850957
-0.2977286376990378
-0.2891270437394269
-0.25995313154999167
-0.13481953251903178
-0.4499039058573544
-0.2514093990321271
-0.18793542153434828
-0.3430012739263475
-0.27134443691466004
-0.2939915586321149
-0.4031668254174292
-0.24693027819739655
-0.21015917439217446
-0.42649647663347423
-0.4072566402464872
-0.2123344887222629
-0.3245450786780566
-0.24594690203957725
-0.3440027665346861
-0.45818160963244736
-0.2546330298646353
-0.2221619593910873
-0.12723533308599144
-0.13841977820266038
-0.318268616712885
-0.37950582266785204
-0.1134756711544469
-0.4171939600491896
-0.3427806878462434
-0.41452069114893675
-0.29633951280266047
-0.17109570644970518
-0.20517614617710933
-0.4009452145546675
-0.3169617778621614
-0.337756379856728
-0.32186404401727486
-0.4273041013511829
-0.3398803080781363
-0.4166361711686477
-0.4395760039333254
-0.22078639358733199
-0.5356751611689106
-0.1799584853288252
-0.2920099071925506
-0.3269682730315253
-0.19814389408566058
-0.2822732368949801
-0.2761207934236154
-0.2711956590646878
-0.1820305968140019
-0.4163768682774389
-0.2934704234357923
-0.3180926294880919
-0.4137964255642146
-0.3459376252721995
-0.4888633362716064
-0.4089427050203085
-0.24835549289127812
-0.35506752389483154
-0.4086802725214511
-0.14372782346617896
-0.39429839164949954
-0.2841660031117499
-0.2331616764422506
-0.19796630446217023
-0.1523857670254074
-0.3316546311834827
-0.42081509402487427
-0.4168002810329199
-0.39700533665018156
-0.34905425760371145
-0.3394462144933641
-0.29393667387194
-0.3412369770958321
-0.24752199168142397
-0.22176679376570974
-0.17226635082624853
-0.2668308724605595
-0.12533801194513217
-0.06840642646420747
-0.22075924251112156
-0.2428021342784632
-0.358895834768191
-0.5871250224299729
-0.45430287532508373
-0.2672579970676452
-0.21957966435002163
-0.12560879123338964
-0.1176398055977188
-0.10531910847930703
-0.0847600462147966
-0.22519127454143018
-0.339538297848776
-0.45112449349835515
-0.259470178571064
-0.30968850108911283
-0.1698613166809082
-0.22621952515328303
-0.21061237924732268
-0.23489482863806188
-0.322191163955722
-0.2233432117209304
-0.34278431843267754
-0.38676141668111086
-0.3263065607752651
-0.470811718609184
-0.27966788518824615
-0.2820797744207084
-0.17168434255290776
-0.09630447408562759
-0.32157420576550066
-0.1589430012536468
-0.3265481248963624
-0.18779588863253593
-0.21880052360938862
-0.18187286611646414
-0.1696752651278075
-0.31597766280174255
-0.3950125330593437
-0.34971602575387806
-0.24075332899519708
-0.21554473671130836
-0.2211155081167817
-0.1896729923755629
-0.3530986182158813
-0.06128828092914773
-0.2631435895054892
-0.48005611822009087
-0.1901210700161755
-0.2417142348131165
-0.4499894696928095
-0.061162890458945185
-0.2639069026336074
-0.18584061626461335
-0.20487740483076777
-0.25214681935176486
-0.46272197272628546
-0.291995194304036
-0.2968294401653111
-0.23057688455446623
-0.1864807466045022
-0.22903664223849773
-0.3926702911267057
-0.23094062821473926
-0.322594031724293
-0.2612808073172346
-0.16360163773060776
-0.3058105894597247
-0.3026665964862332
-0.48296132031828165
-0.38637622277019545
-0.03428026242181659
-0.1415004768059589
-0.24329807446338236
-0.21539381350157782
-0.15656554061934003
-0.3593533916864544
-0.4475270181428641
-0.31927880737930536
-0.17996774007042404
-0.20870053436374292
-0.27505534642841667
-0.1448404803086305
-0.21549530024640262
-0.37964702158933505
-0.2667918239021674
-0.2738118218112504
-0.5056868721731007
-0.29220562883710954
-0.5035831797868013
-0.08645754306348863
-0.3614232088002609
-0.42085594687159755
-0.24154285414260812
-0.16912849119398743
-0.0009601213496353012
-0.11415766592836007
-0.206706783559639
-0.2864326050039381
-0.4625892349286005
-0.32078082067891955
-0.3449844860006124
-0.11924898196957656
-0.12641596109460806
-0.2058560746954754
-0.15174801032844698
-0.3413644792071864
-0.11899585602805018
-0.14181821336387657
-0.37683527545777906
-0.42341455444693565
-0.4027784827630967
-0.20706169062759727
-0.20475712479674257
-0.2927112176694209
-0.21967043263430241
-0.31343539056251757
-0.0726976694422774
-0.28817252986482345
-0.4223943389952183
-0.4251633030362427
-0.40402406721841544
-0.3111993802303914
-0.23835791176679777
-0.22544645390007645
-0.06399518533726223
-0.032366399755119346
-0.1712316496996209
-0.29983671801164746
-0.04948063311167061
-0.23859461664687842
-0.29847816564142704
-0.19712044365587644
-0.3952222366351634
-0.2899863761194865
-0.501121828565374
-0.4432055373908952
-0.19005316292168573
-0.19113544658466708
-0.1780965980287874
-0.11722540657501668
0.03964928271307144
0.027785515238065273
-0.10548778441079776
-0.1875969765787886
-0.32792630023323
-0.3939880537800491
-0.1455546082361252
-0.16959822131320834
-0.17742042973986827
-0.18437511476804502
-0.1279688344511669
-0.3343453271663748
-0.2127280472923303
-0.03534449762082659
-0.15576671308735968
-0.4233540208078921
-0.22582268083351664
-0.2981689529551659
-0.24330072733573616
-0.16119965072721243
-0.3642401569522917
-0.12152336833241861
-0.1968837605745648
0.05019060638733208
0.04550082068908523
-0.17460617842152715
-0.14047718490473926
-0.21972793765598908
-0.4567421115934849
-0.41359687701333314
-0.43024706409778446
-0.3651305828243494
-0.2294277772307396
-0.20916015817783773
-0.23392680141841993
-0.055103783823142294
-0.19444404922251124
-0.19840489223133773
-0.23069480783306062
-0.20613530016271397
-0.3318740974063985
-0.2960114273009822
-0.2651354006084148
-0.09606182713469025
-0.08025148729211651
0.01868211767578032
-0.016603379393927753
0.058388369099702686
-0.11264266833313741
-0.4874364894349128
-0.3197234869003296
-0.467868079431355
-0.40774622140452266
-0.15473640026903013
-0.18428193591535091
-0.06023375489166938
-0.04299348659696989
0.0747295473847771
0.0071212968323379755
-0.10049222407542402
-0.1625680933939293
-0.24341381090926006
-0.21710572086158209
-0.2852426552271936
-0.21046228289196733
-0.17028356832452118
-0.07355335682223085
0.022339750714309048
0.02800512507383246
0.08776906431648968
-0.05757746490417048
-0.1983197540976107
-0.06714197151268309
-0.2701847050047945
-0.23347541972179897
-0.3685453852522187
-0.2557224740739912
-0.22349362610839307
0.014794881677971716
0.008246096826042049
-0.018672362672077725
0.003368401448824443
-0.04306914504559245
-0.03139002314856043
-0.20442708427435718
-0.306577839772217
-0.2788567478128243
-0.2779662737157196
-0.25674191408324987
-0.07761060280608945
-0.14324104961997364
0.002936418364953397
0.05339611956151202
-0.013288842077599838
-0.13798590717487969
-0.0760235940288112
-0.15591222571674734
-0.34354120849457104
-0.20660127520386595
-0.2591520626046986
-0.4177226590400096
-0.31653503444977105
-0.2634438262612093
0.0031846341444179416
0.022042106724256882
0.14973183599067852
0.03350305272033438
0.0547005221596919
0.08899966673925519
-0.24895794899202883
-0.25409664085600525
-0.11891002074116841
-0.262807309278287
-0.06635023565468146
-0.1381289015407674
-0.06002949345565867
-0.1649286402753205
0.021414522214399767
-0.016081153007689863
-0.018695137870963663
-0.09857476048637182
-0.18995062171597965
-0.06091697348165326
-0.04171715366101125
-0.14430396957322955
-0.22411688120337203
-0.1283816462237155
-0.16702176078979392
-0.2647941510367673
0.1393113566446118
-0.0321817121875938
-0.051760678441496566
0.07190852201892994
-0.021037921542301774
-0.19233934057410806
-0.23364460421726108
-0.1787769548536744
-0.12923637607309502
-0.26570626904140227
-0.05407081125304103
-0.016541978053282946
-0.004934115655487403
-0.040611069242004305
-0.09013575532299001
-0.2134886320127407
-0.20974136147560785
-0.20092208898859099
-0.14784223859896883
-0.10197405855979014
-0.15301377534342464
-0.1052416526072193
-0.03458611812675372
0.003336014986416558
-0.1376904285280034
-0.088198975980049
-0.1204893099347828
-0.2231354409962023
-0.18172263249289244
0.019380899917450733
-0.0016890070692170411
-0.17056443495675921
-0.10478970810072497
-0.09523144686318119
-0.23813954906654544
-0.1889863619580865
-0.13864197747898288
-0.08636738394125132
-0.0480830988381058
0.0034433181717759
-0.03273971418093424
-0.09208029277942842
-0.1296175470779417
-0.20211668562842533
-0.27642546291463077
-0.21959548932500184
-0.23152710616705008
-0.019948685014242074
-0.0069502596743404865
0.015721814415883273
-0.1262120534083806
-0.27732029266189784
0.0413526164193172
-0.19502899434883147
-0.1800006129542453
-0.21333601718652062
-0.06108121119905263
-0.0657775729050627
-0.01921684438457305
-0.08572251339501236
-0.13093443532125093
-0.15400811869767494
-0.10702037462033331
-0.19559977669268847
-0.24386613609385677
-0.16418703779345378
0.017171155510368408
0.021555723884375766
-0.0029112246411386877
-0.025891139990562806
-0.12231835164129734
-0.1801696889961022
-0.3058176399063086
-0.2257776372753142
-0.09859537665033713
-0.12952383920855937
-0.07879321574000642
-0.016908395200744053
-0.03297655191272497
-0.132253503591528
-0.19545237178681418
-0.17628552452515578
-0.1246168258076068
-0.14448159371386282
-0.07167030085111037
-0.050139074730395805
-0.04727794139762409
-0.08454519367296598
-0.09602347220061347
-0.29938244505319744
-0.10912885525613092
-0.166725009563379
-0.05242008816276211
-0.1894500006965245
-0.007131481062970124
0.010921310046342114
-0.12298939295578748
-0.058690792677225545
-0.15200906241079792
-0.26472648301933077
-0.12928022303094622
-0.17384518723702058
-0.1006237129913643
-0.04075903550256044
-0.02933995792409405
-0.16943396162241697
-0.14327826542285038
-0.1375243020884227
-0.26474192924797535
-0.2842965574527625
0.03428541517496342
0.10039395764033543
0.2178364244173281
-0.027415797318099067
0.029646829912962858
-0.06555307860253379
-0.18799396199756302
-0.24253916332963854
-0.18791634468652774
-0.43716259027132764
-0.23722939053550363
-0.014774834242416546
-0.08665339701110497
0.04949553647020366
-0.16267382544174325
-0.09945405652524641
-0.041068281047046185
-0.226775261311559
-0.17162589071085677
-0.2988545692060143
-0.22311377523146803
-0.07745829365740065
0.06188572467362974
0.03196709691474098
-0.07605893295112764
-0.07592172495787963
-0.08468257763888687
-0.24786604521796107
-0.3910949965938926
-0.16203268244862556
-0.1338871906627901
-0.027923441433813423
-0.11860663298284635
-0.02833395029301755
-0.06238257478980813
-0.13583131365157897
-0.0638815987331327
-0.13724142930004746
0.02480338162422413
-0.022866172672365792
-0.016724844183045207
-0.13577685461496003
-0.0757332053326536
-0.0950056721776491
-0.09798058899468742
-0.14808406745578395
-0.1190976255456917
-0.013194256694987416
-0.07675543021468911
-0.10189523769076914
-0.22102639882359654
-0.19201324979076162
-0.10894987077335827
-0.032867939302377636
-0.05541961971539422
-0.07474494347115979
-0.022149322414406925
-0.14963390212506056
-0.18886781280161813
-0.058576883282512426
-0.16615677233130555
-0.07104965781036299
-0.1807114529365208
-0.06627211496015661
-0.21971397288143635
-0.2140256711136317
-0.02612650193623267
-0.11271807985031046
-0.12318690968095325
-0.1280782656831434
-0.02026865049992921
-0.23530392884276807
-0.04326374923402909
-0.12027816858608276
-0.037472927127964795
-0.05101656237820862
-0.21072187096069683
-0.04623448560596444
-0.1034214663959574
-0.21969782677479088
-0.1206911309127463
-0.03429847676306963
-0.010201205061093788
-0.07087591895833611
-0.08853775289753685
-0.20349186507519335
-0.1993007935515152
-0.07965111305384198
-0.12486476413323544
-0.03706612726091407
-0.21311999956378713
0.07359399901997676
-0.006949957984033972
0.04843941138824448
-0.0476105726120295
-0.036451630330702756
-0.10237805239739828
-0.2555408117477782
-0.21659371424175333
-0.08739155330840731
-0.08893291475578735
-0.12311270079226233
-0.057128581014694646
0.053915522552756556
0.001943950708664488
-0.0663102460821392
-0.05763052304973826
-0.13601862944415188
-0.06192119198749424
-0.12577498024074885
0.041909361476427875
-0.0036490691418293864
-0.007576310679723974
-0.13728172534320038
-0.17601536051370203
-0.14166787554859184
-0.0757704692077823
-0.14757268491666764
-0.02192469681631337
-0.04008677332967636
-0.04259911706321873
-0.0360213083185954
-0.1739119291305542
-0.19894409441621974
-0.27764158669742756
-0.18239682693092618
-0.03714349594520172
-0.012785650902515044
0.005851709865964949
-8.023064583539963e-05
-0.06526858636061661
-0.1486441894521704
-0.16774562309728935
-0.2233296880076523
-0.1305161549244076
-0.06346973463951144
0.035414535232121125
0.0853379922627937
0.1351505091151921
0.052294818102382123
0.039162573651992716
-0.11671055947954301
-0.1945334260672098
-0.20835664687911049
-0.10302591408253647
-0.08444900141330436
-0.02272958940011449
-0.015072832713485695
0.026050488057080656
0.054736327518185135
0.0008666428657306824
-0.08259785304835532
-0.19863121636444703
-0.023829413825296797
-0.12537717632949352
-0.05820082150603412
-0.11964869825169444
0.00618796912021935
-0.010270357193803648
-0.04778648243518546
-0.10769748855091166
-0.12593352620024234
-0.08551353825896513
-0.04757570748552098
0.06015056080650538
0.01854668860323727
0.10518038535155938
0.09185769406030886
0.025404437779798172
-0.10072170590683527
-0.12734311413078103
-0.16026315218732634
-0.0972656941630703
-0.13849451392889023
-0.006477350936620496
-0.041353185624757316
0.07934303126967279
-0.05821816241041233
-0.11012445657979697
-0.07634132533348748
-0.0017469353260821663
-0.088058268520399
0.02688167305313982
-0.08806924389864434
-0.03218308463692665
-0.10368648922303692
-0.06663388280594518
-0.01854606534971026
-0.11821249376953347
-0.08317821657692548
-0.06444186390763207
0.00969482753862394
-0.05313049574760953
-0.05036793708495679
-0.07688736798445461
-0.02516767477573012
0.008133644834742881
-0.12403391411498887
-0.05900654273136752
0.04777691717026755
-0.0878998908228823
0.01454790866409894
0.015114133133465657
-0.003274367336416617
-0.06862093869858654
-0.1524685891054105
-0.14512633558479138
-0.042277196640498005
-0.07301839198044036
0.02844102811650373
0.03112046866658602
0.07627861676883185
0.030457324879535008
-0.0021310599404387176
-0.1822853684425354
-0.1851981138897827
-0.261235725847655
-0.2631499460840132
-0.08571903253323399
-0.012491254979977384
0.005547282431507483
0.04797427223820705
0.049624337028944865
-0.009693907777545974
-0.06024983088718727
-0.18529000581474975
-0.1566237312508747
-0.2026913213703665
-0.100643687423144
-0.015041947102872655
-0.021362803239753703
0.06352513295132667
0.08700576188857667
0.03108863829038455
-0.08363234339049086
-0.05820650725399901
-0.08885029274097178
-0.08397381773829693
0.06485559625070891
0.07382169173433795
0.07772274409217061
-0.008505490884999745
-0.06511263603169937
-0.11379319417392253
-0.10544699282763759
-0.056160503099818015
-0.023622800235898467
0.011369928950443864
-0.042581959802191705
-0.036748518876265734
-0.09920049627544358
-0.1658452078991104
-0.015915229712845758
-0.02202213961209054
-0.04783014535496477
-0.01515829036679861
-0.0848557702411199
-0.11148036271333694
-0.06346041633514687
0.006117018754594028
-0.06383455047034658
-0.11217998193751555
0.07265384844504297
0.0033734032258507796
0.05732597807946149
-0.0019299214200145798
-0.18787090433761477
-0.20053793455008417
-0.19855486190590454
-0.2423296127235517
-0.0844995992956683
0.027425108140846532
0.08301498324726708
0.16363597055897117
0.07961750619870145
-0.02236664423617185
-0.05098697333596647
-0.14574514923151582
-0.23384669766528532
-0.18830475577669858
-0.13100200827466324
-0.15666245750981034
0.00984115808387287
0.04856229340657592
0.08983587226884993
0.02500299725215882
-0.04669136098527815
-0.11859867149178172
-0.12699068803340197
-0.11625894096505363
-0.04079896286748408
0.030259152554208413
0.08060313112218864
0.023762229255225975
-0.06559057071353891
-0.009664139426604379
-0.1734432333305449
-0.1355614764324855
-0.15409763716888847
-0.08755215865676291
-0.005723662150558084
-0.006051010699593462
0.07401492961798795
0.03920701863535214
-0.05812171727302484
-0.11692551516171079
-0.02234988601412624
-0.12466958768345648
-0.08598488621646538
-0.026271023743902333
0.016692142809915822
-0.031711754392745206
-0.032699457529815845
-0.14166882590507157
-0.19062885218590964
-0.07685017201583833
-0.1138716411369387
0.03975594142684713
0.09575006598606706
-0.022668977384455502
-0.02190030333440518
-0.07061522727599367
-0.05936143395592808
-0.14345109486021101
-0.18990432936698198
-0.11508726290594495
-0.0314483520014619
0.02690583042567596
0.1004198151640594
-0.036223151750164106
-0.019333996853674762
-0.10519758452574024
-0.14295517687060055
-0.13221283187158406
-0.07210496356128715
-0.034558385723812535
-0.032800752684124745
0.05141527195519302
-0.17274807858120766
-0.19404925216804259
-0.14485286799026653
-0.1359931699698791
0.040595898404717445
0.006016657775035128
0.006638058235694189
0.040720076051457
-0.008146345280692913
-0.2028267533169128
-0.20870968958479352
-0.1941563868895173
-0.19693187478515028
-0.05586254328227369
-0.004827374625165248
0.10403339780168608
0.058234599069692194
0.006842601209427812
-0.06973508982628118
-0.07999956095591187
-0.16930099981254898
-0.1595359379425645
-0.03490148110722657
-0.009536457087961026
-0.01902793819317594
-0.02556662140705157
-0.03277121856081067
-0.1261720533220796
-0.13709300364280352
-0.08345953919342719
0.04258161215875589
-0.08463116467464715
0.014100212865741923
-0.03515104168036487
-0.1159889320115326
-0.07441919249140483
-0.12170348943254794
-0.03101013516425155
-0.06679767385867308
0.03419061742897611
0.039607117367268074
0.02104956904076971
-0.05743802318465896
-0.16368312541453633
-0.12969394482206553
-0.045787662573275156
-0.025977455319662113
-0.005947773999650963
-0.06294806938967668
-0.07007653093751287
-0.0005287342646624893
-0.06984292870765785
-0.006946295266970992
-0.040442071738652885
-0.052471554750809446
-0.10239121387712657
-0.09400408235524083
-0.021161667362321168
-0.010471764086105395
-0.029926207091193646
-0.022372568509126722
-0.14453480277916242
-0.11863500653998926
-0.19605421274900436
-0.04376325787779933
-0.008056948572630063
0.037031974468845874
-0.03394793759798631
-0.15288163875811733
-0.01636346111081366
-0.026587903645122424
-0.10421609324112069
-0.1125651043257676
-0.10398376510420348
-0.014760627833311446
0.04637882945826277
0.052995244099292904
0.007345570567849791
-0.09066033872659318
-0.07711704372195527
-0.164649137223023
-0.060874741669977084
-0.14575879013864323
0.019782099072472192
0.03149595465220045
0.040082636376610026
0.012934940860759525
-0.1250418629847445
-0.1806502192557673
-0.07491467616637237
-0.049176979111507535
-0.01862260900088586
0.04512394330231473
-0.02222702236031182
-0.0442045173549559
-0.15213755762124492
-0.1289588345825905
-0.11108646271532052
-0.14812880175941245
0.0622202615304559
0.10757636383641511
0.09876657684799284
0.11426007609043154
-0.03657390498483437
-0.19322403505793773
-0.22859856821014546
-0.15184039412997663
-0.11012441589264199
-0.09154094637051458
0.014590679638786241
0.03204942008596845
0.06717803402352729
-0.031722073661512695
-0.11165162178804167
-0.0934465846803505
-0.1369830160474521
0.03023984460742213
0.04757277553289896
-0.04337852391472552
-0.022081828414229676
-0.08871752445338643
-0.11095936177298427
-0.04360946220549522
-0.039153329184046015
-0.00315975090052234
-0.10439940550986648
-0.10394021970023459
-0.07902078167535365
-0.01029887399636209
0.04392880779050756
-0.003544842802511994
-0.24395950185135007
-0.25423575984314084
-0.21192495652940124
-0.19155221688561141
-0.11836835197755136
-0.01582004023293848
0.04447415364302287
0.10054678149754182
0.02707118322723545
0.07146711845416576
-0.13027641583175864
-0.06807390585163375
-0.05666744814632807
-0.19985926235676743
-0.050487953194533475
0.004043856948555913
0.0291688684374094
0.02720004315051483
-0.12606910726753995
-0.12216067046938406
-0.08010439413192216
-0.08319758465859195
0.008790760581177892
0.008009643592231441
0.011417353794968221
-0.06418319266265371
-0.11050634550338145
-0.0320808038522955
-0.01345679021324031
-0.09683163043700915
-0.11331645993050188
-0.04733283066889271
0.03846814902499318
0.04503178081358783
-0.0284757194458507
-0.10841599227569532
-0.2661135192029178
-0.15524819618440233
-0.0373618089070078
-0.035598061309428886
-0.016523547790711746
0.010537358939473052
-0.12354339922603685
-0.042412342358147725
-0.06343611603369936
-0.08217994970618747
-0.15817831736057997
0.014139702034299262
0.0333448754413439
0.026854055060539395
-0.0670921256460133
-0.016683959373040125
-0.12676114302848873
-0.13973179640015587
-0.17228433769196272
0.03761356336008248
-0.03471526446810458
0.01619717024732381
-0.02456569105561357
-0.13388450483762426
-0.16548809147207066
-0.1490057083137799
-0.1690629494842142
-0.015261858308804221
0.04199228250581655
-0.1250703223486198
0.06727645627688617
0.0073019629053305835
-0.011169880512170494
-0.12059013493126258
-0.17782267737493385
-0.036177621896058554
-0.1342531453119591
-0.08537595735833747
-0.011857839155709371
0.06916243260639021
-0.04000881287538505
-0.09855930895719212
-0.10331503920804153
-0.13390726995567093
-0.0022376637880370254
-0.06516801778343506
-0.16270736320439028
-0.042530301929218695
-0.014117885468294844
-0.06650648286449723
-0.0989248350597336
-0.1218144228841993
-0.0034072832931997254
-0.07554916284425417
0.0803345001127127
-0.011239288714932627
-0.14695175269298488
-0.2375574342731852
-0.2431380429188721
-0.04066256391524803
-0.002099496006849222
-0.1670854827389121
0.0039110963843995705
-0.08115604075646843
-0.04796019558853004
-0.041349197148520034
-0.1572437822323991
-0.20399815530981869
-0.12051140465609933
-0.03590091858495725
-0.052911734630470164
0.026891263376455754
-0.09566017721954267
-0.058642374991904944
-0.013641632984217722
-0.044083113098167814
-0.13429002450720873
-0.06579811331175733
0.017278037194046192
-0.0469688149751164
-0.14610837773943786
-0.049931585614103824
-0.06653552207717439
-0.06180331404902972
-0.1410280838754261
-0.03167290549936297
-0.039651269413297996
-0.1061453467591491
-0.05172020651116327
-0.053019858154584654
-0.032681535245501436
-0.04340954513645556
-0.12948466258239932
-0.13541592650290113
-0.1305976830790314
0.06862750907748705
0.06795055579277687
0.1365371117281029
0.02917996137330192
-0.0030143386975396425
-0.1922709843638586
-0.1701748565537855
-0.22779031400568783
-0.24450674609397538
-0.20172629701846745
0.009477079205680639
-0.12037740380037576
-0.020486401292146184
0.10808480968262302
0.06232695985818282
-0.042560323723591864
-0.1801902060979046
-0.11833001727063674
-0.07535348857345525
-0.06452284404804232
-0.004107822598598432
0.018035616019915324
-0.11572596851328854
-0.1574295868340414
-0.023576672756462358
-0.0731058015335293
-0.06651706306729466
-0.0022520299098687246
-0.020810377740417607
-0.15384999837260693
-0.14377091619826388
-0.09568101019249298
-0.005716999639844289
0.05112385278334841
0.03770121038542129
0.016252752553555183
-0.13535076746484265
-0.03903558381716721
-0.08109370964666596
-0.12763880964484997
-0.06318484967050608
-0.0439417520610732
-0.03395619750517653
-0.02369604587147478
-0.01595111039398489
-0.10043438254797366
-0.14634114849832258
-0.1097746367693162
-0.06020936370987329
-0.10837331647053361
0.049363614845788106
0.1362106146698352
0.07464909431291744
0.1094899657764472
0.08649957044690382
0.03461159619018872
-0.10233434523979668
-0.27047456335276365
-0.2603389349533245
-0.2718398889992386
-0.18211729463655502
-0.07441072312940378
0.04574087955188588
0.088794805604266
0.08751282055163756
0.06906041547335917
0.020801106569706462
-0.03780383479443117
-0.1426370157932979
-0.16293793969089165
-0.24930375725671183
-0.10656837925967011
-0.06039148985291831
0.1089206236647442
0.0870137557212729
0.025964338608901016
0.0779511650907807
0.03538593009579927
-0.024351865088647173
-0.14991917461156845
-0.04171714994299691
-0.052672704096039524
0.0016681246197549626
-0.03962657721422147
-0.03278686102851225
-0.042258208868588554
-0.009126422737608664
-0.06117614303366281
-0.03961777553195134
-0.04172392033797223
0.059886424068281485
0.02622827875893563
-0.0990923697972903
-0.005283320555463433
-0.008852825274516363
-0.020845383711275645
-0.10042951823561452
-0.1635142941158847
-0.1233610118215438
-0.0488008089014329
0.07446594197972445
0.04410181863022444
0.08210265226080082
0.13715479461825453
0.005139269909705035
-0.07949073758209124
-0.11040003852394875
-0.08098405662894947
-0.07083076782146236
0.03456599017226836
0.04530601375881815
0.04615138664667029
-0.03927661226771306
-0.11517449355596909
-0.14074193096894305
-0.09564703625801485
0.04330339725129306
-0.047375825422932394
-0.030764133349293843
0.01278357767205307
0.0038048860005801544
-0.11356061808328377
-0.12552873144159093
0.0490143069282567
0.03590841808181722
-0.11795746278949082
0.006011698482325301
-0.11138008411944611
-0.046600151110851584
-0.025621537599363364
0.031495844799792394
0.04218211195257027
0.03825888701248914
0.01824535889318213
-0.20806392151280306
-0.09088003489887342
-0.10441851441282779
-0.09195189995807596
-0.0931949340592837
0.036192696934449486
0.07026657582900953
0.0961698850733228
0.08459031175880227
0.024919821105868323
-0.01544609255870455
-0.12067507259780541
-0.18671039451146498
-0.12052125812624581
-0.11129905971029075
-0.025898894389683846
0.07193793306942098
0.0949881916897084
0.06011637490883004
-0.0006507678153866436
-0.03370958528103074
-0.1181633664527908
-0.10396345774643123
-0.0752382755454164
-0.0004861845663981512
0.011420476600505935
0.014552377033396624
-0.04270334456668934
-0.06802692322162329
0.006975610012887046
0.0018970109813380986
0.014649042997916695
-0.03197342150633631
-0.019774535292526707
0.009916656013956526
-0.06530625038431026
-0.08981708236387931
-0.05674079247546615
0.04373762122122571
0.06647647936551948
0.05331819011189509
0.03002499906870071
-0.054081941831100266
-0.09304255140159512
-0.08319596579531208
-0.0928937119897455
0.012491430701629724
-0.029916021550889127
0.07210782945185201
0.019472736574243754
0.032621511822071625
-0.14252930687507614
-0.09330058220075443
-0.041981592745287344
-0.015817727136891335
0.009074898487597238
0.02159099213895388
-0.007896679293480702
-0.039219017686264124
-0.05673973533885146
0.009635447942855535
-0.04548780698678456
-0.043132968712598085
-0.0022037731687305495
-0.021683218714315444
0.05208952265093103
-0.019973646991275018
-0.07216018295730464
-0.025476485956460238
-0.034134098940285185
0.015963529149303213
0.011825906930880592
-0.015468541358131915
-0.06800819719501305
-0.143121873994005
-0.1057833128143102
-0.06610783848600477
0.01906831472297199
0.10356461492483504
0.07141656061867252
0.035884172772057354
-0.03012061490153428
-0.05914279667194933
-0.0359594219335122
-0.06298370902368333
-0.011068327388784382
-0.0606282494371726
0.003850921717685196
0.05994785705115646
-0.005541734983125934
0.03909057046985254
-0.09833510703538195
-0.17551139020361006
-0.14121408556820825
-0.06569140811916441
0.043930347408604575
0.07067352044396102
0.048423120053485036
0.022101462454884313
-0.1444011040730402
-0.09582913015037775
-0.004079701648151968
-0.08573410685494309
-0.17974093498196453
0.03447123553996789
-0.011528630024258746
-0.030028021174075548
0.03239640168612823
0.03913717230898328
-0.033173770432767924
-0.10068523266818374
-0.14121562178479508
-0.13998213454033248
-0.0473091465246398
0.009878473705612123
0.05152545592864044
0.05265051036076329
0.051447468089463655
-0.0003695265913847834
-0.1754586353781633
-0.2466945651685819
-0.22672092216089368
-0.14350984894235808
-0.06076718744589016
-0.054839707154314965
0.07775452619534917
0.18147083412623033
0.18873863969929516
0.14179633848834783
0.1892468254081905
0.14738066161226016
0.11458391562337056
-0.06599136177101173
-0.17144377215299755
-0.17763609811663628
-0.20667376134952065
-0.19680821837391704
-0.22157625827821903
0.01304031495237723
0.09898261507623829
0.10558355196553748
0.05057720371405594
0.0011835146960947895
-0.0405310062233184
-0.07375234857317992
-0.06758065732356044
0.018132358774892054
-0.032192913713515736
-0.020735815007355995
0.0408881792682223
-0.0030808967212578864
-0.05246548613649793
-0.026631006756360875
-0.05740015532501275
0.029486805833585095
0.027195790848963952
-0.02779732199087448
-0.06102232223202009
-0.03064318217911932
-0.06670105388184311
-0.031190831010462716
0.06581627539708279
-0.0010244522200082429
-0.011454437946667895
-0.048400853454950266
-0.08004674027324654
-0.10416045154852327
-0.0529022243918007
-0.01245674603342195
0.039374423183289764
0.07834736194672587
0.0843069003749406
0.04220212093059672
-0.06379324173758505
-0.08263303017884027
-0.09359884743753355
-0.020556457646307535
0.0072301095169677865
0.0035703995381481946
-0.09697035589488223
-0.04943984269630164
-0.08478498429758474
-0.0539649480197113
3.3088937925640494e-05
0.11262474820250645
0.08630268485285342
0.046493273810483515
-0.027662468630296644
-0.054188529698876664
-0.01147391810809495
-0.05064841186685953
-0.07658375313258148
0.0024881691897462588
-0.008994216894279816
-0.026422782269946765
-0.0841302892731619
-0.02048568401914963
-0.04912939235509839
-0.004799175498192199
-0.009031636123836506
0.011489031167002395
-0.0409322906343732
-0.13934631087613525
-0.06906712298132334
0.0017337133940600324
-0.0005793161126348423
0.01750378589349566
0.014792462468903977
-0.10060648526996374
-0.11725725117139518
-0.1105492202041205
-0.04610175170819275
0.02435436709492933
0.10269789412268437
0.08473441965179518
0.03356021211948246
-0.024074538163404213
-0.1381936161487829
-0.17030892566253897
-0.18975773273268715
-0.11266468628309667
-0.10693998564966023
0.00622377717809286
0.03771957456410746
0.09176615481555928
0.06799238295025134
-0.007657927639229456
-0.08877996513911057
-0.10210758950415766
-0.035612758656498045
-0.049659052514471114
-0.016858721550306655
-0.06562637651222758
-0.028550706008900306
0.014124315993285563
-0.04057683680730406
0.018004960644248058
-0.11945630251284456
-0.05091994965187041
-0.0941664393467363
0.024179550950066186
-0.0034099216645699926
-0.022889631887267115
-0.048992154577717884
-0.038171497679286404
0.006076988021959551
-0.04588812386646168
-0.10035282041644678
-0.08831483374524396
-0.03147051853011362
-0.02384585825711838
-0.033721339190378785
-0.008478788091451861
-0.057883431403752184
-0.05174707146943547
-0.012791503715561703
-0.060578268181416206
-0.009505852722213604
-0.02422480885797995
-0.07404617603606312
-0.015877496072789654
0.019437509414274246
-0.054484423133544624
-0.07641661437810399
-0.008953425302024698
-0.019142224089591764
-0.14563204666774254
-0.0706305303319823
-0.006834212093963288
0.028290801172261126
-0.0517357824719511
-0.023925380578475597
-0.08090743035427295
-0.050326026932452805
0.005636459747620393
-0.011198079737368971
-0.04398281534668058
-0.044135983911473886
-0.06741534863249399
0.0285946894036897
0.018914026237325743
-0.047706364435725845
-0.05381598427993595
-0.0892712122949888
-0.06947100247452909
0.006509501168693532
-0.024382319432334043
-0.05403633187233936
-0.028930851112818345
0.020722889659282373
-0.06826701105455868
-0.060160932363942266
0.0690051636993303
0.04513344961196708
-0.042694319679867476
-0.08911472711042734
-0.014622427086578682
-0.06793870451292605
-0.11203772912267596
-0.11098147568372951
-0.036049813758154414
-0.036197861802065745
0.026759062988276128
-0.060689896905387286
-0.08625801894959295
-0.01188378524966538
-0.07051411964857834
-0.02700230687696603
-0.08988160366425291
-0.009294130111811683
-0.03533139662613394
-0.09557646350003779
-0.06207954234287172
-0.09292152250964136
0.055934162679477595
0.005743743298808113
0.012704568250228476
-0.02554412245808635
-0.043902799050556496
-0.18447968188411323
-0.10990905834478326
-0.14042600651737303
0.0213684282784925
0.03128190134520992
-0.004271942380000837
-0.07392869992509077
-0.014997898455476388
-0.05419336408704112
-0.06052951645688154
-0.06176017583493376
-0.07803431429783814
-0.03209963781409897
0.005526359949726611
0.019233453887864016
-0.105721126194112
-0.048090438096551225
-0.11227586219320074
-0.009091645901207812
0.09385763030149974
0.07221707107964903
0.031348146410891786
-0.061884003509476315
-0.019981497960543493
-0.16100717426161282
-0.07107140903826803
-0.02500599953418714
-0.012326397365541197
-0.052825399761786684
-0.048425296146888286
-0.09558952844236046
0.003317674301797524
-0.05434720999619458
-0.10762970987707376
-0.08848465434311947
0.004707978652731981
0.08382406967575662
0.046811648848233745
-0.017954801412997767
-0.03939408261794597
-0.12314382495242171
-0.19142676980118267
-0.09277032845420763
-0.12449536388157867
0.012222430792462546
0.08878747084963834
-0.05178795661777258
0.06659831371507607
-0.020692169931862736
-0.13884300674544647
-0.1314246039110003
-0.1854932107962668
-0.1040994584618602
0.0017117706120188814
0.029571888837381266
-0.031648933948417834
0.0019096576534138876
-0.07635841591400094
-0.09171541081741452
-0.22701571871584747
-0.15419803620898165
-0.061489914912044696
0.06022433204634581
0.13815902872011065
0.08493396536505315
0.13566222892404767
-0.00026536069344729185
-0.009709886944619939
-0.2109792183036916
-0.13150892038538586
-0.1230278020507285
-0.21943129610735923
-0.13134224349050783
-0.022431797420267685
0.0017743775681537954
0.02219381058239378
0.09578371286625043
-0.03240253379044589
-0.06986436766146653
-0.10209410618699621
-0.08502354888514674
-0.031085816146514844
0.016594000022450928
0.01863086585944984
-0.04619404959521489
-0.07901717357890448
-0.0536183791118674
-0.07794789673062041
0.040559137116360944
0.08032258493767586
0.02937054271751549
-0.034383606855953985
-0.045521693740738556
-0.05240421987036825
-0.1748926323489286
-0.0281863137606706
-0.02075446571689099
0.023661356965021696
-0.00846625720441807
0.011003349810380314
-0.20455623150337487
-0.242826409983536
-0.1691521486500278
-0.09943808909520158
-0.059778515656944364
0.0726511815817048
0.11108223756309599
0.10152757482137531
0.07811419123027008
0.01372163347696187
-0.050954381047631614
-0.10016482007631566
-0.09052946959855035
-0.0637925191258546
-0.0024982938721223036
0.04233339509664802
0.01494280595534292
-0.03077009781353013
-0.1071879292576341
-0.11449149656982627
-0.030628877641902363
0.033864686149172485
0.025898799067363143
0.03821848671941552
-0.008798329155979445
-0.09321092378377216
-0.08594727051240625
-0.07289117365871789
-0.02121593944957567
0.037963488983223215
0.0029204607562860474
0.011737403183360584
-0.02666308548214147
-0.07511497853556648
-0.09899676285567693
-0.054616476973023964
-0.019717292376299156
0.05019000633910764
0.03720524397249392
0.007965732358570676
-0.022191649226442678
-0.07976718796999194
-0.10441242505476112
-0.026705565644078888
0.005580261509749107
-0.003301126300357282
-0.0011958222166867927
-0.05578444881757605
-0.0405580061578803
-0.007007054511632305
-0.040651060257005156
-0.008074274242972024
-0.023925996692923945
-0.04493607030599378
-0.0064655586538719945
0.0135577546316199
0.0027528746613825206
-0.06974812460248359
-0.11281166330445558
-0.05259909826418152
0.007581067366118077
-0.011313926115690265
0.020914495624310803
0.01579428703735175
-0.028624832702917047
-0.04804202986997552
-0.09187935228692368
-0.026951324471156113
0.0012868844059994444
0.028447344862797763
0.013698274337912153
-0.027232782766077435
-0.03774352080654353
-0.01666292172646422
-0.027465141030461382
0.007774753019475611
0.01579421305359574
0.005990448975353502
-0.08888829235183948
-0.06646444437501486
0.04256563998933416
-0.04029582184739411
-0.03590746068221051
0.02771948951703962
0.033823863825091394
0.021845191600732505
-0.03248671454639407
-0.06712467457691673
-0.04876352667270112
-0.022996649335254915
-0.0060924383797100745
-0.0026315621071262285
-0.013257665992568946
-0.04409948215698023
-0.002436089518596418
-0.02805670142697636
0.0046553232677979395
-0.02037740424657386
0.05192163874016842
0.013089289950585226
-0.03228762208527769
-0.10862423342769034
-0.04627870867261663
-0.033117378516180906
0.0616102262865752
0.11509917274815962
0.09622467472945573
0.0204044962010812
-0.04110521192342276
-0.09058535765507258
-0.06324397854041308
-0.03886634379887255
0.039645681899855845
0.07433749646224896
0.07596499669307377
0.015253115387167782
-0.032933964976109564
-0.086332275881432
-0.08385089389048517
-0.03559804732867633
0.01644517618478858
0.06683382265327964
0.07203715575451497
0.01973523586639203
-0.07788919765880564
-0.09067026989941951
-0.07137770006374922
-0.013233202989795245
0.011177718566614203
0.01444123819237575
-0.06635758124321
-0.006988706800257205
-0.030113200162304565
-0.06466241212910973
0.028502431043307297
0.049239136671531014
0.018287802864506375
-0.017972619152374136
-0.04100198260857724
-0.06270124393995502
-0.05235209891543491
0.02781655715079978
0.04174415487796068
0.04087779427936766
-0.020145067128169103
-0.05463324941229075
-0.04008599151711678
-0.027113867301522987
0.026767971852677874
0.039401162415742874
0.007018188621259469
-0.07544414519020393
-0.12330181745346636
-0.0920333935519011
-0.04719498963095248
-0.01651476517872652
0.1422165766271064
0.17662672503502108
0.17803274211473763
0.15547525009606034
0.107631333055906
0.04891934170154855
-0.09532829679847055
-0.1343704634346068
-0.11643186138826422
-0.140107624232769
-0.0991586923628347
-0.003698929096572101
0.035519373462420845
0.055264720402192324
0.03450633742613718
0.016440396295365645
-0.12305829534489021
-0.08446302834181552
-0.07592592676519416
-0.013863785372450366
0.010671053241821937
0.02659432687505614
-0.021980259945848957
-0.0038648992594971787
-0.015265731726685772
-0.060512811524802146
-0.013084974340017652
0.014565755875082687
0.016871963411176694
-0.051368796281167306
-0.02314279097754479
-0.01580360143998405
-0.030779146942222724
0.005391519451222848
0.007818494330422254
-0.052577523587387986
-0.07833551400835859
-0.03356977384828497
0.01400634077435825
0.06875026442139642
0.06528772294404916
0.024873499140085187
-0.07457116377190687
-0.04015800336492248
-0.04783940120250918
0.014043786133697722
0.0773111514718039
0.06702351506100968
-0.04290099235367961
-0.0703482791868737
-0.05603576794965193
-0.0026452395832166076
-0.04185681375383865
0.03818544552268577
0.06744593662733678
0.04478675961581757
-0.040296628492797026
-0.03449193419146468
-0.02375670545916364
0.05961531740103965
0.038177124408321106
0.015611669645295478
-0.04217942168179434
-0.08740381797542796
-0.02667952967021847
-0.06132686699675105
0.00574596787464543
0.05005470870673889
0.010690711915231077
-0.05945117484952789
-0.0776068186860357
0.039938457058269705
0.04906111894524656
-0.00663871180768183
-0.040393583607510664
-0.0499634262669133
-0.033062855873140506
0.024394104297243757
0.018113666548742913
0.03638553237396991
-0.03981198082328774
-0.07443225166935008
-0.039872954167094576
0.036590491097740596
0.05278324952814728
-0.016901306407817174
-0.025966286717448384
-0.03568397601338802
0.010779355994600337
0.030804466689005494
-0.0334628457785584
0.008405372271226952
-0.020826608400966506
-0.04356120112925055
-0.07208154738327721
0.005701615555153694
0.03460527828246995
-0.022418731008656323
-0.03816578010446392
-0.02335695975489216
0.0014601264556404203
-0.03659770628291881
-0.07865378469796269
0.033414949927646376
0.003502965297229821
0.029561355215264484
-0.00404559926391812
-0.10302035968925338
-0.07807635879726149
-0.0010335696060792543
-0.036323479398561176
0.008380339255381841
0.014800004311837256
-0.07483041682826297
-0.09853781010315288
-0.09675540488206025
-0.008802251802990213
0.04761063162004575
0.06259235015022568
0.07303934171795845
0.012045892552123405
-0.03215182562416885
-0.1323830510955304
-0.11945956293493509
-0.06873989445739426
0.0012522768629423808
0.06628362849005498
0.0530123775897664
0.021980616402288433
-0.030382495053345338
-0.1273007830059214
-0.14209580013994128
-0.09468676889082417
-0.0260560382012045
0.02924292643001536
0.0870613822771702
0.14569206000305712
0.043001380074201734
0.03264865298115183
-0.09646007532319345
-0.18305654090363532
-0.11593430710490793
-0.16985162266428233
-0.00675402965862304
-0.05226670403499156
0.04428275113241398
0.09579809059505351
0.07294825589269749
-0.008520416187820956
-0.0740941814146936
-0.07324902006075718
-0.015818426938494667
0.06470291524237837
0.04456695755470719
-0.026160626261116704
-0.04888838084298186
-0.03251585678663105
0.016256095659628045
-0.006091570816352032
-0.04815884033450857
-0.05220762579119764
0.002799853715714562
0.011313067079754546
0.023397062650474254
-0.07775927064722055
-0.08427283854689449
-0.014298283881998941
-0.0491900906781666
0.02224896226562123
0.04177249789790949
0.04173693271150114
-0.0034343718871241435
-0.0804827808533446
-0.08074549800949171
-0.08653533361757582
-0.030112585798633518
0.021410752880910877
-0.0013459842230076902
0.013526224255656416
-0.026112955989447073
-0.1151506933674682
-0.06838556689035613
-0.008857236673065927
0.00694765896332683
0.07055916596436873
0.004263557348167524
-0.024593700683908537
-0.04101832811284112
-0.05312714699539356
0.020491828050580807
0.04680770364939235
0.02124454679142218
-0.05739768376884058
-0.025287391979873064
-0.06303408916573972
-0.07715860471944325
0.010855985659873113
0.06580008668606752
0.03993821820404264
-0.0755129789467901
-0.059304606809746474
-0.06663624704742688
0.08493290704973333
0.07954716643143911
0.07612708153465064
0.026113493950106204
-0.0553482616560359
-0.13423839904135093
-0.06291013656300493
-0.06586840960517293
0.019883624918293208
0.043654646938193764
0.051599432961666025
-0.0007302616431843489
-0.07124088134150952
-0.10012648478732444
-0.05350160067609977
-0.03340276264862041
0.009028597087308299
0.04952720319852233
0.04821078944951296
0.03165111333146342
-0.07296910504101106
-0.07730417187849525
-0.0787570521060843
-0.008327642293807003
-0.0022865645587444305
0.009958951377484482
-0.05698626931553008
-0.09232612285995856
-0.05569144707123996
0.0335806664370466
0.01842825728817843
0.046889112159988144
0.016707617014048992
-0.06713955116720172
-0.11742168408454745
-0.09721145655566943
-0.07081539645696466
-0.051823068657540716
0.10279426377383061
0.1788501510163769
0.19090683098329464
0.14358586486196145
0.09718312429322395
0.02925972264711163
-0.1433290873101214
-0.17865095613524318
-0.14650012122547196
-0.12180287868250161
-0.09594159360131016
0.0020371136994299377
0.01193495913685183
0.04992048408166738
0.0563285137686762
-0.03849898776388727
-0.051773326409602305
-0.05781878279594821
-0.06750142575037898
0.07649332306755241
0.09049548796610907
0.03310332537512295
0.009973505191737786
-0.13230164271226386
-0.07061400146631058
-0.13918074852699647
-0.053295473793696146
0.08613920852076262
0.08797626348678023
0.09907330852001905
0.07504717501433333
0.015132275992073119
-0.07445830429787748
-0.20320902299135923
-0.20974202084471472
-0.1410230180772487
-0.0950920520699583
0.02016963362257229
0.033406424798158696
0.063693840536871
0.013695261644897982
-0.030474787148705218
-0.00860134122922318
-0.06048419979197206
-0.08074473176384345
-0.022263090140768327
-0.015852766362968396
0.052981131491833366
-0.00020825551473535597
-0.01282135519431904
-0.09947059566911776
-0.13535556639544666
-0.12888086802558973
-0.06311850818838138
0.0313009298979523
0.11668720009038225
0.10968572823912837
0.07140316822915338
-0.013252573233330622
-0.08714284370216774
-0.07887865851807874
-0.11868521751603112
-0.10261364139296347
0.010761286539491266
0.051847904094756814
0.042432691872818395
-0.05584080790868029
-0.00764885173384755
-0.010011612252128543
-0.06986049804800132
-0.1327822764069424
-0.08529018466833804
0.031242259516147897
0.04451643308857456
0.06927659720531665
0.019633258096291684
-0.12117515552381519
-0.08767744524448062
-0.06481602945132181
-0.0076319916333886795
0.04575361269235145
0.02378301120188553
0.010501868920982815
-0.11497673380654305
-0.09669446226325817
-0.10005835106858285
-0.07284728065133095
0.008450893219560385
0.04833938554656925
0.04091121251485674
-0.00034059289282595273
-0.03654653033299837
-0.054744352819398046
-0.09563756373245269
-0.019636619021184742
0.053526199313637335
0.13451752878609113
0.08760474741575308
0.032726866120356135
0.001170452746009687
-0.13536719512194395
-0.1966747489059344
-0.21216010808711872
-0.2271063383668661
-0.16694473545067012
-0.13582681337720715
0.030003867841514875
0.09463694301666692
0.13457414839649573
0.13644324766937643
0.055149098036054056
-0.02611818691366352
-0.09030851370698656
-0.14862586959498003
-0.06376190677110571
0.028793808566092594
0.02979580165265361
-0.018534499477027566
0.028829409784520976
-0.010108189293532632
-0.14856961712939665
-0.13814259052742273
-0.12343517950102978
-0.09279836865607649
-0.07255524917854927
0.08070184581447393
0.13724459264267352
0.16404152056202292
0.1152320628752932
0.10685694573112414
-0.014881129522109404
-0.08536420592281502
-0.16478930933772062
-0.02255609543135506
-0.07626265601720661
-3.818266122834757e-05
0.04746018146397546
0.05792478869261686
0.024020734781515785
-0.10416027143946849
-0.0832029924786184
-0.14968115865485743
-0.056849745309591526
0.037778962454467546
0.06816911585337948
0.07330158843251411
0.02957525307283504
-0.05877362302271649
-0.1418584124185145
-0.12498415591107914
-0.041535440433108306
0.032376046206991305
0.06031821411306737
0.03919324631715426
0.0028693853819277138
-0.11785457665973809
-0.15237939835060388
-0.11726614303734095
-0.1040877708728658
0.005950705229224695
0.04278446779699152
0.04056091148231644
0.024429338627669495
-0.05758864628876381
-0.10133381129708141
-0.10357610782375559
-0.063081426989811
0.03082883089518873
0.0814824133485672
0.05816498672356829
0.03359854258451378
0.005614726251224056
-0.15289811017282773
-0.2743087485432625
-0.17362670869624708
-0.19458886759821326
-0.1768984717054991
-0.008220620875363238
0.06524808600079268
0.16046413680305704
0.11890767286240589
0.08416654369284515
0.01578940241597593
-0.10179978841915727
-0.19625287839153316
-0.20561677461955696
-0.1894401318859309
-0.12097152856586035
0.041266791537054814
0.06721190288408252
0.10296506296435837
0.05703325481590582
-0.027099575115016705
-0.06521135428920388
-0.07376309752362431
-0.0258218256640248
0.056832512345863506
0.04265767757897265
0.02759407024132088
-0.078016678467975
-0.09364965761778876
-0.12019175378372893
-0.02555732219479978
0.06826472196553368
0.04272597254021093
0.028465325944125652
-0.0086789626366226
-0.0369613801012747
0.016293508302624105
-0.018076112784910947
0.0017519643843115773
-0.13935407975804992
-0.1867248285198002
-0.14903980484814383
-0.054165057648788206
-0.0696690124750603
0.11564671323867515
0.1806340089533478
0.2323512132279575
0.1475538921149564
0.17100227591436123
0.010497779410798103
-0.06605315175329451
-0.23552534761984134
-0.22184109245426953
-0.1620884215226397
-0.08411993323170464
0.0063803630182519555
0.06827155977953225
0.12282101882738061
0.09536712756850818
0.050608522549737245
-0.10641083383234218
-0.10562242045853054
-0.10375966233550571
-0.07871715135115664
0.030608689125074307
-0.01719314544129702
0.06933642047442845
0.026169812364969403
-0.043560096331930254
-0.10806510708061978
0.015679540985729545
-0.048842604242963716
-0.0003060096860281192
-0.06179548054933548
0.027483783662319183
-0.026124063369934447
-0.0323878460396827
0.059093883508467115
0.006836178887169808
-0.017730375468090642
-0.028238280734512955
-0.043617521659143677
-0.07572523329326941
0.09860750041843858
0.10762169859663118
0.05103044816496549
0.009175545152174891
-0.06441163829003926
-0.08195719617651775
-0.11369851746712811
-0.06918258489167783
0.01721119381909375
0.038269706565188244
0.054972971349343425
0.011462635731732007
-0.15481203439412639
-0.1266557874623686
-0.059278836168232374
-0.05145988551521441
0.004388532674056478
0.08769128596759401
0.10093074047472328
0.09445050105205155
-0.002482032279658597
-0.07318788361590123
-0.08815319204586558
-0.0928334247910243
-0.01610875684855273
-0.05558753693912877
-0.007428905344568193
0.004447031286417769
0.06664145510148956
-0.012600621427736769
-0.025250899203626886
-0.05583368417865131
0.07016714773635613
0.02625045164313633
0.0021532344435399864
-0.020254579133847983
-0.11816916076350026
-0.14617440034635365
-0.043451165431179106
-0.06001516674950835
0.09030431015708018
0.11995146991102956
0.11035335046472028
0.0812709188903682
-0.02669564337702468
0.00800260922369489
-0.08028376629226841
-0.14330732892267406
-0.05272831386537291
0.020755705027113436
0.01357524940976873
-0.010268032396197668
0.02105012685569818
-0.07701543503208086
-0.1634346338105388
-0.09814701549476013
-0.05833908755084849
0.02627891027077567
0.0619189337012358
0.060638677154202014
0.08425062021706253
-0.10039137539206422
-0.00027378003142075613
-0.04104240377637325
-0.05541900542448275
8.41220753500238e-05
0.04059888560732361
0.03470416311756708
0.005121582620631671
-0.07300056680105627
-0.11523411015514284
-0.10816562076797709
-0.058990823079511756
0.02031876938053756
0.03307865262104315
0.03914172017539386
-0.03586657426785678
-0.052896742898155935
0.007004985897765437
-0.034703580909990706
0.059898514358792454
0.04088208670873428
-0.029728791898378404
0.02227180645650151
-0.04290240145928692
-0.03229482061578892
-0.048854488601136836
0.0340712965480634
0.03869557743018959
-0.019760766304898425
-0.03667519093141891
-0.03769104964885628
-0.007767819733999204
0.018597371306896093
-0.058451803648495115
-0.005346791396732442
-0.007216316767880926
0.02153063587320503
-0.034356173880951246
-0.076783772878116
0.003178247550749802
-0.038150351800140925
-0.021084829422761686
0.015861871237575542
-0.01719373966625426
-0.10014556544774678
-0.057997940355562605
0.05939918788499199
0.03828883588175813
0.0011403634525777306
-0.05423832889755431
-0.0010857134948309977
-0.08667822502320632
-0.14144840485823806
-0.05478445504559204
-0.02922036827658303
0.07398649459719309
0.1317720077058766
0.0821144484798424
0.058263296508812346
-0.014374758039934932
-0.10871938675700221
-0.08169898722553626
-0.0994839417107869
-0.04568597464640334
0.04677055044885492
0.08587400612304918
0.08187531886505894
0.018752538766420912
0.027179502529179445
-0.1515087133157067
-0.18023102451115847
-0.17328709753928706
-0.21945408973260783
-0.16462477829918498
-0.026176034240052104
0.02070204527262831
0.13584208412794396
0.13031641009729356
0.11820173187879845
0.10320737543224823
-0.010702902275625092
-0.027481205958792998
-0.2042285115167033
-0.18489976436831057
-0.2350291321054101
-0.2582478598560556
-0.26934888935647905
-0.06820571317803115
0.027124102096422575
0.116626152961544
0.1344752759032417
0.07589113699214067
0.004945458611473441
-0.01547423114971025
-0.07002409212873317
-0.07545128870697226
0.050674752390477806
-0.06314525026300544
0.020890808666081284
0.008933306617109338
-0.0874443999491632
-0.04216983271180652
-0.06465373008541064
0.0005729659260396147
0.02719000006436545
-0.04878288464533398
-0.0025667139852885157
-0.0279208247011411
0.06476713526353706
-0.01780637340038993
-0.02055333415955829
-0.06726045585310203
-0.06682011416341993
-0.019993221889308188
0.07823672235826962
0.09370605356889428
0.03292506750585744
-0.02648898093320895
-0.09341426973696798
-0.09259722377323953
-0.07361662949551828
0.014969394194849883
0.03869385374127887
0.015743183037557174
-0.07987983243947383
-0.020665463744080625
-0.020237023651134223
-0.057914053238846464
-0.0018067004866679781
-0.0011661651369649917
-0.0174667012761347
-0.08602862594216276
-0.09877424238948151
-0.04569483921841311
0.014870505709950521
0.0471135073730693
0.04622463525811327
-8.870601232047193e-05
-0.06323639061884023
-0.11143849164363928
-0.05321210905094631
-0.024974185093014967
0.009321941362259167
0.051001248962165846
0.0006166865641716868
-0.08498265247908421
-0.055226742406375706
-0.023709511991910404
-0.03164818130790081
0.0028974363885936327
-0.03511411936233344
-0.04872805205377517
-0.01009950893057976
0.0272650487604551
-0.021042893946287222
-0.034530314420408104
-0.032528418305446394
-0.01067629924727953
0.012885700361948693
-0.039578214224093244
-0.013472737715346739
0.0001844645848905202
-0.062322878125996795
0.005342806107364595
-0.032749532680099946
-0.03438596072373912
-0.08833272157789906
-0.00673302461655112
0.004038516301079653
-0.0009123969575739466
-0.002337181838811375
-0.0828217816660981
-0.03472928619157756
-0.038150400469021406
0.036583665002240195
-0.006738032832799945
-0.06343126359570306
-0.06829759612446651
-0.08383083555781923
0.05041130114841508
0.052563912817277014
0.07756041714310413
0.04719076277615386
-0.07429874566150829
-0.16872848504499416
-0.09359920723363757
-0.1437209683385845
0.0058104301715502515
-0.014166353086693562
0.0910926035853663
0.03072786382108461
-0.05677668052521767
-0.04937726348180149
-0.01012231062486535
0.01832893471873831
-0.13914222660241649
-0.17434186617902014
-0.05091897941019852
-0.024876508643501438
0.02297462587011978
0.002639440863276832
-0.034966004139278084
-0.10144873366152751
-0.0274563361381297
-0.02571361998707289
0.021599853647785494
0.03480096298881108
-0.0309884461476031
-0.03930546659103129
-0.022232232258829754
-0.04250014840914673
-0.06935071477346355
-0.02499401511158794
0.036957775490009226
0.009065280075446935
0.009138058463577181
-0.012645370336031192
-0.1026842275459785
-0.05196368082033587
-0.062026600739045534
-0.010481939256351325
0.05160192969196942
0.03551980815518618
0.015206913885776885
-0.018181444189394824
-0.07957046141382307
-0.10381140938261524
-0.09803695307346061
-0.05174859758153616
0.08530492843419779
0.06140631702146493
0.1140685013961047
0.08042391418712214
-0.026914318383205682
-0.08499702281551436
-0.16270112653728575
-0.18140004614542704
-0.12241993531642947
-0.0970593718229793
0.07889451889786869
0.0883712248178199
0.13451883581001312
0.12129981837642845
0.0661719085619552
-0.024149298894144522
-0.14012354973237962
-0.05796644595102407
-0.10050185382351629
-0.02387095428457542
0.03412602488788252
0.019320346546010114
0.03449101173464442
-0.016675358434440568
-0.09988162283843849
-0.0974574538267916
-0.05936092184856534
-0.046130394327065005
0.10553948969754856
0.10914927309204359
0.11903616014751606
0.05739219149836572
0.007393134737867513
-0.1008633325836854
-0.13393436721526086
-0.16077210381627083
-0.1381270872661844
-0.06408612971426919
-0.028517066049971618
0.04542668876820244
0.09826897864695638
0.09880523376341444
0.0668941904004896
0.049296252291242126
-0.11407768732169643
-0.07482920683105476
-0.07477217513951473
-0.0429082110786112
0.005505135191924637
0.013688278864719905
0.03422271241288399
-0.01959087343493593
-0.06098173643113114
-0.03517607270623557
-0.06530166651464242
0.06343919206847204
0.07160565213416703
0.06392746203346178
0.0064256573878083145
-0.03505006796331145
-0.10106099699623883
-0.15067977888975292
-0.041510603434289806
0.03414732759119943
0.012602016933669802
0.040932418924057856
-0.02406772520771483
-0.08496211812598631
-0.023045861798891565
0.05535298459290061
0.0019947816076637537
-0.02466000851154604
-0.011103278571681585
-0.04990215881844051
-0.0790928884598543
-0.10952847974840552
0.058135179220698774
0.06135669705690816
0.07025618260377087
0.001163529990662937
-0.009538742389850086
-0.04909021486673737
-0.05276874452829361
-0.05358717105445976
