0
0
31652
14733
20215
20330
13820
18904
16226
20613
20605
23116
30117
25620
27206
22809
17822
18314
22719
16929
19538
28751
25382
25411
23608
25619
19526
23830
28304
23262
20211
22532
23633
24816
99200
42507
28331
32554
28719
27609
24776
19080
29324
23397
25699
28974
32504
27119
25089
31799
35312
30311
24605
25924
21453
22363
29081
30650
26129
32935
33614
31245
36699
26021
35622
32142
30145
34509
32313
38302
99200
26623
25513
20409
23872
24669
23217
18055
26018
25368
20819
33912
23514
20605
22346
24026
24744
25007
26315
16917
20683
20256
24524
24821
26452
31217
33617
27174
24141
31906
30937
31710
35205
22360
31939
34711
99200
32424
32809
34864
27926
28344
28015
36754
19436
30104
30709
30920
26658
34183
25668
28613
24942
25233
25467
27642
30973
30427
37685
23798
23022
25263
32518
38670
35431
25420
29627
28825
33014
36410
38207
41526
99200
30759
34408
34878
37233
24618
24401
31619
27988
23645
29433
26656
23202
32232
26911
39017
28724
29353
24836
26031
32429
31811
26060
31095
21416
27268
33892
31549
22596
31150
25835
26323
29440
25771
29945
28649
34987
99200
55981
31724
36066
42713
44308
31754
43514
42407
44813
46814
43045
47510
41735
51320
46557
44616
34910
33837
37785
36822
49870
38918
39226
46816
37712
40922
37479
43158
46519
40808
37512
42435
51906
51407
64807
99200
53624
42750
45338
49919
49124
55506
48975
61610
71310
48930
61009
50436
38364
50164
59613
50545
51627
54907
62706
59919
61030
68005
53352
49051
61210
46550
56407
60416
49087
43280
53106
60902
78801
72374
86801
99200
81720
60759
72227
61840
59307
70904
65911
76205
64719
69209
70608
75608
60936
53511
67407
73019
66478
59416
66722
69067
70607
58021
68005
70714
55438
69416
63026
62420
67812
75885
57905
72707
73904
63709
82501
99200
82128
88001
84942
79324
74806
80604
82511
83217
74529
72705
71790
72907
73508
74213
78508
69708
84001
90500
77014
76911
72549
79504
86902
74609
72019
75395
78626
82816
74065
76215
67507
75430
81411
80802
88400
99200
63232
58114
63921
68702
52324
59515
52206
54012
61007
63427
65133
63918
62337
64453
48128
50114
52010
61749
62245
52139
53691
52880
65321
65532
51478
59410
63951
64322
62508
53014
68204
66126
63807
61608
81401
93301
46413
53008
66838
64207
67256
49407
50477
50998
53112
63564
54411
56115
58013
50115
52709
55909
57112
53026
52810
55744
47928
51035
52534
61914
73108
59041
54822
57124
64118
64609
55325
56926
61620
61126
76303
85007
33352
35219
32322
20016
20816
30722
25679
30109
38613
40013
32741
33785
24226
22819
30718
29414
28621
26825
35514
37430
38316
40722
31352
31250
32424
37012
31014
37127
31816
29419
33809
38279
25321
28011
56103
96901
45329
44025
40814
33121
34508
31618
35117
32730
38628
32116
36286
37423
38175
35209
34614
41009
32827
35714
45606
39617
48416
47182
41500
47410
47510
39499
31933
49526
42514
36518
36910
32817
44306
34325
55607
92600
54222
47216
37514
40281
48323
57608
51380
45911
57210
50473
53713
45618
45120
52137
48637
48110
50731
51423
42715
49518
46171
53708
51313
50110
59309
57710
46492
45812
58111
51935
55207
48034
54405
48819
67602
92004
65932
51315
57906
55527
55924
65107
66110
64734
61720
55108
57014
65625
66606
59339
60214
66108
57252
51413
52018
52810
60815
70406
66808
67317
67505
54325
58309
60813
65310
69705
68909
66324
50213
57327
74208
99200
90222
83218
82009
85827
79607
81902
92400
87108
88301
92400
92101
94700
84213
86704
76610
85205
81518
85618
83805
81003
86103
93101
83124
87110
92602
78414
78204
90304
97700
88805
87112
92251
96302
92403
95404
99200
90906
83560
88203
89702
96900
99200
96800
91001
84504
86503
91301
91601
92502
87712
83605
99200
99200
92302
85609
92703
93700
92900
97000
94400
86503
87803
95700
94701
95500
99200
99200
91706
92403
99200
99200
99200
95806
92604
95601
95000
92806
80208
77920
82004
82103
94401
93691
85905
87501
83537
92303
87803
90201
88610
94000
96604
83527
84717
91609
99200
92121
88204
91901
92903
88207
91925
95400
87103
88414
89901
91200
93701
80901
77002
76605
80111
81903
76805
81008
95900
93001
87802
80407
77408
73814
78802
78806
88303
89701
79504
85503
82012
79804
84504
75411
75104
69912
74755
82105
93002
84005
75318
78006
81602
82906
75614
77812
99200
94708
82709
85305
91702
87303
79126
83213
85002
86601
87600
80513
87334
90703
89608
86168
85708
95503
99200
99200
92313
84204
82606
81720
88804
85002
87402
95100
86703
82203
87607
90907
93402
89104
86502
94500
99200
90223
79908
83905
93502
95101
96212
89202
88806
95902
96601
94802
93502
95901
99200
96203
95000
88401
80708
84707
87305
87210
95400
90500
85906
87402
87613
84807
87301
85887
94102
94901
84027
86408
81126
92100
99200
99200
95701
92609
96602
99200
99200
94704
91405
96600
99200
94703
95203
99200
99200
96600
89341
90903
96502
99200
94600
91401
96101
99200
99200
99200
99200
99200
99200
99200
99200
99200
99200
99200
99200
99200
95700
89803
92202
91316
93000
91002
84915
77910
83422
89707
87904
97000
94000
86301
87104
92475
96105
85349
79813
84043
84311
78512
84209
93202
91603
91302
91402
96400
93700
95200
97200
96600
91401
90407
89705
99200
99200
99200
99200
99200
94100
89405
95703
90512
88920
90406
97301
95700
93238
96204
95700
94002
96801
94403
95203
84410
86506
92301
96500
94114
92300
90006
94304
94405
97401
96300
97200
99200
95608
96703
95700
94205
99200
96201
97101
95233
99200
99200
99200
96212
96910
99200
95005
93307
99200
99200
99200
99200
99200
99200
99200
96602
97202
99200
96410
96305
92200
94001
96500
97000
99200
95500
95501
96400
96700
99200
94501
95900
89817
79905
89703
87449
84323
84709
87802
90202
81547
73513
81410
83439
86602
83606
82812
76613
86507
91501
81711
85302
81911
75299
74868
84813
94601
91001
84104
83908
87408
87843
82016
78211
86606
96000
88304
93402
92101
77114
79504
67336
67822
80802
71515
72508
77919
71726
74211
70511
73424
75204
69982
70545
79028
67337
75733
75365
72108
68049
74920
87202
81102
63610
69519
78204
65925
72308
75806
72707
66411
70614
74706
79803
99200
81703
64951
67094
77906
77938
73435
61217
70914
79107
74028
72225
65726
59357
62322
76966
72909
68635
81307
81402
78607
87813
82202
77805
67824
66111
70435
78425
85109
74305
74110
79215
78028
72809
71224
82903
94800
79844
77305
82007
85602
86025
72210
70233
83920
76904
81602
82104
80709
79611
73011
77221
82816
75525
80306
83703
83807
79844
82610
83408
86412
89432
87103
83807
85506
80809
83007
89107
84612
82413
90802
86502
94110
69907
76512
84103
76618
70213
66816
80106
76426
70821
73509
68209
69014
74813
82817
87405
82303
81104
82702
76605
72822
69310
75315
76506
71531
76575
72816
74411
81563
75515
73605
79341
76290
69815
77614
89202
99200
99200
96700
96700
94400
91704
96900
96700
97400
96500
94101
89207
91808
97201
99200
97200
96901
99200
91717
92338
96900
96703
99200
99200
96700
97000
96700
88307
89811
94644
93100
93901
96700
97000
97000
96602
99200
96400
97101
99200
99200
99200
99200
99200
99200
99200
99200
99200
99200
99200
99200
99200
99200
99200
99200
96300
96406
99200
95902
96707
96800
96500
99200
99200
99200
99200
96000
96301
99200
99200
99200
99200
99200
99200
96900
90302
89610
97404
99200
92403
92414
99200
97100
97101
99200
99200
96500
97203
99200
99200
99200
99200
99200
99200
96301
96311
99200
95903
90612
91504
97200
96908
99200
99200
99200
99200
94302
93701
99200
99200
99200
99200
95500
95716
99200
99200
99200
97906
96302
93932
96700
96125
99200
94200
93506
94605
95600
96307
99200
99200
93004
93209
96400
96511
98100
97702
99200
97700
98154
99200
98100
98302
93702
93513
99200
99200
98003
99200
99200
96700
93233
88717
90748
96216
99200
95301
94600
96601
97002
96907
99200
96300
94600
95801
94200
95316
99200
99200
99200
97800
99200
95500
96302
94303
99200
99200
93600
91304
95600
99200
96601
95500
95303
99200
99200
99200
95700
99200
96300
99200
99200
99200
99200
99200
99200
99200
99200
97400
99200
99200
99200
99200
96300
99200
96101
99200
99200
99200
99200
99200
99200
99200
99200
99200
99200
99200
99200
99200
99200
99200
99200
99200
99200
99200
99200
96600
99200
99200
99200
99200
99200
99200
99200
99200
99200
99200
99200
96900
99200
99200
99200
96603
97100
97012
96700
97015
99200
99200
99200
99200
99200
99200
99200
99200
99200
97300
99200
99200
99200
99200
99200
96000
96813
97300
97200
97200
96500
99200
95200
99200
96822
95700
96600
96731
95618
96900
99200
99200
97301
96500
99200
99200
99200
94700
99200
96401
99200
96800
99200
99200
99200
99200
99200
99200
99200
99200
99200
99200
99200
99200
99200
99200
96703
99200
99200
99200
99200
99200
99200
99200
99200
99200
99200
99200
99200
99200
99200
99200
99200
99200
99200
99200
99200
99200
99200
99200
99200
99200
99200
99200
99200
99200
99200
99200
94506
95900
93611
99200
99200
99200
99200
99200
99200
99200
99200
99200
99200
99200
99200
99200
99200
94204
99200
96902
97802
97000
95903
99200
99200
94202
99200
86205
94200
91805
87700
85203
78309
77508
74319
76432
79902
92201
90403
96500
83811
91652
86807
86119
81308
87501
85707
87204
79114
84908
86705
83710
79309
77720
79234
86003
81102
91105
87701
93510
96302
86118
94001
85203
83902
91105
87921
88402
81751
78907
92200
81802
80804
88202
83485
77604
87501
84402
84709
85603
79604
88502
89300
83010
79209
81707
89708
89503
88301
83502
84027
81803
82903
84403
79904
83503
90409
85033
90102
96800
92216
91002
83810
91201
94300
96100
89202
87903
92706
92402
97100
95110
91604
82446
87202
91301
90003
88205
92503
95104
87204
94700
97200
90900
93401
97300
93001
97400
93002
94100
92602
87425
93901
93400
99200
95301
93103
94102
92105
90012
95700
94407
90902
97500
99200
99200
99200
96000
94503
94502
88710
97309
97309
94056
92104
92235
92510
91005
93902
94701
94840
90807
90102
89802
84407
92500
91827
90510
97507
97507
99200
99200
94501
99200
99200
99200
99200
99200
99200
94207
93907
99200
99200
93803
94101
99200
94573
99200
99200
99200
94904
94600
99200
99200
99200
99200
99200
99200
99200
99200
99200
99200
99200
99200
99200
99200
99200
99200
99200
99200
99200
99200
99200
99200
99200
99200
99200
98000
96201
96400
99200
99200
99200
99200
98302
99200
96800
97400
97602
97900
99200
99200
99200
99200
99200
99200
99200
99200
99200
99200
99200
99200
99200
99200
96102
97201
99200
99200
99200
99200
99200
99200
97201
99200
99200
99200
99200
96419
96303
99200
99200
99200
96801
96500
96100
99200
99200
99200
99200
99200
99200
99200
99200
99200
99200
95108
95400
99200
99200
99200
99200
99200
99200
95301
99200
99200
99200
99200
99200
99200
99200
99200
99200
99200
99200
99200
99200
99200
99200
99200
99200
99200
99200
99200
99200
99200
99200
99200
96305
96700
99200
99200
99200
99200
99200
96700
96600
99200
99200
99200
96900
99200
97301
96801
97000
95203
96603
97000
99200
99200
99200
99200
99200
99200
96901
99200
97614
95001
96700
99200
99200
96903
97400
99200
99200
96701
99200
99200
99200
99200
99200
99200
99200
99200
97001
99200
99200
99200
99200
99200
99200
99200
99200
99200
96400
97400
99200
99200
99200
99200
99200
99200
99200
99200
99200
99200
99200
99200
99200
99200
99200
99200
99200
99200
99200
99200
99200
99200
99200
99200
99200
99200
99200
94510
95000
99200
99200
96902
93207
96101
96500
96600
93603
94000
94400
94801
95801
95800
99200
99200
99200
99200
96801
91002
93700
95405
94900
92904
96500
99200
99200
99200
99200
99200
99200
99200
99200
99200
99200
96303
96900
99200
99200
99200
99200
99200
99200
99200
99200
99200
99200
99200
99200
99200
99200
99200
99200
95101
96200
99200
99200
95103
95400
99200
99200
99200
99200
99200
99200
99200
99200
99200
99200
99200
99200
99200
99200
99200
99200
99200
99200
99200
99200
99200
99200
99200
99200
99200
99200
99200
99200
99200
99200
99200
99200
99200
99200
99200
99200
99200
99200
99200
99200
99200
99200
99200
99200
99200
99200
99200
99200
99200
99200
99200
99200
99200
99200
99200
99200
99200
99200
99200
99200
99200
99200
99200
99200
99200
99200
99200
99200
99200
99200
99200
99200
99200
99200
99200
99200
99200
99200
99200
99200
99200
99200
99200
99200
99200
99200
99200
99200
99200
99200
99200
99200
99200
99200
99200
99200
99200
99200
99200
99200
99200
99200
99200
99200
99200
99200
99200
99200
99200
99200
99200
99200
99200
99200
96100
96400
99200
97916
98100
99200
99200
96001
95700
96601
99200
99200
98101
98100
99200
98201
94419
98100
97603
98300
99200
99200
97900
97900
99200
99200
99200
99200
99200
99200
99200
99200
99200
99200
99200
99200
95816
96201
99200
96201
92005
95002
97100
99200
94810
96300
94703
94401
85913
87405
95703
92703
91402
94900
96702
96500
96900
99200
99200
91205
89711
91311
94201
96700
96600
99200
96301
94603
94502
96400
99200
97300
89351
87802
94700
97223
99200
92001
89003
99200
97501
97200
94303
96300
94503
95903
99200
97218
97402
99200
99200
97502
93001
86705
90602
94405
92253
92603
97400
97603
96502
97200
97302
92418
92805
97200
99200
92302
95900
95700
93401
93600
95600
94200
91501
93901
91204
93700
90801
85904
87207
93801
95601
89305
88901
95500
92803
88102
91201
95100
95700
95400
95500
87607
88635
95500
95600
90802
91402
95400
87928
83919
99200
91904
87812
86903
87902
89404
87114
88105
88709
94102
88304
83008
92705
93700
91704
89907
94500
93600
86107
90702
95400
93115
88903
85219
88511
91302
91400
90102
91901
93901
94101
94501
92001
87608
86207
93800
99200
96402
93109
96904
96400
90702
90602
94501
91504
90605
92309
93939
90809
94102
99200
99200
99200
97300
89104
91203
90208
92302
99200
97102
96302
96802
96700
90502
89405
94301
96022
95217
91305
90803
94803
95520
99200
99200
99200
99200
99200
99200
97000
97200
99200
99200
99200
99200
99200
99200
99200
99200
99200
99200
99200
99200
99200
99200
99200
99200
96801
94513
99200
99200
99200
99200
99200
99200
99200
99200
99200
99200
99200
99200
99200
99200
99200
99200
99200
99200
99200
99200
99200
99200
99200
99200
99200
99200
99200
99200
97100
97400
99200
99200
99200
99200
99200
99200
99200
97101
97600
99200
99200
99200
99200
99200
99200
99200
99200
96500
96700
99200
99200
99200
99200
99200
99200
99200
96900
97200
99200
94218
95006
99200
93203
93404
95607
96203
99200
99200
99200
95802
94706
97101
97104
97301
99200
99200
99200
95802
95705
99200
95500
95800
99200
99200
97302
99200
97000
97500
97300
97300
98100
98200
97300
95607
99200
97100
96200
96700
97803
99200
99200
99200
99200
97500
96205
96401
97300
97400
98005
99200
99200
97000
97600
97907
98001
99200
99200
99200
99200
99200
99200
95303
95805
99200
99200
95102
95703
99200
95101
95601
99200
95003
95602
99200
99200
95203
95503
95215
99200
99200
95100
95700
95216
95504
99200
99200
99200
99200
99200
99200
97500
97300
99200
99200
99200
99200
99200
99200
99200
99200
99200
99200
99200
99200
99200
99200
99200
99200
99200
99200
99200
99200
99200
99200
99200
99200
99200
99200
99200
99200
99200
99200
99200
99200
99200
99200
99200
99200
99200
99200
99200
99200
97100
97301
99200
99200
99200
97700
98300
99200
99200
99200
99200
97300
97201
99200
99200
98100
98200
97200
97500
99200
99200
96200
96501
97780
98000
98200
97000
96400
95900
96000
96402
95803
98200
98100
99200
93800
94500
96700
92817
92406
96503
96000
93800
95201
96700
95120
92104
94402
96700
93400
94000
94408
96300
96300
96400
94400
94501
96500
96701
97002
96400
96701
99200
94810
96400
93901
91503
96300
96500
94501
99200
94702
89209
94501
92603
83605
84505
86309
92701
88839
87007
88334
90002
84305
86805
90807
94501
89901
91002
92909
91007
85809
91902
96400
94901
92702
88605
88207
92003
93317
95700
89111
84305
86803
91903
93402
99200
97800
95301
95500
96107
95102
95704
97800
97800
95400
95501
95704
98100
95201
95301
95802
96601
94702
96700
95834
95607
98000
98200
98100
97700
92519
92610
97200
97900
96500
96500
98100
97700
94701
92502
95801
99200
90303
86006
85703
86703
91900
92000
87908
89510
90302
85903
86018
92000
92202
92101
91100
89009
85703
85210
88509
88606
89603
88749
87680
85602
90400
90002
90602
88301
88807
86801
85203
85109
83913
83405
87009
99200
99200
99200
99200
99200
96500
96901
99200
99200
99200
99200
99200
99200
99200
99200
99200
99200
99200
99200
99200
99200
99200
99200
99200
96715
99200
99200
99200
99200
99200
99200
99200
99200
99200
99200
99200
99200
99200
99200
99200
99200
99200
99200
99200
99200
99200
99200
99200
99200
99200
95601
96205
99200
99200
99200
99200
99200
99200
98000
97803
99200
99200
99200
99200
99200
99200
99200
99200
99200
99200
99200
99200
99200
99200
99200
99200
99200
99200
99200
99200
99200
99200
99200
99200
99200
99200
99200
99200
99200
99200
99200
99200
99200
99200
99200
99200
99200
97300
97703
99200
99200
99200
99200
99200
99200
99200
99200
99200
99200
99200
99200
99200
99200
99200
99200
99200
99200
99200
99200
99200
99200
99200
99200
99200
99200
99200
99200
99200
99200
99200
97700
97901
99200
99200
99200
99200
99200
99200
99200
99200
99200
99200
99200
99200
99200
99200
99200
99200
99200
99200
99200
96300
96804
99200
99200
99200
99200
99200
99200
99200
99200
99200
99200
99200
99200
99200
99200
99200
99200
99200
99200
99200
99200
99200
99200
99200
99200
99200
99200
99200
99200
99200
99200
99200
99200
99200
99200
99200
99200
99200
99200
99200
97000
99200
99200
99200
99200
99200
99200
99200
99200
99200
99200
99200
99200
99200
99200
99200
99200
99200
99200
99200
99200
99200
99200
99200
99200
99200
99200
99200
99200
99200
99200
99200
99200
99200
99200
99200
99200
99200
95401
99200
99200
99200
99200
99200
99200
99200
99200
99200
99200
99200
99200
99200
99200
99200
99200
99200
99200
99200
99200
99200
99200
99200
99200
99200
99200
99200
99200
99200
99200
99200
99200
99200
99200
99200
99200
99200
99200
99200
99200
99200
99200
99200
99200
99200
99200
99200
99200
99200
99200
99200
99200
99200
99200
99200
99200
99200
99200
99200
99200
99200
99200
99200
99200
99200
99200
99200
99200
99200
99200
99200
99200
99200
99200
99200
99200
99200
99200
99200
99200
99200
99200
99200
99200
99200
99200
99200
99200
99200
99200
99200
99200
99200
99200
99200
99200
99200
99200
99200
99200
99200
99200
99200
99200
99200
99200
99200
99200
99200
99200
99200
99200
99200
99200
99200
99200
99200
99200
99200
99200
99200
99200
99200
99200
99200
99200
99200
99200
99200
99200
99200
99200
99200
99200
99200
99200
99200
99200
99200
99200
99200
99200
99200
99200
99200
99200
99200
99200
99200
99200
99200
99200
99200
99200
99200
96501
99200
99200
99200
99200
99200
99200
99200
99200
99200
99200
99200
99200
96400
96600
96805
96500
96801
96600
96600
99200
99200
99200
