None
None
None
None
None
None
None
None
None
None
None
None
None
None
None
None
None
None
None
None
None
None
None
None
None
None
None
None
None
None
None
None
None
None
None
None
None
None
None
None
None
None
None
None
None
None
None
None
None
None
None
None
None
None
None
None
None
None
None
None
None
None
None
None
None
None
None
1.040069967508316
1.021365374326706
0.9823614060878754
1.0056462287902832
1.0197849124670029
1.0020943731069565
1.0470139682292938
1.0805100500583649
1.0132730454206467
0.9330386817455292
0.8673976361751556
0.9425767064094543
0.9820474982261658
0.92933589220047
0.9457913935184479
0.9411492645740509
0.8882702738046646
0.9387571662664413
0.7730585932731628
0.8647138476371765
0.7379084974527359
0.7848515510559082
0.754015639424324
0.7424366325139999
0.7685980200767517
0.6857149749994278
0.6686856150627136
0.6468547135591507
0.6338501870632172
0.7344187051057816
0.7148029506206512
0.6711361855268478
0.7025718092918396
0.663992241024971
0.6762091815471649
0.6753355413675308
0.6774351447820663
0.662336677312851
0.6737880408763885
0.6507136672735214
0.6620057821273804
0.6590641587972641
0.6708609014749527
0.655824288725853
0.6676260232925415
0.6692190915346146
0.6441984474658966
0.6761363595724106
0.6646061837673187
0.6835018694400787
0.6347337514162064
0.6372297257184982
0.6700568795204163
0.6143991947174072
0.6531381607055664
0.6199634522199631
0.621564969420433
0.6517717838287354
0.641915038228035
0.6426323503255844
0.6636031568050385
0.632023960351944
0.6519962847232819
0.6481512039899826
0.6910754591226578
0.658190906047821
0.6305079460144043
0.6525236070156097
0.6261305809020996
0.641604408621788
0.6235652416944504
0.6194572001695633
0.6215851306915283
0.6207620054483414
0.6265541464090347
0.6412947028875351
0.6377358138561249
0.6379288285970688
0.6436413526535034
0.5801694542169571
0.6198550313711166
0.6177040040493011
0.593503549695015
0.6293947249650955
0.6328421831130981
0.6415785849094391
0.6225603222846985
0.6513711810112
0.6270290464162827
0.6243469566106796
0.6259393841028214
0.60511414706707
0.6046363711357117
0.6087752729654312
0.5870755165815353
0.6029869914054871
0.5888412743806839
0.606227695941925
0.5709733814001083
0.5950859785079956
0.5809976011514664
0.5682637244462967
0.5663785934448242
0.5830402225255966
0.5941480100154877
0.5890147984027863
0.5819109380245209
0.5905174016952515
0.5741286426782608
0.5674272328615189
0.5703071653842926
0.5793355107307434
0.5731250941753387
0.5822125226259232
0.5718146711587906
0.5554103404283524
0.5826128870248795
0.5921208709478378
0.5618086457252502
0.5701191127300262
0.5266987830400467
0.5789309740066528
0.5584558099508286
0.5447314977645874
0.5457538515329361
0.5107109099626541
0.5780339539051056
0.5713711380958557
0.5788160413503647
0.5639621168375015
0.5748908817768097
0.5579710304737091
0.5494835823774338
0.530142530798912
0.5568116307258606
0.5310015007853508
0.5418750792741776
0.5377990901470184
0.5393816083669662
0.5449927896261215
0.5741958022117615
0.5442831665277481
0.5433923602104187
0.5219290778040886
0.5374900624155998
0.5393694490194321
0.5483876466751099
0.5461249053478241
0.5101145952939987
0.5312443375587463
0.5236767828464508
0.5490177571773529
0.5251909792423248
0.5059250667691231
0.5275121331214905
0.5048034936189651
0.5292831063270569
0.5183562412858009
0.5135722309350967
0.5212448090314865
0.5274178683757782
0.5095326974987984
0.5126836225390434
0.5166286081075668
0.5163230821490288
0.514591708779335
0.4885624721646309
0.5125168114900589
0.5097766444087029
0.4932170733809471
0.4995066821575165
0.5077774524688721
0.5120416358113289
0.5126371458172798
0.5215924084186554
0.5103877186775208
0.4863273352384567
0.4751812815666199
0.5047938823699951
0.4929067865014076
0.5030587762594223
0.4666619822382927
0.497196763753891
0.49622049927711487
0.49290233850479126
0.48554427921772003
0.4845881685614586
0.47137144207954407
0.4983092173933983
0.4783264026045799
0.45337196439504623
0.4835313707590103
0.4822118505835533
0.4823714420199394
0.4761364459991455
0.46629448980093
0.47148557752370834
0.4619830474257469
0.47474848479032516
0.46922309696674347
0.45214708149433136
0.461255244910717
0.47301846742630005
0.4745175465941429
0.4638502597808838
0.45857808738946915
0.45813600718975067
0.4522470235824585
0.46468300372362137
0.45851853489875793
0.45677805691957474
0.4446311369538307
0.455853633582592
0.43287329375743866
0.41800499707460403
0.46097439527511597
0.4543329104781151
0.44660134613513947
0.4479794055223465
0.4278417229652405
0.4282517358660698
0.4618998020887375
0.41988058388233185
0.44017238914966583
0.4655366837978363
0.4291878566145897
0.43794064223766327
0.43051953613758087
0.4358448311686516
0.44746233522892
0.4425833970308304
0.41653262078762054
0.4140411615371704
0.42196982353925705
0.4148637428879738
0.4133526235818863
0.4309157058596611
0.43065095692873
0.41701431572437286
0.40101851522922516
0.37866324186325073
0.42628613114356995
0.39576295018196106
0.36286067217588425
0.4337856248021126
0.37091635167598724
0.4195610135793686
0.36859283596277237
0.4115619733929634
0.3936334177851677
0.40681907534599304
0.4178192764520645
0.4326315149664879
0.40439919382333755
0.4001619592308998
0.4085613340139389
0.38130461424589157
0.3837384507060051
0.40683018416166306
0.3788195326924324
0.3898335248231888
0.40873710066080093
0.38303208351135254
0.39652343839406967
0.3701407387852669
0.39688215404748917
0.3905138373374939
0.4082871600985527
0.3617986738681793
0.39225979149341583
0.36128389090299606
0.3442571833729744
0.3710160478949547
0.3923404589295387
0.3931029662489891
0.3842335045337677
0.34868595004081726
0.40306344628334045
0.35724782198667526
0.3899722099304199
0.38884787261486053
0.3642127364873886
0.3716033920645714
0.3955499604344368
0.40258944779634476
0.35456326603889465
0.38977642357349396
0.36554256826639175
0.3924518749117851
0.37465889751911163
0.37300918251276016
0.374323233962059
0.365397073328495
0.3286154866218567
0.37201713025569916
0.3791496828198433
0.3501862958073616
0.37955736368894577
0.39063578844070435
0.37019941210746765
0.363778792321682
0.37611500918865204
0.37365417182445526
0.37142620235681534
0.3457385301589966
0.38480226695537567
0.3560331463813782
0.36381934583187103
0.37441106140613556
0.370031476020813
0.3666474297642708
0.38572653383016586
0.3423535078763962
0.37061648815870285
0.38991305977106094
0.34812796115875244
0.3550786152482033
0.4237159565091133
0.34156519174575806
0.33305979520082474
0.3798066973686218
0.36902550607919693
0.35738275200128555
0.3821452632546425
0.4046056568622589
0.3650543540716171
0.3264526352286339
0.3240584284067154
0.38682909309864044
0.33166128396987915
0.3335689902305603
0.34735366702079773
0.4159797877073288
0.33264604210853577
0.3459933325648308
0.39770984649658203
0.31216011196374893
0.3511987626552582
0.3315698057413101
0.38643767684698105
0.33429495245218277
0.38368237018585205
0.3612530902028084
0.474818617105484
0.3523073196411133
0.4192917123436928
0.34985919296741486
0.3445589169859886
0.3200909495353699
0.4285716786980629
0.3254990428686142
0.3282714784145355
0.38454075157642365
0.35715101659297943
0.3316154330968857
0.3635479658842087
0.32548895478248596
0.40748490393161774
0.34242937713861465
0.40333737432956696
0.31575071811676025
0.3667212948203087
0.322544701397419
0.32295091450214386
0.3217943012714386
0.4319812282919884
0.3581187576055527
0.3762488141655922
0.3336440175771713
0.34702053666114807
0.4033110663294792
0.3960600346326828
0.38682449609041214
0.31085824966430664
0.36503931134939194
0.3737945929169655
0.3855689987540245
0.3339540511369705
0.3715445138514042
0.3352726474404335
0.4487239569425583
0.4867074340581894
0.419738233089447
0.3703358769416809
0.38988782465457916
0.4385220631957054
0.41141799837350845
0.36142659187316895
0.4080400615930557
0.31035216152668
0.33064812421798706
0.3584217429161072
0.37407610565423965
0.354682020843029
0.30404986813664436
0.4843743219971657
0.33407704532146454
0.3497660383582115
0.3551200330257416
0.3545379117131233
0.3943385183811188
0.3569219335913658
0.38929880410432816
0.43296240270137787
0.3412245437502861
0.41015637665987015
0.41662727296352386
0.4771464541554451
0.44337815791368484
0.42636674642562866
0.40637195110321045
0.3878899961709976
0.33326510339975357
0.3925666883587837
0.43947242200374603
0.3449687138199806
0.3721588924527168
0.4531402215361595
0.435845747590065
0.3678908869624138
0.36390818655490875
0.317882239818573
0.3637664467096329
0.40316370129585266
0.3936183452606201
0.4615352898836136
0.3471918851137161
0.4119153097271919
0.4165261313319206
0.437485508620739
0.40144194662570953
0.29336438328027725
0.38218726962804794
0.4193881079554558
0.37693578004837036
0.34741031378507614
0.4238828867673874
0.2757837176322937
0.3487738147377968
0.3654099404811859
0.4517999738454819
0.358693890273571
0.3089466467499733
0.429513119161129
0.4437447190284729
0.3433557376265526
0.42743054032325745
0.3329664207994938
0.31890591979026794
0.3616650626063347
0.3324405699968338
0.4165264070034027
0.4191678464412689
0.40212444216012955
0.4944123774766922
0.33093706518411636
0.5267013013362885
0.37103668600320816
0.29944997280836105
0.3724142983555794
0.3942052572965622
0.34125594049692154
0.3234248757362366
0.4545248821377754
0.42157598584890366
0.337295837700367
0.379576463252306
0.38384002447128296
0.35738687962293625
0.39101457595825195
0.447591170668602
0.37776755541563034
0.39824333041906357
0.41727421432733536
0.3533271960914135
0.43375926464796066
0.4096675142645836
0.4276393800973892
0.42611920833587646
0.396537110209465
0.3852318078279495
0.41753173619508743
0.3883776515722275
0.33407142013311386
0.36303380876779556
0.28502508252859116
0.4602281451225281
0.42173732817173004
0.3454550430178642
0.45911791175603867
0.3224234953522682
0.3482782244682312
0.31329717114567757
0.2846199534833431
0.3156079798936844
0.40893860161304474
0.3452131822705269
0.2960423529148102
0.46407637000083923
0.3425324261188507
0.3216087073087692
0.3511775806546211
0.31919683516025543
0.49525757879018784
0.3679959215223789
0.3125220313668251
0.30569563060998917
0.31602490693330765
0.27181583270430565
0.31544680148363113
0.3636750131845474
0.3682216703891754
0.33617109060287476
0.3272165507078171
0.3360949009656906
0.4079147279262543
0.3337516710162163
0.31386391818523407
0.31469371169805527
0.39020760729908943
0.3560621440410614
0.5045965015888214
0.4331962838768959
0.281708262860775
0.24685246869921684
0.27439506351947784
0.32524994015693665
0.31100255250930786
0.38663895428180695
0.33252163231372833
0.30569396913051605
0.29859568178653717
0.4116474390029907
0.30978890880942345
0.370863638818264
0.36900050938129425
0.4134385958313942
0.41476210951805115
0.3819538280367851
0.3705013692378998
0.3864212855696678
0.3467225506901741
0.2895512953400612
0.2240888997912407
0.2898370139300823
0.24624858424067497
0.3458440750837326
0.29678769782185555
0.3046494163572788
0.244478527456522
0.26794278621673584
0.31569337099790573
0.2575298771262169
0.31631599366664886
0.38511717319488525
0.27735375612974167
0.3732374608516693
0.3783385083079338
0.4183504357933998
0.3803127780556679
0.36953017488121986
0.36582430452108383
0.34018249809741974
0.3395930528640747
0.27302273362874985
0.2096274457871914
0.4166433811187744
0.29591038450598717
0.39511220902204514
0.367969311773777
0.2809126041829586
0.3581852316856384
0.316865511238575
0.2679753638803959
0.2735392153263092
0.32085464894771576
0.33271176740527153
0.33064189553260803
0.3354025296866894
0.26229505985975266
0.37668676674366
0.37510496377944946
0.35346366465091705
0.30960919708013535
0.3090657703578472
0.27819158136844635
0.2889103330671787
0.3331979513168335
0.4253532961010933
0.2493629977107048
0.2880861163139343
0.23001908510923386
0.3550855293869972
0.3596349209547043
0.4078393056988716
0.2863638922572136
0.2980905920267105
0.3451670929789543
0.3403244577348232
0.25506190583109856
0.2226356342434883
0.28851159289479256
0.27105969935655594
0.2667612247169018
0.38281630724668503
0.2681846618652344
0.25185585767030716
0.3398660644888878
0.30869071185588837
0.33417464420199394
0.319220669567585
0.3750122934579849
0.27829286083579063
0.23635128885507584
0.34037934988737106
0.23637153580784798
0.3136036694049835
0.3261842578649521
0.2770617753267288
0.3274708241224289
0.2907975912094116
0.2982562258839607
0.2727952003479004
0.2992871403694153
0.25372084602713585
0.20616262778639793
0.31639159098267555
0.35729124397039413
0.24207738041877747
0.3322492316365242
0.2569473870098591
0.3820071965456009
0.22120921313762665
0.33682213723659515
0.2557969279587269
0.32287682220339775
0.25107981637120247
0.2649118974804878
0.30663808435201645
0.2865249887108803
0.32832008600234985
0.3121853917837143
0.32948464155197144
0.25526249408721924
0.28314588218927383
0.3921740725636482
0.18123946338891983
0.26208577677607536
0.30716343969106674
0.26768770068883896
0.23437238484621048
0.3360232785344124
0.2736210338771343
0.227355744689703
0.2228366583585739
0.29930494725704193
0.2712484337389469
0.24516350030899048
0.30937159061431885
0.22782817110419273
0.2445463389158249
0.293581023812294
0.28928716480731964
0.2748068571090698
0.245215255767107
0.1975132580846548
0.32657478749752045
0.32687602937221527
0.29485608264803886
0.2786328084766865
0.34033313393592834
0.32721368223428726
0.27284374833106995
0.31055694073438644
0.2986050546169281
0.1757633052766323
0.21302227303385735
0.3065789081156254
0.23303372785449028
0.22150329872965813
0.3716786801815033
0.2897082418203354
0.2742139957845211
0.24360546469688416
0.3091035597026348
0.18719977140426636
0.262656107544899
0.26214270293712616
0.15229842066764832
0.21889526024460793
0.2967805564403534
0.23139672726392746
0.31562457233667374
0.24845973029732704
0.2930154800415039
0.27535323053598404
0.36030711233615875
0.3835322745144367
0.1810758039355278
0.25676896050572395
0.28021135181188583
0.3589489161968231
0.24328573048114777
0.31026846170425415
0.2346000149846077
0.3054928258061409
0.3089100942015648
0.24684690684080124
0.25024375692009926
0.24868737161159515
0.30123985186219215
0.28080766275525093
0.14607441425323486
0.2201416790485382
0.25893672928214073
0.2131308615207672
0.2821064665913582
0.20408577844500542
0.2899669110774994
0.2645992711186409
0.1888604424893856
0.27010712027549744
0.2202338483184576
0.21286354772746563
0.23945298045873642
0.23061750829219818
0.27047547698020935
0.2434440590441227
0.23902013525366783
0.2823469564318657
0.2581650950014591
0.257686011493206
0.2722962312400341
0.2423608973622322
0.1874266266822815
0.2671173010021448
0.17725167982280254
0.27043911069631577
0.20179659500718117
0.26249055191874504
0.13201368786394596
0.15258046798408031
0.24217940866947174
0.22449686005711555
0.2206682451069355
0.2900954708456993
0.2672959975898266
0.30903778225183487
0.23965121060609818
0.17030062340199947
0.15946579352021217
0.3142513558268547
0.21657245606184006
0.2364353258162737
0.31431249529123306
0.3490755632519722
0.19569115340709686
0.18547696247696877
0.16783515736460686
0.2257595770061016
0.18884387239813805
0.23130584880709648
0.21975409239530563
0.16862382367253304
0.16930863820016384
0.31205078959465027
0.26920367777347565
0.20823867246508598
0.2222914844751358
0.1492455191910267
0.32130011171102524
0.24723578989505768
0.20741161704063416
0.2563672848045826
0.20255226083099842
0.2828720696270466
0.24207403883337975
0.18847442977130413
0.13762608915567398
0.17472022399306297
0.25926341488957405
0.25852851942181587
0.18615397065877914
0.24486820586025715
0.3549921587109566
0.16392202861607075
0.23179940693080425
0.15037865564227104
0.24207572266459465
0.1856624260544777
0.16268566995859146
0.24448892287909985
0.14181045442819595
0.18823622912168503
0.2398987766355276
0.16846583411097527
0.1388689372688532
0.21470875851809978
0.17503711208701134
0.20061110705137253
0.19322903268039227
0.24758049473166466
0.2554619647562504
0.16745678707957268
0.21478446200489998
0.19774945080280304
0.25370989739894867
0.22663597390055656
0.21469766646623611
0.1882426142692566
0.18872462771832943
0.17229129746556282
0.14175119623541832
0.1845790632069111
0.20970623195171356
0.1727825477719307
0.2052135057747364
0.18144875764846802
0.30223373696208
0.23096873424947262
0.3385082483291626
0.23213832452893257
0.21199584007263184
0.16625653021037579
0.20384160988032818
0.21615483611822128
0.1753697544336319
0.3185226172208786
0.17637860402464867
0.1878526322543621
0.17405837774276733
0.1664503626525402
0.227386811748147
0.14995717257261276
0.18671170622110367
0.2793998755514622
0.17789754644036293
0.19393176585435867
0.12886350974440575
0.18383316695690155
0.1925100851804018
0.21353965625166893
0.22556326538324356
0.11592520214617252
0.19666500762104988
0.17095433175563812
0.24333634227514267
0.1813414841890335
0.18407194688916206
0.2190026007592678
0.23425966314971447
0.13931233808398247
0.108018659055233
0.16304302588105202
0.1655508428812027
0.13864169642329216
0.1926015093922615
0.1991354487836361
0.17537596076726913
0.08809225354343653
0.12369222566485405
0.14183001406490803
0.12752315402030945
0.2244187705218792
0.1122650420293212
0.1956778485327959
0.1652879398316145
0.21775225549936295
0.12533084861934185
0.25285667181015015
0.21054433938115835
0.1590205542743206
0.10741066560149193
0.12836964428424835
0.14314639195799828
0.16790968738496304
0.1510276012122631
0.15657014213502407
0.18936751410365105
0.1442004945129156
0.25335030257701874
0.2128125075250864
0.1986185610294342
0.15532382763922215
0.15801027230918407
0.10976955108344555
0.15728273428976536
0.10015488974750042
0.19328717701137066
0.1843850314617157
0.15870535373687744
0.13569668121635914
0.15568600222468376
0.18976878747344017
0.11452401988208294
0.1460329182446003
0.12145519070327282
0.17543085664510727
0.13762923702597618
0.20093180984258652
0.13401975482702255
0.16828308813273907
0.12677349895238876
0.13914422504603863
0.17162245884537697
0.17778700031340122
0.13219695538282394
0.11983020976185799
0.2044112477451563
0.10630776174366474
0.1379089616239071
0.1739180963486433
0.13429961167275906
0.16368793789297342
0.0917552299797535
0.12342921271920204
0.12525035627186298
0.18683643639087677
0.14307301305234432
0.13133071549236774
0.22735457122325897
0.22270046174526215
0.11476858519017696
0.2174943732097745
0.17534386739134789
0.1635281890630722
0.13919292949140072
0.20856671035289764
0.14658890664577484
0.20206812769174576
0.13853109069168568
0.2635927349328995
0.08672364242374897
0.15049168467521667
0.28516709618270397
0.18362654373049736
0.08709462359547615
0.2642219588160515
0.1490304321050644
0.18907810747623444
0.171792633831501
0.22363343834877014
0.16479455679655075
0.11889859661459923
0.14791987091302872
0.12634449265897274
0.10388490185141563
0.11776495166122913
0.1979155484586954
0.1155658457428217
0.24760670959949493
0.2033402118831873
0.17529256828129292
0.2692294828593731
0.18081127014011145
0.1743783187121153
0.2135534230619669
0.14665929786860943
0.19142139796167612
0.18471674621105194
0.176303306594491
0.16870155557990074
0.0673435740172863
0.10883934609591961
0.23795275576412678
0.11339228320866823
0.12866110168397427
0.12578233145177364
0.17135228030383587
0.22754306346178055
0.31639014929533005
0.11545584537088871
0.16387196816504002
0.17431787587702274
0.1608959063887596
0.1803566263988614
0.20711972191929817
0.11064180452376604
0.26401926577091217
0.16319086775183678
0.12919231690466404
0.17819405160844326
0.1736576110124588
0.18223668076097965
0.14846311882138252
0.16243907436728477
0.20108210109174252
0.21974184084683657
0.18688982538878918
0.14158158004283905
0.31237441673874855
0.18866942077875137
0.2458634041249752
0.19427848607301712
0.15369325876235962
0.20194866508245468
0.11569866724312305
0.13590193912386894
0.2730185426771641
0.13800337724387646
0.1245322423055768
0.17400332912802696
0.2196192741394043
0.260297492146492
0.12133489362895489
0.13055499456822872
0.12555425334721804
0.2690818589180708
0.15846122801303864
0.17683113925158978
0.13470764737576246
0.1276890430599451
0.12306076753884554
0.15397039242088795
0.18431131914258003
0.10986089892685413
0.15298018977046013
0.2441300004720688
0.08906499296426773
0.13670245837420225
0.12116744183003902
0.14156102947890759
0.2473977878689766
0.22743693366646767
0.19060158915817738
0.27544807456433773
0.2694546580314636
0.1298545729368925
0.11230519693344831
0.26271769776940346
0.1321588959544897
0.23448351584374905
0.18875236809253693
0.15077876951545477
0.19211924448609352
0.13744965381920338
0.13376492634415627
0.29259197413921356
0.09617861360311508
0.19982490502297878
0.19749769568443298
0.1456579566001892
0.16204538848251104
0.1555427759885788
0.10372131783515215
0.16561099514365196
0.1683606281876564
0.29580965265631676
0.17439385689795017
0.1880443561822176
0.19453672878444195
0.1827545017004013
0.22228428907692432
0.15516164526343346
0.27523083984851837
0.2591536194086075
0.12574734538793564
0.13122529722750187
0.23576563969254494
0.1859382763504982
0.17861899361014366
0.186589527875185
0.0994254257529974
0.1636055652052164
0.20232651755213737
0.2218798017129302
0.16920525208115578
0.16688111796975136
0.11820737458765507
0.16171203926205635
0.24165016412734985
0.20986682176589966
0.24382313340902328
0.15337570756673813
0.21688373759388924
0.18613305129110813
0.1474417196586728
0.12561611831188202
0.1338664274662733
0.16112316213548183
0.24017946794629097
0.13338186591863632
0.14801702834665775
0.26719503104686737
0.1593005545437336
0.2246846742928028
0.12673644721508026
0.18738127499818802
0.16253818478435278
0.23078764230012894
0.19173941388726234
0.18310440331697464
0.16523420438170433
0.11689453199505806
0.16590015403926373
0.19904415123164654
0.14360575377941132
0.151674616150558
0.1444406881928444
0.18575937300920486
0.15816614963114262
0.12619528360664845
0.12968258000910282
0.26263120025396347
0.10996244754642248
0.1453078892081976
0.18519704975187778
0.11464441660791636
0.125404161401093
0.08269967325031757
0.1210778197273612
0.12754510156810284
0.15531223639845848
0.06603664299473166
0.12821792624890804
0.12717289477586746
0.12740607745945454
0.07322357688099146
0.15224944800138474
0.12613054364919662
0.1429207120090723
0.18822845444083214
0.21225128322839737
0.14244580268859863
0.1495440350845456
0.23082929477095604
0.15011110063642263
0.20077663101255894
0.20580971240997314
0.16073313308879733
0.20171269588172436
0.12250793911516666
0.1446409784257412
0.17146413400769234
0.07534241490066051
0.15900533366948366
0.14976142533123493
0.23032420128583908
0.15597426891326904
0.10294489283114672
0.06798405759036541
0.2418336272239685
0.10057793278247118
0.11808634549379349
0.15087635070085526
0.12230333313345909
0.1724479552358389
0.0810475517064333
0.0902379946783185
0.2531188391149044
0.09608539752662182
0.1292899139225483
0.12377123720943928
0.1339607210829854
0.1976074017584324
0.16734729520976543
0.143012841232121
0.162214245647192
0.08481668401509523
0.07949810894206166
0.12751759216189384
0.1630529947578907
0.1384593639522791
0.1702248863875866
0.17997196782380342
0.1265355721116066
0.22083362936973572
0.10377311706542969
0.12773027829825878
0.15628854930400848
0.09459943696856499
0.05787127651274204
0.12001957930624485
0.14263304136693478
0.22744076326489449
0.13159399386495352
0.231906920671463
0.10553504806011915
0.16267394088208675
0.06079986598342657
0.17857448384165764
0.16511144489049911
0.2710471898317337
0.1401993753388524
0.12233133055269718
0.15070129372179508
0.08769159018993378
0.16018966306000948
0.14268235117197037
0.14142069686204195
0.16500367783010006
0.07837514579296112
0.21354065276682377
0.12439575418829918
0.1344612706452608
0.14566654711961746
0.07857375964522362
0.16412038542330265
0.1575350407510996
0.18484613671898842
0.11601322703063488
0.07500641699880362
0.0951173733919859
0.21588747203350067
0.10493253357708454
0.09443096583709121
0.15216908603906631
0.10265692323446274
0.14323373138904572
0.20738612860441208
0.12588778603821993
0.11749956011772156
0.07936888374388218
0.13316765613853931
0.050791497342288494
0.10394953098148108
0.06313247792422771
0.10258661210536957
0.09285559784621
0.09792936220765114
0.15880080591887236
0.22989658266305923
0.1113896556198597
0.1961959945037961
0.12236317340284586
0.18246355559676886
0.159843978472054
0.16018398478627205
0.199681562371552
0.18234366085380316
0.1714522484689951
0.1964673139154911
0.05761666689068079
0.2585207559168339
0.13962705247104168
0.19607982505112886
0.09980384539812803
0.09988371562212706
0.22933529876172543
0.13354783225804567
0.14654652029275894
0.13393122889101505
0.11440136935561895
0.13839343562722206
0.13753431290388107
0.14540858659893274
0.16423119604587555
0.042119971476495266
0.1219549048691988
0.14716363791376352
0.08783280849456787
0.13285655714571476
0.07353793550282717
0.07073787692934275
0.10757681727409363
0.17027373053133488
0.17566953133791685
0.0988324973732233
0.09643915761262178
0.11296429112553596
0.08484387118369341
0.16835379134863615
0.10914523527026176
0.06869329418987036
0.11637776996940374
0.11734302341938019
0.09099047258496284
0.13860542513430119
0.14821141306310892
0.10072252806276083
0.09303346928209066
0.20696398708969355
0.057316298596560955
0.11366334650665522
0.089455327950418
0.11780565232038498
0.06000296864658594
0.19668115302920341
0.13711909763514996
0.13883227109909058
0.13833312038332224
0.12061540875583887
0.057765751145780087
0.17573480680584908
0.09692562744021416
0.1262512868270278
0.12734697200357914
0.18619047850370407
0.07255711499601603
0.04100001510232687
0.27201373502612114
0.14295783825218678
0.09407246857881546
0.09194300509989262
0.16365401819348335
0.08713719248771667
0.093772629275918
0.1366247422993183
0.11433295533061028
0.15818681567907333
0.043252991046756506
0.18116941768676043
0.186539052054286
0.12712705321609974
0.17084247851744294
0.13854989409446716
0.12154016923159361
0.19468791969120502
0.19391437992453575
0.1712155481800437
0.09277390595525503
0.15091762132942677
0.16859488189220428
0.08357749041169882
0.22047279961407185
0.1247022245079279
0.052024529315531254
0.13073998130857944
0.16165492869913578
0.21780434623360634
0.11799291241914034
0.08990143239498138
0.15356133691966534
0.14536160975694656
0.14856577944010496
0.2010289616882801
0.1424932600930333
0.15706507954746485
0.18874936178326607
0.12110420037060976
0.07083592750132084
0.13380402978509665
0.09306008787825704
0.18050970695912838
0.142740610986948
0.11688448954373598
0.06537630036473274
0.18264746479690075
0.08030503056943417
0.15972005389630795
0.14904293417930603
0.12967956066131592
0.13210878893733025
0.0972562450915575
0.08240464236587286
0.20705761387944221
0.16038569062948227
0.07163236290216446
0.11853846628218889
0.16348583064973354
0.1319517819210887
0.16023268084973097
0.05577450059354305
0.13482067827135324
0.0742347463965416
0.10953610576689243
0.09577352926135063
0.1147511750459671
0.07897786144167185
0.043539874255657196
0.14652160555124283
0.1664571352303028
0.09044859558343887
0.08413113560527563
0.12801500037312508
0.14771515224128962
0.12474652007222176
0.16825225483626127
0.13965729344636202
0.08463421557098627
0.08550359960645437
0.1764117768034339
0.23010979034006596
0.11864367825910449
0.10779883433133364
0.10953576304018497
0.19197289925068617
0.07776397000998259
0.16359015088528395
0.1302783042192459
0.07186033623293042
0.10579917207360268
0.13098827935755253
0.08370008040219545
0.09055516216903925
0.10552829038351774
0.17794397193938494
0.1141960946843028
0.11348163895308971
0.10293964017182589
0.08057806640863419
0.10425888746976852
0.12790435180068016
0.11464037001132965
0.08781929407268763
0.1396961733698845
0.10885991621762514
0.12483224365860224
0.07990625128149986
0.11269681341946125
0.104157873429358
0.0917269242927432
0.1434259181842208
0.0739879421889782
0.05699536018073559
0.15411870181560516
0.10438085533678532
0.07214767299592495
0.08633094932883978
0.09348056092858315
0.06977122742682695
0.08790299668908119
0.05679829511791468
0.13552869856357574
0.12417053338140249
0.1289130887016654
0.10938860196620226
0.09723391849547625
0.12335267290472984
0.06689603626728058
0.11149216163903475
0.0864402512088418
0.1396644664928317
0.05983700742945075
0.1065121553838253
0.061617049388587475
0.17872826382517815
0.07197650987654924
0.11230972968041897
0.06041921582072973
0.0876727644354105
0.10809364821761847
0.058022691402584314
0.07320302724838257
0.1061599631793797
0.15850218012928963
0.07124896440654993
0.056734781712293625
0.06978285824880004
0.07711323909461498
0.07736411783844233
0.1767541877925396
0.09211341757327318
0.09064560383558273
0.09536261018365622
0.08716900320723653
0.07552703842520714
0.14528579637408257
0.1531658098101616
0.10702398978173733
0.04604103323072195
0.06789667718112469
0.04804165195673704
0.12375522218644619
0.09833336062729359
0.09116579405963421
0.10143712442368269
0.06941773882135749
0.05373100517317653
0.1032444923184812
0.07843328826129436
0.06430331524461508
0.13730831583961844
0.07364624831825495
0.08280233480036259
0.14378927182406187
0.0669116098433733
0.037983912974596024
0.11238636262714863
0.130413968116045
0.1222987649962306
0.12487694434821606
0.1271300446242094
0.16470219753682613
0.09328831359744072
0.10081279184669256
0.14262671023607254
0.12828020099550486
0.1342790350317955
0.11030049901455641
0.07867292314767838
0.0845926171168685
0.10095281526446342
0.07287164032459259
0.12675604224205017
0.06441347859799862
0.09176572971045971
0.06375806033611298
0.16299806907773018
0.05451534315943718
0.140050008893013
0.09955942910164595
0.066586600150913
0.09858063701540232
0.12301157042384148
0.08846185728907585
0.0826375549659133
0.06262082885950804
0.12289300467818975
0.06079196697100997
0.03611014224588871
0.09643174335360527
0.17155645415186882
0.0654763700440526
0.07255967799574137
0.10430079139769077
0.10738729871809483
0.1527452301234007
0.07468985207378864
0.08646655082702637
0.0681496849283576
0.09145735576748848
0.11190341040492058
0.10194911155849695
0.11714396346360445
0.049899619072675705
0.06470381654798985
0.0964502184651792
0.07457561511546373
0.058241913095116615
0.06695185415446758
0.15738477930426598
0.0665639080107212
0.059579879976809025
0.14642970636487007
0.1065175011754036
0.1136598028242588
0.12686690781265497
0.1155465580523014
0.0606116708368063
0.08698779623955488
0.06360024260357022
0.053583832923322916
0.05504125263541937
0.08730431646108627
0.13814970757812262
0.09621477499604225
0.127924345433712
0.11071660555899143
0.10427435860037804
0.07825758494436741
0.12692266702651978
0.08348250761628151
0.05266094394028187
0.09218979720026255
0.09540039114654064
0.054921014700084925
0.07068569539114833
0.08854294568300247
0.08467167057096958
0.1851052837446332
0.10580389015376568
0.07576771592721343
0.07999412249773741
0.07040360569953918
0.0760133657604456
0.08884595334529877
0.08927734475582838
0.06580320652574301
0.07465409114956856
0.15608547627925873
0.11638943571597338
0.2130141668021679
0.06872226763516665
0.07710793521255255
0.12251106463372707
0.11617861315608025
0.049387235194444656
0.06546597555279732
0.046821292489767075
0.07429025322198868
0.09036700055003166
0.06795058026909828
0.13657402619719505
0.07689139293506742
0.0673190476372838
0.11272131837904453
0.06189510691910982
0.13126672618091106
0.08660479635000229
0.0944379735738039
0.09452327527105808
0.07614810951054096
0.08384052943438292
0.10872345697134733
0.06988819129765034
0.12690039537847042
0.11878598015755415
0.12192412093281746
0.10608731349930167
0.0760163776576519
0.04667257983237505
0.06331751961261034
0.12890152633190155
0.05054780561476946
0.10632652044296265
0.13377693854272366
0.048244125209748745
0.11468984931707382
0.1042813272215426
0.05318195279687643
0.04539635358378291
0.049200803972780704
0.046277131885290146
0.089499581605196
0.03430379508063197
0.07324002124369144
0.06404835917055607
0.04956513736397028
0.0832907222211361
0.08090645680204034
0.10588508937507868
0.059343273751437664
0.11300070025026798
0.08153276704251766
0.11348588764667511
0.08541943598538637
0.07741526560857892
0.10100158397108316
0.04909781878814101
0.07079771952703595
0.09486559638753533
0.05880195973441005
0.09454368147999048
0.03146325517445803
0.10413908027112484
0.08652799157425761
0.09631318040192127
0.06466741673648357
0.040711975656449795
0.1066909832879901
0.07338692573830485
0.08626245893537998
0.036919405683875084
0.07972267363220453
0.08660804107785225
0.10395977925509214
0.0574632715433836
0.06720499228686094
0.048350282944738865
0.029034429229795933
0.05833887681365013
0.04589433595538139
0.11129886284470558
0.08440910652279854
0.03095080889761448
0.05131495138630271
0.05834389291703701
0.1140483901835978
0.08096262067556381
0.06870523281395435
0.05471875565126538
0.14418114721775055
0.10334744770079851
0.07695078011602163
0.05344088654965162
0.0842387992888689
0.06487005203962326
0.06739648804068565
0.09293050412088633
0.10234647197648883
0.04564322158694267
0.09846094436943531
0.07066546846181154
0.048371223732829094
0.08058102987706661
0.05341201648116112
0.07748823799192905
0.047842380590736866
0.061818319372832775
0.03040716052055359
0.08209174312651157
0.07053797133266926
0.1551337605342269
0.027292772196233273
0.039510421454906464
0.0787940789014101
0.07590446807444096
0.05382103752344847
0.05945360008627176
0.06374259712174535
0.08059677761048079
0.12368319369852543
0.049221910536289215
0.0815223609097302
0.08208728581666946
0.05669556185603142
0.0875615943223238
0.11142020579427481
0.08140691369771957
0.05863193701952696
0.04359202831983566
0.11505954060703516
0.05153841711580753
0.043296062387526035
0.0954836132004857
0.10970493406057358
0.09074804931879044
0.06369504844769835
0.05085850926116109
0.06454270612448454
0.06393665261566639
0.08351832255721092
0.06202111206948757
0.07797085540369153
0.08126402320340276
0.11432999838143587
0.06617584452033043
0.07957184314727783
0.07479712134227157
0.033785550855100155
0.12622729688882828
0.05624232208356261
0.08340942859649658
0.022903114557266235
0.05680929310619831
0.05748068215325475
0.0955184567719698
0.09642515331506729
0.08212870080024004
0.0679497760720551
0.040289112366735935
0.12348044849932194
0.09824954997748137
0.04072881210595369
0.06549481675028801
0.026292831171303988
0.11265121353790164
0.07796048000454903
0.07027666037902236
0.07903523370623589
0.05392922228202224
0.06635007169097662
0.0720282644033432
0.08003820478916168
0.04971699323505163
0.1242805439978838
0.09081249125301838
0.06605240143835545
0.08204141398891807
0.06617677956819534
0.0897453399375081
0.07661480270326138
0.049421075731515884
0.06774004362523556
0.0435020555742085
0.09914159495383501
0.05839361343532801
0.06415818631649017
0.08309355890378356
0.07130144163966179
0.0330244074575603
0.07778742024675012
0.04413664899766445
0.04298886936157942
0.0814258805476129
0.08222610130906105
0.06330824131146073
0.03521597944200039
0.05400885036215186
0.11259393207728863
0.040053172037005424
0.07443089503794909
0.10568206151947379
0.04899706970900297
0.10017763264477253
0.044157749973237514
0.04323927126824856
0.08175801672041416
0.05555324163287878
0.06971668358892202
0.056192535907030106
0.09521510917693377
0.08602501358836889
0.13978510163724422
0.0880352696403861
0.023972395807504654
0.04418613249436021
0.05991447204723954
0.050541129894554615
0.09506695717573166
0.060208226554095745
0.08510476909577847
0.043739830143749714
0.08415266405791044
0.06370785366743803
0.106271643191576
0.0824294239282608
0.11175622465088964
0.08969906065613031
0.10611451230943203
0.09573648124933243
0.07564500439912081
0.05308669526129961
0.05995545256882906
0.05134063307195902
0.10275526391342282
0.04147324152290821
0.13265805691480637
0.06973263248801231
0.11892547830939293
0.09822219610214233
0.08057230710983276
0.0788932591676712
0.030090629123151302
0.08041486516594887
0.0731566408649087
0.04802943207323551
0.10557407606393099
0.10278984159231186
0.07524926727637649
0.05954968649893999
0.041724744252860546
0.05772371310740709
0.052516741678118706
0.08296204684302211
0.06551196100190282
0.07218978554010391
0.06000646809116006
0.1024168161675334
0.10254444740712643
0.04712291993200779
0.06869533378630877
0.12548290938138962
0.07920652884058654
0.06359840463846922
0.07764051482081413
0.056063452269881964
0.050476646050810814
0.04574446380138397
0.06916853506118059
0.05570466164499521
0.025375482626259327
0.07997842971235514
0.06514490582048893
0.05625914502888918
0.08378283958882093
0.09666762687265873
0.09744920954108238
0.11252683587372303
0.08533225394785404
0.06250935420393944
0.077394456602633
0.09324265643954277
0.09843692649155855
0.031101017724722624
0.07369288057088852
0.08722485136240721
0.07776620984077454
0.10825202893465757
0.09705527871847153
0.045202122535556555
0.10561926662921906
0.06472906796261668
0.06254867324605584
0.13619700260460377
0.06942127738147974
0.0790243442170322
0.10977129638195038
0.049146223813295364
0.062453428748995066
0.05482292640954256
0.04483242705464363
0.05513231176882982
0.1275156605988741
0.08741784747689962
0.07290010619908571
0.0663974592462182
0.0921963732689619
0.07843428570777178
0.048155689146369696
0.053689418360590935
0.055012037977576256
0.07564050890505314
0.09405542351305485
0.0809264536947012
0.0618986627086997
0.09724452579393983
0.05015571694821119
0.030467971693724394
0.09007909940555692
0.05398323480039835
0.04529900662600994
0.08260542945936322
0.1017148531973362
0.07381929643452168
0.09074964188039303
0.07082359911873937
0.045446842443197966
0.039470113813877106
0.0432236366905272
0.04631339758634567
0.039938852190971375
0.08250427898019552
0.05938589479774237
0.036370544228702784
0.09679219406098127
0.04892833158373833
0.06512870034202933
0.05478526186197996
0.07912405580282211
0.035608842968940735
0.07760289218276739
0.12624855991452932
0.03627714281901717
0.08245750702917576
0.041687697637826204
0.06448218133300543
0.02764288242906332
0.08743059635162354
0.07332317996770144
0.04198856744915247
0.044172387570142746
0.05354948528110981
0.031177816912531853
0.035096738021820784
0.05669230129569769
0.040617290418595076
0.055728279054164886
0.0431565516628325
0.05380967538803816
0.0632410952821374
0.048145429231226444
0.07080350397154689
0.056702036410570145
0.055271221324801445
0.04779040580615401
0.06846391502767801
0.07239957712590694
0.03726280014961958
0.07628537248820066
0.07168909162282944
0.025384683161973953
0.03480906784534454
0.039378087501972914
0.03783718775957823
0.07520939595997334
0.035244517493993044
0.04075036384165287
0.045395527966320515
0.04266140330582857
0.048439706675708294
0.03978165565058589
0.05104772048071027
0.028940002899616957
0.06756788119673729
0.05562771391123533
0.03338277107104659
0.042753348127007484
0.03328707301989198
0.03664507670328021
0.06329059600830078
0.03925871569663286
0.047501033172011375
0.04570838436484337
0.05612767627462745
0.02970494283363223
0.019894078839570284
0.03434574604034424
0.04058360308408737
0.0361436759121716
0.06511105038225651
0.04855258436873555
0.04002000135369599
0.0329743935726583
0.02276485413312912
0.03904815390706062
0.06479992810636759
0.04645148105919361
0.03228960279375315
0.04751558299176395
0.06182765122503042
0.04534920211881399
0.06270821485668421
0.044259702786803246
0.0652384296990931
0.052792031317949295
0.03053683042526245
0.0550236776471138
0.027517507784068584
0.05126307439059019
0.033313227351754904
0.01971282809972763
0.04498224426060915
0.034627477172762156
0.03719804435968399
0.03242699592374265
0.07651862502098083
0.03471686039119959
0.050546817015856504
0.0498515241779387
0.06346443155780435
0.06394474487751722
0.03536584135144949
0.02626598859205842
0.025830646511167288
0.061352808494120836
0.03187891258858144
0.04236585320904851
0.03066298086196184
0.05624312628060579
0.03611632203683257
0.04605933511629701
0.0564059941098094
0.05317942285910249
0.04338714526966214
0.08953693509101868
0.04251294769346714
0.0390008045360446
0.021484226221218705
0.058184602530673146
0.044869781006127596
0.06507841218262911
0.06713265180587769
0.026998731307685375
0.07124027516692877
0.04029757669195533
0.040999460965394974
0.03724084747955203
0.03035221714526415
0.04873180249705911
0.023577808402478695
0.01683565741404891
0.03500158665701747
0.037721657659858465
0.06876048725098372
0.07243829499930143
0.07342224568128586
0.04934278130531311
0.019453053828328848
0.07604591455310583
0.06503232568502426
0.040596402483060956
0.06844547763466835
0.058186511509120464
0.045557891484349966
0.03450621524825692
0.04480707785114646
0.06500927358865738
0.030920515302568674
0.04754636297002435
0.02241945778951049
0.09128517098724842
0.04099543299525976
0.03427233686670661
0.059760915115475655
0.02210484119132161
0.033664793241769075
0.06679842993617058
0.07739323750138283
0.07179093128070235
0.05673126131296158
0.056821558624506
0.027715551666915417
0.05120093794539571
0.05456079402938485
0.04130829498171806
0.05849537346512079
0.03619131725281477
0.05365332867950201
0.04369921796023846
0.10450604604557157
0.0657052006572485
0.07817105809226632
0.12132006324827671
0.06091566290706396
0.07404637336730957
0.044777956791222095
0.09516989067196846
0.10799079854041338
0.11103567760437727
0.07157827634364367
0.03613555943593383
0.03967065270990133
0.09215688798576593
0.04517527809366584
0.04949472565203905
0.08353047352284193
0.05893278680741787
0.08634357247501612
0.03988254675641656
0.19095366867259145
0.04109150776639581
0.10697225341573358
0.13975760899484158
0.1666341396048665
0.09163220692425966
0.10267344303429127
0.16709110233932734
0.06584020797163248
0.10887144599109888
0.05691979732364416
0.06276914291083813
0.08922705333679914
0.10972643084824085
0.09554930031299591
0.10072745755314827
0.03806025628000498
0.08910012105479836
0.18376581836491823
0.03157180920243263
0.05796434078365564
0.10206361673772335
0.1188695770688355
0.10560049116611481
0.08739190641790628
0.07947785081341863
0.11965860892087221
0.17168583441525698
0.05198272271081805
0.05708700115792453
0.1111867306753993
0.09866656363010406
0.0322731570340693
0.12212056573480368
0.24191599804908037
0.15203853324055672
0.12524540349841118
0.06888776179403067
0.0815250538289547
0.05762281455099583
0.0895386915653944
0.08005952183157206
0.08923412300646305
0.0689251683652401
0.07567878160625696
0.0786413075402379
0.10819438938051462
0.04789209784939885
0.10674026049673557
0.13943802751600742
0.09580064890906215
0.02980516292154789
0.08990896679461002
0.13482796866446733
0.13577123917639256
0.03367301495745778
0.06471106875687838
0.04959106631577015
0.07941388990730047
0.04558770917356014
0.03831227449700236
0.04709923733025789
0.14963962230831385
0.05498235113918781
0.09043197426944971
0.04525466589257121
0.042737452778965235
0.03862749831750989
0.07714568311348557
0.07716071046888828
0.1121022766456008
0.09306337404996157
0.14975859690457582
0.11280943732708693
0.11393105424940586
0.10121694346889853
0.09617009712383151
0.07898190012201667
0.12067101523280144
0.06057713134214282
0.08520733192563057
0.09726175013929605
0.03676728904247284
0.09200711268931627
0.07626692485064268
0.06405271822586656
0.13866358809173107
0.0447363555431366
0.08472982794046402
0.04313269071280956
0.03302627615630627
0.0909123532474041
0.049258519895374775
0.09638929972425103
0.07600228535011411
0.06798510765656829
0.08375249430537224
0.058772637508809566
0.08240592177025974
0.12945816852152348
0.06919370032846928
0.03402272006496787
0.15695950016379356
0.03382820636034012
0.09845529869198799
0.06532783294096589
0.125501177739352
0.09094567783176899
0.08414989244192839
0.048956742975860834
0.06011830363422632
0.02406427636742592
0.09626215137541294
0.06225079484283924
0.060930839739739895
0.1205020509660244
0.09092669282108545
0.06853069039061666
0.11664696037769318
0.039376335218548775
0.07037144154310226
0.09009839501231909
0.04601974878460169
0.1159898298792541
0.12144818156957626
0.04831778351217508
0.17212757654488087
0.06971024302765727
0.1001784261316061
0.11138272937387228
0.0848071170039475
0.11662144307047129
0.06036634976044297
0.07311799377202988
0.1320998864248395
0.05257479473948479
0.09779191575944424
0.11801623553037643
0.04918594821356237
0.05332242185249925
0.030391395092010498
0.19507784955203533
0.11491990089416504
0.07132462691515684
0.06303610047325492
0.0999917727895081
0.18324434384703636
0.04117558430880308
0.13082654029130936
0.07534437347203493
0.02294374816119671
0.09113265294581652
0.08450459130108356
0.07063886243849993
0.0701227504760027
0.06990240840241313
0.08232297748327255
0.10882649384438992
0.05803416878916323
0.1082605174742639
0.10202531656250358
0.09871547250077128
0.04507691506296396
0.057259656488895416
0.1327399155125022
0.08389136474579573
0.09589100908488035
0.09449480287730694
0.05701985117048025
0.14394086971879005
0.09970249561592937
0.05342149501666427
0.08652020804584026
0.060346961952745914
0.06346122222021222
0.0872733797878027
0.0812425073236227
0.08367370162159204
0.083051523193717
0.08188637951388955
0.14939110167324543
0.05024794302880764
0.04371046461164951
0.07810303755104542
0.05576371029019356
0.16631919983774424
0.035077874548733234
0.08002879284322262
0.0951715330593288
0.08265322539955378
0.144426652463153
0.11004630103707314
0.05681051127612591
0.07485804427415133
0.07415900146588683
0.05996704939752817
0.12334916833788157
0.07331929355859756
0.0637769685126841
0.09840444754809141
0.06115196971222758
0.05007179151289165
0.08627980574965477
0.06952500296756625
0.05140107264742255
0.045441688038408756
0.09039039444178343
0.048805934842675924
0.07123084925115108
0.11675228457897902
0.1370843886397779
0.15963219897821546
0.0831059510819614
0.0845603821799159
0.05933201964944601
0.07936225738376379
0.10828758776187897
0.11645514098927379
0.07387762423604727
0.021545412484556437
0.05493756942451
0.059814812149852514
0.050122883170843124
0.04609690513461828
0.07082293275743723
0.07631050422787666
0.08346820157021284
0.053206718526780605
0.10302826669067144
0.042508951388299465
0.09663559030741453
0.09872806817293167
0.07112870691344142
0.12480140058323741
0.0836094506084919
0.04967305809259415
0.10594065766781569
0.09147528931498528
0.053404470440000296
0.13581989705562592
0.08125893631950021
0.05749364756047726
0.08992033079266548
0.06329205818474293
0.11984522081911564
0.0437550600618124
0.0540493477601558
0.14882034063339233
0.060036885086447
0.11369774583727121
0.10047001764178276
0.06941001769155264
0.03663379838690162
0.12118108384311199
0.1169249601662159
0.06966670020483434
0.047894947696477175
0.08605126803740859
0.0657143210992217
0.058464429806917906
0.09453464299440384
0.04490711307153106
0.09302224451676011
0.06480965204536915
0.11926312372088432
0.07608095277100801
0.08452799054794014
0.07471219217404723
0.056728838942945004
0.06223558075726032
0.04555545747280121
0.06894504418596625
0.05390528356656432
0.07067167665809393
0.10965253133326769
0.0675917249172926
0.09615947026759386
0.06786625273525715
0.08411862212233245
0.07445318158715963
0.04888557083904743
0.09738967288285494
0.09334280900657177
0.09726480301469564
0.0331121243070811
0.07127395831048489
0.14829199761152267
0.09023902472108603
0.06482820771634579
0.02765033533796668
0.1763048693537712
0.0359115214087069
0.05998782627284527
0.06650964682921767
0.140965785831213
0.10065992176532745
0.07691003615036607
0.11081175040453672
0.09910163143649697
0.09745434764772654
0.13237148569896817
0.0820461567491293
0.08036512555554509
0.06160822790116072
0.039988248609006405
0.022252697497606277
0.11728574521839619
0.0983858723193407
0.07731700479052961
0.10515040345489979
0.07467499654740095
0.10743926465511322
0.030408228747546673
0.07157036429271102
0.03504777606576681
0.023535090032964945
0.055874068289995193
0.12996008060872555
0.0684772040694952
0.09063405264168978
0.06364673119969666
0.0476180175319314
0.05449907295405865
0.07206094916909933
0.1021384559571743
0.0671390206553042
0.10143795004114509
0.07246364932507277
0.06270472891628742
0.11743651330471039
0.11912024207413197
0.08388482965528965
0.11868513375520706
0.08665904682129622
0.07304690405726433
0.1147855119779706
0.10028771590441465
0.09320453135296702
0.07065006019547582
0.09824126120656729
0.07314545940607786
0.09490522369742393
0.0668219169601798
0.1053234776481986
0.07956981332972646
0.06779964407905936
0.06939191184937954
0.11412408016622066
0.14677911065518856
0.04740629578009248
0.10381533950567245
0.06348674558103085
0.1230026576668024
0.1396416425704956
0.08646208792924881
0.11200292408466339
0.11731530353426933
0.04807947762310505
0.10737786069512367
0.05737202242016792
0.07806059019640088
0.056945848278701305
0.08706992212682962
0.05865125451236963
0.10732660628855228
0.12310223653912544
0.06142209470272064
0.12547993287444115
0.07643670961260796
0.09595856908708811
0.0590058253146708
0.0829013641923666
0.1370113268494606
0.13815242983400822
0.1390325427055359
0.1236696857959032
0.05436463747173548
0.04492605198174715
0.06941723776981235
0.09788507223129272
0.08169363718479872
0.13429686054587364
0.13582542352378368
0.0970464488491416
0.053446260280907154
0.09926348924636841
0.07655811752192676
0.12209042347967625
0.09849546104669571
0.11689383070915937
0.09722805302590132
0.1120778601616621
0.09754767827689648
0.11064893612638116
0.08586735278367996
0.11926769092679024
0.11662466544657946
0.10123531147837639
0.08907818887382746
0.07640677317976952
0.11697388533502817
0.13267358765006065
0.1133942361921072
0.11554999044165015
0.12192092463374138
0.1551630087196827
0.11403449391946197
0.09863358829170465
0.15814618207514286
0.07983583118766546
0.12010011356323957
0.10429514944553375
0.08768276637420058
0.098953016102314
0.0787746012210846
0.16425308398902416
0.11396433040499687
0.10123429726809263
0.10429636621847749
0.08465263526886702
0.10539784142747521
0.12187462905421853
0.12227145303040743
0.10945408791303635
0.07889503240585327
0.11978881992399693
0.06615784112364054
0.09896489512175322
0.08392076566815376
0.1218853360041976
0.09301440976560116
0.08729813620448112
0.17251385748386383
0.13554568588733673
0.1477166935801506
0.0660734185948968
0.13322623260319233
0.07885706354863942
0.022802602965384722
0.1617552824318409
0.05151000013574958
0.08123018406331539
0.06942938221618533
0.17449776083230972
0.098764443770051
0.16641347017139196
0.08618042338639498
0.1579380827024579
0.12311565317213535
0.14742249809205532
0.09546758607029915
0.14059993624687195
0.10691739059984684
0.11979043297469616
0.11439118813723326
0.08131517795845866
0.1518501602113247
0.1438334472477436
0.108159055467695
0.20895160362124443
0.11202827468514442
0.08446785900741816
0.12027022009715438
0.07760717021301389
0.08498426713049412
0.11299601383507252
0.14104281831532717
0.10358588863164186
0.0884506399743259
0.08858470804989338
0.09262969577684999
0.09635998122394085
0.12355772778391838
0.07184280175715685
0.11965056089684367
0.14130357094109058
0.1245696023106575
0.06591648422181606
0.1683889590203762
0.1311297481879592
0.05374744860455394
0.07368041947484016
0.11377716064453125
0.09930442087352276
0.06366783007979393
0.09445811435580254
0.10213826969265938
0.11789287813007832
0.09703874168917537
0.17316009104251862
0.09172255545854568
0.1467873388901353
0.139549246057868
0.06840329198166728
0.12853230349719524
0.09814610984176397
0.05451759044080973
0.03640691889449954
0.09731159824877977
0.05547544499859214
0.04913221299648285
0.0572532438673079
0.07097943127155304
0.0928814122453332
0.07900815643370152
0.07040940970182419
0.13778931461274624
0.06558121554553509
0.06172117358073592
0.06956661213189363
0.11985217966139317
0.04352650651708245
0.13649987801909447
0.1164275361225009
0.09007696202024817
0.10092665208503604
0.09893935360014439
0.029495793394744396
0.1376493126153946
0.09085680358111858
0.09849221678450704
0.048430596478283405
0.08602705551311374
0.0727172214537859
0.1511957780458033
0.049869200214743614
0.13424968346953392
0.026465503498911858
0.05869551980867982
0.06303084408864379
0.09464891767129302
0.09924242086708546
0.04652644181624055
0.12655983492732048
0.05436523910611868
0.10013790871016681
0.08659484516829252
0.062074379064142704
0.12941356748342514
0.10277265217155218
0.1631346121430397
0.0768902339041233
0.05305814789608121
0.0911368727684021
0.06758708879351616
0.060089701786637306
0.09713256731629372
0.10118058510124683
0.11329631693661213
0.05674215080216527
0.07913882378488779
0.085306067019701
0.06290687341243029
0.10257740458473563
0.06112499814480543
0.05927719734609127
0.062149777077138424
0.06540633179247379
0.12221471965312958
0.10292771458625793
0.05161844938993454
0.1344567579217255
0.03375353990122676
0.06733892019838095
0.09599156305193901
0.06155162025243044
0.08591389190405607
0.09458040073513985
0.07220628159120679
0.07109090685844421
0.07227545464411378
0.14251300785690546
0.08503658976405859
0.10191862331703305
0.0976502220146358
0.07894394407048821
0.11152156814932823
0.06037455052137375
0.08569541852921247
0.07423505233600736
0.022787056863307953
0.0800806637853384
0.12647999823093414
0.043165716342628
0.1239181999117136
0.1821214146912098
0.09700999315828085
0.059081867802888155
0.06792644411325455
0.07949161855503917
0.08281888160854578
0.044560006354004145
0.09110174048691988
0.049733555410057306
0.07132250908762217
0.0490577332675457
0.0756078939884901
0.06988918781280518
0.06492241844534874
0.08037244412116706
0.11442654207348824
0.07069696299731731
0.06308384379372001
0.043036152608692646
0.04199150227941573
0.07311251712962985
0.04575951537117362
0.11123047582805157
0.1116157416254282
0.08905570395290852
0.03216463699936867
0.059918852522969246
0.0886873658746481
0.09055165201425552
0.07449670601636171
0.09720343071967363
0.030006272718310356
0.07287910906597972
0.05374623415991664
0.09105421975255013
0.060540887992829084
0.08960059145465493
0.06458645360544324
0.04656944423913956
0.06259243469685316
0.08886168291792274
0.11327741481363773
0.11667460389435291
0.10170319490134716
0.14741297345608473
0.05580033268779516
0.07701205462217331
0.10696859750896692
0.07774318847805262
0.08937279554083943
0.08007271029055119
0.10782781336456537
0.10735590010881424
0.05452676769345999
0.07620808482170105
0.07120081037282944
0.04418499581515789
0.07853745296597481
0.04867740394547582
0.05090581765398383
0.0933755817823112
0.11621457897126675
0.09297345671802759
0.0706515796482563
0.09380398504436016
0.034424707759171724
0.07897627353668213
0.07914900686591864
0.06235434580594301
0.0810827910900116
0.07556942105293274
0.061173954512923956
0.06307602301239967
0.07814725209027529
0.1404730211943388
0.08250360284000635
0.07106961961835623
0.05254615982994437
0.09711021650582552
0.09811816737055779
0.0855730352923274
0.10256056999787688
0.050067036878317595
0.03544381307438016
0.0675902022048831
0.06793262343853712
0.125651266425848
0.0789530323818326
0.060693344566971064
0.06077022897079587
0.06123967841267586
0.04785620188340545
0.050631457939743996
0.0662268758751452
0.0997107271105051
0.05842881556600332
0.07567104045301676
0.07714486168697476
0.06862491043284535
0.09156394563615322
0.08504935540258884
0.11853975895792246
0.05953559372574091
0.10236653499305248
0.06955281971022487
0.03834215132519603
0.08607435319572687
0.11129734152927995
0.1116779213771224
0.04369931109249592
0.073288066778332
0.05500982841476798
0.03027469338849187
0.04087380040436983
0.0684785800985992
0.10124195460230112
0.044149094726890326
0.10329223051667213
0.07655412890017033
0.05350500997155905
0.04752915911376476
0.08859370928257704
0.058318366296589375
0.06455458607524633
0.09270699974149466
0.06999414972960949
0.07690883474424481
0.024087664671242237
0.10027704620733857
0.08318224921822548
0.0446085799485445
0.0674108206294477
0.06164980307221413
0.12101907981559634
0.08032463258132339
0.08360839542001486
0.11033313069492579
0.10872980393469334
0.09596975380554795
0.07949089119210839
0.07287639705464244
0.11047479510307312
0.0578368422575295
0.09272335469722748
0.06875792052596807
0.05091837979853153
0.0784394945949316
0.05049839150160551
0.06851116055622697
0.04416932864114642
0.06963214557617903
0.13991124741733074
0.06470303516834974
0.07850949931889772
0.07780859246850014
0.08430340141057968
0.06226721592247486
0.0954035990871489
0.07529436983168125
0.06262077204883099
0.0711376410908997
0.026606104336678982
0.08819637214764953
0.04815671173855662
0.05326499883085489
0.0836813347414136
0.11285813432186842
0.06976106995716691
0.029580024536699057
0.07718873023986816
0.08559532091021538
0.03850284172222018
0.08170425007119775
0.02294104266911745
0.05259984917938709
0.05979470815509558
0.044853223487734795
0.07549756485968828
0.06900481134653091
0.03992764977738261
0.060393520165234804
0.09090259810909629
0.05032339971512556
0.0698834890499711
0.09024517424404621
0.04388609528541565
0.07395529374480247
0.08434035629034042
0.07755403453484178
0.07164205517619848
0.09056211402639747
0.1106015918776393
0.06361707486212254
0.08725020103156567
0.043232058407738805
0.08541820105165243
0.0645871760789305
0.0933598056435585
0.040237647481262684
0.038834556471556425
0.17485012020915747
0.07917902618646622
0.09264584351330996
0.04280488193035126
0.07353698369115591
0.07488951040431857
0.05639269109815359
0.04580164095386863
0.08212244231253862
0.05371861206367612
0.0448975688777864
0.0947629064321518
0.037772005423903465
0.04451709194108844
0.06674695154652
0.035767603665590286
0.06618888163939118
0.05208362080156803
0.05619196407496929
0.055802663788199425
0.05090636247768998
0.07611129432916641
0.06352314539253712
0.0620947927236557
0.031420984072610736
0.037318361923098564
0.05961889075115323
0.0344439959153533
0.09070882201194763
0.044394276570528746
0.036402950063347816
0.028144812444224954
0.031752696726471186
0.07843843847513199
0.06700736377388239
0.06554759759455919
0.04442883608862758
0.03420436568558216
0.11107015190646052
0.026382141280919313
0.07527070911601186
0.06011881632730365
0.09047428518533707
0.05725614167749882
0.060052342247217894
0.0699616139754653
0.03070026496425271
0.025398734491318464
0.04465496866032481
0.032009667716920376
0.028915978968143463
0.05970935523509979
0.05010327510535717
0.10222525615245104
0.04735612403601408
0.04157027695327997
0.08517603203654289
0.02702591335400939
0.049972730688750744
0.06833561137318611
0.0337241068482399
0.0408012168481946
0.030101849231868982
0.07465115375816822
0.0343836797401309
0.04171750042587519
0.023436639457941055
0.07318074209615588
