None
None
None
None
None
None
None
None
None
None
None
None
None
None
None
None
None
None
None
None
None
None
None
None
None
None
None
None
None
None
None
None
None
None
None
None
None
None
None
None
None
None
None
None
None
None
None
None
None
None
None
None
None
None
None
None
None
None
None
None
None
None
None
None
None
None
None
0.8827589116990566
0.8668531961739063
0.8225088119506836
0.8525873031467199
0.8462220281362534
0.824520792812109
0.8477462138980627
0.870279410853982
0.7955892719328403
0.7347762174904346
0.6694330871105194
0.7215452864766121
0.7441132673993707
0.6910778358578682
0.7094648042693734
0.7046584635972977
0.6263250289484859
0.6715769274160266
0.4696930446662009
0.5493385521695018
0.41676087910309434
0.4148801835253835
0.37589504150673747
0.31643828789674444
0.31553700688527897
0.17163074637392128
0.12884313422546256
0.03034233760263305
-0.0720239835591201
0.07023472063337977
0.01706039858981967
-0.18347903156245593
-0.040065479290205985
-0.2254855203209445
-0.1851560971699655
-0.14061440445948392
-0.09129943512380123
-0.20173512482142542
-0.03793230414157733
-0.15931567750521936
-0.029783659760141745
-0.026920592550595757
0.08469106943812221
-0.012400871608406305
0.06598444437258877
0.08221994206542149
0.003821573220193386
0.05847330603864975
0.019173782391590066
0.04153713728010189
-0.07489955126948189
-0.06029193050926551
0.008646293128549587
-0.13180885752808535
-0.060972162638790905
-0.13554276141803712
-0.13614302361384034
-0.06398877807077952
-0.056735048798145726
-0.09203091662493534
-0.05986082713934593
-0.05014893290353939
-0.037003912730142474
-0.02505871283938177
0.09586105799826328
0.004209376988001168
-0.02346219989703968
0.009605270759493578
-0.10861385182943195
-0.07227392880304251
-0.10440632794052362
-0.20960216139792465
-0.15078758831805317
-0.1921021974994801
-0.17618759151082486
-0.09238104612086318
-0.11393192212563008
-0.06643250780871313
-0.04916371265426278
-0.2061411773902364
-0.09213240488315932
-0.058725425304146484
-0.12856120051583275
0.03584147786023095
-0.03607946504780557
0.06837179692229256
-0.037624429882271215
-0.011884164196089841
-0.061738067714031786
-0.1196052292098102
-0.06484026604448445
-0.23269302799599245
-0.26173677487531677
-0.23557898151921108
-0.2953615904552862
-0.2517083392594941
-0.18474335520295426
-0.1381812498148065
-0.17412313946988434
-0.048866446333704516
-0.1412597669987008
-0.09244295625831
-0.10977004747837782
-0.06616506703721825
-0.06983895198027312
-0.08796632976736873
-0.06119897001190111
-0.07710505794966593
-0.18975730938836932
-0.21359001199016348
-0.16199385505751707
-0.1555071115726605
-0.25510349503019825
-0.25669477158226073
-0.3086709992494434
-0.2551327848341316
-0.1306484009255655
-0.09486341301817447
-0.2096356643596664
-0.07311423373175785
-0.3124266335507855
-0.10128909844206646
-0.16946081374771893
-0.228612362901913
-0.19420561898732558
-0.3137965763453394
0.016921251173243945
-0.026348233644966967
-0.04888109368039295
-0.14160375195206143
-0.15228561854019063
-0.186186324854134
-0.22704653715481982
-0.37407580553554
-0.12258851111619151
-0.28049069072585553
-0.25217893754597753
-0.2207596411681152
-0.24397555366158485
-0.17513647233135998
-0.05395983355992939
-0.1319969687028788
-0.12690080184256658
-0.2544713859097101
-0.1648030005835608
-0.17399084814314847
-0.173913344158791
-0.23483662051148713
-0.3606087099760771
-0.14974321401678026
-0.242431608181505
-0.18802058818982914
-0.09921655105426908
-0.24467219985672273
-0.17057974985800683
-0.314165779389441
-0.16591422981582582
-0.19589866286878532
-0.3222754579037428
-0.16168140136869624
-0.10782697767717764
-0.2048780067852931
-0.15761204226873815
-0.2783430757262977
-0.20636020659003407
-0.3104589225258678
-0.41377859679050744
-0.29770887503400445
-0.2320813494734466
-0.21328855102183297
-0.1907144283541129
-0.11979562353371875
-0.07871454552514479
-0.13930755777982995
-0.20798302978801075
-0.20956328945612768
-0.3406429252354428
-0.315936588216573
-0.2863113288767636
-0.34225262713152915
-0.22450730644050054
-0.31212934758514166
-0.07887323842442129
-0.1531467381719267
-0.2812147376826033
-0.1661688471212983
-0.08080228864855599
-0.36810571351088583
-0.227194232356851
-0.32680759811773896
-0.46420102287083864
-0.22941865283064544
-0.14032071249675937
-0.1304337954497896
-0.09652778362215031
-0.15965641954244347
-0.13401651773074263
-0.23456414084648713
-0.33012909488752484
-0.3857538748998195
-0.37999648234108463
-0.35245090624084696
-0.3723717543762177
-0.26481530850287527
-0.14852213435369777
-0.020757419348228723
-0.16465470904950052
-0.05790309852454811
-0.04071420620311983
-0.3713795739458874
-0.24147806596010923
-0.3217373514198698
-0.30602987547172233
-0.09485210957063828
-0.33374212007038295
-0.26788850559387356
-0.3427784277009778
-0.28771508974023163
-0.3116865134325053
-0.280729459336726
-0.11608736390189733
-0.2644445749465376
-0.04070339960162528
-0.15452841389924288
-0.15596138280670857
-0.3911519756074995
-0.29222466819919646
-0.2433411103556864
-0.2541549252346158
-0.200187429349171
-0.2189191562938504
-0.3588019016897306
-0.33972080622334033
-0.2188809378640144
-0.3256041460141432
-0.3033417263068259
-0.35552722844295204
-0.3537844493985176
-0.18127205420751125
-0.4604491046629846
-0.16866152855800465
-0.2341176874761004
-0.4384829830378294
-0.22457163654325996
-0.3231353799783392
-0.16567140935512725
-0.3981914449832402
-0.2793832057941472
-0.29818535957019776
-0.10508915815444198
-0.2227869798662141
-0.3400921617576387
-0.23893331561703235
-0.2984502714825794
-0.31480563193326816
-0.25628926075296476
-0.10791915927984519
-0.20176365529187024
-0.44369000056758523
-0.3128538115997799
-0.4078915298450738
-0.4186487813713029
-0.32000792981125414
-0.33091212692670524
-0.17481097514973953
-0.24784023879328743
-0.18524997800705023
-0.2999726019479567
-0.2551942748395959
-0.33729170594779134
-0.1910653463564813
-0.1459469636756694
-0.3779080545064062
-0.46567288297228515
-0.4464992550201714
-0.5752384241204709
-0.18774564264185756
-0.3072935375967063
-0.14370450850452698
-0.26013407250866294
-0.3325026029488072
-0.18300409316452715
-0.1861759136954788
-0.19926957704592496
-0.4093168815597892
-0.18971866060746834
-0.3693705647820025
-0.14318690389336552
-0.34836032685416285
-0.15565739412704716
-0.2541550958994776
-0.22415744903264567
-0.3739868183620274
-0.1980664328148123
-0.6281565707176924
-0.3196280328556895
-0.3203637420665473
-0.2029070000280626
-0.15083724552823696
-0.42392256925813854
-0.22640711930580437
-0.15835040382808074
-0.2980696165250265
-0.23395816315314732
-0.3352180761285126
-0.4737863423069939
-0.37663272570353
-0.32990136655280367
-0.465984731214121
-0.4408257885079365
-0.21432840201305225
-0.27869389636907727
-0.17387845092525822
-0.24827609298517928
-0.35529850050807
-0.2632316889066715
-0.2357268695222956
-0.20705962346983142
-0.1638411586318398
-0.33680034813005477
-0.439529696945101
-0.10635621313122101
-0.4220294625265524
-0.30578340450301766
-0.4093828937038779
-0.3094634457374923
-0.20596052171094925
-0.1777829008642584
-0.38380150008015335
-0.2986723314388655
-0.30493192764697596
-0.2902094502642285
-0.4822153893765062
-0.40813280607108027
-0.4319196162978187
-0.45247868495061994
-0.23057254021114204
-0.5353279951959848
-0.12566169223282486
-0.29829221608815715
-0.33978782476333436
-0.2052892157516908
-0.29297714127460495
-0.2861236249154899
-0.24418090807739645
-0.116453620728862
-0.3786889601033181
-0.2450776183977723
-0.3143297487476957
-0.4521298725157976
-0.31355044938391075
-0.5379483078140765
-0.49336071289144456
-0.3307677380507812
-0.32560121989808977
-0.4165728916414082
-0.10873844923480647
-0.3659116690978408
-0.2517415013280697
-0.1682452087115962
-0.16098985355347395
-0.15099654547520913
-0.34483271194039844
-0.42834042583126575
-0.44459062069654465
-0.42554840026423335
-0.3735931111732498
-0.4166214841825422
-0.30748637109354604
-0.3955354143399745
-0.2444169583322946
-0.18674956655013375
-0.08316257095430046
-0.234829967841506
-0.03587493492523208
0.022460600710473955
-0.07733602786902338
-0.13433403424278367
-0.2540610609794385
-0.546497403178364
-0.4899784349836409
-0.36061448021791875
-0.3738922669435851
-0.2548270746774506
-0.21694659475178923
-0.20907577776233666
-0.05380818509729579
-0.0908985723654041
-0.1398902297441964
-0.21578433143440634
-0.08776689224760048
-0.31914060173403414
-0.21121127618243918
-0.3321580546617042
-0.2687923973426223
-0.37809668900445104
-0.4240090504172258
-0.23652491205575643
-0.26516357008949853
-0.27635232954344247
-0.18206425043172203
-0.39961831271648407
-0.2554459410457639
-0.3505644842516631
-0.20861018053255975
-0.21234881354030222
-0.3084062320413068
-0.1062278657918796
-0.2489918401115574
-0.09621295949364139
-0.19180644818698056
-0.13557045387278777
-0.15466223628027365
-0.3645988791831769
-0.3852569656446576
-0.3093152209185064
-0.23146218394686002
-0.1514331242942717
-0.1423122431151569
-0.0931842237660021
-0.2320584523549769
-0.08335888021974824
-0.24634358819457702
-0.5042644224595279
-0.23647116462234408
-0.22690604341914877
-0.420433018472977
-0.10066379072668497
-0.16284321312559769
-0.13397900147538166
-0.12942135878256522
-0.20552956146275392
-0.4047328505112091
-0.27272908110171556
-0.2727036155411042
-0.22881759086158127
-0.1637513754394604
-0.18788853083970025
-0.3445563819841482
-0.20303217918262817
-0.2770266307052225
-0.16866653494071215
-0.1012762677273713
-0.18215030734427273
-0.28466213957290165
-0.37254726234823465
-0.41133864771109074
-0.12471248570363969
-0.1964488710364094
-0.2946959414111916
-0.2945762968156487
-0.16462844851776026
-0.34015796054154634
-0.37533706292742863
-0.252186450198451
-0.07909339867183007
-0.09757743921363726
-0.12110077355464455
-0.060164743568748236
-0.12439708976307884
-0.2858899064740399
-0.20505414542276412
-0.33515200232795905
-0.5412079826928675
-0.376871025597211
-0.5151809020899236
-0.1806161769782193
-0.3455483934303629
-0.40683977492153645
-0.18781771141220815
-0.09717213103431277
0.09174913930837647
0.05205154677059909
-0.0725817912561979
-0.21341662178747356
-0.35876081767491996
-0.2966542373178527
-0.3553055030060932
-0.1470622972410638
-0.1873633181094192
-0.12677942169830203
-0.0892677395058854
-0.17307786870514974
-0.017572793178260326
-0.10358443576842546
-0.3091660520294681
-0.36115966411307454
-0.3465462860185653
-0.230734091863269
-0.2270406106254086
-0.3338350906560663
-0.2423550547391642
-0.27589992340654135
0.002738360781222582
-0.2018444343120791
-0.362398614641279
-0.27569266998398234
-0.2757899241987616
-0.2822428697254509
-0.2727631494635716
-0.21720522281248122
-0.050296582750888774
0.017998708848608658
-0.1487603388959542
-0.20213641179725528
0.0037986458046361804
-0.11641951353522018
-0.2558183649671264
-0.20916734099455425
-0.3006173899921123
-0.25264520396012813
-0.4110829681158066
-0.3571318427566439
-0.13168090942781419
-0.13283157447585836
-0.11479894243529998
-0.10300040798028931
0.02490851505081082
-0.02868026762007503
-0.11820551002165303
-0.20497274619992822
-0.26891721750143915
-0.296114586526528
0.006597137136850506
-0.017977709343540482
-0.04026632814202458
-0.13015221257592202
-0.11072097926808055
-0.2811335506848991
-0.215193722571712
-0.06952608141000383
-0.06148825520358514
-0.32251057564280927
-0.08756684034597129
-0.19209798939118627
-0.2433349397033453
-0.23751607723534107
-0.3497388862306252
-0.16776316560572013
-0.16421589703531936
0.028859078709501773
0.037331149098463356
-0.05265880632214248
-0.04099243240489159
-0.15136780226021074
-0.30785096809268
-0.3515378516167402
-0.299542627442861
-0.257860689656809
-0.15355520031880587
-0.1648370830807835
-0.18940470943925902
0.0009680674484116025
-0.12285904290911276
-0.15171691673458554
-0.10250908462330699
-0.18147122708614916
-0.2750504337018356
-0.23495656120940112
-0.18390890592854703
-0.03578802780248225
0.0028833604010287672
0.009476025064941496
0.0010453245777171105
0.03584390471223742
-0.08071072271559387
-0.36671809130348265
-0.27441492467187345
-0.3397758745122701
-0.3185509839095175
-0.17814608234039042
-0.13772532215807587
-0.0010999846999766305
0.007837605837266892
0.03857801988488063
0.014653210135293193
-0.10140824105474167
-0.11064505270769587
-0.25490231121511897
-0.170810948991857
-0.27767294936347753
-0.2272726013979991
-0.1519075627438724
-0.04064089861640241
0.006594161190150771
0.0658357854699716
0.0869453615778184
-0.03541676845634356
-0.18193715118104592
0.01618946820963174
-0.09809104805754032
-0.16376333034713753
-0.2902960214851191
-0.30506956024328247
-0.2997733410447836
-0.13178656972013414
-0.08715457812650129
-0.03136052038826165
-0.05483705110964365
-0.041234206277295016
0.013112343316606712
-0.0999524979488342
-0.11919085151748732
-0.19161749765044078
-0.2504275185056031
-0.19108578555460554
-0.13917507338919677
-0.17572414339520037
-0.08104743468356901
0.03145394766761456
0.008207733633753378
-0.03224651754499064
0.019942327722674236
-0.03251248432206921
-0.26445512031205
-0.12832486977276858
-0.16230456647463143
-0.2378804988693446
-0.1705307476222515
-0.14393774486961775
-0.039550463974592276
-0.013797516250633635
-0.030473000020720065
-0.11986470292322338
-0.07874355140666012
-0.03347262189254252
-0.2635331944329664
-0.17610732378670946
-0.07610434721573256
-0.1970284638227895
-0.03302781150705414
-0.03422958345618099
-0.008767428837018088
-0.11809218229609542
-0.036081548721995205
-0.05167075138888322
-0.12454198346677003
-0.1504415232629981
-0.2519464481229079
-0.12885430939059006
-0.07050972151773749
-0.08493447075670701
-0.08708231928176247
-0.03366078044200549
-0.06165855680592358
-0.1944447856512852
0.04075512946292292
-0.1266158766229637
-0.1913048963106121
-0.0905696984991664
-0.06287442264147103
-0.13263513895799406
-0.041752912889933214
-0.015410974156111479
-0.09293225914007053
-0.15975659857213032
-0.15515994445740944
-0.14233542291913182
-0.08807274299033452
-0.038298409803246614
-0.062222523027230636
-0.14564934402005747
-0.1383994978677947
-0.0789428814096027
-0.07741479971446097
-0.06999388101394288
-0.2109994704660494
-0.23832665104418993
-0.14410213343217038
-0.05693294675802463
-0.08407832971715834
-0.06595534551888704
-0.025705964319058694
-0.19415439327713102
-0.22262745893385727
-0.016949236600339646
-0.06943372582918528
-0.16221034806221724
-0.08060728575037501
-0.06707005106727593
-0.1941290344693698
-0.11396491920459084
-0.07534658504675917
-0.06654293851170223
-0.04840565309859812
0.013831999749527313
-0.03965241383048124
-0.1124850607739063
-0.10826490174076753
-0.1964546540984884
-0.25547996163368225
-0.13793071199324913
-0.22525456917628617
0.016804119455628097
0.04888259351719171
0.07705859374254942
-0.036225093415851006
-0.17647529405076057
0.056103714341588784
-0.10206866357475519
-0.16379938410318573
-0.21434745204169303
-0.1552530452318024
-0.1524648087552123
-0.051818439620547
-0.03471269441070035
-0.00895775708158908
-0.006554966368639725
-0.04850817321857903
-0.17455064522800967
-0.24296813475666568
-0.23463736148551106
-0.0929206059226999
-0.09598964016186073
-0.08165526991797378
0.02329071790109083
-0.033600605034735054
-0.026971332903485745
-0.12197126628598198
-0.1145742620137753
-0.025512457781587727
-0.17105037317378446
-0.15415716925781453
-0.0528894149538246
-0.07514421321684495
-0.1677063814131543
-0.14450476912315935
-0.02545468244534277
-0.08398197664064355
-0.14857998469960876
-0.09717710193217499
-0.06864251047954895
-0.12130214617354795
-0.1521251860249322
-0.077798029553378
-0.16867798911698628
0.025361914274981245
-0.05253047536825761
-0.040029591822531074
-0.14954441383451922
-0.08540240159345558
-0.07320710657222662
-0.19286377346725203
-0.1598003949620761
-0.1532038749428466
-0.0758176653762348
-0.0421609106188896
-0.1001402411784511
-0.07279851453313313
-0.04966823807626497
-0.06681707447569352
-0.2574148840503767
-0.17635930643882602
-0.09411729837302119
-0.22854047012515366
-0.22099424269981682
0.08064782922156155
0.1738103385141585
0.2520380469504744
0.0970894529891666
0.12263716373126954
0.03007883187092375
-0.11892799113093133
-0.10077943259693711
-0.1209565206663683
-0.3035461433464661
-0.13948705764414626
0.00574246708129067
-0.07481412597553572
0.043045138649176806
-0.24451216765737627
-0.13443171282415278
0.005590692191617563
-0.11046606363470346
-0.007441627574735321
-0.07862922798085492
-0.12876831801986555
-0.12301538011524826
-0.049968486091529485
-0.10131306733273959
-0.1959033134917263
-0.06612693123224744
0.005642997789436777
-0.03247467457094899
-0.2443943443649914
-0.05325843906030059
-0.07907795143546537
-0.010407417224996607
-0.17285900462593418
-0.07332841062452644
-0.10253271201509051
-0.13120101677486673
0.036393960792338476
-0.027273513638647273
0.0049944665224757046
-0.06452272293245187
-0.0917650888877688
-0.14092901625554077
-0.09442371410841588
-0.0579537634330336
-0.036420224350877106
-0.08219698874745518
-0.1533874121378176
-0.06523436497082002
-0.07990860514109954
-0.13753405385068618
-0.1957983829488512
-0.13107599146314897
-0.07429146457434399
0.023757759781801724
-0.06864318100269884
-0.0961778211640194
-0.03306156399776228
-0.09615653813671088
-0.09214737491129199
-0.048862003663089126
-0.08500889729475603
-0.09037684394570533
-0.20008569076890126
-0.16005436635532533
-0.21790941688232124
-0.11066874258540338
-0.023265541387672783
-0.0033335889456793666
-0.08240556197415572
-0.16542348050279543
-0.12128702542395331
-0.2101390583848115
-0.04904554622771684
0.021506156801478937
0.043228992632066365
-0.019009026131243445
-0.15130854611925315
-0.06980165213462897
-0.14813494533882476
-0.27637898665852845
-0.1459858197486028
-0.03603479538287502
0.015864693210460246
-0.00037770235212519765
-0.06883653674594825
-0.14288325473899022
-0.21319865039549768
-0.05502553843689384
-0.11685206762922462
-0.04569838143152083
-0.19113432578160428
-0.004114866547752172
-0.015180823436821811
0.017595712022739463
-0.15276359279232565
-0.05645343873766251
-0.07272592613298912
-0.13223513209959492
-0.11205413159586897
0.01238201425439911
0.002292351724463515
-0.0894975837727543
-0.07703457889147103
0.01903739047702402
-0.06958556863537524
-0.11788034811615944
-0.08970488369232044
-0.12216644422005629
0.035830984415952116
-0.07948525727260858
0.07986669012461789
0.002058990125078708
-0.02914720204717014
-0.16369683619996067
-0.1325025362020824
-0.14171157777309418
-0.0698964688781416
-0.05975182674592361
0.031631774681954994
-0.02037121239118278
-0.04408238844189327
-0.01000651516369544
-0.1523865586350439
-0.15623928920467733
-0.2272969616460614
-0.14596195024205372
-0.06041586439278035
0.08298309026577044
0.044215813584742136
0.072049724709359
0.04460743081290275
-0.02396828321434441
-0.12096021647448651
-0.20807639718987048
-0.14739351083699148
-0.12272806858527474
-0.07875157601665705
0.043478508516272996
0.15202520372986328
0.11353110197524074
0.13015537749015493
0.011322383681545034
-0.0729210268582392
-0.15149041847325861
-0.07859770661161747
-0.08388993663538713
-0.035753991978708655
0.02300944165472174
-0.017356856937112752
-0.0054321843417710625
-0.02807434310670942
-0.062395648725214414
-0.16160369396675378
0.016162837388037588
-0.0740985964621359
-0.09459827307728119
-0.08106338392826729
-0.033262462267884985
0.05256155505776405
0.07710931376823282
0.041646805930213304
-0.06661451775289606
-0.059642607335263165
-0.026526641682721674
-0.12716953262133757
-0.11269268969772384
0.03843877821054775
0.04439524488407187
0.06832832060899818
0.017632413189858198
-0.0530806987262622
-0.13433708064258099
-0.11472947611764539
-0.17727341749377956
-0.06280709301790921
-0.0593433501344407
0.004118216937058605
-0.046430548529315274
-0.09970526842516847
-0.07263514029909857
0.00903603440747247
-0.07946960546541959
0.04235797928413376
0.021505295313545503
-0.023848542194173206
-0.1010529441118706
-0.10967794599855551
-0.07052700350322993
-0.08358867246715818
-0.015593995667586569
0.026307580796128605
0.020634335280192317
-0.029906102827226277
-0.07710868920548819
-0.17164468276314437
-0.0915839595545549
-0.04981682435027324
-0.05898363007872831
0.06748477184737567
0.12973733681428712
0.11391933690174483
0.11302113105193712
0.06054589895211393
-0.019522634056556853
-0.1334139244945618
-0.2189952607441228
-0.09620564787473995
-0.07184538872570556
-0.10169720195699483
0.005534992646971659
0.037086745720444014
0.06652566468983423
0.11579470630385913
-0.016334572050254792
-0.16391439462313429
-0.038897708131116815
-0.14029069477692246
-0.13943555642617866
0.016747625664720545
0.016084687973489054
-0.036444797238800675
-0.026447474519954994
-0.08808948846126441
-0.028331273497315124
-0.005263777085929178
-0.10052657773485407
-0.10587696127186064
-0.06238894717535004
0.04787882757955231
0.047547533653414575
0.00809946926892735
0.031049292563693598
-0.05539091064565582
-0.0934151305409614
-0.1376351107901428
-0.02759656956186518
-0.07329554035095498
0.03471121758775553
0.056661941278434824
0.016240557219134644
-0.012420288530847756
-0.08824392582755536
-0.18280721610062756
-0.08195014932425693
0.004821286231162958
-0.03954444402916124
-0.016392941922731552
-0.009323549558757804
-0.0035485215485095978
-0.0513861131912563
-0.08596042324279551
-0.1311801237243344
0.02969330806809012
-0.022078476977185346
-0.0613830495858565
-0.053244968061335385
-0.05579094552376773
-0.044684286429401254
0.019220346210204298
-0.010626901137584355
-0.08582764261518605
-0.09118325862800702
-0.021465630597958807
-0.04017212047619978
-0.01564964504359523
0.018326848083233926
-0.1297454193700105
-0.03785136180522386
-0.06815341818219167
-0.07874749836628325
0.07147995494233328
0.07430119139462477
0.09345596077037044
0.12522440590691986
0.007708539738359832
-0.18281953753830749
-0.20687773916870356
-0.14862475932750385
-0.21547309411835158
-0.12958134058862925
-0.0140688851242885
-0.02532510182936676
0.02795589662855491
-0.022208644386410015
0.0013660789954883512
-0.09511422661671531
-0.13368507224367931
-0.12929394736420363
-0.0705435295967618
-0.09700882252218435
0.052145211140668835
0.1126242782920599
0.11957044087466784
0.13193344534374774
0.09607228162349202
0.025485471269348636
-0.18853473821945954
-0.13407856223057024
-0.27081880846526474
-0.23675639368593693
-0.09617020428413525
-0.07853621747926809
0.044663672233582474
0.12959029101330088
0.16634423902723938
0.14881915152727743
0.09131623085704632
-0.009804550893022679
-0.10061048431089148
-0.09006165454047732
-0.09226510829103063
-0.08037801309546921
0.007528261410698178
-0.07295575486205053
0.004713831367553212
0.029850479528249707
-0.096039148804266
-0.03427724303037394
-0.0640917710843496
-0.1145436848164536
-0.0757281132391654
-0.0371902495608083
0.03060147950600367
0.005804177544632694
-0.05239614062156761
-0.03580531806801446
-0.10045034685754217
-0.16107315679255407
-0.01757234010437969
-0.11485363651445368
0.01766898453934118
0.04788839153479785
0.04068729197024368
0.0005962969153188169
-0.07449336093850434
-0.12917409103829414
-0.1336789056949783
-0.00194074897444807
-0.14339907365501858
-0.12599670694908127
-0.06156011822167784
0.008780884207226336
0.08430454504559748
0.10750558038125746
0.013706754198210547
-0.009180820086839958
-0.055069882051611785
-0.08567474650408258
-0.0953488068189472
-0.04940036134212278
-0.057733930603717454
0.03931599571660627
0.039045036188326776
0.036796619218876
-0.03253676352687762
-0.10736398096196353
-0.13441187139869726
-0.10459245106903836
-0.05928528160438873
-0.07099643309629755
0.06117285694563179
0.04916035606584046
0.025458777090534568
-0.02327510125178378
-0.020295189111493528
-0.13555071304108424
-0.12708807345916284
-0.03779752815171378
0.034441963107383344
-0.14244230803888058
-0.004170200176304206
-0.012409403512720019
-0.02391479746438563
-0.07743576890788972
-0.1781692358199507
-0.07391270288007945
-0.11857016494468553
0.00038605808094871463
0.05824374023359269
0.10221781375003047
0.011204279580852017
-0.06413279117259663
-0.04654653057514224
-0.09388820716230839
-0.07918838429031894
-0.09464730006220634
-0.03443116402740998
0.0766299537208397
0.12608601260581054
0.06689431040285854
0.03962830611271784
0.012574111686262768
-0.09002739268225923
-0.1835983920027502
-0.15274867840344086
-0.11689924285747111
-0.08853019402886275
-0.034677906238357536
0.10281371829478303
0.11427158709557261
0.17748361907433718
0.054179217826458625
0.03758930164076446
-0.02779812286644301
-0.12202408241137164
-0.1636131027189549
-0.18237140571000054
-0.0871137262438424
-0.09228932404221268
0.056868436236982234
0.03712008052934834
0.0993072317323822
0.047811980002734344
0.05109284891659627
-0.021967729901916755
-0.07658621725568082
-0.14888826984679326
-0.15841298107989132
-0.19479969865642488
-0.02389567778664059
-0.13233586721253232
0.04702782323874999
0.0979519251268357
0.07620811025844887
-0.02496377680756723
-0.03622793857357465
-0.178370111330878
-0.06587164224401931
-0.017394335467542987
-0.04602787290059496
0.01186128708650358
-0.06911722818040289
0.009202190951327793
-0.01465485129665467
-0.03821156685080496
-0.05409300505925785
-0.22138024706509896
-0.08467044499411713
-0.03483009329647757
0.006863726517622126
0.05728749779541431
-0.030482646834570915
-0.04680969758192077
-0.07668943767203018
0.03385031918878667
0.020887193952148664
-0.07778126793709816
-0.13423290915670805
-0.09792312953504734
-0.005110416684146912
-0.04178792448510649
-0.06642525117240439
-0.01926327563705854
-0.0034655103754630545
-0.015042388263282191
-0.07103318680310622
-0.02103105685280582
-0.032853244425496086
-0.014199993383954279
-0.021063730509922607
-0.03354236123414012
-0.026248533355101245
-0.04946529689914314
-0.07632532210845966
-0.07102746007149108
0.027779476964497007
0.09362608035189623
0.10675230929336976
0.09606151618208969
-0.08662544350954704
-0.09971251855313312
-0.10339209622134149
-0.024928905288106762
-0.08429817514843307
-0.08036860299762338
-0.022994641607510857
0.08968989468121435
0.04979450711107347
0.03016132531047333
-0.07155740108282771
-0.0767378190648742
-0.04349669805742451
-0.21197755256434903
-0.07515864590095589
0.010727616390795447
0.06803347998356912
0.06434141223871848
-0.05250509887684984
-0.0669867003998661
-0.07862763400771655
-0.03925700569379842
0.03675129132170696
0.041412398666579975
-0.032270305149722844
-0.05832142378494609
-0.07675809555803426
0.039329634615569375
0.05143448654416716
-0.06913913802418392
-0.0442308683450392
-0.1302788689499721
-0.03992212695993658
0.032675234288035426
-0.008312048106745351
-0.03776506912436162
-0.16567026182383415
-0.03888317487690074
0.032955833990854444
-0.00391899625537917
-0.041321111220895546
-0.06551240311171114
-0.09670649340114323
-0.058581453253282234
0.048994345332175726
0.03584212128771469
-0.03804356593536795
0.0033677512565191137
-0.04459906677220715
-0.10336006269790232
-0.1313655735575594
-0.04037591601081658
-0.054088509117718786
-0.001667602511588484
-0.019585824469686486
0.026328371171985054
-0.08243495543138124
-0.03604850456758868
-0.0793151524849236
-0.06269323419837747
-0.011834740644189878
0.034820492553990334
0.008642099885037169
0.021292281799105695
-0.012824801437091082
-0.33364293054910377
-0.1294923621317139
-0.11561100191465812
-0.046045762857829686
-0.07229005330009386
0.025493582113995217
0.12159289598275791
0.03536397746211151
0.008813582368020434
-0.022099066525697708
-0.059864163762540556
-0.2312370747094974
-0.2039448542345781
-0.10463046763470629
-0.1504971379908966
0.10166534072777722
0.051261222673929296
0.040346526220673695
0.04091448738654435
-0.020795295924472157
-0.059353867458412424
-0.13936722854850814
-0.20194649338372983
-0.07816778725828044
-0.20483928857720457
0.060211120086023584
0.1424399132374674
0.08126472867115808
0.03754730742366519
-0.07601721218088642
0.007107873825589195
-0.06977503681264352
-0.18000279396073893
-0.1300105102636735
-0.14770835856143094
-0.10149145725881681
0.018292498600203544
0.08330807666061446
0.11617144074989483
0.09393300517695025
0.06661695823277114
-0.04135849026351934
-0.10881380374121363
-0.2346065384481335
-0.19136713369516656
-0.12891137832775712
-0.017923556493769865
-0.12436055536090862
0.0694522462435998
0.10120413662662031
0.058918896538671106
0.04245852984604426
0.011179427907336503
-0.03226554045613739
-0.04647057704278268
-0.19576738264004234
-0.10186810613959096
-0.04402505305915838
0.01622552201297367
0.009350494467071258
-0.0265193211089354
-0.06708714553678874
-0.030979055769421393
-0.11960222879133653
-0.04917863525042776
-0.02480430284049362
0.12365920469164848
0.12448393879458308
0.1358267155737849
0.03632277366705239
-0.028335470909951255
-0.19085046218242496
-0.18492068685009144
-0.1951907310867682
-0.19384864257881418
-0.19031125318724662
-0.007228111018775962
-0.09064960848263581
-0.01330869534285739
0.09507711663900409
0.07435524449101649
-0.025173507419822272
-0.14194075241539394
-0.0071563661003892776
-0.06044420458783861
-0.05871260511048604
-0.14132376798806945
0.035969376784578344
-0.03738465765491128
-0.036932627350324765
-0.00453173229470849
-0.05738945893244818
-0.10097937268437818
-0.08399592887144536
-0.05315677980252076
-0.0001718013718345901
-0.05701037010294385
0.03690496071794769
0.0300630577839911
-0.011546288296813145
-0.018056725930364337
-0.0848385890130885
-0.14912523014936596
-0.10471922211581841
-0.08245059890396078
-0.06505167057912331
0.08719952890533023
0.1484445993701229
0.10549586528213695
0.12572837754851207
0.0836729004308836
-0.0713567811762914
-0.15131852380000055
-0.12101255537709221
-0.09021905707777478
-0.13044997103861533
0.015213840610158513
0.02855598952010041
0.01329754781909287
0.0009222957596648484
0.0032822931389091536
-0.02751499575606431
-0.047670274710981175
-0.04138201008299802
-0.08671862941082509
-0.07982364324561786
0.0627493306674296
0.11133342181710759
0.06885850362596102
0.03519843621143082
-0.0721497899357928
-0.05971515617420664
-0.08910506789106876
0.008769680120167322
-0.010320693487301469
-0.020966620415492798
-0.0955732936563436
-0.020974736602511257
-0.045152280559705105
0.036759525566594675
-0.013471887548803352
-0.05275880110639264
-0.010065022510389099
0.007880386468968936
-0.003893208624504041
-0.034329429909121245
-0.007952369363010803
-0.05876840241398895
-0.05040363069565501
-0.007784917703247629
0.0037394027203845326
-0.03686023123736959
-0.0323181559870136
-0.005764602276030928
0.01931508800771553
-0.0036749182545463555
0.05252778851718176
-0.009298584540374577
-0.10619713593041524
-0.09767012528027408
-0.08617501973640174
-0.008876122468791436
-0.01335856821242487
-0.016356390195142012
0.01211213390888588
0.022896894514815358
0.03257456480059773
-0.03846873391739791
-0.06025467292784015
0.005534156298381276
-0.08057673228904605
-0.07567289689177414
-0.04247913056315156
0.048950745454931166
0.055324300192296505
0.1137391396187013
0.03987577118095942
0.003213743653759593
-0.07302467813133262
-0.09705127287088544
-0.10536033716925886
-0.07029983328538947
0.12029859665199183
0.0844490037416108
0.06735106644919142
0.05899840583879268
-0.02314486082195799
-0.1763386707752943
-0.17786608746973798
-0.10230284290628333
-0.03945115149690537
-0.05719685304484301
0.09184902271954343
0.10271851372090168
0.12220570143836085
0.11065198200230952
0.04121228632311613
0.02181571567962237
-0.09302282461248979
-0.05125225459050853
-0.18178016290767118
-0.04372273001354188
0.025134845160209807
0.008000725145393517
-0.014763081933779176
-0.02050855583820521
-0.03214546183517086
0.004878550830198947
-0.010565570228209253
-0.025486711718258448
0.012260407030225906
0.017213328494108282
-0.02021251414407743
-0.04825528870424023
-0.021844527815119363
0.028658327370067127
0.047618622049412807
0.021881749533349648
-0.07536009477917105
-0.11158716178033501
-0.06411512646081974
-0.03402767127045081
0.04599882348702522
0.051367193038458936
0.08382419276313158
0.05845131650858093
-0.007881393081333954
-0.06926001515785174
-0.08350708605576074
-0.046492077515722485
0.010010829486418515
-0.0006743213707522955
0.020718992936963332
0.005351719535610755
-0.014174379544783733
-0.07430863547779154
-0.055399748554918915
-0.02087489271070808
0.02256752520770533
0.02434100565551489
0.03088376618688926
-0.044418122019123985
-0.05234020028728992
-0.04539348810794763
0.03760498101837584
0.038916634024644736
0.0007588549797219457
-0.09567596987471916
-0.0688629502637923
-0.0587511970588821
0.047197760111885145
0.0021525946212932467
0.07709487907413859
0.04775209936815372
-0.002902070620621089
-0.05946973773097852
-0.0506733580987202
-0.02909859818100813
0.07490515762765426
0.03901888709515333
0.08331457456006319
-0.04927815727205598
-0.11007785069523379
-0.09868126965739066
-0.07331329698354239
0.00837338133896992
0.016438558828667738
-0.03479644413891947
0.03284037686353258
-0.005118811797728995
-0.02915708790806093
-0.05017265959759243
-0.001815431758586783
0.034569513376482064
-0.028113235559430905
-0.013420347910141572
-0.06401999563968275
0.015480028232559562
-0.001461471852962859
-0.02773528065154096
-0.009900130122332484
-0.018037931477010716
-0.03816229106996616
-0.0007466039969585836
-0.0405241961543652
-0.02569271958054742
-0.006289294469752349
-0.014240646210964769
0.005600684569799341
-0.055911484521857346
0.0389958186133299
-0.048102326938533224
-0.04641841560805915
0.03389358070853632
0.07005555675277719
0.05267658712546108
-0.03095994918476208
0.002455613503116183
-0.0671036857238505
-0.12705344662026619
-0.0682714852373465
0.019199614056560677
0.006053760424038046
-0.013431752369797323
-0.0026138104367419146
-0.02616819333343301
-0.07600581395672634
-0.056615170456097985
0.02338859137489635
-0.013016222597798333
-0.005521974986550049
-0.002275813138112426
0.004166505566900014
-0.037444481102284044
-0.047742336930241436
0.015974656660546316
-0.03300719367439342
-0.015376625429780688
0.02202960823342437
-0.013361392469960265
-0.10409261897439137
-0.10681528042186983
-0.027378949394915253
0.0412738857921795
0.029322095841052942
-0.024774965597316623
-0.011227992066778825
-0.06516924868628848
-0.09073638240806758
0.00512881498070783
0.056529526511440054
0.06269377415446797
-0.012021246839140076
-0.07167308846692322
-0.0634647342376411
-0.042779056399012916
-0.018612480933370534
0.03598141010297695
0.07009728605044074
0.07611961226211861
-0.005835648320498876
-0.10119918607233558
-0.11862529601785354
-0.0776573737966828
-0.05954872083384544
0.01659113048481231
0.052807414685958065
0.0544464448466897
0.008354449266334996
-0.02247903733223211
-0.06519597009173594
-0.08244427538011223
-0.06041457892570179
-0.005585394510490005
0.019568141720810672
0.042354547353170346
-0.0302922111004591
-0.04347543320909608
-0.018313269203645177
-0.00745053707214538
-0.009566699947754387
-0.02322728914441541
-0.11100907150830608
-0.04103687300812453
0.05013784686161671
0.05191639099211898
0.0410048668491072
-0.027399116319429595
-0.06285311741294208
-0.04251302375632804
-0.015393329456856009
0.014905054384144023
0.03119461177084304
-0.049103856639703736
-0.026579740711895283
-0.045766279468807625
0.005648087535519153
0.0481997035456061
0.044872866390505806
-0.033181499693910155
-0.03315740835341785
-0.05294565657095518
-0.012150318600106402
0.029536372720031068
0.05438168268301524
0.013553504931678617
-0.08807679869642016
-0.09751803986728191
-0.04880742538625782
0.015059497840411495
0.007989825127879158
-0.01256371275667334
-0.054519718716619536
-0.03190152789647982
-0.021937412588158622
0.007882042544224532
0.02363722175505245
-0.06406836558016948
-0.0670349418069236
-0.024758638861385407
0.05847040124353953
0.06240766603150405
-0.006129409164714161
-0.04105080571480357
-0.04967021282209316
-0.03273614075214937
-0.03961727303976659
0.023718464386547566
0.006115062220487744
-0.008237425154220546
-0.05016945051465882
-0.011656449954898562
0.0039343681710306555
-0.010272567998981685
-0.04008620644162875
0.0017319951730314642
-0.012379323452478275
-0.06190469651482999
-0.06638623845356051
-0.010678898820515315
0.019756821158807725
0.029997258829098428
-0.05679613428583252
-0.08485364733496681
-0.018226645632239524
-0.0020874483161605895
0.037037114445411135
-0.031796506176760886
0.00905742752365768
-0.015503849111155432
-0.059933546726824716
-0.057898846876923926
-0.08606699256904449
0.014433688631470432
0.07573735112964641
0.07591191789833829
0.03531805524107767
-0.06740623986843275
-0.0535192681272747
-0.07914265467843506
0.014169605623465031
0.004783254138601478
-0.013998192625876982
-0.038676831529301126
-0.001664000632445095
-0.0008248578560596798
-0.0743668389332015
-0.040739891938073924
-0.007199643149760959
0.07307127763488097
-0.009835169827056234
-0.014920191745432021
-0.03365105051489081
-0.04573428392177448
-0.05149694439023733
0.007981712051332579
0.0026882029851549305
0.03337515168823302
-0.012057055468176259
-0.09409273564233445
-0.07173602782131638
0.009636710929044057
-0.022815881280621397
-0.0006129682951723225
0.024835268279275624
-0.028007483764667995
-0.07462455733548268
-0.0260161092155613
-0.011140760879712275
-0.005838626762852073
-0.05895270513428841
0.02125682962650899
-0.026048113431897946
-0.03711143948021345
0.00798934775775706
-0.021426933039037976
-0.06582729434740031
-0.07667432721791556
-0.08159914692078019
0.007240486793307355
0.04002637794837938
0.017046063687303104
-0.017741172773639846
-0.08073859526484739
-0.10012757178628817
-0.025172261186526157
0.008012110223717173
-0.011526575312018394
-0.0329266987828305
0.011775772960390896
-0.00747930731085944
-0.03802879677095916
-0.08518931699336463
-0.03536712519417051
-0.05244870281603653
0.0643998556479346
0.1473359239171259
0.11000165953737451
0.07673465789412148
-0.028530670220789034
-0.13205174038012046
-0.12750976621828158
-0.07580667780712247
-0.040264205732455594
0.021150169126485707
0.061436253919964656
0.04125744037446566
0.04284927706612507
-0.07474340390763246
-0.02333329780958593
-0.09644736134714549
-0.08119310775146005
0.054021182582800975
0.01498000742867589
0.04654630058212206
-0.04264134684490273
-0.05689354914647993
-0.035796559496702685
-0.0021163432102184743
-0.017078101649531163
-0.036324279323252995
-0.05044035418541171
0.02143716040882282
0.04497621777409222
-0.007511259231250733
-0.06434468106817803
0.006925922862137668
-0.034331220584135735
-0.0034395983784634154
-0.0424147461544635
-0.041878797113895416
-0.017136772272351664
-0.048093538760440424
0.026677945065785025
0.008377359223686653
-0.04339321558654774
-0.0848882020027304
-0.018708366609644145
0.04905619236160419
0.013649186206748709
-0.002317548667633673
-0.08145943362615071
-0.041305560240289196
-0.09231173203806975
-0.05707463453290984
0.01324073356227018
0.039495149361755466
0.028310701687587425
0.025735018600244075
-0.0220058733393671
-0.04159183096999186
-0.1047271467414248
-0.14875334553653374
-0.1221278696320951
-0.03347375379780715
0.0967486723093316
0.08924373655463569
0.11297198467946146
0.10722445431747474
0.03681223321291327
-0.09505034206085838
-0.11313543026335537
-0.17947080614976585
-0.09548358240863308
-0.029822944314219058
0.007211230011307634
0.05581819339568028
0.04706908477965044
0.007000092868111096
-0.05995263143267948
-0.12135830710758455
-0.09288876672508195
-0.03829974182553997
0.01780446905468125
0.004326114671130199
0.04965385695686564
0.031034638144774362
0.01519545768678654
-0.14801971541601233
-0.17663602507673204
-0.14026050141546875
-0.11988667643163353
-0.06638658404699527
0.016724364453693852
0.09555776983324904
0.05613609324791469
0.07376877558999695
-0.006565798321389593
-0.07374209421686828
-0.0706061008550023
-0.15115334070287645
-0.1122328115743585
-0.019908371339624864
0.005545829495531507
0.023867434385465458
0.06508295832645672
-0.02843025831043633
-0.024741413873016427
-0.016759828777139774
-0.019070073609327665
-0.031305894641263876
-0.008759703745454317
-0.023184381350574768
0.024688249031896703
-0.031200453606288647
-0.005039103246417653
-0.020138614323514048
-0.04505257087294012
-0.03841933659350616
0.010268752486808808
0.021225172706181183
0.029465693594829645
-0.04020946551599991
-0.18553570585208945
-0.04859847360785352
-0.022301962451820145
0.04117894222144969
0.011340690500219353
0.058415006352674936
-0.08199949913250748
-0.10318835881480481
-0.027277627057628706
0.008226948957599234
-0.029903583097620867
0.02173359449079726
-0.012179160308733117
-0.007091212472005282
-0.05611921264062403
-0.0682663146944833
-0.032238804993539816
0.012101897315005772
0.0680508623845526
0.04004510924278293
-0.010514870351471473
-0.013189567791414447
-0.09199491038452834
-0.11417269793855667
-0.15345201711170375
-0.12196764069085475
0.04101363280642545
0.07979601548868231
0.04501098347827792
0.08669899523374625
0.024089373531751335
-0.040265929004817735
-0.08283746185770724
-0.07218039399595
-0.042770054955326486
0.04383840396621963
0.034162301730248146
0.05570607929257676
0.026993094812496565
-0.04248161505529424
-0.09090363446739502
-0.0650501542731945
-0.019115509319817647
0.006555725853104377
-0.0189505734215345
0.009145756834186614
-0.022617012611590326
-0.02487389677844476
-0.0321802923863288
0.02912396021929453
0.030026517171791056
-0.0037874453119002283
-0.061004808521829545
-0.026520965271629393
0.012618780794582563
-0.002444014708089526
-0.0424108157583305
0.001667509521212196
-0.026734427372502978
-0.010485977994903806
0.007827985449694097
-0.010160590667510405
-0.012631814847509304
-0.05142020087896526
-0.0668808199261548
0.03721236800265615
0.02697881358653831
-0.003083142451941967
-0.004659658949094592
-0.028529479779535905
-0.04064042613026686
-0.012216688348871685
-0.025543001538608223
0.03090321976924315
0.01729132009836576
-0.03493770017666975
0.008667112211242056
-0.03612177015747875
-0.024256094060547184
0.03700969370402163
0.0075207666523056105
-0.0023880071748862974
-0.029137029610865284
-0.012754903989844024
-0.03902469796594232
-0.0020454012192203663
0.05543531055445783
-0.018575484969915124
-0.03485566537710838
-0.020953899271262344
0.021069358171985186
0.028323858246949385
-0.011150728009170052
-0.06478578311725869
-0.04218748381026671
-0.02459138694692342
0.022679350309772417
0.01442987413611263
-0.02311965935587068
-0.047382619384734426
-0.026781272496918973
0.006405947788152844
0.023798758309567347
-0.030485846213196055
0.05369213913218118
0.023390842714434257
-0.003723537853147718
-0.09566632745008974
-0.08496869372174842
-0.07475986627468956
-0.021441785862407414
0.06951733960795536
0.07274016443943765
0.05684385291533545
0.016114620280859526
-0.05406255825073458
-0.06676001398591325
-0.059556413572863676
-0.02238672727253288
0.025198892717526178
0.04373494576429948
0.014422124077100307
-0.03135173671762459
-0.07561178887772257
-0.06077086979348678
-0.006317655432212632
0.023391775701384177
0.010138187106349505
-0.010735339194070548
0.00030487000549328513
-0.07342552678892389
-0.03457483123509064
0.009329407475888729
0.00474605457202415
0.029760409419395728
-0.02773473068191379
-0.059638246610120405
0.009830780278207385
-0.02023274536622921
-0.045610274391947314
0.02292072289128555
0.019893224345651106
-0.00806359235139098
-0.019407495894483873
-0.04273476155503886
-0.019947426286307746
-0.012662213935982436
0.015774692263221368
0.03601077070925385
0.04005322946613887
-0.03207295840184088
-0.06959260375151644
-0.06947834497259464
-0.023527473837020807
0.012490817538491683
0.08410444427863695
0.048526922983000986
-0.015784356219228357
-0.05321930639911443
-0.012590284168254584
-0.01265491900358029
0.0018997841834789142
0.036354562484120834
0.011555507060620585
-0.04400042324414244
-0.08163570464967052
-0.05363346332524088
0.0482683674827058
0.06974996495409869
0.012925396086302499
-0.0002768970880424604
-0.08166475957841612
-0.06717573408968747
-0.032717271300498396
-0.019945887269159357
0.06288824501098134
0.04062228633847553
0.038945366343796195
-0.03173694086581236
-0.004657550465708482
-0.025881666239001788
-0.034042648542708775
-0.06329410205216845
0.06863156041072216
0.07985973576433025
0.08563398284604773
0.03844864470011089
-0.06733643811458023
-0.05898355206591077
-0.04638625290681375
-0.002836913743522018
0.042122308499529026
0.07908589848375414
0.05568635722644899
-0.02547715831315145
-0.047398870141478255
-0.09304138860170497
-0.033563548160600476
0.030932639565435238
0.02690249529769062
0.01833124621771276
-0.03864639109633572
-0.017362635096958456
-0.00953678207588382
-0.04922970304323826
-0.0038705315528204665
0.0193457001587376
-0.02175339646419161
-0.046964312219643034
0.0041544468913343735
0.015325526714150328
-0.08076020768203307
-0.12805453706823755
-0.008463066555123078
-0.035217821641708724
0.05635391078885732
0.07899882226047339
0.07186064722611718
-0.012605912914295914
-0.06427279986382928
-0.08123804177557759
-0.045838753518182784
0.00781162222324383
0.04480987403076142
0.012294169733650051
-0.016302112311677774
-0.018402554060230614
-0.07968090364011005
-0.08845453384856228
0.012439305354064345
-0.0143096957472153
-0.04415096798038576
0.06944241073506419
0.10123192053288221
0.07221773461787961
9.184941154671833e-05
-0.04744264977307466
-0.07419504775316454
-0.03761884100822499
-0.028725327691063285
-0.010005682735936716
0.03814136688015424
0.013470629521179944
0.009042305886396207
-0.02450165490154177
-0.054111010424094275
-0.06187620456330478
-0.06168215535581112
0.006192261800606502
0.0404816477885106
0.018048810394247994
0.02062906976789236
-0.045083460776368156
-0.04548730550231994
0.03483617529127514
0.00943696287140483
-0.07907220274501015
-0.07305795035790652
-0.03063869937614072
-0.03492616900621215
0.0682325132729602
0.07622847831225954
0.08436537331726868
0.04774625494610518
-0.09674604328756686
-0.023220219314680435
-0.08572494686086429
-0.05010353015677538
0.019616052944911644
-0.006182323420944158
0.042565205236314796
0.030108422964985948
-0.05199147525127046
-0.043984509735309985
0.0016499189077876508
-0.07295435847481713
-0.027009371397070936
-0.043588988579358556
0.04467056778958067
0.07867788581643254
-0.03166505006083753
0.07852744386764243
0.05842450550699141
0.011262273757893126
-0.07367650145897642
-0.06436988127825316
-0.011756344989407808
-0.04526269629423041
-0.012305023439694196
0.010537112582824193
-0.03582922455098014
0.001272694738872815
-0.057385748375963885
-0.026663105643820018
-0.05106350944333826
0.03900959224120015
-0.040692490845685825
0.08647122394177131
0.09140302777382203
0.015231867844704539
0.03537660901201889
-0.04809013492194936
-0.1292452489869902
-0.056861451816075714
-0.021750631288341538
0.012267272846656851
-0.07228094998572487
-0.06327601978046005
0.024129057655954966
-0.0012731668030028231
0.018795405338096316
-0.05745995441247942
-0.07131391200164217
-0.022289691934020084
0.05704605372011429
0.05039796116761863
0.004190055173239671
-0.062453896754959715
-0.07075599640302244
-0.16597771469969302
-0.07141135007259436
0.005780155886895955
0.08451312001125189
0.06864524742559297
0.013081979588605464
0.029644861117049004
-0.10106176530825906
-0.10021266718104016
-0.061287627555429935
-0.0968493813124951
-0.00978863532145624
0.036021376166900154
0.05254052361124195
0.03612607330069295
-0.04607119315187447
-0.06661543445079587
-0.008782443670497742
-0.07488514162650972
-0.049467276247014524
-0.01820734589273343
0.11081625060614897
0.16773331645526923
0.08719236899923999
0.021087644156068563
-0.054949796103755943
-0.10369943031400908
-0.0600990021484904
-0.07378797384444624
0.02039867416897323
0.06455538779846393
0.07271521087022847
0.009430875354155432
-0.045031859870505286
-0.09558130840287049
-0.10199015715625137
-0.024582843587268144
-0.031367400973977055
0.05721793667180464
0.041849937675578985
0.09267414174973965
0.0639809223357588
-0.04415172175504267
-0.04676072407164611
-0.15475475230050506
0.03121357480995357
-0.004387598495668499
6.040185326128267e-05
0.011252536794927437
-0.07341784476375324
-0.12215599588671466
-0.025791585620027035
-0.06888357392745093
0.005848024178703781
-0.0010804610719787888
0.022872289933729917
-0.025105268374318257
-0.053727734464700916
-0.038569295255001634
0.032305109925800934
0.009745825895606686
-0.015013981603260618
-0.05942413806224067
-0.04756074873148464
-0.0224262969531992
-0.017026943794917315
0.07217125941315317
0.0976791848661378
0.07289177347411169
-0.01329049691412365
-0.08522432815516368
-0.07328484555694104
-0.09838655855492107
-0.035167733465641504
0.019301271851873025
0.03555260121356696
0.03575693801030866
0.0419246273340832
-0.019763088293984765
-0.09725872887065634
-0.0943755140833673
-0.07221442787636079
-0.031870464685198385
0.06548845856923435
0.09110558213433251
0.08127272342971992
0.09467224056425039
-0.010641909921105253
-0.05261322399019264
-0.1694977245933842
-0.13267437730974052
-0.0862877937979647
-0.06750494254811201
0.0533427841583034
0.11764870892511681
0.11481158558581228
0.11555346014210954
0.0688992154537118
-0.0780425572884269
-0.0884710630052723
-0.06045196631316685
-0.08775398194848094
0.0378673011855426
0.06811885384013294
0.0349555057764519
-0.019093910665105795
-0.15187356004025787
-0.0261741436270313
-0.0702599447540706
0.007447485244483687
0.03806814968265826
0.05182340549072251
-0.05033796599127527
-0.048672534998331685
-0.038317751765134744
-0.0038518699057021877
-0.057603825320256874
-0.006357049132930115
0.015151848492678255
-0.01512012368800697
0.01086298928839824
-0.019094509991191444
-0.0789849460888945
-0.06746039830613881
-0.007543406587501522
0.042316176997701405
-0.0674180873320438
-0.04248111788183451
-0.024646986959851347
0.011635217713774182
0.013933383303992741
-0.021284595401084516
-0.03635810578998644
-0.08815459113247925
-0.01621350426285062
0.056028286926448345
0.008430454552581068
-0.03178137290888117
-0.04279133176714822
-0.06247017066925764
-0.03960088568237552
-0.005796132747491356
-0.008720748794075917
0.002199272050347645
-0.0454434271377977
-0.11413116537733003
-0.013780902059806976
-0.048536122325458564
0.017766558725270443
-0.10951913372264244
0.061530555911303964
0.030952927721955348
-0.03927997207210865
-0.13728316668129992
-0.057552684489564854
0.02207351987453876
0.03268444471905241
-0.0015028338530100882
-0.021152217930648476
-0.15459599148016423
-0.10907907419459661
-0.08401563637016807
-0.02722631946016918
0.048469471221324056
0.07282074094109703
0.025348052266053855
-0.009121975672314875
-0.04963178209436592
-0.08237485093013674
-0.11011643789242953
-0.08764286639052443
0.050541438671643846
0.03326948174208155
0.06497501906414982
0.02376196345721837
-0.08104667876614258
-0.13427789035631577
-0.06516077325068181
-0.01692923622795206
0.005304093030645163
-0.02301922228798503
-0.028290667582950846
0.03885519818868488
0.012665483067394234
-0.02688267047778936
-0.07970498842769302
-0.07864375125973311
-0.01686464719750802
-0.030922479316359386
0.0609878370014485
0.1405173813109286
0.11486081371549517
0.12822411791421473
0.021987635938785388
-0.0933389104429807
-0.14310523968015332
-0.13625304269589833
-0.08398581613437273
-0.0486927568072133
0.027254236178123392
0.06007753192898235
0.1090242151694838
0.04083801207889337
-0.10262595581298228
-0.06575108398101293
-0.06853982145548798
-0.05692648229887709
-0.06555358248806442
0.12701839837245643
0.15822012489661574
0.15700072894105688
0.13905824978428427
0.10332212195498869
-0.007370082545094192
-0.09797943270677933
-0.19767103076446801
-0.07908639776724158
-0.12813280728005338
-0.039837215343141
0.05378157953964546
0.07730817366973497
0.1163256961008301
0.05629027041140944
0.0389369573276781
-0.15455108592323086
-0.12777234107488766
-0.17262478574411944
-0.12883736038929783
-0.048418176997074625
0.07210194860817865
0.10533044412932213
0.1402663214103086
0.03673363155394327
0.020130655029788613
-0.09270831760659348
-0.07224717596909613
-0.05906157870776951
-0.057718709722394124
-0.026422066046507098
0.02703460119664669
0.07125671741960105
0.014459076832281426
-0.007578810578706907
-0.011255761117354268
-0.054173150660062674
0.013609024790639523
-0.06152005743570044
-0.060218895036086906
-0.05387976273050299
-0.0347900547349127
0.037411740369861946
0.048177065153140575
0.006039895526555483
-0.052990016076364554
-0.02697070270733093
-0.03886734489060473
-0.05414016371287289
0.06487746037055331
0.11593364283908159
0.09039702045265585
0.04462676792172715
0.017580440813617315
-0.1305185585806612
-0.19497525959741324
-0.24918465572409332
-0.20258106896653771
-0.1339348829642404
-0.054622256709990324
0.042487997851822
0.10463284036086407
0.09100119333015755
0.1234901346033439
0.01238830709917238
0.0039951333674252965
-0.20321193072595634
-0.21672470727935433
-0.2431002830271609
-0.2317759869620204
-0.16471605823608115
-0.04749409794021631
0.0005880685275769792
0.15502693550661206
0.1036554747261107
0.12166693451581523
0.05090309928164061
0.03674147600395372
-0.06456368673025281
-0.13725570122187492
-0.1606263751091319
-0.12395710236160085
-0.0832554819789948
0.03614755405578762
0.09777916049642954
0.08081063535064459
0.0108075336102047
-0.10949782787065487
-0.04215939081166198
0.0010054509084511665
-0.07071415936479752
0.04711773911549244
0.04991702536062803
0.02811665687477216
-0.04521421167009976
0.021831219841260463
-0.11874423525296152
-0.10147920215968043
-0.09990865006693639
-0.07132086195633747
0.07678377458796604
0.08020725141977891
0.1333391841581033
-0.004458618666376424
0.04067984181892825
-0.06323097714630421
-0.08438026768726559
-0.19220842194044963
-0.12018933401850518
-0.023266570206033066
0.02385862692608498
0.0634978769812733
0.0589977413037559
0.10877628529487993
0.03813905379161042
-0.06971495077596046
-0.16340398730244488
-0.0816296620535013
-0.11967648318386637
-0.025087045010877773
-0.04978397238301113
0.06462516482133651
0.07122569547209423
0.05593455870257458
0.0618746441177791
-0.06504912899981719
-0.11938327213283628
-0.05958674571593292
0.07371401124692056
0.028641653661907185
0.06379080077749677
-0.0017770405975170434
-0.0763683079785551
-0.12412134706391953
-0.09426466654986143
0.0016485637752339244
0.032068547428934835
0.02089499407884432
-0.0014403084060177207
0.017925290936545935
-0.16137336743850028
-0.145038520815433
-0.196942512615351
-0.1442000558017753
-0.014217103118426166
0.025646437221439555
0.042815437572244264
0.05606537638232112
0.022382636861948413
-0.03468964905187022
-0.07497481262907968
-0.05292204098077491
-0.006856373278424144
0.021666511172952596
-0.015346460866567213
-0.004909178505840828
0.016537721974600572
-0.034089617285644636
0.03160699654108612
-0.017016211208101595
0.013984763478219975
-0.09737425207276829
-0.046026701558730565
-0.05231425097736064
0.01096048041654285
0.06359276382136159
0.04347656412937795
-0.002550401390180923
0.011513320361700607
-0.14954981271876022
-0.11125573783647269
-0.09165803162613884
-0.04681685478135478
0.039328848622972146
0.06949651079776231
0.1292523494194029
0.06066913076574565
-0.10287190866074525
-0.042944819397234824
-0.046861052680469584
-0.029811070067808032
0.05410288581697387
0.09829442188492976
0.11306403050548397
0.008316994040796999
0.014749742478670669
-0.04326609990403085
-0.09020591148873791
-0.09167709303437732
-0.05527971145056654
0.06510955964040477
0.1315735935640987
0.09301815647631884
0.015708867489593104
-0.06480434498371324
-0.0825372317340225
-0.04882604205340613
-0.05493541919531708
0.0709421125393419
0.14245759004552383
0.06836705511523178
0.04909742435847875
-0.04639833667897619
-0.0507578082033433
-0.05608521669637412
0.003087048611632781
0.0008900553293642588
0.019467584454105236
0.00844719944143435
-0.06580643682536902
-0.03153715103871946
-0.038008775085472735
-0.000430192390922457
0.03478879510839761
-0.007640297350008041
0.006079541773942765
-0.05511310515430523
-0.059486213634954765
-0.01567118798266165
-0.02895960419846233
0.03910150913725374
0.06530729419318959
0.052120498883596156
0.021771515435830224
-0.05936584832306835
-0.10636007384164259
-0.12062999393674545
-0.05656866591743892
0.003531289910824853
0.11567320418544114
0.08782213037193287
0.033740268292604014
-0.05851868791341985
-0.06586886367222178
-0.04956775132450275
-0.009897915595502127
0.10879075282718986
-0.024748201671172865
0.01844840097874112
-0.028955551133549307
0.014114090023213066
0.011288001041975804
-0.02835415559457033
-0.06020095941494219
0.028412981431756634
-0.007475360849639401
-0.007701037218794227
0.01979715848574415
-0.08541962496383348
-0.0617346144572366
-0.01462056595573813
-0.028270274437090848
-0.012036699434247566
0.046081801658147015
-0.0019344322281540371
-0.005004455131711438
-0.0525233475927962
-0.022558807209861698
-0.000672298192512244
0.02476526817190461
-0.014256603055400774
0.011760602098547679
-0.01618145473912591
-0.03188797455368331
-0.010949410985631403
-0.06553222262300551
-0.12340950133511797
-0.0316757808714101
0.011402871285099536
0.05095774367964623
0.1021547471791564
0.06830075418110937
0.03540559157045209
-0.04794553283136338
-0.07628462093998678
-0.09165121876867488
-0.10116065668989904
-0.0041643901786301285
0.11314634293376002
0.06150670118972812
0.06380730267846957
-0.028682274629318272
-0.06028942841840035
-0.10349003342707874
-0.01485288734693313
0.041075044275203254
0.05131808796431869
0.06314540566313553
-0.026979190937709063
-0.0345243009069236
-0.05657915557094384
-0.03917548665776849
0.04295629279658897
0.021521943581319647
0.03930173131811898
0.006783011136576533
-0.12816572678639204
-0.16290497881709598
-0.096475264581386
-0.022295928803941933
0.03484952546932618
0.049385777179850265
-0.008638893801617087
0.002770105013041757
-0.06074274191632867
-0.07913769113656599
-0.008600214205216616
-0.06343664929227089
0.009475523736909963
-0.0249600884035317
0.02257388898578938
-0.01993988959293347
0.011055100127123296
0.006944624634343199
-0.06838171527488157
-0.04511543959961273
-0.01618014875566587
-0.03705217397509841
-0.03819838949129917
0.006351469413857558
0.029775068996059417
0.028620450935704866
-0.10015349289096775
-0.07114343724606442
-0.022111811631475575
0.027159669538377784
0.045589920304337284
0.038501945382449776
-0.03087417975621065
-0.050420056919392664
-0.03387535983347334
-0.037273596637533046
-0.009288880525446075
0.03183770662758434
0.02633646617141494
-0.03682431924971752
-0.0415415517600195
-0.013507149131328333
0.006949338756385259
-0.00848389544262318
-0.04010281022056006
-0.020545004186715232
-0.04414038662253006
-0.02793512498283235
0.007083624026563484
0.015118002767849248
-0.01871511886463395
-0.0475777218453004
-0.010774516096603293
0.015054890172905289
-0.027767305884481175
0.02766419704130385
-0.020185631707136054
-0.03882225669804029
-0.033075417686632136
-0.026497861646930687
0.017881040006614057
-0.06398401422484312
-0.0196739521343261
0.0025026395014720038
0.008260769267508294
-0.007009493856457993
0.004190737256067223
-0.0019871677259288845
-0.0303307209542254
-0.08578264799871249
-0.0970235682943894
-0.05834548105485737
-0.007063035362989467
-0.09488471772056073
0.04120730089198332
-0.020072040450031636
0.03299533235258423
0.03484111788566224
-0.06092415696912212
-0.0652706139953807
-0.0048272207777699805
-0.057218550122343004
0.05349889695935417
0.017418256433302304
0.04868824359436985
-0.020764750745001948
-0.07002751994878054
-0.026039424672489986
-0.02767367457272485
0.05173721045593993
-0.009655683890741784
-0.08614505689183716
-0.04021653573727235
-0.06944058160297573
0.0001547177271277178
0.03428629066729627
0.023779215203830972
-0.037095202900445656
0.008568873214244377
-0.048307796649623924
-0.06378542422316968
0.004722385623608716
-0.025537148601415538
0.007511891148624272
0.01796982512860268
-0.039938705473105074
-0.07355069546611048
-0.04930887496448122
-0.017634622936384403
0.002865786853362806
-0.01097275974098011
0.026220425360406807
-0.043252628587652
-0.03249403659719974
-0.03138632811169373
0.04737855454732198
0.047327357140602544
-0.012434607648174278
-0.038816900887468364
-0.033706158807035536
0.006018721622240264
-0.03144917076497222
-0.09377909114118665
-0.0789634029415538
-0.034712615713942796
0.023723720558336936
-0.015581956278765574
0.03588495640724432
0.013455072868964635
-0.03205078835890163
-0.0360377073957352
-0.0409905669366708
0.01965430532436585
-0.032507025101949694
-0.04413649603520753
-0.06121576495206682
0.0030099888681434095
-0.024217986639996525
-0.048057270561912446
-0.06775011393619934
-0.2254369877919089
0.014445767708821222
0.008130222791805863
0.14030241325963289
0.07949079192621866
0.014050710569790681
0.0008718350109120365
-0.07185914454748854
-0.1126735684229061
-0.1162316458649002
-0.053240766341332346
-0.03632146553718485
0.02398304495818593
0.05400598547930713
0.006539150235767011
-0.024061546748271212
-0.09065364774505724
-0.09228700603125617
-0.04312690847291378
0.009182741967379116
0.03258305442977871
0.040922597142525774
-0.023616068086994346
-0.027935494348639622
-0.0005131358993821777
0.008751683784794295
-0.04005428930395283
-0.07400073417375097
-0.0743465599080082
-0.014316433691419661
0.0027469745073176455
0.008003819582881988
0.013677224880041194
-0.048361293054767884
-0.05207095985861088
-0.08484058763133362
-0.008719185656445916
0.058787016590940766
-0.006787195088691078
0.06211659324100083
-0.023707079053565394
-0.022605232731848446
-0.08992196728650015
-0.06140672701803851
0.016155374818481505
0.015144794728257693
-0.03942894159263233
-0.01950453838071553
0.024728896227316
0.006009529196489893
-0.04669331747027172
-0.09585421698284335
-0.046315178740769625
-0.04319488967303187
0.09213428484508768
0.1375575775746256
0.11673736845841631
0.11681883028359152
0.011786375082010636
-0.039124725728470366
-0.0633713870192878
-0.09851943328976631
-0.07923194408795098
-0.04061755172369885
0.032066631553817615
0.06623528258569422
0.06976060592569411
0.01083155203377828
