0
0
46820
34720
31222
29616
26567
27060
35233
28799
32768
34293
29821
31127
29531
25553
22830
21261
40315
30505
28529
29605
29530
38639
27631
21987
21394
38420
32629
29215
30041
26019
26859
37629
99200
38426
38943
34412
26360
27616
25125
19717
30906
30769
32753
30510
31389
38904
33113
34039
35029
36157
29875
31518
24669
41703
29617
35430
36894
26218
29457
30270
24306
29485
33314
39870
31812
45870
41243
27579
99200
42211
29549
25917
30013
33129
35331
29712
30512
33598
33111
31416
35938
31321
28961
33714
31831
35435
41434
31412
43802
30011
37182
31601
32674
54310
47958
37412
33645
47515
42427
33508
37939
30514
25278
37021
99200
47813
40984
33078
33177
35655
30730
39892
40759
39831
39781
35311
32694
38621
39018
37707
37739
42973
32530
40689
42845
38259
37459
34503
42715
47207
41836
32110
47960
36036
41728
48709
51010
41836
36849
42457
36398
62425
39822
46025
44521
40613
40321
34254
45521
42222
53813
55913
51896
40834
43791
44069
49018
45320
40737
49011
51424
62117
52689
55310
47538
47628
54349
57362
57728
57256
57658
41436
50620
58120
52434
58691
67304
99200
62012
50595
55525
53225
45601
69106
68090
62626
74519
68029
61320
63922
65221
59729
69843
62227
56717
64012
56223
57895
60419
63912
65721
59009
63208
56913
69040
63372
56964
65197
69909
54537
66526
69281
74813
99200
66543
65920
71011
64926
70009
66607
80498
66729
65614
77402
76015
68536
65308
75807
63397
65562
75804
77505
70407
79004
69316
64908
61792
79403
77507
68107
71976
67828
77226
71711
72811
82005
59050
68961
90903
99200
92800
81128
76905
76808
88500
85120
65181
74346
67349
82102
71018
65916
74048
72210
74416
72816
78746
76941
68616
70315
74511
67827
76103
90801
91002
71460
72708
94902
88139
85435
82516
87125
75112
75605
83201
99200
92613
90801
86305
79519
84902
91304
79303
92900
79568
85719
83703
92708
83322
77129
84527
70731
79221
88302
90503
82805
86407
79904
79602
80315
86701
75711
81904
83931
88509
95800
83982
87505
82473
81708
92500
99200
74507
86001
91900
82404
70714
76308
81505
71617
69030
71027
67226
73306
82301
84904
82304
80210
78406
80809
75505
77304
75951
75524
80804
72919
77504
76703
78004
80022
87908
80606
83305
83731
80120
71720
90401
86610
66207
60617
59321
67407
70816
67412
72805
78307
69714
69263
72103
57364
61510
68013
64130
66351
61943
60213
60906
66915
64422
61916
60422
63306
60840
57321
60609
67111
68616
77804
82016
63110
46614
50507
84601
87209
35531
35910
39818
27323
35010
46231
48509
47214
38415
45136
41217
42521
42025
46426
47406
44431
51306
54615
42868
36212
41117
47111
42911
39244
38518
45948
48506
51112
43716
43912
39614
43718
44708
57406
73001
91604
46823
57207
45660
40448
51436
48609
48419
54533
47224
42918
50013
59307
52311
54546
49019
49511
51818
50052
52012
55412
51408
42617
47511
59204
56210
49906
44991
50406
48346
51806
54613
55913
46512
55020
71411
99200
60057
64834
61910
61106
72404
61711
55511
52309
53114
57819
57088
53916
58509
62306
70503
69007
53335
62226
62308
61409
62110
55013
54245
66967
52537
57105
53514
65528
57535
54223
56809
53408
52310
63418
82201
99200
78309
76713
72711
73002
60412
64510
66729
73604
73905
66004
58613
60809
66311
72305
55542
73309
74313
66811
64523
68411
73204
76004
69207
69118
65114
74909
78703
75413
72407
64722
81625
77805
71810
78403
85805
99200
96200
96600
94704
92901
96800
94920
92601
88202
87903
84508
84003
91101
95017
95302
93802
91006
90304
94201
93201
87212
90902
99200
99200
96000
93900
96300
92700
95500
96700
92602
89703
90196
95401
90802
94000
99200
89606
86302
93605
95302
92500
92801
90203
90013
91100
86703
88303
92500
96100
95113
95902
99200
91807
91601
93103
95801
99200
99200
92604
93901
97200
92601
92401
96603
94204
83315
88304
94907
99200
99200
99200
99200
99200
91618
90844
94900
91402
87802
88402
96500
91303
86105
92903
99200
99200
99200
85063
79808
86105
99200
95101
90801
92724
94900
96000
96000
94400
85308
90604
96601
99200
88957
93408
96320
99200
93100
93800
95909
82108
80404
83206
90205
80008
78412
91003
83416
79307
75829
81006
93400
86401
85502
89801
90101
88302
83302
90301
79110
77808
83207
83103
78307
83803
82207
75207
77112
85311
93102
94800
86205
86803
85702
90207
95105
93705
99200
96100
85821
82622
90703
97500
91801
93001
93501
84005
87709
88824
92416
94600
92380
94200
89702
88203
91401
86502
89402
96100
93206
86408
82207
81212
85405
96700
94700
92101
92301
95401
94400
94600
99200
94414
95801
91801
84802
89003
96401
99200
99200
90101
87105
93303
95301
99200
95201
92803
96400
99200
99200
95067
91499
94301
92302
94300
92801
94203
94109
99200
94201
92510
97100
97900
99200
99200
99200
99200
99200
99200
99200
99200
99200
99200
99200
96200
92208
94305
99200
96337
93405
97300
99200
94702
93602
97600
94001
96201
95402
95601
95400
96500
99200
96400
88007
88706
96600
99200
91701
93601
99200
96805
99200
99200
99200
99200
99200
99200
99200
99200
99200
99200
96701
99200
99200
95801
93907
95501
91002
96000
99200
94800
95201
99200
97001
87814
93119
99200
99200
99200
96800
97400
99200
94701
90443
88928
87902
88704
95802
99200
99200
92300
87701
92700
99200
96401
87615
92803
99200
99200
96300
97301
99200
99200
99200
99200
96101
96300
85809
85713
96700
96500
96801
95700
96400
95400
95401
99200
96600
96401
96200
96800
96400
96200
96901
96201
99200
99200
99200
99200
99200
99200
99200
99200
99200
99200
96100
94301
97700
99200
97100
97700
99200
99200
99200
99200
99200
99200
99200
99200
99200
99200
99200
99200
99200
95800
96901
95400
96001
99200
99200
99200
99200
95500
92802
96700
90601
94200
99200
99200
99200
99200
99200
91816
88911
87805
92306
96800
97500
99200
95602
92806
96001
95100
94103
97302
92002
93103
96200
92902
95103
99200
90900
86606
93906
99200
99200
99200
91520
81005
80606
81418
84504
85503
76834
80317
81806
77636
77113
79611
80311
80616
81145
84203
84003
82706
87705
78003
83404
88803
83513
73952
83424
84515
79405
83102
86114
90201
94202
94600
93604
88913
80807
86002
94602
77214
73536
83208
77327
72833
74307
74507
70621
70621
79910
77007
74523
71923
68017
77020
74646
78427
78106
72896
66727
74712
80706
70806
72809
78812
74709
81904
89007
75330
76318
85318
78804
68531
71108
77022
92013
86703
90001
82508
86706
84828
84309
87608
85206
86406
84019
88105
91801
92700
85405
85208
91606
88305
86103
84505
86814
86925
90503
83103
89623
99200
92305
90201
84914
82709
86003
87401
86405
90301
85619
86303
99200
91407
90200
91205
93501
83438
82919
83806
85505
87607
91001
83004
81416
85506
81013
80309
86308
87405
88911
80817
77511
85812
95603
89734
90036
90927
84820
85012
89704
87900
88804
89505
88717
85671
84509
86305
99200
99200
99200
97401
97300
97602
99200
97405
97426
99200
97200
97403
99200
99200
99200
97100
97400
99200
99200
99200
97200
97204
97100
97300
97100
97300
99200
95711
99200
99200
99200
95500
95803
99200
99200
99200
95900
96707
99200
99200
96705
96716
99200
99200
99200
99200
99200
99200
99200
99200
99200
99200
96000
96213
96400
96911
99200
99200
99200
99200
99200
95800
96409
99200
99200
99200
95004
96207
97102
99200
99200
99200
99200
99200
99200
99200
99200
97300
97501
97000
97201
99200
97300
97411
97502
97406
99200
99200
99200
97700
99200
99200
94602
97009
99200
97204
94804
99200
97104
99200
94602
95504
99200
99200
99200
97400
99200
99200
99200
99200
99200
99200
99200
99200
98100
99200
99200
99200
99200
99200
99200
99200
97200
97200
99200
99200
99200
99200
99200
99200
99200
99200
94304
95191
99200
99200
99200
99200
99200
99200
99200
99200
99200
99200
99200
96500
97100
96802
99200
99200
99200
99200
99200
99200
94000
96612
99200
97200
94037
96500
99200
96700
96600
97200
97007
99200
99200
94000
99200
99200
99200
92403
99200
96500
91001
99200
90606
99200
99200
99200
99200
95104
97345
99200
99200
99200
99200
99200
99200
99200
99200
96201
99200
99200
99200
99200
99200
99200
99200
96300
99200
99200
99200
96200
99200
99200
96300
99200
99200
96130
95701
96100
99200
99200
99200
99200
99200
99200
99200
96901
97104
99200
96607
99200
99200
96700
99200
97000
99200
96900
99200
99200
99200
97300
99200
99200
99200
99200
99200
99200
99200
99200
97106
99200
99200
99200
99200
99200
99200
99200
99200
99200
99200
99200
99200
99200
99200
99200
96714
97300
99200
99200
99200
99200
99200
99200
99200
99200
99200
99200
99200
99200
97300
99200
99200
99200
99200
96700
99200
99200
99200
99200
99200
99200
99200
99200
96800
97700
99200
99200
99200
99200
99200
99200
99200
99200
99200
99200
99200
99200
99200
99200
99200
99200
99200
99200
99200
99200
99200
99200
99200
99200
99200
99200
99200
99200
99200
99200
99200
99200
99200
99200
99200
99200
99200
99200
99200
99200
99200
99200
99200
99200
99200
99200
99200
99200
99200
99200
99200
99200
99200
97200
99200
99200
99200
95600
99200
99200
99200
99200
99200
99200
96400
99200
95202
99200
99200
99200
99200
97000
99200
94001
99200
96100
95810
94005
93402
89902
93808
90501
95500
93304
95800
92308
92800
90502
93701
88102
97001
88103
94201
93300
96400
97702
97200
95404
91205
95900
94426
99200
95501
95600
94800
95700
91501
96701
99200
96103
90731
86904
91706
93900
93019
91404
89729
83303
91000
90204
90303
90922
89106
90612
92104
87819
81631
86605
85903
85707
82282
84401
89404
87002
92615
86704
88002
85734
92800
87932
86903
86916
89301
88002
99200
94401
94800
92147
92602
98300
99200
93116
95101
95600
95300
95126
90102
92601
94703
98300
94403
93331
92906
95303
95800
98400
96803
92806
94504
99200
98500
96500
94003
96800
94403
99200
95301
83509
89803
96200
99200
96900
94902
95400
95405
95300
96400
95201
95401
96600
99200
96704
97000
94105
97700
97500
95500
99200
94704
92601
96900
93303
93602
93201
96301
96000
96200
94103
96500
94502
94400
94900
94100
96500
93803
94504
99200
99200
99200
99200
99200
99200
99200
99200
99200
99200
99200
99200
99200
99200
99200
99200
99200
99200
99200
99200
99200
99200
99200
99200
99200
99200
99200
99200
99200
99200
99200
99200
99200
99200
99200
99200
99200
99200
99200
97700
96101
97600
97000
97700
94411
99200
99200
99200
99200
97700
98403
99200
99200
99200
99200
99200
97300
97500
99200
99200
97300
96600
97301
97500
99200
99200
99200
99200
97300
97200
97703
98202
99200
99200
99200
99200
99200
99200
99200
99200
99200
99200
99200
99200
99200
99200
99200
99200
99200
99200
99200
99200
99200
99200
99200
99200
99200
99200
99200
99200
99200
99200
99200
99200
99200
99200
99200
99200
99200
99200
99200
99200
99200
99200
99200
99200
99200
99200
99200
99200
99200
99200
99200
99200
99200
99200
99200
99200
99200
99200
99200
99200
99200
99200
99200
99200
99200
99200
99200
99200
99200
99200
99200
99200
97807
99200
94105
89011
97503
99200
99200
97404
94300
96300
99200
96801
99200
97100
99200
95105
99200
99200
99200
97300
99200
99200
95402
95700
99200
99200
99200
96904
93904
92301
99200
99200
99200
99200
99200
99200
97302
97300
99200
99200
99200
99200
99200
99200
99200
99200
99200
99200
99200
99200
99200
99200
99200
97007
97101
99200
99200
99200
99200
99200
99200
99200
99200
99200
99200
99200
99200
99200
99200
99200
99200
99200
97606
97901
99200
99200
99200
99200
99200
99200
97200
96203
97900
99200
98003
99200
96202
96500
97502
97300
97900
97900
99200
99200
97700
99200
99200
99200
99200
99200
94810
96400
99200
99200
99200
99200
97201
99200
99200
99200
96000
96300
99200
99200
99200
99200
99200
99200
99200
99200
99200
96302
96100
99200
99200
99200
99200
99200
99200
96403
99200
97908
97700
99200
95901
96200
99200
99200
99200
99200
97600
97600
99200
99200
99200
99200
99200
99200
99200
99200
99200
99200
99200
99200
99200
99200
99200
99200
99200
99200
99200
99200
99200
99200
99200
99200
99200
99200
99200
99200
99200
99200
99200
99200
99200
99200
99200
99200
99200
99200
99200
99200
99200
99200
99200
99200
99200
99200
99200
99200
99200
99200
99200
99200
99200
99200
99200
99200
99200
99200
99200
99200
99200
99200
99200
99200
99200
99200
99200
99200
99200
99200
99200
99200
99200
99200
99200
99200
99200
99200
99200
99200
99200
99200
99200
99200
99200
99200
99200
99200
99200
99200
99200
99200
99200
99200
99200
99200
99200
99200
99200
99200
99200
99200
99200
99200
99200
99200
99200
99200
99200
99200
99200
99200
99200
99200
99200
99200
99200
99200
99200
99200
99200
99200
99200
99200
99200
99200
99200
99200
99200
99200
99200
99200
99200
99200
99200
99200
99200
99200
99200
99200
99200
99200
99200
99200
99200
99200
94802
92404
93800
96000
95900
91803
93001
96403
96509
96101
96800
91903
97201
92306
94201
92503
93100
93207
93606
93800
92519
97501
99200
99200
93830
94601
99200
94406
96400
95502
98000
92302
91002
97000
97000
99200
99200
99200
99200
97205
97801
99200
95100
93703
97600
94802
95401
93811
93802
97700
97400
99200
95106
95901
97401
99200
95497
99200
95521
95902
99200
99200
97401
93701
93600
97300
97501
97500
99200
99200
99200
99200
94901
92800
90519
90803
90602
90301
93700
90405
90003
90301
89305
92500
92300
92800
92800
92901
96200
91302
87713
91801
89601
90900
90001
89801
92900
93401
93400
88901
89301
95800
90501
90100
91000
88104
88903
99200
90203
88504
87507
95001
90007
83206
86803
88120
86809
88103
89006
82606
87304
89716
87606
83910
86216
90205
87701
83904
85111
90509
90901
88902
83659
83507
90006
81896
81208
89702
86505
86869
86504
85307
94101
99200
94302
93004
95800
97600
92413
93001
99200
99200
96300
96500
97812
97600
97800
99200
99200
99200
97404
99200
96301
94206
94503
96801
99200
99200
96821
99200
99200
99200
99200
97300
97700
99200
97900
96502
99200
99200
99200
99200
99200
99200
99200
99200
99200
99200
99200
99200
99200
99200
99200
99200
99200
99200
99200
99200
99200
99200
99200
99200
99200
99200
99200
99200
99200
99200
99200
99200
99200
99200
99200
99200
99200
99200
99200
99200
99200
99200
99200
99200
99200
99200
99200
99200
99200
99200
99200
99200
99200
99200
99200
99200
99200
99200
99200
99200
99200
99200
99200
99200
99200
99200
99200
99200
99200
99200
99200
99200
99200
99200
99200
99200
99200
96103
99200
99200
99200
99200
99200
99200
95900
92501
95401
99200
99200
99200
95900
95400
96100
99200
99200
96000
95901
99200
99200
95900
95900
99200
99200
99200
96100
95600
96100
96004
96101
99200
97200
97800
99200
99200
99200
99200
97504
97801
99200
99200
99200
99200
99200
99200
99200
99200
99200
99200
99200
99200
99200
96613
96903
99200
99200
99200
99200
99200
99200
99200
99200
99200
99200
99200
99200
99200
99200
99200
99200
99200
96700
97300
99200
99200
99200
99200
97106
99200
99200
99200
99200
99200
99200
99200
99200
99200
99200
99200
99200
99200
99200
99200
99200
99200
99200
99200
99200
99200
99200
99200
99200
99200
99200
99200
99200
99200
99200
99200
99200
99200
99200
99200
99200
99200
99200
99200
99200
99200
99200
99200
99200
99200
99200
99200
99200
99200
99200
99200
99200
99200
99200
99200
99200
99200
99200
99200
99200
99200
99200
99200
99200
99200
99200
99200
99200
99200
99200
99200
99200
99200
99200
99200
99200
99200
97200
97100
97800
99200
99200
99200
99200
99200
99200
97300
97300
97600
99200
99200
99200
99200
99200
99200
99200
99200
97200
94202
95600
94203
93905
96100
96300
96300
96205
96000
96401
91127
91706
93601
94303
96200
94302
94306
94103
93600
94600
96101
97700
95701
96800
94201
94706
99200
99200
96300
93902
94402
95800
96400
93900
99200
95103
92209
89511
86419
93102
95200
91818
87617
87415
88802
89303
92101
92022
91720
92408
90705
88905
91603
88102
88604
91702
88503
89504
94600
95100
92901
91304
89902
91901
94800
93702
91912
89616
90708
96303
99200
98100
95100
95301
98200
96700
92002
94101
98100
98200
93601
93701
92809
96800
97900
93704
94204
93400
91802
91605
93500
91710
95609
98000
93702
94104
98100
98200
98200
98200
93700
94701
93900
94502
98200
98200
99200
96203
93502
94301
90638
84614
82611
90105
95300
95001
94900
95200
92605
94006
91906
93102
95400
94000
92501
94001
94900
93702
93902
94201
93301
91503
93501
94600
93800
91705
94305
95400
94307
92504
93401
91805
99200
99200
99200
99200
99200
99200
99200
99200
99200
99200
99200
95401
95504
99200
99200
99200
99200
99200
99200
99200
99200
99200
99200
99200
99200
99200
99200
99200
95009
95611
99200
99200
99200
99200
99200
99200
99200
99200
99200
95800
96003
99200
97202
95404
97200
99200
99200
99200
99200
94001
94301
97410
99200
99200
99200
99200
97700
97304
95902
96209
99200
99200
97200
97400
99200
99200
97332
97812
99200
99200
99200
99200
99200
99200
99200
99200
99200
99200
99200
99200
99200
97200
97300
99200
99200
99200
99200
99200
99200
99200
97100
97202
99200
99200
99200
99200
99200
99200
99200
99200
99200
99200
99200
99200
99200
99200
99200
99200
99200
99200
99200
99200
99200
99200
99200
99200
99200
99200
99200
99200
99200
99200
99200
99200
99200
99200
99200
99200
99200
99200
99200
99200
99200
99200
99200
99200
99200
99200
99200
99200
99200
99200
99200
99200
99200
99200
99200
99200
99200
99200
99200
99200
99200
99200
99200
99200
99200
99200
99200
99200
99200
99200
99200
99200
99200
99200
99200
99200
99200
99200
99200
99200
99200
99200
99200
99200
99200
99200
99200
99200
99200
99200
99200
99200
99200
99200
99200
99200
99200
99200
99200
99200
99200
99200
99200
99200
99200
99200
99200
99200
99200
99200
99200
99200
99200
99200
99200
99200
99200
99200
99200
99200
97009
97513
99200
99200
99200
99200
99200
99200
99200
99200
99200
99200
99200
99200
99200
99200
99200
99200
99200
97309
96800
96903
99200
99200
99200
99200
99200
99200
99200
99200
96300
96701
99200
99200
96512
97107
99200
99200
99200
99200
99200
99200
99200
99200
99200
99200
99200
99200
99200
99200
99200
99200
99200
99200
99200
99200
99200
99200
99200
99200
97704
99200
97500
99200
99200
99200
99200
99200
99200
99200
99200
99200
99200
99200
99200
99200
99200
99200
99200
99200
99200
99200
99200
99200
99200
99200
99200
99200
99200
99200
99200
99200
99200
99200
99200
99200
99200
99200
99200
99200
99200
99200
99200
99200
99200
99200
99200
99200
99200
99200
99200
99200
99200
99200
99200
99200
99200
99200
99200
99200
99200
99200
99200
99200
99200
99200
99200
99200
99200
99200
99200
99200
99200
99200
99200
99200
99200
99200
99200
99200
99200
99200
99200
99200
99200
99200
99200
99200
99200
99200
99200
99200
99200
99200
99200
99200
99200
99200
99200
99200
99200
99200
99200
99200
99200
99200
99200
99200
99200
99200
99200
99200
99200
99200
99200
99200
99200
99200
96900
99200
99200
99200
99200
99200
99200
99200
99200
99200
96001
97311
99200
99200
99200
99200
99200
99200
99200
