0
0
29767
28477
26244
30467
27361
31741
27510
29155
25327
30705
27352
29115
29244
27436
26836
29686
27740
30463
23965
28043
28590
27147
24978
29134
31269
27131
31233
30308
30940
29468
26580
29618
30317
30070
28373
28776
29669
27746
27803
30341
31537
28479
31640
31201
32434
32567
33417
26791
32832
32799
32632
26496
27052
31819
30990
32986
25285
33772
29432
35095
34279
36196
30585
27995
35678
28441
35094
36076
35785
35413
30492
28363
29708
31833
30366
35149
37404
36450
36705
23786
29243
27394
31565
27415
27056
34873
36256
28571
38881
35934
38334
38518
40150
40631
38147
28060
35254
38889
39100
38629
38872
29688
35574
38446
37658
29079
26944
36392
31918
35918
37925
37187
28041
34423
35972
29768
33431
29156
29989
36274
36640
37330
35811
37430
30996
37489
29141
34296
37330
37195
38174
27961
36213
34995
29672
34744
36909
35703
32107
26982
25793
33626
30995
27268
29885
24731
35446
36887
26088
34149
27568
28073
34291
35505
37176
30413
26477
37915
38787
38720
40499
41665
42148
41233
28995
37992
39930
41652
41588
30783
33043
31188
26294
26781
38430
38439
27410
37118
41701
27459
27727
38036
27841
27395
38882
31332
40407
28446
30003
28290
40348
39628
27483
40028
26390
39604
41044
48375
42050
40106
41844
41692
41880
26230
41653
42086
41862
41532
40801
40763
30998
27079
41643
43300
44198
34506
42966
29146
44211
45043
28629
43176
43468
32725
40253
42663
28325
41483
28415
39473
30118
28838
27076
31554
42044
28203
26796
43598
42855
44668
44147
43308
43158
42577
29127
26601
42708
43253
28900
40448
41984
42813
40334
40412
28600
31423
37764
39830
43871
41640
42232
44432
44121
29836
41933
43745
44437
29519
39421
41915
29788
32500
42350
29951
28985
40543
44284
43994
29042
42558
31633
40118
41132
40227
40175
29803
42669
41938
28130
43049
43718
30521
29984
28559
42857
43914
30481
43495
28812
41592
44505
44142
44500
44224
45025
29264
42765
42935
44908
44492
29888
26603
31971
29213
29857
41418
43474
45130
41688
44397
31614
41338
43165
44811
45519
45455
29226
32683
27406
40181
40571
41462
30070
26144
27117
42429
44290
45656
28437
28623
44479
26437
42152
42546
34320
40789
40728
29136
26185
42889
41890
46053
43534
45394
30049
43566
40271
30029
26371
41311
27626
29610
39866
28147
29105
44640
30539
43000
41726
41938
42818
30383
37691
28530
38725
40894
29272
42686
42070
42704
32966
41953
43026
42267
44890
45728
44912
43626
43046
29008
41170
29804
40272
44115
44492
33436
28775
43639
49570
31000
28572
43381
31381
41832
42791
30175
27396
29860
42852
43731
44405
45410
44485
44928
30212
41676
26479
24832
29398
42267
29633
38296
43338
43567
45684
28967
30081
28514
27557
40083
39286
39474
39831
32494
38716
39745
26809
27868
28823
40143
43188
33027
42842
43038
43692
27550
29017
40543
41449
30302
43525
28660
42923
28341
40773
41412
42339
43183
43137
43836
44328
43611
42975
30654
41566
27624
38126
28123
29448
43542
43237
42231
42738
25764
30492
41461
30111
42074
43454
44285
43128
43557
43991
28115
42279
43741
28969
40933
40668
43524
26371
40950
28557
40845
41517
43006
43086
25736
42423
26925
25904
40264
27672
40970
42459
43318
44065
44190
31215
42089
42388
27074
44098
26084
41115
43002
42322
44296
43642
44315
43430
29396
25444
25849
38857
38906
30092
39996
27684
30320
41433
31105
28193
42229
43164
43795
43461
26868
42385
42181
29668
30589
41237
41504
26249
39854
43388
43483
42533
41833
41674
41730
30633
27684
41180
43825
43819
43802
43965
43858
30471
42731
44141
42245
41071
40819
42445
28871
40647
28657
46246
27529
29988
41586
43777
44754
43042
31575
40938
40647
41872
42976
32311
43165
31088
42770
44187
45063
44492
28985
27846
35818
39066
42283
44503
28471
42771
41789
41031
48987
42077
26917
42263
41510
42737
43273
43189
26043
41079
28083
36179
29210
25481
42528
42271
44919
43505
43481
45200
42227
41504
41566
40594
40286
39999
27779
38608
35862
38150
40141
39045
40247
25254
39829
41504
42678
43093
41677
29338
40458
43179
42265
42451
41902
28734
42014
45418
43423
44252
43806
23921
41252
40011
42265
44358
28757
44570
44581
44267
44837
44636
44616
42724
32673
40912
42932
42826
41244
41139
39682
40232
39571
40511
39682
39142
40909
39309
43097
43104
44207
43415
41129
42199
42122
42123
40540
41728
42383
44208
28774
39796
42504
43051
24176
40041
41612
43229
41403
41933
41242
39122
38707
39532
39844
36242
34946
39341
37274
29228
37271
27995
37306
38777
42182
42544
42622
42739
42880
43133
42778
44405
44855
43216
41950
41011
39012
38601
24352
38657
41472
42030
42647
43489
42345
41737
29810
28644
38069
37811
24584
26551
24006
36484
43821
42515
41393
24023
39091
40443
40779
41845
42323
42150
40354
40630
39747
28669
36988
40110
40276
41535
40135
40257
41253
41193
40939
40470
42003
41415
28516
27703
39493
40496
27215
39970
40269
38312
41392
40566
41787
42925
43652
43072
41487
27690
39831
39727
25509
27878
41086
28017
43074
43108
43587
45156
43656
43105
43904
42587
43512
49202
41404
38377
39103
39759
39200
39204
40350
29304
41738
40835
26103
42084
40579
40468
41986
44133
42764
41438
41616
39995
28562
36439
38851
29056
26801
39154
36411
37701
44591
43311
43088
42505
44160
39313
38779
38825
41027
26767
39222
39809
39756
40420
41856
42787
27015
39430
24946
40423
39982
40910
42463
41552
42636
42384
41820
41103
28933
39306
39687
41770
42206
42209
44701
44989
27096
41003
40269
41505
41700
43384
43675
45442
45647
44469
42776
25162
36450
27404
37906
39550
41559
42912
40181
39694
39290
40482
42197
42015
42266
40945
26960
38698
41067
40202
40595
40032
40632
41720
43305
43699
43695
26652
41797
40450
41716
42193
42654
28480
38880
41283
40767
39531
27646
38827
39340
38131
37840
37653
39073
38743
37973
39303
38800
39912
39656
29092
37524
23205
35747
35715
25791
33942
37997
26473
38435
40796
36866
39590
39856
41272
42933
41583
42571
43009
42604
42050
42343
33777
36849
30167
39436
39843
38505
37299
41438
43402
44221
35238
26792
34799
41718
38792
37696
40737
41243
32963
36163
43231
33470
37737
40418
43001
40703
43458
42077
41830
41028
32032
36570
41339
40851
37603
41746
41464
42329
42939
33929
37392
42220
43291
41746
40744
34366
39986
39823
41072
40504
41658
40699
40614
48674
42550
39736
39746
42151
42125
34355
25930
28971
39743
37727
37220
37658
40877
42341
42536
42459
41213
40721
40862
41023
42725
43359
43216
34596
38101
42268
41406
41952
41601
42172
40493
39768
40203
40825
39720
37989
40447
40989
40905
40426
43336
43925
34059
37140
39006
39624
42195
44431
43894
43977
43630
44422
33548
37173
40672
31048
27698
40743
40063
37136
38893
43774
43679
28153
39460
42932
42435
40905
42277
31737
26817
41065
37954
39911
40048
28550
39017
37242
39705
43719
44105
43696
44382
43363
43310
43264
41887
41649
42389
41752
42491
42680
41834
42942
41632
41497
42432
42267
40833
40382
27357
32854
35748
37044
40020
41078
40529
41790
41404
42565
41643
41054
42238
42471
42018
41702
39837
38972
39137
39759
38949
24270
32456
41298
38941
40503
38645
23638
38799
38189
39662
38860
40289
40039
41915
25881
24472
37623
40576
37999
39721
39548
39989
41967
41963
42313
40872
38434
37295
26919
36290
39907
42098
40958
41242
39164
38667
39822
41173
41507
42033
28813
39229
39673
37633
39824
41359
29628
40550
40818
42280
42056
44165
42695
43853
41801
42063
43079
42897
41095
41493
40521
41540
42409
40423
39814
40997
40453
41065
41427
42304
40579
42184
42441
43787
44232
43178
43050
44183
50096
44761
42996
43611
44701
43650
43787
27324
43358
37693
38677
44744
39882
40076
38481
38273
40202
40549
41501
40710
40384
40284
38887
39495
39803
42907
43725
43001
43486
43203
42086
42074
43490
41959
40869
42223
42180
42159
44423
46191
43447
42407
44982
44113
41721
41270
41649
41242
22438
37845
38385
39402
40255
39334
39361
38193
25257
36668
37125
37640
40400
41111
42587
43745
43712
42689
43747
25265
39236
39618
36671
43323
43732
41926
39954
40048
42509
44092
42868
41964
41752
40423
40381
42525
41550
42608
42145
43924
43844
42697
41542
41749
41392
41220
42572
43110
43165
44653
43482
43711
42779
43675
44113
45081
45481
44218
44661
44052
43787
43076
42333
43661
43944
44166
43078
42341
43913
43442
42184
41678
42088
42247
41411
41278
42688
42703
42337
41735
42316
43237
44576
43735
44178
45132
45031
42441
42209
42498
44129
42708
43502
26259
40076
40989
39521
43580
45442
43992
43764
44121
42685
42128
40208
40031
39879
40977
40502
40181
42679
43407
42839
43363
44155
43443
24612
38516
39851
38524
42314
43111
25822
42462
44317
43705
44144
44302
43336
40554
40487
40966
40694
39234
39255
39900
42243
42578
41115
42540
41508
42442
43342
44627
43600
43055
43253
43055
41492
41570
41902
42291
43186
50028
43934
42337
40568
41051
40133
38107
38079
39799
40019
40676
42027
42374
40095
27130
38685
29083
32950
33733
28544
23663
34883
36697
34194
39969
39276
38516
37220
39878
37791
38887
38821
36598
38807
38264
38183
37832
37433
36230
39174
38697
37406
38667
39078
40725
37929
39031
24076
41155
40354
38939
43252
43298
41567
42716
42654
39880
41532
40807
40350
39735
37077
37567
39400
40292
39096
40681
41074
41036
41636
41887
43048
42884
41612
42119
42489
41771
41710
41446
39552
39667
37795
37644
37727
40359
41503
41406
42954
41509
41154
41601
43267
43583
41305
40426
39344
39284
39406
39689
39243
38228
40107
40039
39891
39887
28303
40204
39683
41072
41970
41303
41882
42333
23044
41019
40741
40545
41736
42276
41715
42410
42375
41807
41496
40139
40194
39585
39452
38364
25808
35085
34093
37497
39982
42617
27108
37936
24255
31694
28363
28352
37659
40185
41606
42055
41432
41720
42344
41611
43353
41188
41262
42386
41402
42280
42011
40838
26149
38898
40850
36129
37922
41215
41536
42110
41749
26558
38616
36742
37760
39361
40827
38937
38492
37839
38889
38583
23290
38198
34076
34939
40658
38371
38794
42037
41212
41619
40573
42341
39691
39522
38017
37700
39652
39182
39323
39707
26869
39081
30431
31416
48582
41366
38108
40190
40958
41258
43090
43453
43849
43304
43405
43517
41355
40555
42710
42309
40344
39293
24489
39903
36813
38389
39417
37612
42950
26335
42607
36457
36896
40019
39085
41210
39585
39397
39044
41378
41897
40669
40288
42023
41286
40840
39120
37828
33871
34774
35738
37232
37397
35788
40236
39308
37432
36746
37979
37132
35297
36268
38583
39745
34463
38956
41222
40500
40529
38959
39696
38661
37599
38107
39131
23772
36606
31123
28738
38976
37819
38896
40488
39131
38889
38193
38507
40988
41337
39314
40477
37585
38503
25181
32026
32370
32047
32611
35289
36087
35190
36252
38694
37976
39298
39179
38734
38914
24112
24024
40253
35602
37974
37723
38765
39883
38911
39870
20190
36881
37272
27166
36511
37434
38759
39281
39967
38281
38632
38745
38800
39272
40670
40604
39598
23409
22702
35219
38032
38317
37180
36795
37178
37771
38875
40796
40851
39344
39883
39279
39206
38814
37624
38808
38526
38871
39248
38031
35089
34059
34616
36577
33555
33436
33143
33547
34418
35486
34765
34286
35883
35057
36212
35035
33813
38440
38539
37329
36666
36293
36544
35136
37258
38061
36432
34916
37477
34384
38299
36977
34596
37760
38732
40153
38713
41085
40608
40356
40039
40056
38019
37441
37765
37355
37687
47916
40805
38371
37854
37027
36984
37615
40021
42805
41945
41644
41227
40095
39282
40470
40232
36095
36761
35810
38871
40405
40725
41631
38018
38190
38489
36071
37541
38842
39426
41398
39012
26011
38029
35804
36574
40162
40938
40167
27774
39954
40396
39414
38537
22348
37812
39800
40964
41528
42559
41320
40936
39561
40850
41013
39045
38966
38181
37873
36829
35741
37168
37290
37386
38083
39097
25167
38693
39741
41872
43454
41615
40876
40284
39598
38381
40556
40906
42174
42466
40360
42136
40877
41523
40517
42633
40213
40389
39932
41797
39068
37361
37996
39248
37623
38609
37997
35424
35704
34633
34507
34703
35828
36107
35589
34810
35891
35955
37002
36450
38126
38488
42036
42141
42206
40961
41489
41882
40172
39357
38412
39480
39129
40395
41596
42088
43578
43489
42410
42185
24458
39997
38456
42055
41105
41547
41957
41418
41367
40201
38802
38659
40024
38225
38598
39548
39632
38330
40334
39643
38728
39078
40274
41752
40425
26160
37501
39569
42622
40556
40564
39558
41285
41956
39829
38383
39547
39788
39472
39511
36366
37145
37748
37558
38226
39073
39296
40143
39980
40551
41579
41772
42548
42424
42022
40841
42103
41608
41698
39247
38618
37333
38202
38020
36321
39377
40844
38566
39085
40101
41922
49496
43295
39003
42709
42548
42711
43161
44338
42623
43586
40701
40623
40120
40919
41105
41006
40272
40766
40781
41704
41661
39074
38362
35569
38228
37225
37928
40765
40896
43582
42528
39663
39103
39270
39328
38068
37119
38372
38768
43007
42535
40642
40289
38989
38054
38029
36501
38321
41931
42888
42929
41873
42308
41271
41356
41452
41870
42875
43471
42198
41144
41705
42269
42805
43225
42115
41470
40743
39269
38460
38525
40733
42655
43627
43186
43628
44967
43611
43498
42543
42603
41704
41889
40355
40861
40322
42932
42967
44099
43419
43265
43145
41287
41956
41186
39923
41023
39445
39699
39770
40844
41185
41047
41925
41295
42002
41164
41440
39668
39199
38788
38867
39345
40266
41132
40948
39950
40696
34344
34737
42196
41095
38608
39461
40050
40238
42191
41020
41980
43275
40294
41224
37889
38268
36605
40003
41543
33716
36291
37974
40605
39194
38564
39652
37402
39238
38779
40045
39951
41347
42585
42865
43354
42118
41453
41786
42685
40886
39460
40165
42741
41669
41251
41328
41064
39168
39413
40215
41025
43952
44445
41958
28917
35527
37497
37473
40113
41536
40940
41341
42647
42480
40178
41753
42273
42464
41823
41886
40587
39750
38820
41573
43443
44130
42379
39892
39296
39302
39683
41991
50242
50246
44773
43745
43684
43879
43674
41628
39394
40210
39335
40660
40201
40931
38182
38940
38459
39294
41866
42129
41054
41158
42452
41340
40470
40569
40447
42146
43604
42594
43274
41743
43561
42751
42753
43595
43863
43981
44935
44726
44097
44096
44711
44390
45000
43184
42793
42699
43787
42271
42022
41237
40610
40534
42179
39939
39048
39858
39941
41734
43138
44240
44356
44852
45169
45420
44414
45175
44095
43565
43801
44554
46503
46023
44504
44266
42650
43545
43261
42508
41814
41704
40789
39943
39967
39151
39172
39089
38257
41540
42343
45168
44776
44706
44210
43024
42337
41216
40249
42151
43725
43773
43157
42999
42329
42941
40916
39993
39578
40179
42632
42303
42890
42258
40698
40981
39293
38230
38937
40437
41664
42727
42560
42945
42856
40107
39922
38967
38698
40177
40972
41820
43111
44594
44921
43611
42663
42933
42673
42081
42551
42201
41229
40696
39710
40021
40800
39949
36334
36527
34997
35875
37713
38631
40628
41137
41192
41181
39982
40255
40057
39886
40155
40614
41017
40236
38866
41737
42221
40865
39951
40337
41654
43468
43818
43088
42286
42856
42373
43068
43092
41095
40204
40812
38676
26122
37059
36684
34937
41852
44003
44752
42929
42241
42122
44020
44006
42456
42205
43738
45258
49704
46008
42540
43718
44022
44629
44360
43559
44486
44365
45397
44421
45202
43704
44419
44258
45294
45939
44175
44560
42985
41520
41167
41560
40942
39428
40150
39162
40704
41043
42708
44536
42563
43225
43570
42264
42870
44135
45283
45511
45621
45004
43293
43376
41260
41403
41403
41458
42058
42470
42880
43321
44144
43994
43786
41016
42296
40362
39145
39680
41442
43669
44216
43915
44226
43651
44435
44232
40684
42953
43445
44018
44810
44078
43147
40465
39827
39526
40620
39805
39718
40956
41125
41656
41503
42451
40784
40296
41980
42246
42102
40569
40575
40703
39297
38262
38075
40582
41631
42709
43741
44419
44442
43424
43280
44123
43231
42305
43203
42058
42257
43511
43927
44981
44363
43162
43703
44391
43339
43509
43492
43144
42184
42393
41653
41944
43727
41121
40671
42915
42721
42332
41822
42367
39880
40301
40573
41114
41988
43391
43333
43796
43995
43506
42319
43090
41932
41581
41515
40120
40641
41090
40432
40325
41218
41515
40908
40090
41203
41422
42579
44661
42983
42034
42299
41332
40834
38542
37451
36911
38776
38625
39652
41960
44145
42840
42320
42956
41636
41059
40619
39941
39063
38642
38964
40172
40155
40380
41205
42638
43363
45044
44131
44053
44502
43289
44778
43994
43518
42941
42867
49169
44670
42648
40110
42187
43187
44867
44931
42185
42224
42289
42560
44014
44218
46072
45271
43891
43330
41941
43026
43254
42654
43467
42930
42563
42988
43876
43326
42452
43216
44637
43301
44793
46181
45977
44416
44578
41533
41083
40959
40759
42560
40892
40572
41052
42269
40024
41053
40817
40824
42452
42052
43121
41928
42167
42810
43694
44293
42839
43709
44360
44676
43253
44227
43183
42482
41474
39605
40601
40215
41808
41042
41075
43011
43830
44455
43240
41384
39811
40095
40511
40713
42174
44007
44501
42535
41548
40096
40035
39850
39428
39558
41542
41917
43711
44472
41844
41679
41398
40920
40433
39664
39402
39929
41665
41789
42022
41872
40278
40612
37128
37408
37340
40259
41632
43584
43997
43737
42876
41381
41166
43240
43305
43816
44105
43902
42520
42114
40803
39244
39287
40314
40873
41366
42719
43360
44205
43666
43258
42738
41502
41023
41425
41517
41672
41972
43096
42809
43665
44038
42684
42338
41303
41712
41810
41753
39418
40546
39389
39727
40963
41147
42211
42233
43402
43607
42273
40902
42505
43096
44141
43768
43523
42699
41749
41619
42040
43607
43516
43992
42624
44223
43339
42854
44018
43036
43217
43804
42442
40452
40828
42347
42266
44250
42749
41018
41635
41509
41380
42559
42691
48315
43604
41498
43920
44324
44077
43340
43203
42747
41877
41808
41790
42581
43421
43997
43548
43824
41872
42507
42487
42911
43057
43994
43221
41420
41672
44105
43833
42843
41437
42187
42501
42586
43102
43087
44044
43838
45122
45200
44732
44678
45077
43365
45665
45168
45550
44548
44243
43391
42520
42111
43390
42638
41393
41901
43505
43808
43182
41538
42324
42273
26743
40967
40152
43055
45957
46032
45181
44680
44497
45034
44707
43851
45162
44684
44202
44047
43520
43564
43701
43726
26037
41778
44039
45020
45240
46012
46135
45193
46816
45557
32683
43207
41461
43016
44069
42842
41197
41263
41527
42785
43245
43252
43459
43422
44018
44101
43504
42984
43303
42295
42071
42529
42832
42750
43051
42835
42677
43578
42224
42935
43494
44312
44696
44849
45502
45498
45886
45628
41854
41444
41483
40058
41783
40899
39433
40804
39735
39095
39904
39622
42164
42608
42914
44177
44212
43086
41307
41641
41440
43391
43951
44634
45342
45254
44996
45273
44779
43967
45119
43736
45908
44916
44332
44781
44032
43921
43542
40071
40021
40641
40408
41424
39426
38648
36197
36198
37650
39103
38927
39235
41823
42589
42772
42936
41153
39060
39690
40690
