None
None
None
None
None
None
None
None
None
None
None
None
None
None
None
None
None
None
None
None
None
None
None
None
None
None
None
None
None
None
None
None
None
None
None
2.7321455478668213
2.7919323444366455
2.8041927814483643
2.564882278442383
2.6768977642059326
2.342381000518799
2.3748738765716553
2.4785032272338867
2.4649205207824707
2.183337926864624
2.12331485748291
2.1707959175109863
2.3140010833740234
2.294813632965088
1.8951549530029297
2.212350606918335
1.8915623426437378
1.9916592836380005
1.9408260583877563
2.0123605728149414
1.9320847988128662
1.9860132932662964
1.8132089376449585
1.8594608306884766
1.8988547325134277
1.7837952375411987
4.936460018157959
4.472663879394531
4.099139213562012
3.7991154193878174
3.9225382804870605
3.498403310775757
3.065401077270508
3.154792547225952
2.7277333736419678
2.613649368286133
2.788404703140259
3.00111722946167
2.4464523792266846
2.51659893989563
2.321791648864746
2.1075634956359863
2.144918203353882
2.400444269180298
2.4921815395355225
2.0484426021575928
2.095034122467041
2.058779716491699
2.497072696685791
1.7851711511611938
1.875659704208374
1.7946149110794067
1.7585687637329102
1.819557785987854
1.526767611503601
1.480254054069519
6.645413398742676
6.685328960418701
5.381294250488281
3.9529080390930176
4.208592891693115
3.789708375930786
3.4580419063568115
3.4295337200164795
3.9409780502319336
4.814695358276367
4.232088088989258
3.0857300758361816
2.3132236003875732
2.8025171756744385
2.980628490447998
2.1297779083251953
2.477778673171997
2.530970573425293
2.4922292232513428
2.343846321105957
2.1694741249084473
2.630225419998169
2.3889424800872803
2.0453975200653076
1.7506541013717651
1.641929030418396
1.8474701642990112
2.059131145477295
2.651038408279419
1.9730701446533203
8.091703414916992
6.390951156616211
4.5133771896362305
4.206483840942383
2.8101673126220703
3.5663957595825195
2.448188066482544
3.6187846660614014
3.872610092163086
4.9094672203063965
5.566955089569092
3.9724788665771484
3.48148775100708
3.409837007522583
2.727581024169922
2.214319944381714
3.2682931423187256
3.678060531616211
3.841168165206909
3.369661331176758
2.8766071796417236
1.8784619569778442
2.938136339187622
3.087897539138794
2.668513536453247
2.829406976699829
2.22198748588562
2.189086675643921
2.42647647857666
2.0314457416534424
5.532322883605957
5.417546272277832
4.115514755249023
4.0282135009765625
3.7103166580200195
2.3872389793395996
3.752803325653076
3.5000193119049072
4.394754886627197
5.553652763366699
4.291001796722412
4.246152877807617
2.9181108474731445
3.2533912658691406
2.7535669803619385
2.5509836673736572
2.4441609382629395
3.496493339538574
2.6681134700775146
3.0609042644500732
2.2358791828155518
3.1933047771453857
1.8920458555221558
3.787997245788574
2.9720234870910645
2.4036810398101807
2.5179152488708496
2.3822293281555176
3.907607316970825
2.8015425205230713
5.8405375480651855
5.671499729156494
8.327047348022461
5.250253677368164
5.9798383712768555
4.732553958892822
5.124634742736816
5.3201823234558105
4.688082695007324
6.1698126792907715
5.403957843780518
5.525693893432617
2.745851755142212
2.706728458404541
4.835438251495361
3.3904550075531006
3.7158801555633545
3.158649444580078
4.534582614898682
3.711833953857422
3.752706527709961
4.371797561645508
3.5177927017211914
3.8346378803253174
3.723435878753662
4.9021124839782715
4.6341776847839355
3.933297872543335
2.3710851669311523
4.3213067054748535
6.390799522399902
4.355142593383789
8.066201210021973
6.34331750869751
5.159810543060303
5.525265216827393
4.267228126525879
3.3194539546966553
5.259146690368652
6.838241100311279
3.630915403366089
4.3202691078186035
4.1236066818237305
4.8530683517456055
2.653528928756714
2.0955617427825928
3.276960611343384
2.8844337463378906
5.995861053466797
4.4817609786987305
3.4956905841827393
4.625662326812744
5.1212286949157715
2.627776622772217
4.742599010467529
5.2385945320129395
3.1449592113494873
4.359159469604492
4.213440895080566
4.685263156890869
6.862757205963135
6.467875957489014
5.4002790451049805
4.438753128051758
5.805190563201904
4.262929439544678
7.312691688537598
5.904622554779053
6.358678340911865
6.4590253829956055
2.772252321243286
3.9929792881011963
2.710759162902832
3.2981882095336914
5.551187515258789
3.4803171157836914
4.131409645080566
4.048133373260498
3.9719557762145996
4.582310676574707
4.713246822357178
4.508849143981934
2.9978373050689697
3.0623934268951416
4.956039905548096
6.380648612976074
4.169534683227539
3.093266010284424
3.989393711090088
8.551939010620117
5.0025248527526855
8.614550590515137
5.630414009094238
5.756752967834473
5.981041431427002
7.132538795471191
6.271169662475586
5.014042854309082
5.746313095092773
8.500509262084961
4.746074676513672
4.238743305206299
5.601803302764893
4.3312907218933105
4.032467365264893
6.244346618652344
3.7587037086486816
6.384666919708252
5.075827121734619
6.96093225479126
5.449814319610596
5.223567008972168
7.620473384857178
3.1515462398529053
5.190420627593994
3.2216358184814453
4.0174560546875
3.831618070602417
7.791240692138672
3.498870611190796
8.71855640411377
4.0780930519104
5.150757312774658
3.8538410663604736
5.1532392501831055
2.700514793395996
6.070667266845703
2.5587494373321533
5.010727882385254
4.738271713256836
8.311841011047363
7.362452983856201
7.877142906188965
8.189787864685059
6.114964485168457
2.657273292541504
2.6182851791381836
6.043152332305908
5.766076564788818
3.7268002033233643
6.353810787200928
8.37255573272705
2.725968837738037
6.120210647583008
2.721768856048584
5.388586044311523
3.4456937313079834
3.1797144412994385
2.992363214492798
4.87481164932251
8.679848670959473
5.636086940765381
8.502045631408691
8.621018409729004
5.65655517578125
8.129582405090332
10.610991477966309
4.437411785125732
7.936669826507568
6.736505508422852
6.885915279388428
6.879234790802002
3.74235463142395
8.83743953704834
4.230282783508301
7.985111236572266
7.215031623840332
10.80256462097168
6.472382545471191
3.8242831230163574
6.779433250427246
4.769984722137451
7.054989337921143
5.067556858062744
5.881044387817383
3.7389180660247803
4.840667724609375
7.005950450897217
9.449849128723145
5.150177955627441
13.499998092651367
10.008294105529785
4.419857025146484
8.04256534576416
4.381727695465088
3.89758563041687
5.337531566619873
3.93477463722229
3.835523843765259
6.203545093536377
5.924721717834473
5.801610946655273
11.55505657196045
5.718224048614502
4.52194881439209
8.723078727722168
4.333764553070068
2.861868381500244
4.5261149406433105
3.9370298385620117
4.125436305999756
5.515365123748779
5.569687366485596
4.801591396331787
5.761894702911377
5.4231486320495605
6.63539981842041
5.81611967086792
4.531153202056885
5.753695011138916
8.788291931152344
3.886281967163086
3.5409023761749268
7.040265083312988
6.628716945648193
7.7814130783081055
8.300265312194824
7.180566310882568
2.5653152465820312
7.853185653686523
6.510766506195068
5.398881435394287
6.2068939208984375
5.090444087982178
5.866185665130615
10.04320240020752
8.341215133666992
8.225090980529785
5.252772331237793
11.273134231567383
6.5575737953186035
4.900960922241211
16.858882904052734
9.139777183532715
9.594139099121094
6.278674602508545
6.17667293548584
4.9463396072387695
5.426915168762207
4.80035400390625
5.315314292907715
9.78152084350586
9.528983116149902
6.307727336883545
12.011978149414062
9.091591835021973
8.613150596618652
7.5066704750061035
4.390742778778076
5.85390043258667
10.884811401367188
18.24279022216797
14.61299991607666
13.862835884094238
5.273863792419434
6.021269798278809
11.612184524536133
5.665815830230713
12.076823234558105
7.624536037445068
5.125627517700195
4.593910217285156
9.856145858764648
17.492246627807617
10.119384765625
3.7049667835235596
8.723089218139648
7.984653949737549
8.821955680847168
5.526040554046631
10.532576560974121
13.126842498779297
18.55259132385254
9.432439804077148
22.36628532409668
11.730705261230469
9.416792869567871
7.91602087020874
8.031013488769531
6.628657817840576
14.469941139221191
11.164920806884766
7.183685779571533
6.625008583068848
8.109209060668945
8.329258918762207
6.776000022888184
8.638351440429688
8.641819953918457
15.144755363464355
9.758588790893555
7.498055458068848
8.160039901733398
7.664838790893555
13.32148551940918
13.089719772338867
14.800932884216309
11.49044132232666
9.332505226135254
10.515132904052734
6.58060884475708
13.865818977355957
10.766459465026855
8.370654106140137
10.860662460327148
7.686275005340576
15.823216438293457
8.483626365661621
6.105464458465576
11.836276054382324
8.054203033447266
8.412841796875
9.392809867858887
6.202702045440674
6.767086505889893
5.9836578369140625
5.804266929626465
13.71718692779541
6.554471492767334
6.846296310424805
9.63809871673584
9.536910057067871
9.407864570617676
7.697427749633789
6.5515360832214355
6.2401652336120605
8.791637420654297
8.370607376098633
6.890270233154297
8.280375480651855
6.9377827644348145
8.703248977661133
7.744117736816406
8.909608840942383
8.084117889404297
9.331096649169922
9.739307403564453
4.605801582336426
9.179718971252441
8.659890174865723
7.830796718597412
10.132423400878906
7.207958221435547
11.695682525634766
8.77606201171875
4.651661396026611
8.023477554321289
16.980083465576172
6.492707252502441
3.870238780975342
15.001144409179688
14.35239028930664
5.4418721199035645
8.907670974731445
9.450100898742676
6.894053936004639
9.77148151397705
8.283183097839355
6.431763648986816
7.989757061004639
7.433880805969238
11.411808013916016
10.295218467712402
8.681775093078613
13.21282958984375
8.748479843139648
6.251095294952393
5.649765968322754
9.216014862060547
4.5993547439575195
6.757363319396973
5.860569000244141
8.599103927612305
5.563612461090088
7.345097541809082
10.395684242248535
5.437315940856934
9.566628456115723
7.673542499542236
5.62148904800415
6.933353900909424
6.496933460235596
5.855047225952148
4.722871780395508
7.310635566711426
7.821653366088867
8.506932258605957
7.962712287902832
6.148594856262207
10.079355239868164
7.204060077667236
9.190895080566406
4.711085796356201
6.437695026397705
10.659026145935059
9.584428787231445
7.253575801849365
8.376008033752441
5.624780178070068
9.963665962219238
8.887787818908691
12.388691902160645
9.092308044433594
8.778898239135742
7.093753337860107
8.057153701782227
8.799808502197266
4.931760787963867
5.002630710601807
7.507812976837158
7.942883014678955
8.576869010925293
6.345199108123779
7.10874605178833
7.312675952911377
6.88508939743042
7.949057102203369
6.574191570281982
6.189572811126709
8.94659423828125
7.317690849304199
5.734004020690918
7.474040985107422
7.258363246917725
5.721031665802002
6.894817352294922
6.020890712738037
5.122463226318359
8.861515045166016
7.629194259643555
6.080952167510986
4.579009056091309
8.052655220031738
6.553084373474121
5.008858680725098
4.608368873596191
3.295607089996338
8.915099143981934
4.328301906585693
7.093515396118164
6.834747791290283
6.015289306640625
9.81037712097168
6.1604228019714355
13.423394203186035
6.579323768615723
5.332542896270752
7.893462181091309
7.418614864349365
5.804640769958496
5.082834720611572
8.55561637878418
4.171513557434082
4.9124674797058105
4.499853610992432
8.382287979125977
5.020635604858398
6.768584728240967
5.1818108558654785
4.716521263122559
6.535975456237793
6.925561428070068
6.967884063720703
4.036806583404541
3.5153777599334717
4.082178592681885
5.362675666809082
5.788720607757568
6.197329044342041
6.708249092102051
5.567706108093262
7.55518102645874
4.937867641448975
5.134283542633057
6.886741638183594
13.11794662475586
9.068726539611816
6.071041107177734
5.377795219421387
3.733332872390747
3.5961318016052246
7.045135498046875
5.03557825088501
5.433103561401367
5.795271396636963
4.339367389678955
3.638678789138794
5.281438827514648
3.7499442100524902
4.625826358795166
6.546672821044922
5.618338108062744
4.508718013763428
4.273760795593262
10.223098754882812
4.3161139488220215
5.674853801727295
3.8256497383117676
4.083874702453613
4.020605087280273
4.510079860687256
5.186925888061523
6.5988240242004395
11.651837348937988
6.851597785949707
8.758584022521973
6.462419033050537
5.500693321228027
8.94734001159668
9.730196952819824
4.648548126220703
5.048349857330322
4.3733649253845215
6.558956146240234
3.9786481857299805
4.691330432891846
3.774600028991699
4.852580547332764
5.535688400268555
6.195493221282959
3.810629367828369
4.30603551864624
5.715137004852295
5.517133712768555
3.559626579284668
5.073720455169678
3.7050628662109375
4.284021854400635
5.432127952575684
3.0748291015625
5.095526695251465
7.097477912902832
3.1782426834106445
5.622317790985107
6.291427135467529
4.434736728668213
5.374448776245117
4.15034294128418
4.623030662536621
7.53394079208374
5.555474758148193
10.03486156463623
4.482567310333252
7.604301929473877
4.698239326477051
7.07852840423584
6.980352878570557
4.02471923828125
3.0901741981506348
12.173148155212402
7.379117488861084
4.459611892700195
5.32784366607666
4.113333702087402
7.001779079437256
4.76745080947876
5.2594313621521
5.072788715362549
8.165428161621094
6.695403099060059
4.40070104598999
3.9846298694610596
10.211992263793945
7.4743852615356445
4.343245029449463
3.684898853302002
5.582738876342773
5.985699653625488
6.3618550300598145
4.687825679779053
5.028815269470215
8.707072257995605
8.342154502868652
6.163738250732422
4.647005558013916
3.9500155448913574
5.110965728759766
5.342225074768066
4.5848283767700195
7.8377885818481445
5.0773115158081055
5.601709842681885
5.465259075164795
5.26671838760376
4.365869045257568
9.204120635986328
4.159320831298828
7.145131587982178
5.726983070373535
9.052574157714844
3.300297260284424
4.4877519607543945
5.266236782073975
5.550833225250244
4.57269811630249
7.698040008544922
7.867471694946289
5.996175289154053
6.4819865226745605
5.1779303550720215
3.4542129039764404
10.134967803955078
4.106229782104492
6.678929328918457
7.989004135131836
10.656192779541016
8.056634902954102
4.658562183380127
6.333236217498779
4.694140434265137
5.492425441741943
7.0627593994140625
5.314448833465576
6.623104572296143
5.487351894378662
5.098018169403076
5.263338088989258
3.928678274154663
6.415475845336914
11.942058563232422
3.9823267459869385
11.87336254119873
3.326664686203003
3.830639600753784
5.285826683044434
5.253974437713623
7.71280574798584
7.103853225708008
5.6097798347473145
5.88150691986084
6.088112831115723
5.339447021484375
3.504074811935425
7.597661018371582
5.433074951171875
7.50351095199585
4.341591835021973
5.584684371948242
7.058663368225098
3.7198240756988525
3.7883400917053223
6.127253532409668
4.911769390106201
5.273473262786865
4.174424648284912
6.741037368774414
4.266489505767822
11.140982627868652
7.510870933532715
3.075610637664795
4.304673671722412
4.314035415649414
6.565301895141602
5.0467963218688965
5.401227951049805
4.989951133728027
6.924808502197266
4.379388332366943
5.550138473510742
4.1618781089782715
3.892897367477417
10.872166633605957
4.297441005706787
7.190466403961182
4.254031658172607
4.688399791717529
5.6135640144348145
5.082663059234619
6.022796154022217
8.880032539367676
4.564610958099365
5.926381587982178
4.458519458770752
5.52799654006958
6.167382717132568
5.406263828277588
3.51572585105896
4.389952659606934
6.58735990524292
3.310302257537842
4.976290225982666
5.096132278442383
5.033844470977783
3.2904651165008545
4.310576438903809
6.874761581420898
6.200839996337891
4.427776336669922
3.716402053833008
5.2227020263671875
5.561875343322754
5.517589092254639
3.9027318954467773
3.4944939613342285
4.340087890625
5.6776041984558105
11.575601577758789
3.873488426208496
2.916264772415161
3.8351471424102783
8.066197395324707
5.1956467628479
6.20610237121582
10.059309005737305
3.4203059673309326
3.392212390899658
3.339846134185791
4.423377990722656
3.8548367023468018
6.965142250061035
3.7044336795806885
3.752570152282715
5.026208400726318
5.0763773918151855
4.041021347045898
3.801456928253174
4.102707862854004
5.542822360992432
3.600874900817871
4.995095252990723
5.435533046722412
4.242034912109375
3.648712158203125
4.251682758331299
3.9284720420837402
7.317753791809082
5.349510669708252
4.5521979331970215
2.6612708568573
4.922842502593994
4.179867267608643
3.851379871368408
5.53600549697876
3.603214740753174
3.377925157546997
2.960381031036377
4.141297340393066
9.055919647216797
3.089768409729004
4.136206150054932
4.480255603790283
3.861473321914673
3.8757238388061523
3.8476061820983887
4.865017890930176
3.945960283279419
7.265669345855713
6.664464473724365
3.6563265323638916
3.6369540691375732
5.2172088623046875
4.650286674499512
4.004817008972168
4.002511024475098
3.4463253021240234
4.988298416137695
5.4388651847839355
4.654146194458008
7.650067329406738
7.905010223388672
7.0823469161987305
5.662722587585449
4.375036239624023
7.376069068908691
3.529228448867798
3.12721848487854
4.634358882904053
5.042908191680908
4.3380513191223145
7.701756477355957
6.310457229614258
4.847806930541992
4.263914585113525
4.144693851470947
5.674257278442383
5.832926273345947
5.84832763671875
4.559143543243408
4.347232341766357
4.027014255523682
4.416279315948486
5.043787002563477
4.8355584144592285
3.923447370529175
5.37857723236084
5.023642063140869
4.100922584533691
3.6210174560546875
5.711201190948486
6.6169657707214355
5.516931056976318
5.53991174697876
4.131530284881592
6.905163764953613
2.7018463611602783
4.00123405456543
5.121355056762695
4.759626388549805
3.3074071407318115
5.135929107666016
4.950838088989258
4.7916693687438965
3.3257064819335938
5.3028178215026855
3.330540657043457
3.489434003829956
6.759237766265869
3.7585220336914062
4.308815002441406
7.2937092781066895
3.2210915088653564
5.11932373046875
3.8831746578216553
3.516841173171997
6.21854829788208
3.8883299827575684
4.809664726257324
5.910918235778809
7.176926612854004
5.468064785003662
4.353585243225098
6.542791366577148
3.816723108291626
3.6618669033050537
4.569498062133789
5.132551670074463
3.7671892642974854
6.132980823516846
8.411136627197266
3.5879716873168945
3.517051935195923
3.827363967895508
5.708273887634277
5.229295253753662
4.982798099517822
4.209103107452393
5.125908374786377
3.6891255378723145
3.5715880393981934
6.043193817138672
3.1541543006896973
5.727024078369141
3.2160160541534424
3.650221109390259
5.474466800689697
3.3642120361328125
5.484473705291748
5.268073081970215
6.518888473510742
6.733078479766846
5.253535747528076
4.195749759674072
3.4658398628234863
3.361152410507202
3.7288427352905273
7.11451530456543
5.738128662109375
4.089453220367432
5.152039527893066
4.306668281555176
4.750134468078613
6.025273323059082
3.461055278778076
7.686547756195068
7.808427333831787
6.024842262268066
6.335518836975098
6.699578762054443
3.6276907920837402
4.641660690307617
8.456127166748047
5.6119065284729
6.120288372039795
3.3100063800811768
5.5479350090026855
5.154289722442627
6.74098014831543
5.405852794647217
4.7933349609375
7.0327982902526855
6.0061845779418945
7.300214767456055
6.374884128570557
3.965080976486206
4.8398237228393555
7.348536968231201
3.135812759399414
8.087218284606934
5.843086242675781
7.388849258422852
4.162933349609375
7.523741722106934
4.88201379776001
4.644477844238281
7.775997638702393
5.927387714385986
6.5551629066467285
4.288283824920654
4.2320637702941895
5.899674892425537
4.633553504943848
6.621198654174805
5.193052768707275
4.840051174163818
4.497234344482422
4.317013740539551
7.429745197296143
5.683902740478516
4.133802890777588
5.946329116821289
4.921370029449463
5.205434322357178
3.858715772628784
9.218318939208984
6.563857555389404
12.410284996032715
4.891850471496582
9.814498901367188
8.811046600341797
8.025774955749512
6.479393005371094
3.936004638671875
5.5869669914245605
5.190476894378662
4.228676795959473
5.575865268707275
5.262228488922119
5.847078323364258
4.455107688903809
5.970183372497559
4.294119834899902
5.1032819747924805
5.118534564971924
6.8948493003845215
5.141694068908691
4.821191310882568
9.365635871887207
6.003482818603516
5.389153957366943
7.727174758911133
4.069841384887695
6.981965065002441
5.54646635055542
4.541525363922119
7.982928276062012
4.00346565246582
7.460947036743164
5.393645286560059
4.497462749481201
3.7756292819976807
6.426354885101318
7.695183277130127
6.634925365447998
6.866997241973877
4.358249664306641
4.932955741882324
6.290657043457031
4.701582431793213
4.730345726013184
3.7419755458831787
4.785202980041504
2.333679676055908
4.311635494232178
5.572585582733154
4.7464165687561035
6.796911716461182
9.9843111038208
3.1656320095062256
5.419990062713623
4.127528190612793
4.811625003814697
5.718937873840332
4.417435169219971
3.6217756271362305
5.957889556884766
5.367213249206543
3.8802225589752197
7.446261405944824
4.203111171722412
6.1346354484558105
3.958643674850464
6.267867565155029
3.3397629261016846
3.52553391456604
3.7265799045562744
7.406392574310303
3.07997465133667
3.0774319171905518
7.535566806793213
5.127223491668701
5.963068008422852
4.111637592315674
4.8970723152160645
5.403883934020996
3.4194536209106445
6.604020595550537
4.269691467285156
4.477394104003906
5.686043739318848
2.505225419998169
5.156483173370361
5.30012845993042
6.2219343185424805
4.30426025390625
6.518418312072754
6.285427570343018
5.8897199630737305
4.15360689163208
3.608438730239868
5.719383716583252
5.687900543212891
5.272879600524902
3.836632490158081
4.19804048538208
4.280567646026611
6.5673065185546875
7.384089946746826
5.434051513671875
4.77996301651001
4.252102851867676
5.204743385314941
3.773730754852295
6.420128345489502
10.651235580444336
3.821173906326294
4.002137184143066
3.3410327434539795
4.537692070007324
4.5498552322387695
3.5875887870788574
3.8451669216156006
3.937994956970215
5.553035736083984
4.464298248291016
3.4583632946014404
6.7299723625183105
4.509382724761963
4.160825729370117
3.743859052658081
4.907708644866943
5.584388732910156
5.439153671264648
3.350348472595215
3.96083402633667
4.254125595092773
4.931303977966309
4.46066951751709
4.491737365722656
8.042267799377441
7.447165012359619
5.434489727020264
3.4638943672180176
4.270661354064941
5.603321552276611
5.1594061851501465
7.583950996398926
4.253305435180664
6.237091541290283
4.433252811431885
6.191488265991211
3.5236260890960693
5.452020645141602
7.056379318237305
3.371194362640381
4.209019660949707
5.651937961578369
3.8194782733917236
4.138906002044678
3.6720151901245117
4.619428634643555
3.3336658477783203
4.483575344085693
3.97599720954895
5.56394100189209
3.4411959648132324
4.489893436431885
5.454590797424316
4.1377058029174805
3.8246853351593018
5.628872394561768
3.2976200580596924
5.867690086364746
4.2388386726379395
7.948409080505371
3.5350325107574463
3.794133424758911
4.747620582580566
4.3606085777282715
5.521551609039307
5.7480340003967285
5.654290676116943
6.644592761993408
4.42214298248291
2.926614999771118
5.646234035491943
3.278538227081299
4.229645252227783
4.645420074462891
4.263176441192627
4.852741718292236
3.781454086303711
2.9776527881622314
4.00635290145874
5.085882663726807
5.113225936889648
2.199510335922241
3.7748067378997803
3.9108588695526123
3.650773525238037
3.971242904663086
4.7768425941467285
5.857470989227295
4.508739471435547
6.001189708709717
2.735403299331665
3.3083395957946777
6.257992744445801
4.513029098510742
4.288630962371826
4.291935920715332
4.147127151489258
4.747990608215332
5.134636402130127
5.845643520355225
4.753937721252441
3.416461706161499
3.207688331604004
2.7455129623413086
4.708907127380371
4.345196723937988
4.0120649337768555
4.4915947914123535
6.857471466064453
5.896132946014404
4.341983795166016
6.550225734710693
2.215832233428955
6.851371765136719
5.297121047973633
8.484745025634766
4.740729808807373
5.597157001495361
4.805655002593994
3.632840156555176
3.4998984336853027
5.207513332366943
3.851608991622925
3.3458096981048584
7.18501615524292
3.721100330352783
4.3900861740112305
7.26693058013916
5.780694007873535
4.749852180480957
5.588974475860596
5.106975555419922
5.059713840484619
3.3665952682495117
4.5030622482299805
5.147643566131592
5.1841654777526855
6.612513542175293
5.292060375213623
4.5748772621154785
5.1769208908081055
4.906469821929932
6.369191646575928
3.8717033863067627
8.961499214172363
5.132961273193359
4.3300886154174805
6.730898857116699
4.211210250854492
6.108822345733643
3.864313840866089
4.136306285858154
6.72587251663208
3.2535743713378906
6.778693199157715
4.380207538604736
4.981866359710693
5.058735370635986
3.2083609104156494
4.850585460662842
3.968703031539917
5.201108932495117
4.726988792419434
8.593856811523438
5.6040544509887695
6.074111461639404
5.36948823928833
4.650021553039551
5.695141315460205
4.349066257476807
6.587762832641602
4.897815704345703
6.088469505310059
6.778587341308594
6.625255107879639
3.099914789199829
4.295246601104736
3.831501007080078
5.568577289581299
3.9186525344848633
4.771380424499512
3.4120891094207764
7.033846855163574
7.304741382598877
3.751675844192505
4.358382701873779
5.445616722106934
4.156704425811768
4.096290588378906
3.6666879653930664
6.091302394866943
4.186216354370117
5.082022190093994
6.937233924865723
5.1680121421813965
5.18585205078125
4.6436028480529785
4.641830921173096
3.2477848529815674
6.485654830932617
4.737031936645508
2.88623046875
5.544528484344482
2.985905885696411
3.0819106101989746
4.728608131408691
5.104557991027832
5.210171222686768
4.556141376495361
4.713760852813721
4.267707824707031
5.127892971038818
4.751519680023193
4.020837783813477
5.456410884857178
4.582959175109863
6.035104751586914
4.15081262588501
6.798515796661377
5.936004638671875
4.260634899139404
5.447800159454346
9.824512481689453
5.1563615798950195
3.7281901836395264
5.743497848510742
3.872190237045288
6.628415584564209
4.990955352783203
4.986721515655518
5.819268226623535
4.495998382568359
5.514163494110107
6.247349739074707
6.7232584953308105
4.80900764465332
3.1859984397888184
3.53149151802063
4.696054458618164
5.181880474090576
4.993900775909424
5.617488384246826
5.754670143127441
4.976840019226074
4.585450649261475
7.4549970626831055
5.142979621887207
6.776001930236816
4.079493522644043
6.473416805267334
6.356387138366699
4.341841220855713
4.43748664855957
4.3900299072265625
4.82854700088501
4.329342842102051
5.975677490234375
6.680431365966797
5.262441158294678
6.136772632598877
4.807255268096924
6.803828716278076
3.4125728607177734
6.09226131439209
4.3208184242248535
4.677579879760742
4.300582408905029
8.111837387084961
6.423509120941162
9.062816619873047
4.520196437835693
4.362778186798096
3.353255033493042
4.020595073699951
3.079378128051758
3.6108810901641846
4.775247573852539
4.456119537353516
7.701153755187988
4.56679105758667
3.238642930984497
4.9941020011901855
3.9893882274627686
5.203033924102783
3.8566136360168457
5.599332809448242
8.410561561584473
4.466134071350098
6.624978065490723
4.886984348297119
5.837942600250244
5.2098069190979
4.928952693939209
7.201027870178223
6.355250358581543
6.799832820892334
2.4997787475585938
3.7290706634521484
6.228604793548584
3.8943228721618652
4.834447860717773
7.449256896972656
3.7545735836029053
5.185826301574707
4.262527942657471
3.220459222793579
4.977005481719971
4.370121479034424
5.809163570404053
6.507759094238281
3.582026720046997
5.023200511932373
5.115479469299316
4.825359344482422
6.061415195465088
7.58324670791626
3.86915922164917
4.1037797927856445
5.067516326904297
5.455878734588623
3.7609808444976807
6.070605278015137
5.106988430023193
4.599211692810059
2.95910382270813
5.330337047576904
6.140413761138916
4.654819488525391
3.853101968765259
3.8942928314208984
4.521696090698242
5.262404918670654
4.932535648345947
3.94350004196167
5.107300758361816
3.33156156539917
3.5443201065063477
3.5563271045684814
4.536021709442139
4.266791820526123
4.645938873291016
2.6962108612060547
4.416734218597412
3.9938879013061523
3.0215227603912354
3.3434536457061768
2.8842079639434814
6.3832173347473145
5.220651626586914
4.789426803588867
3.626619815826416
3.321002960205078
4.215249061584473
6.984913349151611
3.658640146255493
4.069890022277832
4.4492411613464355
4.461105823516846
5.427353382110596
4.290417671203613
4.293322563171387
4.34931755065918
4.293908596038818
7.9721455574035645
4.039039134979248
5.712052822113037
3.690897226333618
4.679505348205566
3.296907424926758
4.084046840667725
4.054564476013184
5.331453323364258
4.9484944343566895
6.7938666343688965
3.5506603717803955
3.5722179412841797
4.599920272827148
4.6793646812438965
3.614673137664795
5.1212286949157715
3.002159357070923
4.922004699707031
3.5131711959838867
3.5110437870025635
7.176907062530518
3.2787764072418213
2.9755189418792725
3.117835760116577
3.419865846633911
4.402499675750732
5.254245758056641
4.153942584991455
2.472628116607666
4.30340576171875
4.285285472869873
3.228076457977295
6.078242778778076
4.110518932342529
6.684940338134766
4.3746747970581055
4.348630905151367
3.510601758956909
4.305126667022705
3.5838892459869385
3.7215569019317627
4.856905460357666
4.238844394683838
3.188052177429199
4.194906234741211
4.848862648010254
3.4753708839416504
3.3970706462860107
3.699246644973755
3.5458967685699463
4.905597686767578
4.295612335205078
4.023277282714844
3.41599178314209
6.302889347076416
3.0825393199920654
3.2049827575683594
3.4963386058807373
4.782553195953369
5.496218681335449
2.7063770294189453
2.9522905349731445
4.069784641265869
4.322179794311523
3.719473361968994
4.17703914642334
3.899385690689087
3.155834436416626
3.6721503734588623
4.2459940910339355
2.8194973468780518
3.9716436862945557
5.780525207519531
3.733785629272461
3.5063018798828125
3.561168909072876
3.4372990131378174
2.5052433013916016
6.600551128387451
4.911104202270508
4.067087650299072
5.082637310028076
4.506592750549316
3.865131378173828
3.62103271484375
4.361496448516846
3.7582950592041016
4.345762252807617
3.3809821605682373
4.4795050621032715
3.059420108795166
3.293515920639038
3.40645694732666
3.4408957958221436
4.5047831535339355
3.5745134353637695
4.006438732147217
6.5686869621276855
4.045147895812988
3.37154221534729
5.405505657196045
4.482150077819824
3.1732277870178223
5.123632907867432
3.1934430599212646
2.7514843940734863
3.3748867511749268
3.9698691368103027
5.035280704498291
3.5633983612060547
3.5368025302886963
5.867030620574951
5.944553375244141
5.48828125
3.6411361694335938
4.670324802398682
4.3502631187438965
5.099252700805664
2.957531690597534
3.240607261657715
3.8447420597076416
2.732294797897339
2.0623672008514404
2.7426867485046387
6.0082926750183105
3.6720025539398193
3.292084217071533
2.636627435684204
4.624185562133789
3.794607400894165
4.254705429077148
3.839723825454712
3.497224807739258
3.3349084854125977
2.526000499725342
3.807462453842163
5.003424644470215
7.0655131340026855
3.915947198867798
3.3928041458129883
3.0206360816955566
4.900418281555176
5.0792107582092285
4.371675491333008
6.112661361694336
3.7701518535614014
4.851056098937988
4.051858425140381
2.5453708171844482
2.919590950012207
3.246793270111084
4.14079475402832
4.536093235015869
6.4058074951171875
3.4712653160095215
3.1356427669525146
3.270780324935913
2.661971092224121
3.9579930305480957
3.120650053024292
5.326354026794434
3.295567512512207
3.649484634399414
3.754816770553589
4.5411376953125
4.260100364685059
4.213365077972412
5.783722877502441
3.1839072704315186
5.6479597091674805
5.328156471252441
5.884685516357422
3.787768840789795
2.5913360118865967
4.733835220336914
4.719335556030273
4.068592548370361
3.024204969406128
3.678555965423584
3.5840158462524414
4.937293529510498
4.1001996994018555
4.27205228805542
3.8333590030670166
3.1961493492126465
3.3980982303619385
3.956490993499756
2.953433036804199
3.9154183864593506
4.386987686157227
3.7107596397399902
3.6286044120788574
4.9905877113342285
3.4979000091552734
2.9717559814453125
3.0318105220794678
3.9473724365234375
4.385400295257568
3.5655035972595215
4.2200140953063965
3.832261562347412
3.7838385105133057
4.000256061553955
3.8525853157043457
3.6186492443084717
4.351896286010742
3.870244026184082
3.576697587966919
4.031114101409912
4.698941230773926
4.346655368804932
6.229276180267334
3.5293567180633545
3.8791017532348633
3.206629514694214
5.620705604553223
4.462275505065918
5.266885757446289
3.8376235961914062
3.5490705966949463
2.9254355430603027
5.398542881011963
3.161768674850464
3.179176092147827
5.942868709564209
3.3736894130706787
4.435481548309326
7.076375484466553
5.421944618225098
4.397329807281494
5.196229934692383
3.976266860961914
3.528052568435669
5.169373512268066
3.2829415798187256
3.9815356731414795
4.502964019775391
4.9329705238342285
4.727235317230225
3.833052158355713
3.794384717941284
4.188779354095459
5.572876930236816
3.3465418815612793
4.543076038360596
6.487621307373047
4.687256813049316
4.8565754890441895
3.270725727081299
4.116148471832275
4.359482288360596
4.186541557312012
3.9523367881774902
4.115787029266357
4.555038928985596
2.756523370742798
5.174374103546143
5.422219276428223
5.512688159942627
6.624743938446045
4.210574150085449
3.662010908126831
4.087154865264893
2.7028167247772217
2.877842426300049
5.078332901000977
3.0665793418884277
2.867060899734497
2.1088271141052246
3.080253839492798
3.953341007232666
4.32582426071167
3.2581233978271484
3.9201667308807373
3.9000847339630127
3.884260892868042
3.791689395904541
3.8532533645629883
2.7188949584960938
2.939281702041626
3.561748743057251
4.773154258728027
3.278630256652832
3.136788845062256
4.01071310043335
5.326138019561768
3.659409523010254
4.03738260269165
3.697888135910034
3.574122667312622
3.339921474456787
3.0379810333251953
3.884016275405884
2.928832530975342
3.3893353939056396
1.958767056465149
3.5924336910247803
3.2019145488739014
2.3829429149627686
4.356999397277832
3.9157378673553467
4.7190470695495605
3.5669562816619873
3.8977370262145996
3.5321431159973145
3.3600542545318604
2.686387062072754
4.356693267822266
3.002715826034546
3.9376134872436523
4.005195140838623
3.9847352504730225
3.8568084239959717
3.9539880752563477
4.485544204711914
3.315333127975464
3.4590225219726562
2.9506192207336426
4.120187759399414
3.517017364501953
3.329052686691284
2.028073787689209
5.852048873901367
2.7185983657836914
3.2098681926727295
3.047034978866577
2.9109442234039307
4.695860385894775
3.7252399921417236
4.114566802978516
4.325453281402588
4.671883583068848
4.186418056488037
2.7919020652770996
3.5962109565734863
1.9234821796417236
4.4745659828186035
3.727431058883667
3.219428777694702
2.951511859893799
3.148820400238037
2.9926958084106445
3.4969334602355957
2.0373198986053467
3.189699172973633
4.037703037261963
3.7782886028289795
2.8226375579833984
4.754775524139404
2.7032997608184814
2.1833033561706543
3.511781692504883
2.311232566833496
4.581836223602295
1.8638560771942139
3.599165916442871
3.818638801574707
2.051823377609253
3.543175458908081
3.0351994037628174
4.794898986816406
2.9459261894226074
5.325705051422119
2.8686273097991943
2.817216157913208
2.8271288871765137
3.5158936977386475
3.4749302864074707
4.429132461547852
2.9307126998901367
3.002197265625
3.9293861389160156
4.912508964538574
4.453810214996338
3.8681437969207764
3.120910406112671
4.276927471160889
3.2238364219665527
2.6940717697143555
3.4048445224761963
3.199578046798706
5.02095890045166
2.8959615230560303
3.1430420875549316
3.5301308631896973
1.8446956872940063
3.194408416748047
3.1528501510620117
2.485999584197998
3.7583248615264893
4.085886478424072
2.507572650909424
3.9052276611328125
3.0122311115264893
2.3915231227874756
3.575836420059204
3.8648576736450195
3.2399537563323975
6.221616268157959
3.500783920288086
2.521852493286133
3.545254707336426
4.912087440490723
4.614666938781738
2.811230182647705
2.493906021118164
2.300530195236206
4.124622344970703
2.3579275608062744
3.433866262435913
2.6298019886016846
4.0091023445129395
2.2019717693328857
3.2030317783355713
3.6738107204437256
2.5648550987243652
3.2266194820404053
2.8001861572265625
3.1613173484802246
4.114139080047607
3.9888827800750732
3.428248643875122
3.285306692123413
1.9233574867248535
5.664501190185547
3.0350024700164795
2.3260533809661865
3.961085557937622
3.1166207790374756
2.4801220893859863
3.8493494987487793
4.333942890167236
5.65054988861084
2.2391626834869385
2.789243459701538
5.231570243835449
5.541677474975586
3.8245785236358643
4.227628707885742
4.000149726867676
3.69315505027771
2.8799703121185303
3.0266034603118896
2.0377087593078613
4.0825934410095215
4.139509201049805
3.403555393218994
4.298943996429443
3.1918704509735107
3.6982262134552
4.551254749298096
3.992832660675049
3.476452589035034
4.300462245941162
3.4011447429656982
4.534964561462402
4.007822036743164
3.7527074813842773
3.0684216022491455
3.714059591293335
4.51253080368042
4.1458420753479
3.860799789428711
3.056485891342163
2.8327434062957764
3.216968536376953
2.911376953125
4.863131999969482
3.2057135105133057
4.403436660766602
3.73282527923584
4.472792148590088
3.2510035037994385
4.059101104736328
4.208455562591553
3.304840564727783
3.868136405944824
3.1106221675872803
3.4227194786071777
3.5440895557403564
6.115917205810547
2.8128533363342285
3.5641672611236572
3.3398900032043457
4.3422465324401855
5.3487396240234375
2.093177080154419
5.055179595947266
5.857885360717773
3.276588201522827
4.015725612640381
3.489206075668335
7.075430393218994
2.70687198638916
5.253208160400391
3.2604429721832275
2.78363037109375
2.416550397872925
4.464981555938721
4.014788627624512
4.079349040985107
4.159600257873535
3.3603084087371826
3.3565874099731445
2.8176636695861816
3.803285598754883
3.4138119220733643
4.876332759857178
3.8159339427948
3.120471954345703
3.320828676223755
4.878585338592529
3.490882635116577
3.3569183349609375
4.204539775848389
2.6425366401672363
2.6101772785186768
3.1383397579193115
5.050289154052734
4.686098575592041
4.190682411193848
4.3446784019470215
2.527705192565918
3.039637327194214
6.0544352531433105
2.458127737045288
2.087841510772705
3.7234344482421875
2.7274563312530518
3.173157215118408
2.4037058353424072
4.462890625
3.9660799503326416
3.2639877796173096
3.8972039222717285
4.281062126159668
2.5759198665618896
3.552189350128174
4.58516788482666
3.5242958068847656
2.916137218475342
3.1019444465637207
4.632425308227539
4.788640975952148
2.8799591064453125
3.3853368759155273
5.387859344482422
2.9154348373413086
4.360761642456055
2.5927226543426514
2.997586250305176
2.7586536407470703
7.449008941650391
4.471481800079346
3.7953436374664307
3.798935890197754
4.146940231323242
4.5295186042785645
3.263258218765259
3.4431004524230957
5.046910762786865
3.008228302001953
4.1520185470581055
4.317402362823486
3.7278215885162354
2.9616594314575195
4.447312831878662
3.1109111309051514
2.8922152519226074
3.727219581604004
4.3225789070129395
4.0314106941223145
2.828866481781006
3.158850908279419
3.254178524017334
4.0342254638671875
5.665591239929199
3.066202163696289
2.5831403732299805
6.834589958190918
3.3778650760650635
2.854219436645508
2.7676453590393066
5.68242883682251
2.965785264968872
3.4666683673858643
3.0588083267211914
7.183938980102539
4.240847587585449
5.200188159942627
3.856391191482544
2.6759209632873535
5.704249382019043
3.2555859088897705
9.076627731323242
3.953688859939575
4.0719170570373535
3.20817232131958
3.495835304260254
4.4614996910095215
3.603961706161499
4.219425201416016
4.014950752258301
3.0939035415649414
5.180810451507568
5.146059513092041
4.885979175567627
3.7302463054656982
2.7518723011016846
3.625654458999634
3.6573257446289062
2.9918694496154785
3.8211240768432617
5.036854267120361
4.936412334442139
5.159481525421143
4.515858173370361
5.799321174621582
3.9943904876708984
3.3503048419952393
4.246486186981201
3.1154377460479736
3.2685365676879883
3.7526285648345947
3.4612362384796143
2.38784122467041
3.9527227878570557
4.937179088592529
3.8053178787231445
3.049112558364868
3.0823183059692383
4.732015132904053
4.1407999992370605
5.071837902069092
2.678076982498169
2.5872457027435303
2.6543328762054443
4.939610004425049
2.3746273517608643
2.847294330596924
3.2210869789123535
2.709040880203247
4.569813251495361
4.015443801879883
3.696608304977417
3.452876329421997
4.2590155601501465
4.288634300231934
3.769608497619629
4.185739517211914
7.339890003204346
6.631429195404053
3.487600803375244
5.430596828460693
4.965013027191162
3.4323360919952393
3.7229273319244385
3.983999729156494
4.228236675262451
3.91626238822937
3.543931007385254
5.7975640296936035
3.8600645065307617
2.7936809062957764
4.482693672180176
4.725301265716553
7.034241676330566
3.535194158554077
5.772599697113037
2.964620590209961
5.560781002044678
2.8874075412750244
5.384677886962891
3.9997804164886475
3.2211785316467285
4.236328601837158
3.3585619926452637
3.686906337738037
2.749727249145508
3.890923500061035
5.222837448120117
2.948543071746826
3.1769371032714844
4.054484844207764
3.835428476333618
4.106184959411621
3.8124465942382812
4.219999313354492
3.1003875732421875
4.179906845092773
2.866154670715332
6.097163200378418
2.737874984741211
4.8005876541137695
3.609602689743042
2.9018568992614746
3.591434955596924
2.936115026473999
2.543299674987793
5.238672733306885
3.1002707481384277
3.402719259262085
2.4290833473205566
3.816213607788086
4.585665702819824
3.8902394771575928
4.15728759765625
3.677065372467041
4.729860305786133
2.797351121902466
4.685751438140869
4.513506889343262
4.9823479652404785
3.469477415084839
3.2269718647003174
6.627364635467529
3.981468915939331
2.822416067123413
3.0331671237945557
4.021121025085449
4.245349884033203
2.962453842163086
5.531744956970215
4.080631732940674
2.0350286960601807
2.7183425426483154
3.7974119186401367
3.1642355918884277
4.8585124015808105
1.8707189559936523
3.7150964736938477
3.5740315914154053
3.61679744720459
3.992680549621582
3.9987785816192627
4.626618385314941
2.270310878753662
3.039250135421753
3.115773916244507
5.148044109344482
5.017064094543457
3.645228862762451
4.193343639373779
3.4419264793395996
3.2427902221679688
4.295416831970215
4.2309980392456055
3.830735683441162
6.470272541046143
3.0942037105560303
4.306936740875244
3.923793077468872
4.082704067230225
4.69042444229126
4.139429569244385
3.918595314025879
3.882692813873291
4.14584493637085
5.907629013061523
4.984117031097412
4.282242774963379
4.10333776473999
4.346983909606934
4.820287704467773
2.6246795654296875
2.69230055809021
4.974944114685059
4.558454990386963
3.7185263633728027
2.530738115310669
5.955387592315674
2.420975685119629
2.947366952896118
3.168567657470703
4.000545024871826
2.9316749572753906
4.717473983764648
4.989033222198486
3.0429961681365967
3.131660223007202
5.744467258453369
4.855023384094238
2.013883352279663
2.993961811065674
3.090686321258545
3.216892957687378
2.5291249752044678
4.4040303230285645
3.5560429096221924
2.622285842895508
3.606365442276001
3.8118274211883545
3.9502439498901367
1.7566331624984741
3.2664945125579834
4.668572902679443
5.202263355255127
4.023862361907959
2.67980694770813
4.964022636413574
3.0126726627349854
2.662543296813965
2.284607172012329
3.9241511821746826
3.517937421798706
3.7645161151885986
3.746141195297241
3.3877053260803223
3.6368024349212646
3.119075298309326
1.9270535707473755
3.81903076171875
2.3182930946350098
2.5834639072418213
4.7252631187438965
3.779088020324707
4.08782958984375
3.7932658195495605
3.333488941192627
2.6242787837982178
1.9275751113891602
1.7542167901992798
4.255772590637207
4.517054080963135
4.552182674407959
2.980684995651245
4.647913932800293
3.712329387664795
2.8130364418029785
3.2325751781463623
3.145185708999634
3.673292875289917
2.1053407192230225
2.9950413703918457
3.2260873317718506
2.5491302013397217
3.594987392425537
4.095351696014404
4.991982460021973
2.9929027557373047
2.6352040767669678
6.267591953277588
3.2412068843841553
2.6337738037109375
5.447661399841309
5.4996795654296875
4.108320236206055
2.927518844604492
3.184774398803711
3.173380136489868
2.9076108932495117
3.646436929702759
3.3058700561523438
2.6406519412994385
2.533982753753662
4.129436016082764
4.3949875831604
4.486013889312744
5.174654483795166
4.5859055519104
4.921884536743164
2.2372188568115234
2.943188190460205
3.775351047515869
4.102354526519775
2.744594097137451
3.8052804470062256
5.551489353179932
2.611370325088501
2.904719114303589
3.4990603923797607
4.984311580657959
2.8682570457458496
5.496090888977051
3.6149485111236572
5.658077716827393
3.6306490898132324
2.4973058700561523
2.802044153213501
5.1988325119018555
3.7671241760253906
4.227745532989502
3.588953733444214
2.4485275745391846
3.607104778289795
8.42341423034668
4.055634498596191
5.538186073303223
2.902334213256836
2.885981559753418
3.4971725940704346
2.95698618888855
3.234762191772461
3.5285048484802246
4.093263149261475
2.9331066608428955
4.174312114715576
2.8210034370422363
2.263472557067871
4.672996997833252
4.468572616577148
4.273201942443848
2.620746612548828
2.905547618865967
4.615089416503906
5.014437198638916
3.4600207805633545
2.4760568141937256
2.2847611904144287
4.79583740234375
2.6817049980163574
4.074756145477295
6.286856174468994
4.396575450897217
3.4159998893737793
4.1738104820251465
3.8882012367248535
7.852048397064209
3.163591146469116
4.228926181793213
2.572493314743042
3.988297939300537
3.0791127681732178
5.295740604400635
4.462889194488525
3.1020190715789795
3.997288465499878
3.649954319000244
2.992295742034912
3.1043291091918945
3.0330862998962402
5.12211275100708
3.566800832748413
4.169910907745361
3.2828195095062256
2.7488977909088135
6.108932018280029
3.089306592941284
4.14634895324707
3.143911361694336
3.2226085662841797
3.3923277854919434
3.111306667327881
3.501275062561035
3.4197676181793213
4.771358013153076
3.4605367183685303
3.3280818462371826
4.342789173126221
4.2091851234436035
3.7867584228515625
3.3034415245056152
3.417310953140259
2.8577678203582764
2.5863683223724365
2.670994758605957
3.3477771282196045
3.7402546405792236
2.6733033657073975
4.304279327392578
4.808815002441406
4.24558162689209
2.5392367839813232
7.919565200805664
3.3883275985717773
4.274975776672363
4.317537307739258
4.330784797668457
2.571352005004883
3.273129463195801
4.288445949554443
2.9205095767974854
4.899953842163086
3.9465761184692383
3.412736415863037
3.4742469787597656
5.12961483001709
6.011966705322266
3.6180953979492188
3.130891799926758
5.9158806800842285
3.105875253677368
2.5512619018554688
3.6904778480529785
3.212129831314087
3.5709338188171387
7.347924709320068
3.8492071628570557
3.935220956802368
4.115227699279785
5.080965518951416
3.9648489952087402
3.2237799167633057
2.8899569511413574
5.827954292297363
3.021151065826416
3.111485481262207
3.1111674308776855
2.7743217945098877
3.0738883018493652
3.9244019985198975
3.5161654949188232
2.8913092613220215
4.583439826965332
3.9490606784820557
4.178339004516602
3.7138454914093018
2.026092767715454
2.454042911529541
3.7990500926971436
6.124598026275635
3.120133876800537
2.9846580028533936
3.070835828781128
4.677519798278809
3.6884169578552246
2.4846882820129395
1.4992210865020752
5.784727573394775
3.1941561698913574
5.586198329925537
3.997150421142578
3.6461853981018066
4.833295822143555
3.851348876953125
3.7495169639587402
8.731009483337402
3.871522903442383
3.1241321563720703
3.929922103881836
3.301563262939453
3.8963799476623535
4.643697261810303
8.747957229614258
4.416792869567871
3.215324640274048
4.468747138977051
2.6595945358276367
4.50137186050415
5.347396373748779
8.459972381591797
5.133586883544922
4.889703273773193
6.394949436187744
4.020349502563477
5.626208305358887
3.737466812133789
4.031457901000977
5.439295291900635
3.5386435985565186
4.224264144897461
3.248424768447876
4.207038402557373
6.470297336578369
6.308658599853516
3.004272222518921
3.4503586292266846
3.7595722675323486
3.2955245971679688
4.812049865722656
3.573148012161255
3.814397096633911
4.1170477867126465
4.422179222106934
4.382897853851318
5.345788955688477
7.614713191986084
3.9136621952056885
7.477560997009277
3.5355029106140137
4.529664039611816
5.419384002685547
6.336629390716553
4.4374494552612305
4.474809169769287
4.211182594299316
4.704845428466797
4.520883560180664
3.6190361976623535
4.0644941329956055
4.038305759429932
4.930893421173096
5.976175785064697
6.519590377807617
3.5802054405212402
5.044521331787109
4.05647087097168
3.2858614921569824
2.1355698108673096
3.4772300720214844
2.70450758934021
3.525388240814209
3.991356134414673
5.364081382751465
4.789599895477295
3.8500587940216064
4.16017484664917
5.4047441482543945
3.8954479694366455
16.360849380493164
7.343758583068848
3.9112370014190674
3.0113699436187744
3.937635660171509
3.1487793922424316
4.493962287902832
3.307319164276123
8.573063850402832
1.8322153091430664
3.1439943313598633
2.6580963134765625
7.2371954917907715
2.8728582859039307
5.574909687042236
2.100837469100952
3.5163068771362305
3.7753679752349854
3.606550931930542
3.566962242126465
5.048835754394531
3.255270004272461
3.3579111099243164
3.9020721912384033
4.438674449920654
5.011787414550781
3.4661452770233154
3.2743053436279297
5.526691913604736
5.109015941619873
8.961188316345215
3.1425135135650635
3.017132520675659
5.994746685028076
4.08991813659668
6.440436363220215
3.281665802001953
4.421890735626221
3.063556671142578
4.555217266082764
2.9264345169067383
4.294362545013428
5.09647274017334
3.8141181468963623
7.349678039550781
4.405852794647217
6.518319606781006
3.3590879440307617
3.8211796283721924
4.501527786254883
3.0653586387634277
4.98872709274292
3.1599483489990234
4.6774210929870605
4.203125
3.67588210105896
5.122492790222168
3.7453854084014893
4.470077037811279
3.017747402191162
4.069525241851807
9.931031227111816
5.204228401184082
3.718050003051758
4.176747798919678
3.4972500801086426
3.9677422046661377
6.451517105102539
3.4331812858581543
3.3129522800445557
4.376689434051514
4.06122350692749
3.712642192840576
5.035982608795166
3.448331594467163
4.526543140411377
3.858757257461548
4.922454833984375
5.066410064697266
7.5929365158081055
4.650806903839111
3.2099945545196533
3.5262467861175537
2.860182046890259
3.291189193725586
3.8639893531799316
2.494774103164673
5.129337787628174
2.5278215408325195
3.262946844100952
3.971299171447754
4.568769931793213
4.298367500305176
3.1752192974090576
3.000049114227295
4.223161697387695
3.2058167457580566
5.914149761199951
2.6153080463409424
4.164580345153809
3.5187439918518066
3.559767484664917
2.7349753379821777
4.178364276885986
2.0742530822753906
3.0241618156433105
5.5433549880981445
2.3911800384521484
5.214924335479736
4.3267951011657715
4.0420074462890625
3.0669002532958984
4.427730083465576
4.341979026794434
4.333131790161133
3.0398833751678467
4.396994113922119
3.6354870796203613
3.4351885318756104
3.7909648418426514
2.7806172370910645
3.2162740230560303
3.0600850582122803
3.666734457015991
3.574826240539551
2.9619293212890625
3.5829737186431885
12.098556518554688
3.927370309829712
2.294066905975342
4.039621829986572
3.201714515686035
3.4220399856567383
3.2795965671539307
2.4829814434051514
3.554556131362915
5.380580425262451
3.9047749042510986
3.1551902294158936
3.303605318069458
3.8581886291503906
3.7093873023986816
4.232574939727783
4.281721591949463
3.6617164611816406
2.5686426162719727
3.426701545715332
3.2624430656433105
3.1151888370513916
4.037774562835693
7.571797847747803
2.513808250427246
2.0047574043273926
4.428007125854492
4.165105819702148
3.319472074508667
3.6349964141845703
3.18796706199646
3.805811643600464
3.2040276527404785
3.430027484893799
6.538403511047363
4.052066802978516
3.4215896129608154
3.525895833969116
4.421449184417725
4.995926380157471
2.5622880458831787
4.149632930755615
3.1217963695526123
3.8435747623443604
2.645409107208252
3.558068037033081
5.0749688148498535
3.8733971118927
2.449770450592041
2.8039464950561523
4.8384504318237305
3.2691380977630615
2.665553331375122
5.027950763702393
2.905669927597046
3.6181399822235107
2.4650163650512695
2.318143129348755
3.5851967334747314
3.9087910652160645
2.090284824371338
2.86806321144104
2.777808904647827
2.9425411224365234
4.17791223526001
2.022670269012451
2.7802793979644775
8.882055282592773
4.032840728759766
4.821098804473877
2.684291124343872
3.07794189453125
2.14923357963562
4.614857196807861
3.5857696533203125
3.46182918548584
2.205474376678467
2.6956729888916016
4.045374870300293
2.908992290496826
4.557412147521973
3.1537888050079346
3.2239208221435547
2.4616756439208984
3.3586621284484863
2.069199562072754
2.9311087131500244
2.030646800994873
3.4554338455200195
1.8903889656066895
3.4714741706848145
3.3535451889038086
4.028501033782959
2.1100964546203613
1.9977662563323975
4.518585681915283
2.5821940898895264
3.065737724304199
2.603571653366089
3.338514566421509
2.3455681800842285
4.471499443054199
2.0105273723602295
3.439467191696167
2.1444387435913086
3.5477609634399414
4.144963264465332
3.0604593753814697
3.117262601852417
3.4972102642059326
3.586775302886963
2.6243555545806885
3.6275386810302734
3.221414804458618
3.4500036239624023
3.746140480041504
3.9192724227905273
4.5107741355896
3.493515968322754
2.826202869415283
3.0481956005096436
2.871077537536621
4.26464319229126
3.516047716140747
3.7099175453186035
3.4822933673858643
2.4578747749328613
3.480982542037964
4.4141130447387695
4.343031883239746
2.328341245651245
6.675891399383545
4.297727584838867
4.675614833831787
4.497556209564209
2.9791102409362793
3.4057586193084717
2.177621841430664
5.730210304260254
2.8423614501953125
2.7826764583587646
2.7694294452667236
3.5701982975006104
3.0399131774902344
3.1927731037139893
4.214212417602539
3.348581314086914
2.51513934135437
4.512310981750488
2.6269049644470215
2.763827323913574
3.576016902923584
3.259772300720215
2.6825428009033203
3.4227564334869385
2.2436742782592773
2.845639228820801
5.210006237030029
2.425170421600342
4.620842456817627
3.625661849975586
4.881809711456299
3.75850510597229
2.450357675552368
2.4488916397094727
3.158338785171509
3.517354965209961
3.047529697418213
2.54461669921875
1.9055391550064087
4.573397636413574
3.224419116973877
2.783207893371582
3.9993135929107666
3.1237616539001465
2.349977493286133
3.1413912773132324
5.0327653884887695
2.530163049697876
2.8000173568725586
2.72074556350708
3.3624114990234375
4.066921234130859
3.496004104614258
2.5427491664886475
6.5665283203125
5.314326763153076
2.5251286029815674
2.378833293914795
1.954993486404419
2.668745994567871
2.5448858737945557
3.9301440715789795
3.4485747814178467
3.20271372795105
2.8555386066436768
2.5087578296661377
3.565824508666992
4.2480692863464355
4.4420166015625
2.725374221801758
2.4441418647766113
1.978186011314392
3.5203373432159424
3.8304283618927
2.468315839767456
2.0468719005584717
3.497621536254883
2.3189425468444824
4.547581195831299
3.7460100650787354
4.51788854598999
2.9145309925079346
2.96952223777771
4.5402679443359375
3.267869234085083
