None
None
None
None
None
None
None
None
None
None
None
None
None
None
None
None
None
None
None
None
None
None
None
None
None
None
None
None
None
None
None
None
None
None
None
None
None
None
None
None
None
None
None
None
None
None
None
None
None
None
None
None
None
None
None
None
None
None
None
None
None
None
None
None
None
None
None
1.0314192473888397
1.09467151761055
1.034463033080101
1.1722545623779297
1.1247760355472565
1.0298096239566803
1.0320262759923935
1.1143324971199036
1.0164864361286163
1.0273635983467102
0.9627287089824677
1.012875348329544
1.0388643592596054
0.9194848090410233
0.9386847615242004
1.09515780210495
0.8116333037614822
0.815095841884613
0.9408072978258133
0.8529443889856339
0.8078655898571014
0.7474065721035004
0.7846841067075729
0.8468913435935974
0.7932753264904022
0.7562649846076965
0.7268113344907761
0.7440178096294403
0.6473767757415771
0.7079182416200638
0.6675157845020294
0.6921042948961258
0.6491320729255676
0.6445534974336624
0.6898811906576157
0.6753297746181488
0.6380596607923508
0.6879492551088333
0.6594434976577759
0.6630445867776871
0.6511605381965637
0.6348798424005508
0.648839995265007
0.6735326498746872
0.6520972400903702
0.6528618037700653
0.6251581311225891
0.6752031743526459
0.6816174387931824
0.6361936926841736
0.6399247050285339
0.6268399655818939
0.6840883493423462
0.6521917134523392
0.647312119603157
0.6664446890354156
0.6418983936309814
0.660748153924942
0.6229116767644882
0.6538316607475281
0.616271585226059
0.6308489441871643
0.6295715719461441
0.6266172975301743
0.6129149198532104
0.6108246296644211
0.630244255065918
0.6211606860160828
0.6562099605798721
0.6166048049926758
0.6043357849121094
0.6576790660619736
0.6111872643232346
0.5906256139278412
0.6420316696166992
0.6154298335313797
0.6005629301071167
0.5990827679634094
0.6086352467536926
0.5973115861415863
0.6292519569396973
0.5969731658697128
0.6212702095508575
0.6089900881052017
0.5959736257791519
0.6729445457458496
0.6265440285205841
0.6111619770526886
0.6014531254768372
0.5792821049690247
0.6185634285211563
0.6076742112636566
0.6053693741559982
0.6080182939767838
0.5983172953128815
0.5809334814548492
0.5824844986200333
0.5919502526521683
0.5924123376607895
0.6069461703300476
0.590633437037468
0.5883704423904419
0.5837636888027191
0.5919032096862793
0.5816158205270767
0.5803291350603104
0.5951546877622604
0.5686744898557663
0.5649658143520355
0.5837070941925049
0.5815813690423965
0.5845730304718018
0.5358321368694305
0.5736741423606873
0.5654848217964172
0.5517238825559616
0.5619550496339798
0.565034881234169
0.5580927580595016
0.5584536790847778
0.5427957773208618
0.5716945827007294
0.5628615766763687
0.56829833984375
0.5452178716659546
0.5621825903654099
0.5626461058855057
0.5620987713336945
0.5568296760320663
0.5662538409233093
0.5443678498268127
0.555477038025856
0.5389673262834549
0.5564398318529129
0.5335546284914017
0.5517021417617798
0.538088783621788
0.546338215470314
0.5530094057321548
0.5286708623170853
0.5373822748661041
0.533110223710537
0.5162340924143791
0.540922611951828
0.5358940958976746
0.5354635864496231
0.5271952897310257
0.5550829917192459
0.5131353214383125
0.5294839441776276
0.5235578566789627
0.5103182941675186
0.5434467047452927
0.522837296128273
0.529620349407196
0.5199899524450302
0.5338977724313736
0.5372933894395828
0.5404893606901169
0.5139176771044731
0.5137579068541527
0.5203585922718048
0.5171080529689789
0.5208750516176224
0.49885234981775284
0.5080023109912872
0.5312608480453491
0.5152694433927536
0.4882940873503685
0.518860250711441
0.5006545335054398
0.4926927909255028
0.4967690631747246
0.5270180702209473
0.5208686962723732
0.5088729113340378
0.5150646418333054
0.4883592426776886
0.5170514136552811
0.5022881031036377
0.4981132820248604
0.5080936923623085
0.498448446393013
0.48311465978622437
0.5035324469208717
0.498937226831913
0.49406661838293076
0.4794696941971779
0.48308657109737396
0.5040729343891144
0.47861723601818085
0.4767870083451271
0.4806796610355377
0.4799541234970093
0.47714194655418396
0.4458174630999565
0.4554772451519966
0.4742053970694542
0.4553983584046364
0.49300413578748703
0.4529862403869629
0.4655563309788704
0.4605844169855118
0.4600585997104645
0.45562445372343063
0.47486399859189987
0.46646900475025177
0.4467852711677551
0.46118301898241043
0.44353727996349335
0.4407043308019638
0.45700468868017197
0.4457939714193344
0.45775509625673294
0.4616505280137062
0.4563826471567154
0.44465337693691254
0.4425462484359741
0.4449008107185364
0.43682973831892014
0.45918356627225876
0.42821816354990005
0.44208090007305145
0.4435514211654663
0.42059601098299026
0.41701479256153107
0.45395733416080475
0.46053431928157806
0.4312213510274887
0.4374803975224495
0.4297123849391937
0.41343841701745987
0.4314849376678467
0.41863376647233963
0.42705848813056946
0.44320283085107803
0.3985491171479225
0.38184932619333267
0.4089004173874855
0.39471422135829926
0.45028356462717056
0.40948256850242615
0.367511123418808
0.39800578355789185
0.4118054434657097
0.3967636376619339
0.4087585359811783
0.39138825982809067
0.33929744362831116
0.41738127917051315
0.4368252009153366
0.3457445912063122
0.40983492881059647
0.4216359704732895
0.3630727231502533
0.34860464930534363
0.3802856355905533
0.40774061530828476
0.4232904314994812
0.364889994263649
0.37115564942359924
0.3486701175570488
0.3626289665699005
0.39459899812936783
0.3489658832550049
0.37126830965280533
0.3813730999827385
0.4202740415930748
0.31060174107551575
0.3758946880698204
0.38412363082170486
0.3744666501879692
0.3297993987798691
0.38299134373664856
0.35486047714948654
0.3437117338180542
0.36864548176527023
0.3870709612965584
0.3408147394657135
0.3036615625023842
0.3855729326605797
0.36277054995298386
0.3852245584130287
0.3409108966588974
0.35360579192638397
0.37547876685857773
0.3831094428896904
0.39335210621356964
0.40190389752388
0.4132414981722832
0.40005531907081604
0.34657101333141327
0.32952383905649185
0.2913401611149311
0.35867051035165787
0.38417286425828934
0.3863619565963745
0.3896561712026596
0.3522506281733513
0.33538732677698135
0.38404691964387894
0.35565513372421265
0.3704582154750824
0.32322509586811066
0.33168238401412964
0.3484080955386162
0.36866603791713715
0.3834497332572937
0.3496532291173935
0.35160934180021286
0.34209367632865906
0.3866274356842041
0.33272574841976166
0.3522501140832901
0.33232538402080536
0.3652970716357231
0.4010259434580803
0.34303226321935654
0.3701731935143471
0.3888854682445526
0.3776110038161278
0.33247412741184235
0.3617003262042999
0.3361073359847069
0.3691886439919472
0.37011080607771873
0.30095309019088745
0.3409472182393074
0.3863535076379776
0.3479950353503227
0.3560628816485405
0.39195466786623
0.4165012240409851
0.37071744352579117
0.3912596255540848
0.34493061900138855
0.34926366060972214
0.34598681330680847
0.34106966853141785
0.4159432500600815
0.3377257287502289
0.29829732328653336
0.33519211411476135
0.36815300583839417
0.4739582687616348
0.38760410994291306
0.3842604011297226
0.32039110735058784
0.3816865533590317
0.31965962052345276
0.3101835772395134
0.4274820610880852
0.3383130878210068
0.2726440243422985
0.3491382300853729
0.3222864270210266
0.3596907667815685
0.34994832426309586
0.31864624470472336
0.3556191623210907
0.32444053888320923
0.32954275608062744
0.396375335752964
0.4710025191307068
0.4053679630160332
0.3970649018883705
0.31758590042591095
0.4211340844631195
0.37140679359436035
0.37193144857883453
0.3384852558374405
0.41543763875961304
0.326374314725399
0.3576798141002655
0.4124799966812134
0.29723407328128815
0.3809939995408058
0.3566556051373482
0.345261886715889
0.38380589336156845
0.38170909881591797
0.37964414060115814
0.4168717786669731
0.32518862932920456
0.3657127618789673
0.41206618398427963
0.30243682861328125
0.3847438544034958
0.43276865035295486
0.3938395529985428
0.38386792689561844
0.34538063406944275
0.32394304871559143
0.39005476981401443
0.33641087263822556
0.45523981750011444
0.3453783914446831
0.39489129185676575
0.41048619896173477
0.48395122587680817
0.4727286845445633
0.3592870756983757
0.36935514956712723
0.3554460108280182
0.39201073348522186
0.3750123605132103
0.3993745967745781
0.49369990825653076
0.37833017855882645
0.31181029230356216
0.39106861501932144
0.37526702135801315
0.37246862798929214
0.43109287321567535
0.3445119559764862
0.42340219020843506
0.405851386487484
0.33376283198595047
0.3284008204936981
0.350818932056427
0.4281930774450302
0.43637026101350784
0.4399901330471039
0.31504131108522415
0.5011116042733192
0.3312069848179817
0.394791841506958
0.36756961792707443
0.4046604484319687
0.46254289150238037
0.3578387349843979
0.41249579191207886
0.3652113378047943
0.38350047171115875
0.39933351427316666
0.4874021038413048
0.45109932124614716
0.43091604858636856
0.35987766832113266
0.3863355219364166
0.44515058398246765
0.42976436764001846
0.3921712413430214
0.3333680145442486
0.480985164642334
0.3740660324692726
0.31556248664855957
0.3651551976799965
0.4052027054131031
0.29808834940195084
0.3320404514670372
0.3181285709142685
0.4529808461666107
0.34674031287431717
0.42514917999505997
0.34086117148399353
0.46738021820783615
0.3214059993624687
0.485601007938385
0.38586100190877914
0.3521803990006447
0.4112095609307289
0.4256238788366318
0.374121829867363
0.5003319829702377
0.4693867787718773
0.49300603568553925
0.41038836538791656
0.3548941984772682
0.38646505773067474
0.41185078769922256
0.4220837280154228
0.4586910754442215
0.35040927678346634
0.4774443879723549
0.36567746847867966
0.3559488244354725
0.41569727659225464
0.4013921618461609
0.32505033910274506
0.4456873908638954
0.4174436181783676
0.39077410846948624
0.33542852103710175
0.26439034193754196
0.29020608961582184
0.37446168065071106
0.3563533127307892
0.3232628107070923
0.3230818584561348
0.38072214275598526
0.3231036886572838
0.39559032022953033
0.330240398645401
0.39732594043016434
0.3023148812353611
0.30315664783120155
0.3650340437889099
0.3195042721927166
0.36947550252079964
0.34665173292160034
0.3203532248735428
0.29324454069137573
0.4352981969714165
0.36144640296697617
0.39225300401449203
0.35501809790730476
0.31897926330566406
0.3504027649760246
0.34606023132801056
0.33948324620723724
0.3374618627130985
0.4458575174212456
0.29422373324632645
0.32239750772714615
0.4153504818677902
0.39397718757390976
0.31889088451862335
0.4411769360303879
0.34433738514781
0.4329575225710869
0.3122481629252434
0.2878577448427677
0.4340559095144272
0.3048315793275833
0.4733780175447464
0.28005924820899963
0.35278093069791794
0.34934959933161736
0.3042820952832699
0.31869445741176605
0.32876701280474663
0.2507908046245575
0.3221055120229721
0.2830512523651123
0.2021026387810707
0.24791285395622253
0.3672446683049202
0.4456632062792778
0.3853745311498642
0.3524634912610054
0.23587805777788162
0.3041757307946682
0.31102230027318
0.3815010040998459
0.3172158971428871
0.25345808267593384
0.3170376159250736
0.3898903988301754
0.30867769941687584
0.4499407485127449
0.3725072517991066
0.3003072366118431
0.33088602125644684
0.3723527491092682
0.3062543570995331
0.36114561557769775
0.2643928751349449
0.24848516285419464
0.3737984970211983
0.29969297721982
0.4266914427280426
0.42677901685237885
0.32457687705755234
0.35272669047117233
0.2753496840596199
0.34517279267311096
0.3375193886458874
0.2952374443411827
0.3051048666238785
0.2941402420401573
0.299008809030056
0.3525131195783615
0.1941152922809124
0.28421975299715996
0.26972227916121483
0.21098628267645836
0.3326653018593788
0.19751575589179993
0.27781856060028076
0.3050188347697258
0.28120771795511246
0.22530300542712212
0.3899996355175972
0.31055113673210144
0.23841862939298153
0.3606618344783783
0.2227419763803482
0.3058290481567383
0.3147643730044365
0.2738108914345503
0.2673691250383854
0.2806858941912651
0.3012283518910408
0.2689305245876312
0.2984294854104519
0.27603069320321083
0.2669062688946724
0.2920208275318146
0.25442489609122276
0.2554347328841686
0.2785644046962261
0.3821881413459778
0.3651546537876129
0.4076976999640465
0.2354062870144844
0.24310249835252762
0.24338442459702492
0.26430390030145645
0.32187090441584587
0.3426981419324875
0.3711564466357231
0.2870081923902035
0.23050742968916893
0.2591604106128216
0.31637027114629745
0.31933433189988136
0.2698595002293587
0.34421609342098236
0.2984389141201973
0.22838907316327095
0.37822211533784866
0.3309745788574219
0.22568675130605698
0.27257295325398445
0.3325382173061371
0.2506963759660721
0.31058355793356895
0.20930448547005653
0.30594839341938496
0.1830584742128849
0.32860879600048065
0.2160584107041359
0.21761638298630714
0.27702033147215843
0.16375648230314255
0.324740394949913
0.20574282482266426
0.25004272162914276
0.30202488973736763
0.2706749886274338
0.30280965752899647
0.2833554372191429
0.29363788664340973
0.3612745404243469
0.23223694786429405
0.33570871502161026
0.2618888430297375
0.28504040092229843
0.2902836501598358
0.29154057800769806
0.23082585260272026
0.2881704121828079
0.25413375720381737
0.2553621530532837
0.28036344051361084
0.26430583745241165
0.1861417070031166
0.18835385143756866
0.31099727004766464
0.3110598810017109
0.27511783689260483
0.23179678618907928
0.2537037320435047
0.29255785048007965
0.262700617313385
0.2891104072332382
0.24011211469769478
0.1679931953549385
0.3799956366419792
0.253932174295187
0.24201341718435287
0.33746346831321716
0.24227828532457352
0.1365745272487402
0.2640930078923702
0.22173959761857986
0.26966283842921257
0.19447075203061104
0.2855234146118164
0.29625651240348816
0.24472980201244354
0.2604282572865486
0.2815146818757057
0.20664898119866848
0.3526645302772522
0.207582026720047
0.2147315852344036
0.25483307242393494
0.16257117502391338
0.2198611982166767
0.27247799932956696
0.1956541072577238
0.2380947582423687
0.26610541343688965
0.2192744668573141
0.27760179340839386
0.19022323563694954
0.2875039577484131
0.29770200327038765
0.250414427369833
0.25576601177453995
0.2502402663230896
0.2333657294511795
0.17318589985370636
0.215793639421463
0.26375746726989746
0.31203931383788586
0.23653733730316162
0.27657245844602585
0.1789247803390026
0.30320409685373306
0.13377329893410206
0.22022796049714088
0.17183676734566689
0.282127533107996
0.17469225823879242
0.19310280121862888
0.19033623114228249
0.26195960119366646
0.2650252804160118
0.25848187878727913
0.2016080692410469
0.2691773883998394
0.2950698509812355
0.16040746122598648
0.23472949862480164
0.33661285787820816
0.16601276583969593
0.1999888215214014
0.21050278842449188
0.20887399092316628
0.3078979328274727
0.1511499397456646
0.20523576624691486
0.2886175215244293
0.17180954292416573
0.151379419490695
0.26030339673161507
0.19118022173643112
0.15097512491047382
0.2909136079251766
0.20973892137408257
0.1612597033381462
0.2725278027355671
0.1955294944345951
0.22688539698719978
0.29862740635871887
0.17017855867743492
0.22985992953181267
0.2468896172940731
0.19222140684723854
0.2960767038166523
0.2518834359943867
0.2822847180068493
0.18918509781360626
0.27176228165626526
0.22374239191412926
0.23997332155704498
0.27807557955384254
0.22184108942747116
0.20648124255239964
0.25758623518049717
0.16867585852742195
0.17438950389623642
0.27468007802963257
0.16276636347174644
0.2635399289429188
0.24727434292435646
0.2570477295666933
0.20913528464734554
0.19254996627569199
0.2404053658246994
0.18585789389908314
0.1781694982200861
0.22565445117652416
0.24863137863576412
0.18781179934740067
0.26627432741224766
0.23099613189697266
0.2750508189201355
0.17981103993952274
0.23691605031490326
0.11681964434683323
0.23294590041041374
0.16423389315605164
0.24232832342386246
0.1356591209769249
0.2732984609901905
0.21931055933237076
0.21230247244238853
0.15554842166602612
0.15101178735494614
0.14153999648988247
0.16571364551782608
0.2685774713754654
0.15723899751901627
0.14205423183739185
0.17288386821746826
0.20064703933894634
0.19616308622062206
0.24017268791794777
0.19556179270148277
0.20014802366495132
0.1302788220345974
0.15734081529080868
0.17459135502576828
0.1343073146417737
0.21165697276592255
0.2907489463686943
0.1275411732494831
0.18722937442362309
0.17389502376317978
0.164500018581748
0.19999801740050316
0.19567624479532242
0.29192665964365005
0.14969340339303017
0.19206035137176514
0.17567377351224422
0.1503659524023533
0.244670070707798
0.14524594228714705
0.15330909378826618
0.17997444234788418
0.18519112654030323
0.17314161639660597
0.19116076081991196
0.19819627329707146
0.19005662575364113
0.16237047594040632
0.07262934278696775
0.19135927967727184
0.1502442453056574
0.16143071465194225
0.18908961489796638
0.08680813200771809
0.10980398766696453
0.14265970885753632
0.21486680954694748
0.15412665158510208
0.10299319494515657
0.1398033555597067
0.11296541430056095
0.15802793204784393
0.17098012939095497
0.1696043312549591
0.2437824308872223
0.15685429610311985
0.17123878002166748
0.11333445832133293
0.22764147445559502
0.13619863241910934
0.12614038214087486
0.16305662132799625
0.10970456525683403
0.16539851017296314
0.1278008334338665
0.11020084284245968
0.14970052801072598
0.2046985924243927
0.13366079330444336
0.11240281909704208
0.12373127788305283
0.1682196967303753
0.11305352672934532
0.1202673614025116
0.16616831813007593
0.12027853913605213
0.09792331047356129
0.13298900052905083
0.14971233531832695
0.10642408952116966
0.1349160224199295
0.1321052871644497
0.132302675396204
0.1447469238191843
0.18836784735321999
0.08648236654698849
0.13905478082597256
0.13289769552648067
0.18200688064098358
0.1356268972158432
0.15147601440548897
0.12356672063469887
0.09613661654293537
0.1551817338913679
0.1575727630406618
0.19763841107487679
0.11451563239097595
0.16179969161748886
0.1580764800310135
0.15770586766302586
0.10560706816613674
0.08544154465198517
0.1530649997293949
0.14205505698919296
0.1272555235773325
0.15708306431770325
0.0804628198966384
0.17158141173422337
0.10864153318107128
0.1164736058562994
0.1276145912706852
0.19195276405662298
0.18441483192145824
0.16922311671078205
0.20268790051341057
0.18557892926037312
0.10561317019164562
0.12545600906014442
0.14236231334507465
0.09510247875005007
0.16268501058220863
0.1849581003189087
0.14027744345366955
0.10075599979609251
0.1443876251578331
0.1749913301318884
0.19791259616613388
0.16566198132932186
0.11994276382029057
0.12679612264037132
0.16819662414491177
0.19064701721072197
0.21382775902748108
0.17408025823533535
0.1120199616998434
0.1562805101275444
0.16974634863436222
0.11895789578557014
0.14617200940847397
0.17082351259887218
0.14650453068315983
0.1507499422878027
0.09431612957268953
0.1899051098152995
0.14838790521025658
0.18397617153823376
0.14983526058495045
0.21343140117824078
0.1608855277299881
0.2551434896886349
0.2545771226286888
0.06621033046394587
0.1593125630170107
0.07779687456786633
0.16523833200335503
0.13948547095060349
0.1446123868227005
0.13139372505247593
0.18267242051661015
0.11485540494322777
0.1707256380468607
0.19500500708818436
0.11303658410906792
0.19466917216777802
0.19679629802703857
0.13822099287062883
0.10935972351580858
0.13162932358682156
0.11347738653421402
0.1616200916469097
0.12706647906452417
0.20695339888334274
0.23094352707266808
0.11932806018739939
0.20131704211235046
0.09529305435717106
0.15880582854151726
0.15466932952404022
0.15860224142670631
0.07927658967673779
0.15734948590397835
0.2188424915075302
0.17672144249081612
0.1851001251488924
0.1090640127658844
0.11175999976694584
0.15598123893141747
0.15096462331712246
0.18977045081555843
0.10923599824309349
0.2088402770459652
0.25281785801053047
0.0982680581510067
0.1873439997434616
0.13429759815335274
0.12505257036536932
0.09386581927537918
0.13533785473555326
0.10761934611946344
0.19678040780127048
0.23487700521945953
0.13259808905422688
0.18295869417488575
0.09934903867542744
0.12556498311460018
0.15128374379128218
0.2300211638212204
0.16094178892672062
0.12408402375876904
0.10844211652874947
0.1685305181890726
0.16602555848658085
0.1898864470422268
0.15463514626026154
0.3019244521856308
0.18200385943055153
0.12758589442819357
0.1883880663663149
0.13830194622278214
0.18911154940724373
0.2077921386808157
0.08207362331449986
0.15802987478673458
0.12635784968733788
0.13790161535143852
0.16628181282430887
0.25751034170389175
0.1634263200685382
0.11936689633876085
0.15250391513109207
0.16411311365664005
0.10978678055107594
0.2595460042357445
0.17345411889255047
0.15526077710092068
0.061965432949364185
0.1456438396126032
0.15970288589596748
0.15157842077314854
0.1101160291582346
0.1089979037642479
0.18773143738508224
0.1585357030853629
0.17267930880188942
0.13574034348130226
0.19550270028412342
0.21164026111364365
0.23561497777700424
0.09865232743322849
0.13746428862214088
0.12722896318882704
0.1516096293926239
0.16886777244508266
0.23516615107655525
0.1765402853488922
0.15324809588491917
0.18613439984619617
0.11540392879396677
0.1758001297712326
0.19362448900938034
0.17771388962864876
0.12107862159609795
0.11209941376000643
0.10068459995090961
0.19471237063407898
0.18731355667114258
0.16599102318286896
0.21063539944589138
0.18153208307921886
0.1441368032246828
0.1895164167508483
0.1393939582630992
0.13442252576351166
0.13286376558244228
0.23322856053709984
0.18370545282959938
0.221574567258358
0.14081871137022972
0.25504670292139053
0.11203886196017265
0.23124458640813828
0.1740143597126007
0.19042460434138775
0.16727568581700325
0.09777975454926491
0.12671863287687302
0.1598877813667059
0.18567986972630024
0.128495205193758
0.11222340725362301
0.05895204097032547
0.17088120989501476
0.12942411564290524
0.1518234983086586
0.13076855801045895
0.10715927928686142
0.13884297758340836
0.11635947600007057
0.17828761041164398
0.08908392349258065
0.08229311648756266
0.1161947138607502
0.1333312839269638
0.08671561814844608
0.10479310154914856
0.1778714545071125
0.1544074323028326
0.12019156105816364
0.07906967867165804
0.1734342072159052
0.20853682234883308
0.11444682069122791
0.13537310995161533
0.1453325990587473
0.25117650255560875
0.10403723549097776
0.16320206597447395
0.21695011854171753
0.2238469310104847
0.16731607168912888
0.15883633121848106
0.11032146774232388
0.14696561452001333
0.1481957547366619
0.1590442769229412
0.05762913450598717
0.10287769977003336
0.1730165295302868
0.15946126729249954
0.13930300623178482
0.11551054753363132
0.10750652756541967
0.10605967231094837
0.10548051074147224
0.1625089067965746
0.11908316798508167
0.10443877894431353
0.1792241707444191
0.09239547699689865
0.10739337466657162
0.05469317361712456
0.13512657955288887
0.16783373430371284
0.06803121697157621
0.09135234728455544
0.2101525291800499
0.15381311811506748
0.14758958481252193
0.13746835943311453
0.22562481183558702
0.17722627520561218
0.14182966761291027
0.13048562034964561
0.176111183129251
0.09434268064796925
0.08866499550640583
0.08855639211833477
0.16479765623807907
0.11685284599661827
0.19243003614246845
0.19438082352280617
0.08275331929326057
0.12973797228187323
0.17307771369814873
0.1332991011440754
0.19617506861686707
0.16102223470807076
0.18242516741156578
0.12151334248483181
0.10837266035377979
0.20435876306146383
0.11025264114141464
0.16460903361439705
0.1335117295384407
0.09011980332434177
0.147228566929698
0.1131076579913497
0.17827176675200462
0.13778108917176723
0.09514449164271355
0.18513577431440353
0.07968554645776749
0.10273404326289892
0.22329485416412354
0.16640206426382065
0.1747954674065113
0.14852222055196762
0.18251156620681286
0.13235009461641312
0.12137618288397789
0.11040909215807915
0.06804839055985212
0.18430949468165636
0.09803878515958786
0.18722130171954632
0.15643666125833988
0.17989592719823122
0.17945494502782822
0.14032174833118916
0.14968363009393215
0.18201686441898346
0.21409563347697258
0.11366875655949116
0.183010783046484
0.1589474380016327
0.11583434417843819
0.12158739380538464
0.08917003590613604
0.1348692299798131
0.12951379269361496
0.2100629210472107
0.23242830019444227
0.10559499356895685
0.12825262360274792
0.14519699849188328
0.19080140441656113
0.11745123006403446
0.08248798595741391
0.09705193992704153
0.10731852520257235
0.11014959495514631
0.17852910328656435
0.0697744432836771
0.11922114714980125
0.08799045719206333
0.06470141187310219
0.1178490212187171
0.1542782224714756
0.08748605661094189
0.12024472001940012
0.18779405113309622
0.1286565875634551
0.10200730338692665
0.09598899725824594
0.1677384302020073
0.0773400655016303
0.1180008128285408
0.11005188710987568
0.1879920195788145
0.11071577668190002
0.14086672477424145
0.1251489780843258
0.15296865813434124
0.11255040764808655
0.20040389988571405
0.18233126029372215
0.1774566750973463
0.06663101632148027
0.1610564887523651
0.12272206507623196
0.16499262303113937
0.07580411899834871
0.13830458745360374
0.11544204317033291
0.1240214928984642
0.10037194285541773
0.10831543989479542
0.13328553549945354
0.1552483206614852
0.13214757479727268
0.08315241429954767
0.1344396211206913
0.189447071403265
0.12281184829771519
0.06704373843967915
0.08772398065775633
0.12964725866913795
0.12376878317445517
0.1247520805336535
0.15258808434009552
0.09874107129871845
0.09615115448832512
0.14557226933538914
0.13776357844471931
0.116559655405581
0.07792213745415211
0.09456320479512215
0.1187372887507081
0.09201136650517583
0.17699984461069107
0.12359617091715336
0.14471634104847908
0.1407273132354021
0.08477132301777601
0.19169644732028246
0.11423180811107159
0.11343706445768476
0.08008645009249449
0.10896178288385272
0.1856960505247116
0.09675570484250784
0.16505028307437897
0.06589164398610592
0.1312856925651431
0.14019152708351612
0.20290767215192318
0.1066641379147768
0.10552389733493328
0.1698994841426611
0.07567417016252875
0.0689472877420485
0.17355704493820667
0.10993539821356535
0.1659333687275648
0.10833834297955036
0.049612415954470634
0.13274242589250207
0.17128074169158936
0.061718917451798916
0.14342879131436348
0.09121061768382788
0.05987738166004419
0.1183986496180296
0.07650954835116863
0.09762597270309925
0.16470198892056942
0.12328406050801277
0.10753824654966593
0.13324991194531322
0.09520403761416674
0.12404537107795477
0.11586560867726803
0.09649318922311068
0.1288053309544921
0.11572296358644962
0.09924130793660879
0.1329795941710472
0.17580119334161282
0.12167321890592575
0.0839607147499919
0.11854973901063204
0.1493176519870758
0.0890312921255827
0.039923722855746746
0.06745062116533518
0.10281929094344378
0.11666235700249672
0.12605139799416065
0.13143249414861202
0.1230256138369441
0.1639416441321373
0.12709364853799343
0.09957737661898136
0.0829496942460537
0.13577415514737368
0.0320710651576519
0.10874407831579447
0.11063354462385178
0.06261421926319599
0.1181691363453865
0.049269634298980236
0.15408633276820183
0.03882708493620157
0.06550157628953457
0.1073353411629796
0.12074937112629414
0.15008771046996117
0.16113038174808025
0.10720058064907789
0.14887683000415564
0.08265468385070562
0.16138240974396467
0.1654922254383564
0.14349094685167074
0.07608302589505911
0.1878405176103115
0.14117925614118576
0.10354584734886885
0.14348545670509338
0.1285272017121315
0.20418494939804077
0.17660723626613617
0.04190019145607948
0.1104518510401249
0.09704756829887629
0.09218409843742847
0.04739726893603802
0.16745398566126823
0.1570365261286497
0.1641754787415266
0.09983512293547392
0.05821776622906327
0.06890549976378679
0.2583467662334442
0.043398231733590364
0.0716156754642725
0.11652801604941487
0.10922294203191996
0.23628339916467667
0.09134294930845499
0.08548538200557232
0.10547493398189545
0.04276165924966335
0.1382215926423669
0.07591090584173799
0.10053208563476801
0.06273524090647697
0.07992108073085546
0.13752646557986736
0.1462024226784706
0.13644060213118792
0.0432057473808527
0.13005025871098042
0.06161328125745058
0.11413009092211723
0.10345211159437895
0.08300017286092043
0.09224073775112629
0.12015807628631592
0.11608009180054069
0.051349318120628595
0.11519445292651653
0.05951836984604597
0.07643894338980317
0.15524864941835403
0.11006016377359629
0.10494115296751261
0.13658924773335457
0.03978391224518418
0.06448516994714737
0.08072469290345907
0.12714441772550344
0.10291390586644411
0.17213254794478416
0.165297856554389
0.14254635758697987
0.11663014907389879
0.06748247845098376
0.10899572260677814
0.1235509067773819
0.08808551542460918
0.06523282267153263
0.114744589664042
0.05215050373226404
0.123225680552423
0.16974712535738945
0.11434364505112171
0.14483753684908152
0.08464753534644842
0.05984317883849144
0.11907504126429558
0.12836998607963324
0.10741686262190342
0.05860529001802206
0.06534802075475454
0.09576245211064816
0.07006967440247536
0.08890435192734003
0.13632899429649115
0.18454359844326973
0.1835157023742795
0.07512952387332916
0.1514393026009202
0.12513149343430996
0.094331587664783
0.04826635727658868
0.10299893096089363
0.0726581672206521
0.13827557116746902
0.05480260215699673
0.13097292371094227
0.05992805305868387
0.14418388763442636
0.07626096904277802
0.1436411775648594
0.06263401918113232
0.13157798210158944
0.11526964046061039
0.07253622356802225
0.06447494123131037
0.22231741063296795
0.08349969144910574
0.035831043031066656
0.035271754022687674
0.12522066291421652
0.0981946587562561
0.12480374705046415
0.101242296397686
0.048867834731936455
0.10559326130896807
0.07658236660063267
0.12448343634605408
0.11381137371063232
0.10400786250829697
0.14005602058023214
0.18796304054558277
0.10159927979111671
0.06986518669873476
0.07711283024400473
0.14131164364516735
0.06955493334680796
0.10238158330321312
0.08157228771597147
0.05896983575075865
0.038329134695231915
0.04660649737343192
0.1004480542615056
0.10404559224843979
0.13546628691256046
0.10323188919574022
0.09503645449876785
0.05792196188122034
0.13927217200398445
0.07211249880492687
0.1691064089536667
0.04216478858143091
0.12183291930705309
0.08758991630747914
0.10104689700528979
0.19381483271718025
0.10650990158319473
0.17433750163763762
0.09274752996861935
0.07295395154505968
0.05894389655441046
0.03770050127059221
0.10069819679483771
0.20758923515677452
0.10141456872224808
0.09391265362501144
0.07247351855039597
0.04290097812190652
0.08487303927540779
0.1660585543140769
0.14972887001931667
0.11436104588210583
0.09638904314488173
0.07587688136845827
0.09117202833294868
0.13288458064198494
0.09851625934243202
0.08569459058344364
0.05532651674002409
0.09832662530243397
0.0922719519585371
0.11900428961962461
0.10872659925371408
0.07865230459719896
0.08447751216590405
0.05207207426428795
0.08913361420854926
0.10984027292579412
0.07720361929386854
0.08681708946824074
0.06282500177621841
0.12605652771890163
0.17600863799452782
0.17184236831963062
0.11588947288691998
0.1713661141693592
0.13508427422493696
0.11257959809154272
0.07840965176001191
0.09973452053964138
0.08615847118198872
0.18882177025079727
0.054010098334401846
0.1751859737560153
0.12111261580139399
0.1626238003373146
0.05478496802970767
0.09506802633404732
0.12355860508978367
0.12611280847340822
0.05895827244967222
0.2089537363499403
0.08635860588401556
0.2015802813693881
0.15921721048653126
0.15161375980824232
0.10898281261324883
0.03085439931601286
0.07958711497485638
0.08234577113762498
0.05334895849227905
0.13264881167560816
0.06460306514054537
0.15232038497924805
0.09524633921682835
0.10125753143802285
0.07032652944326401
0.1516153533011675
0.06257049925625324
0.05503768613561988
0.11039011925458908
0.09565423801541328
0.10465362295508385
0.07690516393631697
0.12763958517462015
0.12599795311689377
0.07686046604067087
0.07554153585806489
0.15627332590520382
0.13995589781552553
0.0759067740291357
0.08871048130095005
0.09661552170291543
0.14873888436704874
0.10899965092539787
0.11374734714627266
0.10301367472857237
0.14625829458236694
0.059726566076278687
0.047824719455093145
0.05294427089393139
0.06793745700269938
0.11664823722094297
0.05712438002228737
0.04996416252106428
0.11123650521039963
0.07742279814556241
0.10565035603940487
0.02974195685237646
0.0832184161990881
0.05393371032550931
0.06393328867852688
0.05470283469185233
0.11406069062650204
0.1205225894227624
0.055090838111937046
0.08856286760419607
0.11036138981580734
0.07055424898862839
0.04814410023391247
0.10411784052848816
0.08075100183486938
0.10878188535571098
0.12840075511485338
0.0926445797085762
0.026361527387052774
0.028327499981969595
0.09723184444010258
0.18463827483356
0.17270004749298096
0.08411313127726316
0.05253722704946995
0.0652416618540883
0.10109727131202817
0.03085162304341793
0.0778419547714293
0.09610600164160132
0.0881835613399744
0.07538655633106828
0.1732110232114792
0.05199577193707228
0.09880085475742817
0.20760433468967676
0.04454724304378033
0.07920790556818247
0.09010218642652035
0.10584208555519581
0.08158100675791502
0.10151797346770763
0.060458785854279995
0.08980548288673162
0.12196951545774937
0.14452956523746252
0.0632542222738266
0.08133076317608356
0.06987184565514326
0.10923061612993479
0.04358683992177248
0.05794108659029007
0.06780194165185094
0.02820531465113163
0.08022443018853664
0.061143421567976475
0.12625251756981015
0.04029792966321111
0.0498901903629303
0.08414632640779018
0.06060176435858011
0.12156644649803638
0.044329892843961716
0.06810011714696884
0.05923142656683922
0.12452137004584074
0.06829956360161304
0.0494802794419229
0.15378847625106573
0.09303943533450365
0.06268805637955666
0.03064821381121874
0.0936572439968586
0.19636615738272667
0.07703949231654406
0.168968353420496
0.13293201103806496
0.12065957579761744
0.09533489868044853
0.08760215574875474
0.12743633519858122
0.024333423003554344
0.1636599898338318
0.06090075755491853
0.050123164895921946
0.10717858001589775
0.13611816056072712
0.07589421374723315
0.12039412977173924
0.05021595163270831
0.06326325703412294
0.06822743825614452
0.10425985883921385
0.11409732326865196
0.10177707951515913
0.12683399580419064
0.07566729979589581
0.1150033688172698
0.1496303859166801
0.07237520441412926
0.14875147119164467
0.11327167227864265
0.09692332427948713
0.07430617650970817
0.09409529156982899
0.1881273342296481
0.10881904140114784
0.07580103911459446
0.07537146471440792
0.11349236778914928
0.07039833161979914
0.07500209799036384
0.11050177179276943
0.052011062391102314
0.08774933032691479
0.13019070401787758
0.10396755300462246
0.11218125279992819
0.06453119684010744
0.029069480020552874
0.14081357046961784
0.09618112351745367
0.09179869806393981
0.08205118402838707
0.11577382776886225
0.09151199460029602
0.08429369144141674
0.10298286844044924
0.10766919609159231
0.08118630619719625
0.08389488933607936
0.12736089248210192
0.12749399989843369
0.05479474412277341
0.050626509822905064
0.05574196297675371
0.18147741444408894
0.06291606556624174
0.05119900219142437
0.0658556311391294
0.05123647814616561
0.11348847392946482
0.16388350538909435
0.13489044923335314
0.10142568591982126
0.0856300606392324
0.12154482584446669
0.10286945104598999
0.13162335101515055
0.043324471451342106
0.13635799754410982
0.05699180345982313
0.03735742997378111
0.12977807130664587
0.1183943129144609
0.03401633212342858
0.06113223731517792
0.11647229269146919
0.0984135721810162
0.06536741368472576
0.02809357363730669
0.0611468693241477
0.08271186240017414
0.14420552644878626
0.04874460119754076
0.0786578906700015
0.07167449546977878
0.10030438657850027
0.0773260472342372
0.10764812491834164
0.06823743833228946
0.11061875615268946
0.14266391657292843
0.08339755609631538
0.10549773927778006
0.09027592232450843
0.12160833971574903
0.08991554845124483
0.07128045940771699
0.0893769720569253
0.07425225619226694
0.049382543191313744
0.061075217090547085
0.05601164698600769
0.09149726899340749
0.10826219758018851
0.08489557262510061
0.05777320405468345
0.06945180892944336
0.06858642678707838
0.05109966732561588
0.10522383358329535
0.03545288136228919
0.0984465442597866
0.08645224757492542
0.06090044882148504
0.10427560657262802
0.09655956085771322
0.07789044734090567
0.08444306161254644
0.08863407466560602
0.03644354362040758
0.028085912577807903
0.029100184328854084
0.0662310915067792
0.09213410643860698
0.1386786848306656
0.07983168633654714
0.11830984428524971
0.07126346975564957
0.04607205791398883
0.02575908089056611
0.06505394633859396
0.06353175919502974
0.1539604626595974
0.044227125123143196
0.06437170412391424
0.09656495600938797
0.07844271138310432
0.09442036412656307
0.08211193606257439
0.2065480798482895
0.10613718070089817
0.05985622527077794
0.04710711259394884
0.06436718441545963
0.12121122982352972
0.13504524622112513
0.1704070121049881
0.10818988084793091
0.10884425230324268
0.11034850496798754
0.07681133225560188
0.040780965238809586
0.11618748027831316
0.0786149175837636
0.054301632568240166
0.12988043762743473
0.06650440488010645
0.0648445338010788
0.10172261111438274
0.17034325702115893
0.15341240540146828
0.1612733155488968
0.15708611346781254
0.03378137946128845
0.1298161167651415
0.034698435105383396
0.08982245624065399
0.08691446483135223
0.02749858144670725
0.05429452285170555
0.08381559699773788
0.046348804607987404
0.09766480512917042
0.027835567947477102
0.07042801938951015
0.0802636444568634
0.1392998369410634
0.07266040798276663
0.07503410801291466
0.15744135156273842
0.06820715218782425
0.08094649808481336
0.06023707985877991
0.02621000399813056
0.05972645850852132
0.1487883310765028
0.11832648329436779
0.05450900690630078
0.060014682821929455
0.08487053494900465
0.17253042291849852
0.09628600999712944
0.03783421078696847
0.06145862955600023
0.05258870869874954
0.02430724212899804
0.09960044221952558
0.031048730481415987
0.11770082730799913
0.09522938216105103
0.12203980796039104
0.04637988656759262
0.04392253281548619
0.04745462955906987
0.02744169346988201
0.03961194586008787
0.06536418292671442
0.109444884583354
0.11147496290504932
0.13782559661194682
0.09321875218302011
0.09447674825787544
0.06511210789903998
0.041029836516827345
0.04183496115729213
0.0831538769416511
0.04683257779106498
0.0837449561804533
0.038460726384073496
0.1018830519169569
0.040168022736907005
0.039253965485841036
0.06057565752416849
0.037253945134580135
0.06907124165445566
0.07550124637782574
0.08008283469825983
0.02932698279619217
0.04836450517177582
0.06308784056454897
0.07247322937473655
0.025969584938138723
0.03022669581696391
0.06442680582404137
0.054693516343832016
0.047033875714987516
0.07867288496345282
0.034216676373034716
0.120912566781044
0.046906473115086555
0.0606584451161325
0.04290273925289512
0.028110135812312365
0.042303367517888546
0.0461898697540164
0.05398227693513036
0.024317852687090635
0.040490614250302315
0.041345611214637756
0.030111212749034166
0.044283824041485786
0.038980246521532536
0.05561220273375511
0.0879717618227005
0.059642257168889046
0.04671981744468212
0.03954319516196847
0.04734650906175375
0.032081499230116606
0.06303973263129592
0.02292862581089139
0.03540327586233616
0.0667620524764061
0.04527770448476076
0.02535692322999239
0.0653314869850874
0.03724774764850736
0.05488144652917981
0.06237599719315767
0.033953068777918816
0.04726436221972108
0.05713636428117752
0.03536850307136774
0.03383978921920061
0.027202016673982143
0.025478160474449396
0.027445907704532146
0.03110737493261695
0.06087806634604931
0.020367445424199104
0.0404240982607007
0.06459294445812702
0.045693385414779186
0.029925432987511158
0.032492466270923615
0.0230037784203887
0.04412785777822137
0.044069891795516014
0.02064068242907524
0.029346483293920755
0.02088614134117961
0.04001157497987151
0.03880414040759206
0.05879083275794983
0.032528077717870474
0.051361199002712965
0.04901857953518629
0.07099977415055037
0.0445328438654542
0.0406114486977458
0.05045153200626373
0.051080973353236914
0.03795307967811823
0.041503870859742165
0.03158789314329624
0.0436202147975564
0.03891826141625643
0.027578236535191536
0.05836853291839361
0.05125930393114686
0.04826242243871093
0.04343277029693127
0.026875806972384453
0.07466414058580995
0.03983006812632084
0.051737187430262566
0.03905116394162178
0.025992698036134243
0.0474527389742434
0.030818044673651457
0.038288846146315336
0.04590557236224413
0.027185027953237295
0.02988161612302065
0.0515437969006598
0.03386151930317283
0.04124716995283961
0.04850275767967105
0.05226426012814045
0.059553044848144054
0.0335673070512712
0.04888873500749469
0.02968275547027588
0.05206169467419386
0.06835334142670035
0.033315359614789486
0.040127662010490894
0.06748335622251034
0.07462232280522585
0.04346689209342003
0.05349205760285258
0.07926558284088969
0.12255920562893152
0.05848071398213506
0.05097496323287487
0.056585678830742836
0.047685595229268074
0.06846197135746479
0.03271776717156172
0.07047177385538816
0.04698934918269515
0.04596919100731611
0.045107671059668064
0.04021981405094266
0.04798041004687548
0.08875417802482843
0.04051816277205944
0.08048327034339309
0.06472018267959356
0.08541380427777767
0.06331422924995422
0.06248389929533005
0.024435442872345448
0.052227148320525885
0.05263974890112877
0.07053128676488996
0.07014828082174063
0.05979621037840843
0.05537136597558856
0.062320304568856955
0.09058930724859238
0.03339381702244282
0.07813727343454957
0.059968204237520695
0.0512675647623837
0.16351488372310996
0.08159293234348297
0.14784680306911469
0.13211420457810163
0.06606600945815444
0.09527353569865227
0.06381046632304788
0.06077684694901109
0.07485852530226111
0.02835975820198655
0.12619404261931777
0.09822745155543089
0.04968889616429806
0.052727585192769766
0.023660949897021055
0.1272948244586587
0.06661346042528749
0.06387323001399636
0.04787458386272192
0.09503570338711143
0.034096475690603256
0.08477995730936527
0.03911374928429723
0.06560551887378097
0.06108776479959488
0.04641038831323385
0.06586842192336917
0.040375673212110996
0.04406045936048031
0.12490313360467553
0.06949344277381897
0.08591346815228462
0.05862846691161394
0.07309543620795012
0.11656686663627625
0.11474405182525516
0.1030296990647912
0.11701320670545101
0.09529084991663694
0.06951179122552276
0.12002035789191723
0.06818940257653594
0.13959484174847603
0.11994153680279851
0.09305794071406126
0.034686269238591194
0.026789327152073383
0.06538193626329303
0.15771532384678721
0.08330331277102232
0.1252531949430704
0.0692362803965807
0.04461208963766694
0.1369701810181141
0.10607483144849539
0.13460614532232285
0.07994990050792694
0.09817669913172722
0.06644289754331112
0.1570069370791316
0.11475749919191003
0.09410919435322285
0.04329155990853906
0.11528014577925205
0.12585632782429457
0.07555174781009555
0.09767021331936121
0.05576581647619605
0.058864155784249306
0.11882611457258463
0.11375059001147747
0.06086080148816109
0.09507236164063215
0.03922181949019432
0.09474053513258696
0.08914315886795521
0.07735024485737085
0.04967888165265322
0.1904653236269951
0.10427653975784779
0.07476755138486624
0.08952449355274439
0.1234597316943109
0.04466944932937622
0.07476068753749132
0.09026754926890135
0.05036276951432228
0.09359782515093684
0.11141025088727474
0.06386724719777703
0.08498935820534825
0.1405481919646263
0.10212888196110725
0.05115019390359521
0.05914920195937157
0.08454875368624926
0.10521616041660309
0.08692390378564596
0.05142564978450537
0.08480712678283453
0.04646924464032054
0.08016269747167826
0.0515994792804122
0.10786089580506086
0.0842306949198246
0.06663888227194548
0.102013124153018
0.11255548149347305
0.09539271285757422
0.1252001691609621
0.06624594423919916
0.16623132769018412
0.13762042298913002
0.061157647985965014
0.09797281119972467
0.05176316760480404
0.052494913805276155
0.040664576925337315
0.09051734209060669
0.08516924129799008
0.10009006876498461
0.07478444557636976
0.07400402380153537
0.10520123038440943
0.057094210758805275
0.06267397291958332
0.11646572034806013
0.09320143889635801
0.07612481294199824
0.06639494933187962
0.10610748082399368
0.03533357102423906
0.05078192753717303
0.08767460100352764
0.11383671872317791
0.07588432542979717
0.08276942418888211
0.08136970130726695
0.1365275029093027
0.12810667976737022
0.0988277904689312
0.11130594648420811
0.07999286241829395
0.08905003033578396
0.0535883205011487
0.09629543777555227
0.08455899497494102
0.08853920362889767
0.05037022661417723
0.08643762487918139
0.028456677682697773
0.03832786809653044
0.07051440235227346
0.0533082215115428
0.04683703323826194
0.07284418120980263
0.05920366570353508
0.07719299755990505
0.06630671955645084
0.11157923471182585
0.07885399321094155
0.08108993526548147
0.08889202773571014
0.03009696351364255
0.024363476783037186
0.026616415474563837
0.023293438833206892
0.06564033310860395
0.03122522938065231
0.10482790041714907
0.08094080351293087
0.04630760522559285
0.05607008980587125
0.06900461949408054
0.07190478313714266
0.08482602424919605
0.05204803170636296
0.054125850554555655
0.060400805436074734
0.044389897026121616
0.03748292475938797
0.08199917618185282
0.1137741431593895
0.06617213366553187
0.10223216377198696
0.0817981455475092
0.0276316802483052
0.017106135841459036
0.11047233641147614
0.029856210574507713
0.09648611815646291
0.08581648045219481
0.04568497696891427
0.08788471482694149
0.0946187381632626
0.06953503144904971
0.068743412848562
0.07662175502628088
0.08021507877856493
0.08459307253360748
0.07625196501612663
0.1004421953111887
0.044730240013450384
0.06214976776391268
0.06517529115080833
0.045857032760977745
0.0473471418954432
0.08098767884075642
0.06098810117691755
0.11415164358913898
0.11563516315072775
0.08645751792937517
0.05961318174377084
0.0636571072973311
0.12477564997971058
0.09539574570953846
0.07563929958269
0.07961656898260117
0.08181828632950783
0.08415076462551951
0.05051919864490628
0.06961794197559357
0.07253719121217728
0.06037621293216944
0.1058115167543292
0.14801669865846634
0.08140984224155545
0.08922086097300053
0.08586569083854556
0.08630765788257122
0.05593615071848035
0.0849461262114346
0.10618916898965836
0.13829625584185123
0.07611909788101912
0.06191010307520628
0.11138644069433212
0.07465855870395899
0.10154922446236014
0.07154398737475276
0.08533073402941227
0.04409805033355951
0.08225306961685419
0.07481145113706589
0.038474781438708305
0.051245007663965225
0.07248723367229104
0.0834981077350676
0.09504836006090045
0.048984171357005835
0.0557132582180202
0.05217988695949316
0.15719939954578876
0.05798311159014702
0.08097431622445583
0.08594962954521179
0.036632030736655
0.04998444067314267
0.11261783353984356
0.05922159645706415
0.052677033469080925
0.06070537306368351
0.0787880108691752
0.04853357607498765
0.10558697720989585
0.1376208048313856
0.10617259051650763
0.07838381547480822
0.07743107667192817
0.08216933999210596
0.058204285800457
0.04002030240371823
0.04037330765277147
0.05018524546176195
0.0866075768135488
0.0568435057066381
0.12524167448282242
0.10073135979473591
0.04215027391910553
0.07427816465497017
0.08155674068257213
0.0823741490021348
0.06916689174249768
0.09279958577826619
0.09683516062796116
0.04495781846344471
0.057822429575026035
0.07205208484083414
0.07116255164146423
0.050709777511656284
0.03749056486412883
0.03768976451829076
0.08554852660745382
0.08679838012903929
0.08435483928769827
0.02242665598168969
0.1112438477575779
0.08936421200633049
0.021854825783520937
0.06093865865841508
0.0713896625675261
0.06133684050291777
0.06977990083396435
0.10372920520603657
0.09657764993607998
0.03141484735533595
0.10668545262888074
0.06720444653183222
0.05904121417552233
0.02743602590635419
0.08491143817082047
0.09243087470531464
0.07326902262866497
0.11395483184605837
0.03898939862847328
0.0973187256604433
0.023929696530103683
0.02602872857823968
0.051872434094548225
0.06461329758167267
0.050252330023795366
0.06154146138578653
0.09260222129523754
0.07679557893425226
0.08735066000372171
0.07409371575340629
0.051997865084558725
0.09319367213174701
0.06377928098663688
0.05008217366412282
0.10261285211890936
0.05029928032308817
0.059932772535830736
0.13727262988686562
0.07432785956189036
0.03460198501124978
0.11841611424461007
0.07794648315757513
0.06530700251460075
0.06328895827755332
0.08411334408447146
0.0483921249397099
0.1094043180346489
0.08272669650614262
0.054806324653327465
0.09302632510662079
0.023546495009213686
0.09925655275583267
0.057500675320625305
0.057138506323099136
0.0708351107314229
0.06161509174853563
0.1066301828250289
0.08641159115359187
0.03529652487486601
0.024638298898935318
0.02923267800360918
0.06888566445559263
0.03329595271497965
0.050081947818398476
0.0928980503231287
0.07924049906432629
0.09473201539367437
0.047455898486077785
0.09899105271324515
0.06455751787871122
0.04358455631881952
0.04449831834062934
0.07447648793458939
0.028955413959920406
0.08514546882361174
0.05992718692868948
0.03945843270048499
0.051014730241149664
0.10184904932975769
0.057993325870484114
0.08636228879913688
0.05055122449994087
0.06560369115322828
0.11052851937711239
0.09242286253720522
0.1154806399717927
0.13653956353664398
0.06367594609037042
0.09412634838372469
0.06655513774603605
0.04164710361510515
0.08847987372428179
0.044955766294151545
0.08253183495253325
0.12416239501908422
0.06203550333157182
0.1122379582375288
0.08807455515488982
0.11071376502513885
0.08074165694415569
0.04196433676406741
0.09086525300517678
0.05690322630107403
0.1054672789759934
0.029917200561612844
0.06329884845763445
0.049679048359394073
0.07120735570788383
0.05801306338980794
0.12288950197398663
0.08563746744766831
0.10345918126404285
0.11460540443658829
0.06737433932721615
0.046997493132948875
0.12335918471217155
0.07682137098163366
0.0750671112909913
0.07820755150169134
0.045195696875452995
0.03798460401594639
0.05612999014556408
0.05621880618855357
0.07286991085857153
0.054481360130012035
0.06926322728395462
0.11699475347995758
0.08597603067755699
0.06389363249763846
0.03959505446255207
0.03705189470201731
0.0689523620530963
0.02638700371608138
0.072525586001575
0.09237076761201024
0.1387874223291874
0.09658724628388882
0.11957960575819016
0.0972657767124474
0.09832937084138393
0.06292879022657871
0.09826891031116247
0.05464682215824723
0.09161827340722084
0.10625734180212021
0.054106296971440315
0.10899992333725095
0.11968214623630047
0.1807011105120182
0.06600142316892743
0.08800521958619356
0.08962335996329784
0.06911900267004967
0.11269997153431177
0.053544409573078156
0.11858948692679405
0.11484015174210072
0.09774384740740061
0.09021819336339831
0.10529189370572567
0.09163057757541537
0.07528695464134216
0.07373315189033747
0.08702578768134117
0.08541167108342052
0.10923530859872699
0.045145194977521896
0.08632050268352032
0.056382020469754934
0.04875427205115557
0.1193454135209322
0.09886169619858265
0.05819451017305255
0.1542674251832068
0.08942712843418121
0.07605895027518272
0.04212967865169048
0.05197875900194049
0.08513326989486814
0.046883303206413984
0.11014633812010288
0.11951072700321674
0.125372510869056
0.12332942429929972
0.15095387399196625
0.08319907449185848
0.07845998462289572
0.09814972057938576
0.16687379404902458
0.1091223917901516
0.10107721341773868
0.11076782457530499
0.0782965449616313
0.1380267394706607
0.06678311200812459
0.1765205031260848
0.07194688869640231
0.07283334713429213
0.08481889963150024
0.1106294309720397
0.05961127672344446
0.046574346255511045
0.10326050315052271
0.034388233441859484
0.08271385822445154
0.053499745205044746
0.06725289952009916
0.10315847583115101
0.05869664531201124
0.09018976893275976
0.0864349827170372
0.05103072850033641
0.03030626429244876
0.07966826856136322
0.05022418452426791
0.07625251356512308
0.09005649760365486
0.09725427953526378
0.060790232848376036
0.04103247355669737
0.05277835624292493
0.04405456501990557
0.08537886757403612
0.06535764131695032
0.06110075442120433
0.04780388344079256
0.10034303506836295
0.06970311142504215
0.09028361272066832
0.04957449808716774
0.12003735173493624
0.08032300136983395
0.040519715286791325
0.027502996381372213
0.1091479230672121
0.08344104140996933
0.03426757315173745
0.06912609748542309
0.058159143663942814
0.07950268965214491
0.046771954745054245
0.10501851513981819
0.05808595474809408
0.08235932420939207
0.11126614874228835
0.0619743294082582
0.06229893118143082
0.08314969763159752
0.0992283821105957
0.1000568475574255
0.0928070992231369
0.08139810338616371
0.03952619293704629
0.037858049385249615
0.0538995168171823
0.07933039264753461
0.04629915114492178
0.05605017160996795
0.03874321421608329
0.04431255115196109
0.07228654297068715
0.0652007395401597
0.04764500539749861
0.05385964456945658
0.0847343448549509
0.11991441249847412
0.020436623599380255
0.050178431905806065
0.0426587276160717
0.060375068336725235
0.02561141364276409
0.04114115610718727
0.043685159645974636
0.09184792917221785
0.0744328061118722
0.11473952420055866
0.05093668354675174
0.0857426943257451
0.04890705272555351
0.02496330812573433
0.04735980788245797
0.028124863747507334
0.12402507476508617
0.04372017504647374
0.025546914897859097
0.04645899264141917
0.06164377275854349
0.05807796400040388
0.0951580642722547
0.02950642118230462
0.07786822505295277
0.043080714996904135
0.03312964364886284
0.10340399295091629
0.08668026141822338
0.052665471099317074
0.03309773653745651
0.05854438291862607
0.03803104581311345
0.04811750818043947
0.10172428144142032
0.08096113009378314
0.0675426684319973
0.0594202596694231
0.07331721344962716
0.09318818431347609
0.06960656959563494
0.07424871623516083
0.049537841230630875
0.11878314148634672
0.04087850544601679
0.0389346438460052
0.0782850356772542
0.04765710374340415
0.06119927857071161
0.070856599137187
0.06732691591605544
0.030736681539565325
0.06034803856164217
0.04614990344271064
0.04963870486244559
0.06429622787982225
0.03007069882005453
0.09401767468079925
0.0803943295031786
0.04052456608042121
0.029524963349103928
0.0959292845800519
0.05804734164848924
0.047522930428385735
0.09276694525033236
0.04362569283694029
0.0776746878400445
0.09851083997637033
0.0865496788173914
0.0659489817917347
0.051058844197541475
0.06759035820141435
0.06415726151317358
0.06281296256929636
0.03636260563507676
0.05228739092126489
0.10210480727255344
0.05880074901506305
0.04665032587945461
0.044227135833352804
0.042337209451943636
0.07631650101393461
0.03682310413569212
0.0713052237406373
0.04742134129628539
0.05942701920866966
0.05761322192847729
0.05647942749783397
0.0944234230555594
0.07773675303906202
0.025398943573236465
0.09783074306324124
0.044936582911759615
0.08514699805527925
0.08058418752625585
0.03042826894670725
0.07248993217945099
0.029393055476248264
0.08388494281098247
0.037040276918560266
0.09329765476286411
0.02846457390114665
0.11530889384448528
0.02924133324995637
0.08579154312610626
0.044970124028623104
0.07998144812881947
0.061736579053103924
0.060020224656909704
0.05669201258569956
0.06670543178915977
0.04851469537243247
0.059732839930802584
0.06642972864210606
0.07573574408888817
0.06813481822609901
0.10100773628801107
0.06171284709125757
0.030184912495315075
0.058285847306251526
0.03774020168930292
0.06563121825456619
0.04547275882214308
0.08766094641759992
0.053029154893010855
0.0523401633836329
0.0571433175355196
0.04296485427767038
0.07216602237895131
0.06445600558072329
0.057438389863818884
0.09514645719900727
0.047856551595032215
0.03567639505490661
0.02618069387972355
0.06723060691729188
0.0582394152879715
0.03927903901785612
0.09091070899739861
0.024550915230065584
0.09794252645224333
0.023642858490347862
0.0531412516720593
0.04385862918570638
0.10365738905966282
0.05335204629227519
0.09570025745779276
0.05580762540921569
0.04769779369235039
0.05757521092891693
0.0635844562202692
0.042411752976477146
0.0544358491897583
0.04295331006869674
0.050006871111691
0.055187484715133905
0.03873359737917781
0.05416862713173032
0.11235091090202332
0.033849002327769995
0.030128465499728918
0.059936157427728176
0.05315534910187125
0.030319183133542538
0.09505008952692151
0.08381117507815361
0.0730566936545074
0.0953763211145997
0.02372413920238614
0.1099453279748559
0.08993352949619293
0.06746541429311037
0.11538757756352425
0.053042635321617126
0.044363584369421005
0.10890185832977295
0.023931856267154217
0.026926941238343716
0.08928843354806304
0.06434377748519182
0.04581165872514248
0.06816870858892798
0.055746452417224646
0.044167032930999994
0.08516321144998074
0.04033756069839001
0.058796548284590244
0.05834296252578497
0.02453389437869191
0.07812491431832314
0.087454863358289
0.04933976847678423
0.06951399426907301
0.07490165950730443
0.08702709432691336
0.05183869227766991
0.02889143628999591
0.0482608312740922
0.092374914791435
0.06443875748664141
0.029537559486925602
0.04058024659752846
0.03630395885556936
0.05123452376574278
0.07335581118240952
0.052502845879644156
0.040858201682567596
0.045313688926398754
0.07611444965004921
0.04606941668316722
0.027185173239558935
0.08624360337853432
0.0480462908744812
0.05520750302821398
0.06639997567981482
0.10157411359250546
0.07405231473967433
0.06594731658697128
0.08888874296098948
0.06670516356825829
0.04818696854636073
0.06172925420105457
0.058338990435004234
0.08063278999179602
0.09020767407491803
0.07784993713721633
0.027514979243278503
0.03982581105083227
0.046741385478526354
0.05752314627170563
0.07841305620968342
0.06285556685179472
0.1207126067019999
0.03749875631183386
0.08955169841647148
0.06055037537589669
0.021402358543127775
0.05297111626714468
0.06097912834957242
0.05425875633955002
0.022213246673345566
0.04395434260368347
0.05430704029276967
0.04736232617869973
0.09067987045273185
0.07662571175023913
0.047313620802015066
0.06828684359788895
0.041558080818504095
0.05303509207442403
0.08219390641897917
0.07360300095751882
0.05922912713140249
0.08562713209539652
0.06290934095159173
0.1004605833441019
0.05343828396871686
0.0791013315320015
0.027581280563026667
0.05921011604368687
0.06132417358458042
0.06954230833798647
0.03324105404317379
0.06281082006171346
0.02089371858164668
0.06791299534961581
0.04421623982489109
0.03982596891000867
0.034835475496947765
0.01980502810329199
0.038185559678822756
0.07995309308171272
0.052752448711544275
0.035166161600500345
0.04859462147578597
0.08507667295634747
0.041264713276177645
0.06978213787078857
0.057317771948874
0.09301694808527827
0.06532324920408428
0.06859051575884223
0.04236523620784283
0.023213396314531565
0.019791171420365572
0.07075356412678957
0.06053854851052165
0.0669840108603239
0.06193962274119258
0.11442633019760251
0.06501626968383789
0.047579672653228045
0.05793940182775259
0.05334039218723774
0.04647701699286699
0.03844023123383522
0.09685025503858924
0.03325986675918102
0.0394944017753005
0.06695223739370704
0.05397689598612487
0.019068569410592318
0.04214959451928735
0.04602390015497804
0.04586788499727845
0.026755270548164845
0.06287127872928977
0.030802971217781305
0.030037200544029474
0.05497578112408519
0.06561607960611582
