None
None
None
None
None
None
None
None
None
None
None
None
None
None
None
None
None
None
None
None
None
None
None
None
None
None
None
None
None
None
None
None
None
None
None
None
None
None
None
None
None
None
None
None
None
None
None
None
None
None
None
None
None
None
None
None
None
None
None
None
None
None
None
None
None
None
None
2.6537986993789673
2.7833054065704346
2.5834922790527344
2.95603483915329
2.7838377952575684
2.509683847427368
2.4612537622451782
2.57867169380188
2.2666409611701965
2.225372403860092
2.040148288011551
2.093143194913864
2.1067203879356384
1.7378841638565063
1.7404112219810486
2.0158198177814484
1.1733853220939636
1.0796220302581787
1.367706686258316
1.0027855336666107
0.7493486106395721
0.4800286293029785
0.5260365009307861
0.5709925815463066
0.30986655689775944
0.019114630296826363
-0.1327005997300148
-0.19394297152757645
-0.6188698410987854
-0.3370417356491089
-0.46395498886704445
-0.3671033978462219
-0.5489572957158089
-0.5366072356700897
-0.22491002082824707
-0.0594207588583231
-0.3345879316329956
-0.068960752338171
-0.14625871926546097
0.17515187710523605
-0.012559723109006882
-0.09887909982353449
-0.008913001045584679
0.43389095552265644
0.2888593543320894
0.14534959755837917
-0.15608074888586998
0.23488546535372734
0.11798056215047836
-0.15576041489839554
-0.20011457800865173
-0.37926508486270905
0.03650987893342972
-0.21343939378857613
-0.21456104516983032
-0.01747880131006241
-0.1730031743645668
-0.2974116653203964
-0.40036603063344955
-0.16217732429504395
-0.4131869599223137
-0.31597141176462173
-0.116395965218544
-0.18083351105451584
-0.18432145193219185
-0.1951250582933426
-0.05980541929602623
-0.06722528859972954
0.15830307826399803
-0.1391359306871891
-0.35424257442355156
0.12110795080661774
-0.3067416027188301
-0.5232876762747765
-0.10103502497076988
-0.3307856060564518
-0.5974662005901337
-0.5028824210166931
-0.3498326204717159
-0.46308010816574097
-0.04486772231757641
-0.2073487564921379
0.043130967766046524
-0.24536648765206337
-0.14692804217338562
0.32317013293504715
-0.10748662799596786
-0.02736819162964821
-0.21786242350935936
-0.5791371017694473
-0.20869773253798485
-0.406547699123621
-0.36915338784456253
-0.5062808468937874
-0.39525173231959343
-0.499473437666893
-0.4117785356938839
-0.3535134419798851
-0.2680010050535202
-0.1861967332661152
-0.23133734613656998
-0.19793588295578957
-0.28249091655015945
-0.18734733015298843
-0.2919263541698456
-0.4032488763332367
-0.16887320578098297
-0.47867433726787567
-0.4121936857700348
-0.2650912255048752
-0.35207824781537056
-0.171775933355093
-0.5684234648942947
-0.42031217738986015
-0.37809158861637115
-0.3976168744266033
-0.25417352840304375
-0.2470826879143715
-0.2629968263208866
-0.2315499633550644
-0.5323418825864792
-0.12938695587217808
-0.323583260178566
-0.321319542825222
-0.44312695413827896
-0.48882609233260155
-0.3433273360133171
-0.3409620076417923
-0.5357461273670197
-0.24344037845730782
-0.2739619202911854
-0.28601309657096863
-0.5446991622447968
-0.28684671223163605
-0.24707500636577606
-0.2517923004925251
-0.3675554543733597
-0.07997706159949303
-0.24300121888518333
-0.5929320752620697
-0.5304311215877533
-0.414773128926754
-0.6093733981251717
-0.46959297358989716
-0.38717764616012573
-0.3679261989891529
-0.21221177279949188
0.0038597285747528076
-0.45637423917651176
-0.48913855105638504
-0.3748761974275112
-0.34050585329532623
-0.08150366321206093
-0.4374695736914873
-0.27559422701597214
-0.4873766377568245
-0.31842605769634247
-0.26895030587911606
-0.3435881845653057
-0.4287020843476057
-0.6523330807685852
-0.297792986035347
-0.30852338671684265
-0.2042926549911499
-0.35697246342897415
-0.1401413194835186
-0.08762689121067524
-0.45847950875759125
-0.4903024062514305
-0.6506498083472252
-0.6576996222138405
-0.4533611610531807
-0.5999156087636948
-0.3784893676638603
-0.28728928230702877
-0.05533401668071747
0.07423166185617447
0.013549363240599632
0.03893015906214714
-0.2358585074543953
-0.5071058720350266
-0.631447309628129
-0.4491298571228981
-0.46849771961569786
-0.500996969640255
-0.5240905396640301
-0.326309509575367
-0.3311470299959183
0.026291366666555405
-0.04740394279360771
-0.40584684908390045
-0.22556374222040176
-0.21395014273002744
-0.2370914313942194
-0.02820553630590439
-0.23053402826189995
-0.5399926453828812
-0.7116846889257431
-0.5944290831685066
-0.8954370319843292
-0.6660778149962425
-0.5269813537597656
-0.351686367765069
-0.0326521173119545
-0.17160449922084808
-0.033058978617191315
-0.47975175827741623
-0.008449692279100418
0.13522381125949323
-0.3507920429110527
-0.39453326538205147
-0.5320322476327419
-0.29406627267599106
-0.5148094147443771
-0.4985107406973839
-0.2760617844760418
-0.3397826924920082
-0.2790761664509773
-0.17825084924697876
-0.10678208246827126
-0.19916462525725365
-0.5275968089699745
-0.5032002776861191
-0.3084646016359329
-0.5013959854841232
-0.3567297197878361
-0.5365118682384491
-0.4737926870584488
-0.21990396827459335
-0.33976512402296066
-0.19941539876163006
0.10744270961731672
-0.18430672027170658
-0.290420264005661
-0.4798443019390106
-0.5403492450714111
-0.22650084644556046
-0.4157568886876106
-0.46360384300351143
-0.17695475183427334
-0.5349639281630516
-0.4110417675692588
0.08128625154495239
-0.27000993117690086
-0.3007034622132778
-0.12034186907112598
-0.4228350967168808
-0.3707785988226533
-0.24241195246577263
-0.490378275513649
-0.4839833751320839
-0.13959169201552868
-0.4548519551753998
-0.22823977656662464
-0.0376563873142004
-0.005071040242910385
-0.3883575275540352
-0.4242303781211376
-0.5000643655657768
-0.26177711971104145
-0.28505245223641396
-0.22176291421055794
-0.3350295200943947
-0.43776726722717285
-0.26968124136328697
-0.42529889568686485
-0.4938073642551899
-0.33062922209501266
0.019520282745361328
-0.08734914381057024
-0.2701715426519513
-0.37449927255511284
-0.13369072042405605
-0.4812927469611168
-0.26596657931804657
-0.2889147251844406
-0.4919620230793953
-0.43164750933647156
-0.28944478183984756
-0.14539902471005917
-0.18288275972008705
-0.16718441620469093
-0.4141055569052696
-0.29824900813400745
-0.27833169512450695
-0.3456900864839554
-0.4856780618429184
-0.3930845931172371
-0.43544387072324753
-0.2149831634014845
-0.2704939264804125
0.050332555547356606
0.04058123007416725
0.04928559809923172
-0.26041025295853615
-0.4045264646410942
-0.6843309700489044
-0.5835709497332573
-0.36948970705270767
-0.14445168524980545
-0.2723073214292526
-0.17043436132371426
-0.2895319629460573
-0.224648829549551
-0.17182612605392933
-0.2373516894876957
-0.3978872448205948
-0.4499941021203995
-0.3544766791164875
-0.5142536014318466
-0.2586577597539872
-0.2997243255376816
-0.15796550456434488
-0.26549874106422067
-0.04233884625136852
-0.2646034173667431
-0.4350694343447685
-0.28944505751132965
-0.6088705360889435
-0.5589711219072342
-0.5093454718589783
-0.08488485403358936
-0.03999156877398491
-0.12681130319833755
-0.45999497920274734
-0.15110357850790024
-0.2157100774347782
-0.2741612307727337
-0.5789405703544617
-0.39711745642125607
-0.4075518995523453
-0.4261438697576523
-0.28872867673635483
-0.09841711446642876
0.0009661410003900528
-0.1498750001192093
-0.08043213561177254
-0.15654939226806164
-0.4741257280111313
-0.652927502989769
-0.40468715503811836
-0.25585147738456726
-0.5511828232556581
-0.2862257696688175
-0.34506747033447027
-0.27193818986415863
-0.09970713220536709
0.21602575294673443
-0.18107161112129688
-0.23188941925764084
-0.23819455690681934
-0.5216331630945206
-0.5607971101999283
-0.34559741243720055
-0.4348423071205616
-0.5373219698667526
-0.4674609825015068
-0.13961181417107582
-0.16082575637847185
-0.04911918565630913
-0.0370258167386055
-0.14894515089690685
-0.27634014561772346
-0.5220711976289749
-0.4951435476541519
-0.5088045299053192
-0.21357381343841553
-0.5671620219945908
-0.21519379317760468
-0.11860043369233608
-0.2728029154241085
-0.34876008331775665
-0.18879827577620745
-0.18327576760202646
-0.37085220217704773
-0.32790634222328663
-0.3427903726696968
-0.3722667396068573
-0.14877282083034515
-0.33199556078761816
-0.32538555562496185
-0.22446796670556068
-0.2840626500546932
-0.08311185799539089
-0.370694063603878
-0.3553246632218361
-0.11202649772167206
-0.3058471493422985
-0.37329520285129547
-0.3778918758034706
-0.4071156531572342
-0.20529913157224655
-0.09165357146412134
-0.12028833059594035
-0.2541721947491169
-0.30356036964803934
-0.2776055298745632
-0.26607255451381207
-0.2468927800655365
-0.28657820634543896
-0.20905802212655544
0.13292505405843258
-0.11586668901145458
0.07193115167319775
0.0382240004837513
-0.2898438982665539
-0.2057365458458662
-0.4974657744169235
-0.41301365196704865
-0.2899167938157916
-0.34344177693128586
-0.26773684844374657
-0.1454970482736826
-0.27042415365576744
-0.06485153594985604
-0.2624841150827706
-0.04908462055027485
-0.06267431005835533
-0.30915300361812115
-0.3745534624904394
-0.33725186809897423
-0.5373627468943596
-0.5051508843898773
-0.05321911722421646
-0.3591165840625763
-0.001999251078814268
0.050630717538297176
-0.14220544695854187
-0.2370530664920807
-0.19638709351420403
-0.2971729338169098
-0.40596604347229004
-0.27424450777471066
-0.34219906479120255
-0.13361839950084686
-0.17275842418894172
-0.13351994892582297
-0.03183366311714053
0.01876092329621315
-0.17945020087063313
-0.22138435393571854
-0.212635587900877
-0.28692127019166946
-0.214582409709692
-0.4417865574359894
-0.15150478295981884
-0.016873633489012718
-0.12551691196858883
-0.22149244230240583
-0.42465895414352417
-0.2556343600153923
-0.234220240265131
-0.4159843623638153
-0.17131624277681112
-0.40851936489343643
-0.15953510999679565
-0.43900327384471893
-0.019968284759670496
-0.2230818010866642
-0.1481703482568264
-0.02520883083343506
-0.32652800530195236
-0.2755307089537382
-0.11153566278517246
-0.18654588237404823
-0.141355998814106
-0.23376043513417244
-0.16905825212597847
0.005556507036089897
-0.022656455636024475
-0.3259894661605358
-0.41475461795926094
-0.1974567174911499
-0.20620284136384726
-0.33360428363084793
0.007483690977096558
0.06533102644607425
-0.0277340030297637
-0.17348088044673204
-0.0865244623273611
-0.4680524319410324
-0.5505230650305748
-0.4115038886666298
-0.4235368110239506
-0.15854355692863464
-0.16053559631109238
-0.32057972252368927
-0.20224748272448778
-0.11210174299776554
-0.14461785554885864
-0.22583973594009876
-0.24997368454933167
-0.3597232326865196
-0.26758011244237423
-0.24807407148182392
-0.12206731736660004
-0.001990851014852524
-0.08844495099037886
-0.17586142383515835
-0.2165103740990162
-0.2878943830728531
-0.1335842628031969
-0.13686629012227058
-0.2585727069526911
-0.2561841830611229
-0.10901904851198196
-0.11812801286578178
0.006251031532883644
-0.1144132949411869
-0.20438555721193552
-0.37782739102840424
-0.24617042392492294
-0.3567305877804756
-0.15754026174545288
-0.032945407554507256
-0.29431589134037495
-0.1654468411579728
-0.013707379810512066
-0.24278244376182556
-0.13467388041317463
-0.2535211145877838
-0.027631646022200584
-0.18963875621557236
-0.3462113607674837
-0.1700647957623005
-0.34450744092464447
-0.008677529636770487
-0.11796119390055537
-0.11835004016757011
-0.02938041929155588
-0.08280031569302082
-0.397062748670578
-0.2766040898859501
-0.2878149598836899
-0.30602166056632996
-0.13318958412855864
-0.19957891292870045
-0.28009522892534733
-0.3044919753447175
-0.10922073945403099
-0.016801342368125916
0.11001850385218859
0.057498347014188766
-0.25613376032561064
-0.28950565308332443
-0.20690513774752617
-0.10326479747891426
-0.1732537280768156
-0.32332638651132584
-0.2012905366718769
-0.32713253051042557
0.02741735428571701
0.19450326263904572
0.143032755702734
-0.022474773693829775
0.01326209306716919
-0.27437975257635117
-0.13796510081738234
-0.22996057756245136
-0.46565380692481995
-0.2823251113295555
-0.2780398726463318
-0.2601112574338913
0.04756791749969125
0.0932393241673708
0.3586435094475746
0.1885234611108899
0.13187265768647194
0.058565481565892696
-0.19171727634966373
-0.3095097541809082
-0.3686233786866069
-0.46714997477829456
-0.1660993006080389
-0.25173157826066017
-0.12135055847465992
0.05786534212529659
-0.11909039504826069
0.07633970561437309
-0.16236078878864646
-0.15491164848208427
-0.030172106344252825
-0.02433918509632349
-0.23204125091433525
-0.20337292924523354
-0.1260931733995676
-0.1396559770219028
-0.029869411140680313
-0.16129300836473703
-0.17044036462903023
-0.13856794591993093
-0.1245928080752492
-0.12664599996060133
-0.13493087142705917
-0.1119191610487178
-0.22336463537067175
-0.09284158144146204
-0.017584775108844042
-0.13075403030961752
-0.08244157023727894
-0.22982012666761875
-0.25214261934161186
-0.3237374573945999
-0.16563628427684307
-0.09275983413681388
-0.019174624234437943
0.039332169108092785
-0.12386289797723293
-0.11253198515623808
-0.2592062447220087
-0.16012652404606342
-0.27083179354667664
-0.057326593436300755
0.1239594193175435
-0.03227643482387066
-0.17188414558768272
-0.2907557561993599
-0.10347318835556507
-0.17947114259004593
-0.12030500173568726
0.04104074090719223
-0.13069388084113598
-0.12520885840058327
-0.09516510891262442
-0.10563504695892334
-0.2424088753759861
-0.051647765561938286
-0.13898211158812046
-0.07074936851859093
-0.2855939753353596
-0.12583582289516926
-0.3383246250450611
-0.05038450099527836
-0.0023202067241072655
-0.11248327419161797
0.02560045663267374
-0.23079701513051987
-0.04702116595581174
-0.0985124260187149
-0.1233673244714737
-0.2499882858246565
-0.36033613234758377
-0.28066408447921276
-0.1822299212217331
-0.0906301299110055
0.12260410096496344
-0.1452792203053832
0.015359658747911453
-0.07804249785840511
-0.1919744573533535
-0.22407714650034904
-0.14152804063633084
-0.1464873170480132
-0.11919188778847456
-0.03981134667992592
-0.02610618155449629
0.0008523482829332352
-0.015718930400907993
-0.22511489316821098
-0.31996405869722366
-0.39795103296637535
-0.30495352670550346
-0.14748592115938663
-0.10272387601435184
0.04079350456595421
0.018380423076450825
0.05448448099195957
-0.02539719268679619
0.07444217626471072
-0.4592021629214287
-0.3555275723338127
-0.3272773176431656
-0.29780852794647217
-0.2590832803398371
-0.01128009520471096
-0.0962667646817863
-0.027959941886365414
-0.04268826451152563
-0.016885429620742798
-0.19125159457325935
-0.311788372695446
-0.1315315794199705
-0.19084962829947472
-0.027861073147505522
-0.013760386034846306
-0.16943112015724182
-0.045939106959849596
-0.09878539852797985
-0.16370789613574743
-0.1018432779237628
-0.1947393324226141
-0.10608774796128273
0.03611547779291868
0.02510678395628929
0.04564673185814172
0.030763315968215466
-0.19987018033862114
-0.16423085890710354
-0.16174803860485554
-0.21908552199602127
0.0006611775606870651
-0.008035811129957438
0.043208654038608074
-0.11038420163094997
-0.08317144960165024
-0.10748788714408875
-0.2103516310453415
-0.2599381785839796
-0.10937363002449274
-0.0007363548502326012
0.04759342037141323
-0.07967454940080643
-0.03599531902000308
-0.1682859007269144
-0.19860968180000782
-0.20325780846178532
-0.07959244959056377
-0.1259696774650365
0.04610447492450476
0.0576616870239377
0.012268565129488707
-0.1676236605271697
-0.05602649413049221
-0.16764767095446587
-0.20964905060827732
-0.07616877928376198
-0.12183496169745922
-0.16506541427224874
0.08662262558937073
0.09458983317017555
0.0618585916236043
-0.019078288227319717
-0.23609642125666142
-0.09707652544602752
-0.17305126041173935
-0.09033012762665749
-0.062064716359600425
-0.017082400619983673
-0.17827028781175613
-0.029793741647154093
-0.015584129374474287
-0.17920134589076042
-0.11594719812273979
-0.13062066957354546
-0.2135905586183071
0.02768616983667016
0.02689097262918949
-0.008792992681264877
-0.025705094449222088
-0.14311182871460915
-0.14603706263005733
-0.16328334249556065
-0.12529029697179794
-0.1504571889527142
-0.0853220266290009
0.05985051905736327
-0.07247615791857243
-0.07380862347781658
-0.2326871957629919
-0.282781470566988
-0.174867270514369
-0.11397675145417452
-0.11038521758746356
0.06091669946908951
0.04722700081765652
-0.13561633345670998
-0.04523227084428072
-0.24090134724974632
-0.23855191841721535
-0.29480470484122634
-0.11908712913282216
0.08890305552631617
-0.009791132993996143
0.05173263605684042
-0.000879952684044838
-0.1407196745276451
-0.1955244317650795
-0.22980232536792755
-0.08144686743617058
-0.17551368847489357
-0.15604490041732788
0.014282194897532463
-0.030563127249479294
0.055890535935759544
-0.1000146372243762
-0.1430270206183195
-0.17259894963353872
-0.0617379411123693
-0.08004440646618605
-0.029056043596938252
-0.08244332484900951
-0.020564120262861252
-0.1466847788542509
-0.12272778898477554
-0.18077738117426634
-0.158209927380085
0.0011895745992660522
0.029872104059904814
0.008993600960820913
-0.03456202149391174
-0.16159073216840625
-0.19690866395831108
-0.1449856124818325
-0.04627540800720453
0.019412364810705185
-0.13223486579954624
-0.1076040081679821
0.029682237654924393
-0.04741931310854852
-0.23282693699002266
-0.06565400213003159
-0.10380249843001366
-0.050025040516629815
-0.05917396303266287
-0.12500437023118138
-0.048794425558298826
-0.17937620542943478
-0.04611969809047878
-0.004773999564349651
-0.09960328601300716
-0.15950660035014153
-0.24961347877979279
-0.1004972968949005
-0.02505339588969946
0.08394829835742712
0.01618741638958454
-0.04491259157657623
-0.16463827714323997
-0.12814366072416306
-0.1649034395813942
-0.13453358598053455
0.009397776331752539
-0.042827507480978966
-0.05748997558839619
-0.06683033122681081
-0.07259405590593815
-0.0582760376855731
-0.1563838142901659
-0.13345983624458313
-0.12566142156720161
-0.0018110887613147497
0.06138984952121973
0.07019463460892439
0.011139774695038795
-0.09338945336639881
-0.18762019649147987
-0.18030590936541557
-0.20179148018360138
-0.006772918626666069
-0.062469824217259884
0.014080207329243422
-0.1619085492566228
-0.04265277134254575
-0.0707379118539393
-0.06362690310925245
-0.017886263318359852
-0.13495668512769043
-0.05297715961933136
-0.04564335662871599
-0.07277839072048664
-0.09609429072588682
-0.04026209330186248
-0.02666661562398076
-0.03558220760896802
-0.1588717345148325
-0.0638917344622314
-0.013262230902910233
-0.0654587964527309
-0.08956236625090241
-0.09122051205486059
-0.09319336898624897
0.0062782850582152605
0.0673570572398603
0.00369737995788455
-0.07814869191497564
-0.11092158406972885
-0.12186755333095789
-0.14064181596040726
-0.029955444391816854
-0.02158926846459508
0.02539137378334999
-0.020159282023087144
-0.080671570263803
-0.18678808957338333
-0.14446314796805382
-0.10639985278248787
-0.13309857109561563
0.01645855512470007
0.10281712282449007
0.11038767173886299
0.0156214558519423
-0.02178906463086605
-0.14905768260359764
-0.06470331735908985
-0.15550881624221802
-0.16951164603233337
-0.11457604914903641
-0.04026250168681145
0.018960158806294203
0.062323336489498615
-0.048213605070486665
-0.02176932990550995
-0.127491669729352
-0.13840315863490105
-0.19999932870268822
-0.1334550902247429
-0.09928756952285767
0.0007088030688464642
0.08535788487643003
0.13207140937447548
0.11191520001739264
-0.00489834975451231
0.008807640755549073
-0.17940989509224892
-0.26221906393766403
-0.20304745808243752
-0.23070170730352402
-0.1548108533024788
-0.1151984203606844
-0.026906500570476055
0.09778918651863933
0.1320116836577654
0.096503178589046
0.0727903675287962
-0.01122854184359312
-0.08224108442664146
-0.18767476081848145
-0.19677595049142838
-0.19527575373649597
-0.1788749173283577
-0.018674126360565424
-0.01109434012323618
0.04393799044191837
0.03920602751895785
-0.02893933723680675
-0.05380175355821848
-0.24330776184797287
-0.11955141555517912
-0.14406577870249748
-0.007677445188164711
-0.0640375236980617
-0.015653165755793452
-0.11040226463228464
-0.12602089159190655
0.05103838467039168
-0.005609070649370551
0.0161839765496552
-0.03432459942996502
-0.08455925434827805
-0.16226481087505817
-0.1986473985016346
-0.13047323934733868
-0.05680286278948188
0.00678598415106535
0.07156737614423037
0.062469229102134705
-0.04031611094251275
-0.11356513015925884
-0.1876875851303339
-0.10167658515274525
-0.06470383936539292
-0.037512804148718715
0.03236729884520173
-0.0036865444853901863
-0.0575016918592155
-0.13120124209672213
-0.07451988570392132
-0.024477836675941944
0.03210535738617182
-0.07523431861773133
-0.026199369225651026
-0.11785111576318741
-0.06891477108001709
-0.0975313987582922
-0.06319065764546394
0.04169968143105507
0.021273735212162137
0.061439226381480694
-0.03681399766355753
-0.09152125008404255
-0.054358827881515026
-0.16156708635389805
-0.06702994462102652
-0.06623003538697958
-0.04625806538388133
0.008410894544795156
-0.185319684445858
-0.09579639136791229
-0.07212114194408059
-0.017803387716412544
-0.026088048005476594
-0.015527813695371151
-0.12556679174304008
-0.1537824310362339
-0.06728784181177616
-0.044869210571050644
-0.011806681286543608
-0.03662587655708194
-0.07235489599406719
-0.1170646850951016
-0.041617835406214
-0.1248393077403307
-0.11010127887129784
-0.08969658613204956
-0.0433553708717227
0.0002659941092133522
0.06964912451803684
-0.08315298007801175
0.04084977135062218
-0.025967678520828485
-0.14547265321016312
-0.10818582959473133
-0.15427366830408573
-0.17317498475313187
-0.03287042980082333
-0.0254069633083418
-0.009350555948913097
-0.0017538443207740784
-0.04816111270338297
-0.12607443146407604
-0.17963219061493874
-0.11796024721115828
-0.09385538473725319
-0.017285731621086597
0.0016637174412608147
-0.04255448840558529
-0.04592376761138439
-0.07217835541814566
-0.06517942994832993
-0.10856118984520435
-0.10926595516502857
-0.06785916164517403
0.10577640985138714
0.07271057716570795
-0.05206295941025019
-0.03853361215442419
-0.10346977785229683
-0.11248833872377872
-0.14102066308259964
-0.038161694537848234
-0.013053315808065236
-0.009886308573186398
-0.032475222600623965
-0.152977017685771
-0.17113204672932625
-0.14415090531110764
-0.18189820647239685
-0.02287606569007039
-0.04679451137781143
-0.04108861926943064
-0.003477790392935276
-0.10769653879106045
-0.13671886175870895
-0.05972965247929096
-0.011766677256673574
0.017753271851688623
-0.05876782815903425
-0.17624762654304504
-0.09072052966803312
-0.08726174011826515
-0.03420796571299434
-0.018926155287772417
-0.09398152679204941
-0.11307142488658428
-0.028117480222135782
-0.059519004076719284
-0.061840049165766686
-0.1373541373759508
-0.0022631511092185974
0.015678747091442347
-0.019084175117313862
-0.1583410082384944
-0.07402787264436483
-0.11730560287833214
-0.06602059304714203
-0.08029380720108747
-0.02461424097418785
-0.036860146559774876
-0.05036122910678387
-0.09861008077859879
-0.05955538898706436
-0.08563162572681904
-0.01416991837322712
-0.02031645504757762
-0.09036370925605297
-0.12547690141946077
-0.07652914710342884
-0.029423851519823074
-0.11230132263153791
-0.0783060435205698
-0.004568107891827822
-0.08364777360111475
-0.001067603938281536
-0.025119932834059
-0.06448115967214108
-0.060490584932267666
-0.0896772937849164
-0.003317909548059106
-0.13723156973719597
-0.1014369074255228
-0.013584134168922901
0.023155355360358953
-0.020226777996867895
-0.08081163931638002
-0.102963637560606
-0.08927409164607525
-0.11437053233385086
-0.09088573884218931
-0.001548028434626758
-0.0572123103775084
-0.06172181153669953
-0.11538946069777012
-0.0642845374532044
-0.044238183880224824
-0.06373435445129871
-0.09769132267683744
-0.14159242808818817
-0.03190284688025713
-0.0364695331081748
-0.05943066254258156
-0.1550054606050253
-0.10971781518310308
-0.025713013485074043
-0.051426880061626434
-0.05493973917327821
-0.06059430446475744
-0.061963011510670185
-0.06424698885530233
0.008756264112889767
-0.037846690975129604
-0.10883691813796759
-0.06621591374278069
-0.048716344870626926
-0.02257617050781846
-0.0906113963574171
-0.04227015911601484
-0.07773706642910838
-0.07645537611097097
-0.0736378226429224
-0.08778903842903674
-0.11019008606672287
-0.03189036762341857
-0.08592132059857249
0.008057037834078074
-0.008165804436430335
-0.041142444126307964
-0.15701447799801826
-0.08814823627471924
-0.058945049066096544
-0.03165879950392991
-0.04312022775411606
-0.07487672660499811
-0.10343126207590103
-0.08692457247525454
-0.03185259609017521
-0.012695704121142626
-0.0720804501324892
-0.046254097018390894
-0.1191228162497282
-0.12222216185182333
-0.1328564714640379
0.006606507464312017
0.08447033073753119
-0.007487194030545652
0.0006184647209011018
-0.08498328365385532
-0.09389757085591555
-0.09280170779675245
-0.058460422325879335
-0.014793116599321365
-0.0664614993147552
-0.07510270085185766
-0.028840615414083004
-0.083477265201509
-0.016756452154368162
-0.04972740542143583
-0.14750992180779576
-0.066446702927351
-0.023403694853186607
-0.045678792987018824
-0.0912404814735055
-0.11520448699593544
-0.0747383488342166
-0.05543056549504399
0.028601726051419973
-0.05107674468308687
-0.023562755435705185
-0.11073136702179909
-0.10159679502248764
-0.0757347010076046
-0.07177593000233173
0.011620217002928257
-0.07534564658999443
-0.09788480028510094
-0.12654015235602856
-0.044275387190282345
-0.04381026420742273
-0.033163894433528185
-0.02343192882835865
-0.10489713586866856
-0.10057325009256601
-0.1158316470682621
-0.053817061707377434
-0.04112806636840105
-0.12388986255973577
-0.05032434547320008
-0.05034657288342714
-0.047996703535318375
-0.010309628210961819
-0.05258198268711567
-0.1096223397180438
-0.06994642410427332
-0.07763071567751467
-0.012106754817068577
-0.02792604360729456
0.007919024210423231
-0.029486834770068526
-0.11679229326546192
-0.11315451562404633
-0.13437359780073166
-0.17388884723186493
-0.006277122069150209
0.004489241633564234
-0.029243319295346737
-0.0378362771589309
-0.10221289470791817
-0.0849238047376275
-0.09261105908080935
-0.04448662186041474
-0.02453256445005536
0.019127048435620964
-0.11731298826634884
-0.05016969656571746
-0.054208457469940186
-0.08198152668774128
-0.09585885051637888
-0.02521561086177826
-0.026743422262370586
-0.07994543481618166
-0.08487120782956481
-0.033049252233467996
-0.0565789183601737
-0.058170324424281716
-0.0958441011607647
0.019925964530557394
-0.031153306365013123
-0.07528732903301716
-0.09156182268634439
-0.06552254990674555
0.02304357080720365
0.0370790371671319
-0.023324894718825817
-0.0717906542122364
-0.11526390630751848
-0.14987169951200485
-0.11754134390503168
-0.02513858675956726
0.02145883592311293
-0.012945982161909342
-0.052471515722572803
-0.08265216369181871
-0.10428734309971333
-0.07229731883853674
-0.020582123892381787
-0.015400225296616554
-0.0447633913718164
-0.10638867504894733
-0.10399250313639641
-0.06456287577748299
-0.035118759609758854
-0.021838423097506166
-0.011501722619868815
-0.0971421841531992
-0.04371735546737909
-0.08186963573098183
-0.10281946137547493
-0.04136091936379671
-0.05404565529897809
-0.06014697626233101
-0.06120683345943689
-0.0354504999704659
-0.072555145714432
-0.08558745915070176
0.016859575756825507
0.011096024885773659
0.0075566156301647425
-0.06566232070326805
-0.15863498859107494
-0.15818759240210056
-0.03403968387283385
-0.06075283093377948
-0.07240338297560811
-0.03715977817773819
-0.018309612292796373
-0.15268107689917088
-0.04077402036637068
-0.0778779648244381
-0.030667398124933243
-0.04553459491580725
-0.10240086726844311
-0.042272670194506645
-0.06563751213252544
-0.03583411360159516
-0.05304524954408407
-0.05966673791408539
-0.10398096218705177
-0.03801676910370588
-0.03417023201473057
-0.12883905414491892
-0.04664912819862366
-0.02890706527978182
-0.09793351031839848
-0.010964167769998312
-0.08406196162104607
-0.0053148530423641205
-0.027844191063195467
-0.09867173992097378
-0.05340776825323701
-0.05690798535943031
-0.046827854588627815
-0.05071613355539739
-0.047581488732248545
-0.059013910591602325
-0.10302896611392498
-0.06439407356083393
-0.05648752860724926
-0.0033669419353827834
-0.030442374059930444
-0.07314843311905861
-0.07763327192515135
-0.05833340063691139
-0.024753478355705738
-0.026503724977374077
-0.0901979748159647
-0.05671387631446123
-0.08350354712456465
-0.0039052263600751758
-0.06541272532194853
-0.024528608424589038
-0.049967894330620766
-0.02051983494311571
-0.10077600553631783
-0.1225820891559124
-0.07277379557490349
-0.09120988380163908
0.05151295755058527
0.07422331813722849
0.04632262291852385
0.06390767730772495
-0.061690839007496834
-0.10869756154716015
-0.12652189284563065
-0.09267719835042953
-0.06344585958868265
0.006562528200447559
0.06122198048979044
0.07323487661778927
-0.0005703718634322286
-0.04858900932595134
-0.16047314554452896
-0.16664574295282364
-0.1494690105319023
-0.1488707046955824
-0.12511449120938778
-0.058611742220818996
0.06955488957464695
0.05827007023617625
0.038981139892712235
0.06506919441744685
0.0052351574413478374
-0.14318082854151726
-0.14216486737132072
-0.16261779516935349
-0.0789488572627306
-0.022611867170780897
-0.02640731818974018
-0.052777753910049796
-0.0011531412601470947
-0.07311573065817356
-0.12538173608481884
-0.06632976979017258
-0.10650930739939213
0.03426435697474517
0.06904986035078764
0.09734223783016205
0.052728315349668264
-0.05384246353060007
-0.09342195838689804
-0.12843584269285202
-0.11948331724852324
-0.06450709537602961
-0.005808809772133827
-0.019984925165772438
-0.016016102395951748
0.010053546633571386
-0.11326657887548208
-0.09513710997998714
-0.11582091078162193
-0.035163179505616426
-0.04903560719685629
-0.010666967369616032
-0.02135294768959284
-0.052564810030162334
-0.08430662006139755
-0.1047182334586978
-0.053894128650426865
0.002733232919126749
-0.013271593488752842
-0.015963697573170066
-0.03983989730477333
-0.11668176716193557
-0.08115658164024353
-0.08091912139207125
-0.04750021919608116
-0.029100629966706038
-0.037676554755307734
-0.03598268376663327
-0.1295842519029975
-0.09074558597058058
-0.09572315216064453
-0.0002006178256124258
-0.017084162682294846
0.012240602169185877
-0.00925841077696532
-0.08031573705375195
-0.11902891285717487
-0.09916163794696331
-0.09538846835494041
0.02149449661374092
0.032938371412456036
0.02085136855021119
-0.0029491553432308137
-0.06488570105284452
-0.11009359918534756
-0.09426416270434856
-0.04147672466933727
0.0071791079826653
-0.023752502631396055
-0.026817976497113705
-0.0373525470495224
-0.15059693343937397
-0.19385452568531036
-0.19219808466732502
-0.18857864290475845
0.005418041837401688
-0.021036271005868912
-0.004723662859760225
-0.053311816649511456
-0.04720167815685272
-0.09279750240966678
-0.02555921720340848
-0.08162309601902962
-0.026849064510315657
-0.09267673920840025
0.037880185642279685
-0.08598048833664507
0.020154325058683753
0.012889397330582142
-0.002509322250261903
-0.11215033009648323
-0.10346524976193905
-0.07384328916668892
-0.05344544257968664
0.04467087797820568
0.05035389959812164
0.028216777369379997
-0.005957576329819858
-0.0512858759611845
-0.13314512930810452
-0.18743960559368134
-0.17017541453242302
-0.13248055428266525
-0.10477936454117298
-0.04376894352026284
0.03310292330570519
0.050601812079548836
0.12384726665914059
0.059307745192199945
-0.042783030308783054
-0.09041507635265589
-0.12666361033916473
-0.09896381758153439
-0.13500534370541573
-0.027612807229161263
-0.024732167832553387
0.004444549325853586
-0.016430764459073544
-0.06492852326482534
-0.09227837808430195
-0.06278020050376654
-0.05433032102882862
0.015234161168336868
0.01731359609402716
-0.03102572401985526
-0.005749622359871864
-0.11069962289184332
-0.12641869857907295
-0.19603036530315876
-0.06749353837221861
-0.0742717053508386
0.0028987880796194077
0.0936285313218832
0.07493422413244843
0.08721615374088287
0.02354040974751115
-0.016750972252339125
-0.12461768835783005
-0.1468619592487812
-0.1308712661266327
-0.24655315279960632
-0.18901431560516357
-0.08592511946335435
0.014274932444095612
0.09875277895480394
0.12774707563221455
0.09579191077500582
0.050183127634227276
0.003701787441968918
-0.0732893655076623
-0.13414857164025307
-0.11286260560154915
-0.09926681593060493
-0.056737206876277924
-0.014436530065722764
-0.01939253613818437
-0.04405022948049009
-0.014597985427826643
-0.08681007474660873
-0.08689420111477375
-0.11455172952264547
-0.06522135343402624
-0.007914181798696518
0.03509621392004192
0.04344259202480316
-0.00731214415282011
-0.06875321455299854
-0.09572432283312082
-0.034258967731148005
-0.047713900450617075
-0.06983345234766603
-0.05293569527566433
-0.11187618970870972
-0.13048893585801125
-0.07019836362451315
0.009175027720630169
0.0416921847499907
0.04202057607471943
0.03057848010212183
0.00608673645183444
-0.09107251185923815
-0.1880255751311779
-0.12332340702414513
-0.13652162067592144
-0.0732204057276249
-0.01717200316488743
0.05279195588082075
0.019005075097084045
0.012386732269078493
0.0016915425658226013
-0.10378514230251312
-0.13025211542844772
-0.15693183615803719
-0.1296350657939911
-0.04785778280347586
-0.014529372681863606
-0.0437516993843019
-0.03273368929512799
-0.0463948012329638
-0.09804804332088679
-0.03566110710380599
-0.0002025039866566658
-0.038070680340752006
-0.06171269901096821
-0.07895418256521225
-0.10666291788220406
-0.022780955769121647
-0.04339140513911843
-0.04043571976944804
-0.09329651761800051
-0.04503834689967334
0.008485576137900352
-0.03145078627858311
-0.0719415694475174
-0.07310047745704651
-0.06581815332174301
-0.10446275910362601
0.05527848191559315
0.10358376614749432
0.082206254824996
0.04746983014047146
0.043570246547460556
-0.06522715371102095
-0.10406627785414457
-0.1528258053585887
-0.0992694441229105
-0.017465315759181976
0.017100082710385323
0.008830921957269311
-0.02386488951742649
-0.03992207162082195
-0.12889125756919384
-0.18633303046226501
-0.18868372961878777
-0.1350112445652485
-0.1402391605079174
-0.028449242934584618
-0.02647061529569328
0.04249485768377781
0.006435780320316553
0.011494152247905731
-0.08238670183345675
-0.0980466166511178
-0.02971680834889412
-0.08504183869808912
0.0007465423550456762
-0.02382879378274083
-0.049201251938939095
-0.07991763018071651
-0.008822429925203323
-0.036760374903678894
-0.0615656366571784
-0.11285753361880779
-0.08537311851978302
-0.06899068597704172
-0.04152988828718662
-0.018886860460042953
-0.014912969432771206
-0.042142175836488605
-0.052840893156826496
-0.048581433948129416
-0.07491787429898977
-0.03229786176234484
-0.0233181978110224
-0.02864624047651887
-0.11764562968164682
-0.08260369952768087
-0.11554902978241444
-0.027588819852098823
0.0033015666995197535
-0.04321734653785825
-0.008576303021982312
-0.09841513261198997
-0.12407707422971725
-0.12392808683216572
-0.09391937498003244
-0.03353577712550759
-0.009469091892242432
-0.03776362887583673
-0.0567576652392745
-0.017550906166434288
-0.0652947947382927
-0.08159198332577944
-0.05723586375825107
-0.04860859666951001
0.002643659943714738
-0.05313487537205219
-0.04688418284058571
-0.03441980155184865
-0.0874938452616334
-0.04105651006102562
-0.06563951913267374
-0.021255608880892396
-0.06073425756767392
-0.051097034476697445
-0.07354231365025043
-0.07038130611181259
-0.027973088202998042
-0.0386136369779706
-0.039249638095498085
-0.06931590847671032
-0.06342331133782864
-0.018544371123425663
-0.041240460239350796
-0.047155000269412994
-0.07048056460916996
-0.07135520223528147
-0.06795517448335886
-0.07232892420142889
-0.0220522319432348
-0.09179511060938239
-0.07443828135728836
0.018588875886052847
-0.0168232680298388
-0.014505753293633461
-0.07183127314783633
-0.03661564481444657
-0.07651611138135195
-0.0847701271995902
-0.015316739212721586
-0.00771420169621706
-0.0355558420997113
-0.05389618128538132
-0.10387802682816982
-0.08646402321755886
-0.06968925520777702
-0.017797411943320185
-0.01727981073781848
-0.027959594037383795
-0.026233963668346405
-0.1321517787873745
-0.13055165857076645
-0.11104896292090416
-0.12120183184742928
-0.022915313486009836
-0.0469597689807415
-0.027140557765960693
-0.039468531496822834
-0.06860995991155505
-0.10203920677304268
-0.0358127448707819
-0.09507439192384481
-0.005502279615029693
-0.03434324311092496
-0.058482529828324914
-0.11933315359055996
-0.0858546057716012
-0.08332311175763607
-0.027094753342680633
-0.005945486482232809
0.018100540153682232
-0.024076315807178617
-0.10312069114297628
-0.06747515965253115
-0.08181780762970448
-0.07861860049888492
0.008057443075813353
0.04018106032162905
0.01774310111068189
-0.043542155995965004
-0.053491951897740364
-0.12727578356862068
-0.10595658421516418
-0.11294379644095898
-0.0689344834536314
-0.003279339522123337
0.0350364544428885
0.022905014920979738
-0.010775339091196656
-0.050307068042457104
-0.07932818401604891
-0.08377591148018837
-0.08951289765536785
-0.04524860344827175
-0.04203040315769613
-0.010735428601037711
-0.054738144390285015
-0.03832627320662141
-0.0810566395521164
-0.08302170690149069
-0.03021549736149609
-0.06265001185238361
-0.06981700053438544
-0.0295732639497146
-0.022332781576551497
-0.0753931151703
-0.012578858295455575
-0.04167026188224554
-0.07355488743633032
-0.09406639263033867
-0.02859275136142969
-0.033833705354481936
-0.04141821898519993
-0.1172643955796957
-0.13997565768659115
-0.08680987544357777
-0.0753263458609581
-0.03556461876723915
-0.021002335473895073
0.025457546580582857
0.016952537291217595
-0.04001587349921465
-0.12272122036665678
-0.08729125186800957
-0.11734629422426224
-0.02376229065703228
-0.025743019534274936
-0.08783575985580683
-0.02947334502823651
-0.04003863502293825
-0.07611109875142574
-0.07502697315067053
-0.06457475014030933
-0.03864319995045662
-0.022500718478113413
-0.06830446142703295
-0.028067111503332853
-0.04788481164723635
-0.05493603739887476
-0.06378530710935593
-0.008413341362029314
-0.00998953846283257
-0.028253849130123854
-0.07966725062578917
-0.08388179074972868
-0.041420672088861465
-0.07496629189699888
-0.007276974385604262
-0.005860434263013303
-0.032571305986493826
-0.09957338124513626
-0.06231530290096998
-0.05882957577705383
-0.058123860508203506
-0.00019113626331090927
-0.030357308220118284
0.009673140360973775
-0.031999952625483274
-0.06531895231455564
-0.09174194186925888
-0.11252070590853691
-0.10783374961465597
-0.011182405753061175
-0.007513268617913127
0.01929852948524058
-0.0033902490977197886
-0.022054736502468586
-0.09344235435128212
-0.10007369145751
-0.15602611936628819
-0.10446102730929852
-0.043385921977460384
-0.03500077687203884
-0.04032297630328685
-0.04547618702054024
-0.07828596513718367
-0.054341066628694534
-0.08744504954665899
-0.05234659044072032
-0.03100064431782812
-0.04307526187039912
-0.03627070179209113
-0.07667144387960434
-0.0872934153303504
-0.07739983312785625
-0.0029072408797219396
-0.005718946107663214
-0.015670178225263953
-0.02766341296955943
-0.0526102427393198
-0.1296176239848137
-0.12195025756955147
-0.16664812341332436
-0.09831821173429489
-0.048178245313465595
-0.040498306043446064
0.05206289328634739
0.022601975593715906
-0.026195835787802935
-0.07036654464900494
-0.039532367372885346
-0.10896367765963078
-0.026234574965201318
-0.05805780366063118
-0.07281357795000076
-0.003718748106621206
0.014655331149697304
-0.020836966577917337
-0.036700294353067875
-0.04891833942383528
-0.10586047358810902
-0.1542696449905634
-0.14121867343783379
-0.1396506354212761
-0.06939169950783253
-0.008988546207547188
-0.009013702161610126
0.030122923431918025
0.00258231651969254
-0.009666903875768185
-0.025697610341012478
-0.10021542944014072
-0.15664340555667877
-0.1991221345961094
-0.11403800919651985
-0.09126121364533901
-0.050026671844534576
-0.013283692300319672
0.04170221323147416
0.050702281296253204
0.022232141345739365
-0.002350582042708993
-0.039724611677229404
-0.10200388450175524
-0.07379819545894861
-0.14400167018175125
-0.08813983760774136
-0.06265162397176027
0.026511232368648052
0.05569421127438545
0.0472141494974494
0.0264568324200809
-0.027739101089537144
-0.07284939382225275
-0.084846006706357
-0.08934138994663954
-0.07052076607942581
-0.03500717971473932
-0.07521539647132158
-0.025819525762926787
-0.026418347959406674
-0.00700371406855993
-0.06449906714260578
-0.027564776013605297
-0.04765925370156765
-0.06377602554857731
-0.09637572709470987
-0.037017338909208775
0.002664677333086729
-0.010751938447356224
-0.009511763462796807
-0.05882398784160614
-0.04834228940308094
-0.035819959826767445
-0.05036421213299036
-0.0766424760222435
-0.05206821206957102
-0.015427313279360533
0.008050777192693204
0.007950798142701387
-0.051643978571519256
-0.024261202663183212
-0.08483792282640934
-0.05890257842838764
-0.08254284877330065
-0.09515530988574028
-0.008224969962611794
-0.013583863677922636
-0.007047617807984352
-0.02587354090064764
-0.049715565517544746
-0.07065876014530659
-0.05699529964476824
-0.04063042066991329
-0.02606793027371168
-0.02384940953925252
-0.03522777138277888
-0.05263269320130348
-0.041270123329013586
-0.03858004976063967
-0.026298634707927704
-0.06074147950857878
-0.05512309353798628
-0.024047641083598137
-0.03892877558246255
-0.018565726466476917
-0.0634067365899682
-0.04413722828030586
-0.036991355009377
-0.05485845357179642
0.005861005163751543
-0.030403736513108015
-0.050029254984110594
-0.05200832989066839
-0.026589963119477034
-0.02935263467952609
-0.0410454710945487
-0.056723229587078094
-0.04281143331900239
-0.04364853771403432
-0.008512895205058157
-0.005746157374233007
-0.00609249621629715
-0.04888160526752472
-0.07187103759497404
-0.07065401040017605
-0.01112506102072075
-0.05072786705568433
-0.02430719486437738
-0.038207876961678267
-0.022425006609410048
-0.029162379447370768
-0.07129121292382479
-0.09156840853393078
-0.0736246258020401
-0.021777281537652016
-0.018818441778421402
-0.01094939315225929
-0.05093350261449814
-0.06829906348139048
-0.03232763847336173
-0.031358369160443544
-0.037242621183395386
-0.036085025407373905
-0.04071369022130966
-0.03424960351549089
-0.04465565737336874
-0.03372076852247119
-0.04217057581990957
-0.05280675180256367
-0.02169427345506847
-0.025097381556406617
-0.04590806714259088
-0.04477196279913187
-0.04212874732911587
-0.03437956515699625
-0.022423858055844903
-0.039222398307174444
-0.055033196695148945
-0.02745257574133575
-0.04135372303426266
-0.029425661079585552
-0.03717594686895609
-0.03644973086193204
-0.04090933641418815
-0.033038062043488026
-0.02613818272948265
-0.033628102857619524
-0.037127410527318716
-0.0559206111356616
-0.04419207572937012
-0.023184197023510933
-0.02232140162959695
-0.031575643457472324
-0.05310796294361353
-0.04708554316312075
-0.04388541541993618
-0.010797662194818258
-0.027159638702869415
-0.03646704228594899
-0.053426016587764025
-0.022483334876596928
-0.030067179817706347
-0.056260475888848305
-0.054949911311268806
-0.02536746603436768
-0.022832223097793758
-0.020411875564604998
-0.06675052922219038
-0.10720196180045605
-0.05796431563794613
-0.036886789835989475
-0.0006595654413104057
0.014087962452322245
-0.008919377578422427
-0.0446305051445961
-0.05743574630469084
-0.05603597313165665
-0.033002879936248064
-0.02639422588981688
-0.01899119233712554
-0.044838154688477516
-0.08520269021391869
-0.04338748473674059
-0.03211727039888501
0.004886531154625118
-0.007902092183940113
-0.029101334512233734
-0.04988676682114601
-0.05371374636888504
-0.06333618611097336
-0.027647819370031357
-0.03621587669476867
-0.026468953117728233
-0.02777589694596827
-0.06580193340778351
-0.07341419626027346
-0.06375666707754135
-0.023927751230075955
-0.013608604902401567
-0.024847368942573667
-0.06090706866234541
-0.06388478074222803
-0.010650535579770803
-0.060961346141994
-0.021671854541637003
-0.00741086684865877
-0.012857541907578707
-0.04536326229572296
-0.07772351335734129
-0.08008621633052826
-0.03929558675736189
-0.04619826190173626
-0.019985374645330012
0.0002928196918219328
-0.037746862042695284
-0.04567547608166933
-0.07489963807165623
-0.032221479807049036
-0.027651213109493256
-0.016364830313250422
-0.052894262596964836
-0.0320762200281024
-0.05253145145252347
-0.036442847456783056
-0.02921451348811388
-0.03830929193645716
-0.04000743036158383
-0.044305830262601376
-0.01628529280424118
-0.01080161682330072
-0.06473615113645792
-0.051236086525022984
-0.0384158855304122
-0.03628953127190471
-0.0432627615518868
-0.016804272308945656
-0.03164949407801032
-0.05811617732979357
-0.05714213475584984
-0.026763386325910687
-0.00796888954937458
-0.03480724757537246
-0.02428509632591158
-0.07057587336748838
-0.07727410551160574
-0.03418174060061574
-0.008485408034175634
-0.02144242776557803
-0.04744015261530876
-0.06255594547837973
-0.04174564313143492
-0.03320914460346103
-0.01810477813705802
-0.01640727650374174
-0.048904662020504475
-0.06244494393467903
-0.0677638491615653
-0.031411849427968264
0.002188549842685461
-0.009636553702875972
-0.043972276616841555
-0.020282770856283605
-0.07046333607286215
-0.05700052622705698
-0.08249931130558252
-0.025925985537469387
-0.02127819776069373
-0.04063766123726964
-0.03425762429833412
-0.038044930435717106
-0.04066393477842212
-0.033012839034199715
-0.012383739813230932
-0.03676842851564288
-0.04573672916740179
-0.028955405578017235
-0.05456114560365677
-0.048438296653330326
-0.02694284892641008
-0.08238854445517063
-0.04320956580340862
-0.01833544357214123
-0.007096404558978975
-0.0006710616871714592
-0.01600495626917109
-0.06251290068030357
-0.07598475366830826
-0.04254160402342677
-0.045590355060994625
0.0004627301823347807
-0.007140522822737694
-0.010194375878199935
-0.03966853814199567
-0.07141618151217699
-0.048746345564723015
-0.01962433964945376
-0.03247201791964471
-0.05194737669080496
-0.06406301818788052
-0.015361792291514575
-0.022602010052651167
-0.036285138223320246
-0.047622408252209425
-0.040804962161928415
-0.04117897059768438
-0.02586399402935058
-0.034344871528446674
-0.07416762597858906
-0.07641857396811247
-0.050583978183567524
-0.006212086649611592
0.007036743510980159
-0.037271200912073255
-0.034583781845867634
-0.01442681543994695
-0.10265171527862549
-0.08176504261791706
-0.07455136766657233
-0.05467689782381058
-0.027742460020817816
0.002481883391737938
0.002083623083308339
0.0038012622389942408
-0.029507210245355964
-0.06509196385741234
-0.06553499400615692
-0.06467110104858875
-0.04584513511508703
-0.022898990428075194
0.01320561533793807
-0.0063848873833194375
-0.038566735573112965
-0.049287703819572926
-0.0506009953096509
-0.046484953723847866
-0.016782815102487803
-0.024463048204779625
-0.06202632747590542
-0.052187358029186726
-0.04396026418544352
-0.009864791296422482
0.014162885374389589
-0.0008269138634204865
-0.021834558341652155
-0.07493115589022636
-0.06716175936162472
-0.08543921634554863
-0.059798347763717175
-0.030642365105450153
0.009340388351120055
0.004828643752261996
-0.01405604719184339
-0.03695045114727691
-0.0751118129119277
-0.05722713656723499
-0.0568697452545166
-0.006785396486520767
-0.00192566734040156
-0.008658236358314753
-0.028691652230918407
-0.06959130428731441
-0.06498237326741219
-0.09305308200418949
-0.06810578983277082
0.0018414939986541867
0.007158021442592144
-0.003685832110932097
-0.005374807369662449
-0.024873990565538406
-0.05857720319181681
-0.08935338724404573
-0.09603258781135082
-0.05548905860632658
-0.02076082769781351
-0.011269243201240897
0.008393974509090185
-0.02647483692271635
-0.0680999206379056
-0.04462291393429041
-0.02674380992539227
-0.0492590581998229
-0.02341061702463776
-0.03860087972134352
-0.02645278919953853
-0.005343413446098566
-0.030463867587968707
-0.03232583403587341
-0.06523914635181427
-0.040601144544780254
-0.04912418918684125
0.009089623461477458
0.0005328885745257139
-0.009676114306785166
-0.03199746995232999
-0.05291285738348961
-0.05522388871759176
-0.0398980095051229
-0.01524238579440862
-0.023984569765161723
-0.0464920848608017
-0.028418393805623055
-0.025864935130812228
-0.06408136710524559
-0.05806074384599924
-0.03957405826076865
-0.012967333430424333
0.01753087155520916
0.016654344042763114
-0.0193302056286484
-0.047365318052470684
-0.0719707477837801
-0.06191606540232897
-0.050504588522017
-0.015340441837906837
-0.021240823029074818
-0.023992514703422785
-0.0413596797734499
-0.028484675101935863
-0.07068909890949726
-0.06388612557202578
-0.047250114381313324
0.012449228670448065
0.02483848575502634
0.031025229021906853
-0.011849583592265844
-0.03653645142912865
-0.07265837118029594
-0.05223472137004137
-0.05656897649168968
-0.03724190220236778
-0.024130067555233836
-0.019694680464453995
-0.05537133105099201
-0.04021519422531128
-0.039088248275220394
-0.016920993133680895
-0.035277015529572964
-0.049391535110771656
-0.0280304744374007
-0.0075524861458688974
-0.006859079701825976
-0.04419128876179457
-0.03991539217531681
-0.041856516152620316
-0.01840271009132266
-0.02532158140093088
-0.04718497348949313
-0.06063560536131263
-0.03373600775375962
-0.02293528988957405
-0.007512840908020735
-0.03574265353381634
-0.05835488764569163
-0.06279822997748852
-0.04882149025797844
0.006280291185248643
0.03166141430847347
0.03231727541424334
0.007740679197013378
-0.05533590540289879
-0.03261517267674208
-0.04153284174390137
-0.026601338293403387
-0.03031845111399889
-0.04111689142882824
-0.03982650022953749
-0.032052284106612206
-0.01998536568135023
-0.03506902221124619
-0.06271896883845329
-0.041126832365989685
0.0007255502277985215
0.00664473429787904
-0.025234806700609624
-0.03454324183985591
-0.07563898712396622
-0.04846746940165758
-0.0447682230733335
-0.006218705617357045
0.006506406061816961
-0.005839684745296836
-0.055377544835209846
-0.053213707520626485
-0.033332942984998226
-0.015356385527411476
-0.02665914734825492
-0.03668464068323374
-0.03191655268892646
-0.04694458283483982
-0.008782883873209357
-0.008344538378878497
-0.020769700407981873
-0.04412204399704933
-0.04447792284190655
-0.04915608372539282
-0.03174306079745293
-0.007413259241729975
-0.04342321050353348
-0.02099350420758128
-0.013904175953939557
-0.027419970836490393
-0.06614172738045454
-0.03940435266122222
-0.027735449140891433
-0.034477072302252054
-0.011490751523524523
0.010109075345098972
0.0005809590220451355
-0.018892864231020212
-0.04982950398698449
-0.06153291743248701
-0.07409860379993916
-0.05111728562042117
0.003420941822696477
0.014262662502005696
0.010261397110298276
-0.030688102706335485
-0.026453106431290507
-0.04781850799918175
-0.07182079553604126
-0.049004859291017056
-0.04977011680603027
-0.027498473064042628
0.004242622584570199
0.023687096312642097
0.020156574028078467
0.0144814383238554
-0.03768347459845245
-0.04875875450670719
-0.04445228585973382
-0.01879030338022858
-0.0249348774086684
-0.02751735132187605
-0.03638002090156078
-0.03707577381283045
-0.06111009046435356
-0.05617309547960758
-0.01598331006243825
-0.035766508895903826
-0.04744722961913794
-0.013578432146459818
-0.0005562612786889076
-0.009251032955944538
-0.06848400924354792
-0.056346665136516094
-0.043438468128442764
-0.018169009126722813
-0.008813906577415764
-0.02523027453571558
-0.039020293392241
-0.025981882121413946
-0.029556478606536984
-0.048329626210033894
-0.04459862597286701
-0.00841643410967663
0.00469573843292892
0.005715569364838302
-0.004797485773451626
-0.0550006153061986
-0.06307319737970829
-0.053070271387696266
-0.034081047866493464
-0.006803728290833533
-0.010594956926070154
-0.0023627974442206323
-0.018994817975908518
-0.06035051681101322
-0.0764491492882371
-0.07501999847590923
-0.05514937173575163
-0.020598857779987156
-0.021776100620627403
-0.015351566602475941
-0.013970903150038794
-0.02249759202823043
-0.046864078380167484
-0.04595788661390543
-0.0582670234143734
-0.010958338854834437
-0.008634000434540212
-0.009514969773590565
-0.019492526538670063
-0.08695062436163425
-0.1073490772396326
-0.08152439445257187
-0.0864592669531703
-0.03642517840489745
-0.0005253648268990219
0.014342319802381098
0.04492002632468939
0.0017743667121976614
-0.003963872324675322
-0.04120666137896478
-0.05888409074395895
-0.04012051108293235
-0.02838839404284954
-0.00970011274330318
-0.026270386297255754
-0.02311888476833701
-0.05513571482151747
-0.10194379463791847
-0.0460322885774076
-0.03196784062311053
0.0017201571608893573
-0.0031809622887521982
0.009511348325759172
-0.06160129839554429
-0.04872551769949496
-0.01505971304140985
-0.04140742588788271
-0.011310037691146135
-0.01293645380064845
-0.04126866767182946
-0.0637411130592227
-0.08031869307160378
-0.07171808183193207
-0.05802280269563198
-0.015551715856418014
-0.013038246746873483
-0.014441378938499838
-0.03695765882730484
-0.032766378251835704
-0.041445132810622454
-0.005191465839743614
0.004832297330722213
-0.01586984924506396
-0.019603549037128687
-0.05833903234452009
-0.08467693068087101
-0.062248529866337776
-0.04633582103997469
-0.03496761590940878
0.026789879542775452
0.04792030155658722
0.04365311563014984
0.021554200910031796
-0.013248131610453129
-0.041091647231951356
-0.065520090283826
-0.06473280489444733
-0.06485859211534262
-0.045034127309918404
0.02160483691841364
0.056634100154042244
0.05449396884068847
0.057621694169938564
0.0035746830981224775
-0.018469747621566057
-0.08583908434957266
-0.1241013165563345
-0.13772261515259743
-0.10131013579666615
-0.1132543757557869
-0.07245706859976053
-0.02030713763087988
0.021965722553431988
0.03304494987241924
0.030095209600403905
0.021442923578433692
-0.02824043796863407
-0.050013658590614796
-0.08729339390993118
-0.07714005280286074
-0.0712206345051527
-0.037541978526860476
0.006737796473316848
0.021932856063358486
-0.017846145201474428
-0.01894111605361104
-0.033123867586255074
-0.11673255264759064
-0.08355211932212114
-0.0470479317009449
0.000860051077324897
0.021661374135874212
0.03528913389891386
0.010513036628253758
-0.03057782258838415
-0.06204373016953468
-0.07110453117638826
-0.09161018207669258
-0.028744511771947145
-0.058370756451040506
-0.010313454200513661
-0.03429389884695411
-0.046881058253347874
-0.009500155691057444
-0.0010701771825551987
-0.00444679893553257
-0.036631115013733506
-0.042300534434616566
-0.037983955116942525
0.003222208295483142
-0.016037015593610704
-0.013151136692613363
-0.029962910106405616
-0.07579071540385485
-0.06928685866296291
-0.051860176026821136
-0.044038094114512205
0.009285796055337414
0.006617365492274985
0.02860842552036047
-0.0004960985970683396
-0.0202364856377244
-0.06700526271015406
-0.08208177983760834
-0.08872868865728378
-0.07179992087185383
-0.03280824748799205
-0.007406038464978337
0.020799008198082447
0.01709991489769891
0.0061726735439151525
0.004467823309823871
-0.05663382541388273
-0.05903859995305538
-0.06481779180467129
-0.03695675637573004
-0.06765026040375233
0.007436746032908559
0.01251136651262641
0.026181654538959265
-0.0063761151395738125
-0.01642560586333275
-0.0529387379065156
-0.03307230258360505
-0.05334133538417518
-0.026586397318169475
-0.0020892118336632848
-0.01378438645042479
-0.05763885751366615
-0.03031297866255045
-0.027946228627115488
-0.02435973472893238
-0.0602928102016449
-0.05031061498448253
0.007679551839828491
-0.04773591016419232
0.018905459670349956
0.007709916681051254
-0.012631855206564069
0.002766893128864467
-0.026806269772350788
-0.05121548846364021
-0.04380593355745077
-0.018745911540463567
-0.016249625710770488
-0.030656303744763136
-0.04674123600125313
-0.052472648210823536
-0.03290812578052282
-0.04398933332413435
-0.011400023358874023
0.01797471137251705
0.011553193209692836
-0.01962470100261271
-0.04558626655489206
-0.05049207620322704
-0.013061555568128824
-0.03253374597989023
-0.005492368945851922
-0.04472695430740714
-0.017704192432574928
-0.016640528454445302
-0.029063778463751078
-0.025817426154389977
-0.02584322285838425
-0.028947471175342798
-0.03602227941155434
-0.017496184213086963
-0.005217239493504167
-0.042053685523569584
-0.016395007609389722
-0.03152898023836315
-0.00045556051190942526
-0.010426938300952315
-0.030085408128798008
-0.0380166033282876
-0.021890749223530293
-0.0477130301296711
-0.03156500053592026
-0.02266836049966514
-0.011880623118486255
-0.01818745007039979
-0.03214517957530916
-0.030285847606137395
-0.03467268560780212
-0.016085089650005102
-0.017345416359603405
-0.03703139815479517
-0.01673913950799033
-0.014239389216527343
-0.033723055850714445
-0.033469485118985176
-0.037818039767444134
-0.009121830458752811
-0.009633687324821949
-0.038588374853134155
-0.02127799007575959
-0.011347930412739515
-0.0392755763605237
-0.05539783649146557
-0.036744233686476946
0.0017674691043794155
0.0133594183716923
0.013696401380002499
0.00242411537328735
-0.015065751504153013
-0.07165415678173304
-0.07324660941958427
-0.09890316240489483
-0.07757957465946674
-0.043077377602458
-0.008128778426907957
0.001003545243293047
-0.009783703542780131
-0.007369351456873119
-0.032546172849833965
-0.04901078063994646
-0.06334599945694208
-0.03669379930943251
-0.005473670549690723
0.021513106301426888
0.009030670626088977
-0.0003067603101953864
-0.03380865231156349
-0.05538064055144787
-0.02165637770667672
-0.036791425198316574
-0.02251304779201746
0.01187482476234436
-0.034575400641188025
-0.01054526085499674
-0.026243738597258925
-0.04696594551205635
-0.037078885827213526
0.0071071728598326445
-0.011312038492178544
-0.014349379111081362
-0.030065546627156436
-0.011794122168794274
-0.040665523149073124
-0.03650911431759596
-0.035030173137784004
-0.014796098228543997
-0.014017159584909678
-0.02167509263381362
-0.039460997097194195
-0.03686271095648408
-0.03501573344692588
-0.02428840973880142
0.006671041948720813
0.017752994084730744
-0.008731810841709375
-0.018310669576749206
-0.05790714733302593
-0.07058180682361126
-0.05624248459935188
-0.04777011275291443
-0.017671252135187387
0.003561170364264399
-0.003908054844941944
-0.035635534673929214
-0.004302729765186086
-0.0016902629286050797
-0.03162251506000757
-0.0576618704944849
-0.030873003881424665
-0.018131211341824383
0.003478356171399355
-0.02409360744059086
-0.03508690791204572
-0.04798479611054063
-0.04704910609871149
-0.026584831881336868
0.001988645875826478
0.012160246260464191
-0.006299368338659406
-0.02461011242121458
-0.03515540319494903
-0.029096503043547273
-0.04280984681099653
-0.004917869926430285
-0.014993363060057163
-0.023378795012831688
-0.03587706387042999
-0.05962478555738926
-0.06866403482854366
-0.06168324872851372
-0.0351420056540519
-0.026895817019976676
0.01688823231961578
0.04987103305757046
0.023619248066097498
0.04206150397658348
0.03155464818701148
0.015164500568062067
-0.050724999979138374
-0.07712501753121614
-0.05980121437460184
-0.0643819123506546
-0.022962499177083373
-0.004402178281452507
0.0017279682797379792
-0.014669363386929035
-0.030296080745756626
-0.03404763666912913
-0.04448813758790493
-0.01926327683031559
-0.026603491511195898
-0.030703086871653795
-0.02012233648565598
-0.005640030140057206
-0.017447856371290982
-0.0402672840282321
-0.021183417178690434
-0.025890181306749582
-0.039189533330500126
-0.03263910347595811
-0.021508499630726874
-0.007461544359102845
0.002630461996886879
-0.012558045098558068
-0.04741909448057413
-0.06486577726900578
-0.03970289323478937
-0.04317815869580954
-0.00889472640119493
0.0038054086035117507
0.01282893749885261
0.0007810782408341765
-0.056002428755164146
-0.05597881693392992
-0.040399550925940275
-0.02761316578835249
-0.003746259491890669
-0.005565344239585102
-0.05284353997558355
-0.035879569593816996
-0.02078797435387969
-0.021983060985803604
-0.023256772430613637
-0.03676834190264344
-0.03727587265893817
-0.026490974822081625
0.0009376860689371824
0.007499864557757974
0.0028393291868269444
-0.012422940693795681
-0.06542139407247305
-0.07083406578749418
-0.07699505239725113
-0.07310804910957813
-0.03040843177586794
0.028617640491575003
0.015625637723132968
0.02325161488261074
-0.0027714878669939935
-0.016805463237687945
-0.05889302305877209
-0.07661443576216698
-0.08096913807094097
-0.061015257611870766
-0.04227129928767681
-0.004179124953225255
0.011450258432887495
0.0320301135070622
0.0005576814874075353
-0.012312278791796416
-0.05312005989253521
-0.07564713153988123
-0.06308935675770044
-0.038832124788314104
-0.029871661216020584
-0.004818917019292712
0.01241752179339528
-0.01780080166645348
-0.04089645575731993
-0.035559242591261864
-0.017501899623312056
-0.017080997437005863
-0.026837190380319953
-0.037132044322788715
-0.03187797102145851
-0.018557847011834383
-0.009420931455679238
-0.02362953149713576
-0.0399325517937541
-0.02514296374283731
-0.0263286461122334
-0.023283722810447216
-0.019685563165694475
-0.022358840564265847
-0.03272855468094349
-0.07121046725660563
-0.020416502840816975
-0.02756128227338195
-0.03390115173533559
-0.017010822775773704
-0.02330420515500009
-0.021711966022849083
-0.024397957604378462
-0.008947967435233295
-0.038818215020000935
-0.03510761819779873
-0.012393476907163858
-0.012110094306990504
-0.034223397728055716
-0.04216307355090976
-0.015782815229613334
-0.02914869412779808
-0.018626214819960296
-0.025899249128997326
-0.029832336120307446
-0.011124247219413519
-0.037281697150319815
-0.01498523959890008
-0.0350392097607255
-0.022580847144126892
-0.026116055203601718
-0.007251664996147156
-0.057053614407777786
-0.03882949147373438
-0.03770830016583204
-0.010111571522429585
0.006870892859296873
0.001377018001221586
-0.027781343553215265
-0.03184135304763913
-0.017828308045864105
-0.03983577061444521
-0.0245196798350662
-0.013673532288521528
-0.02739055221900344
-0.022587349638342857
-0.024351999163627625
-0.024153612088412046
-0.02787182666361332
-0.006647601374424994
-0.006477865856140852
-0.020482317078858614
-0.06298054661601782
-0.07163305580615997
-0.0696829529479146
-0.03724172478541732
-0.015013010008260608
-0.0027739936485886574
0.004058405756950378
-0.018494374118745327
-0.05596619192510843
-0.07171085849404335
-0.05571806989610195
-0.027572504244744778
-0.01972223469056189
0.010076665785163641
0.014279883354902267
-0.002835580729879439
-0.027305426076054573
-0.0593446446582675
-0.03072413057088852
-0.029835080727934837
-0.004364773718407378
-0.0010839703027158976
-0.0002649330999702215
-0.020313847344368696
-0.033136808313429356
-0.03593530971556902
-0.022406768752261996
0.000643904902972281
-0.017536491388455033
-0.028140089008957148
-0.031943032052367926
-0.036177792120724916
