None
None
None
None
None
None
None
None
None
None
None
None
None
None
None
None
None
None
None
None
None
None
None
None
None
None
None
None
None
None
None
None
None
None
None
None
None
None
None
None
None
None
None
None
None
None
None
None
None
None
None
None
None
None
None
None
None
None
None
None
None
None
None
None
None
None
None
2.656990706920624
2.644630789756775
2.4470314979553223
2.863937199115753
2.6169936060905457
2.4792264699935913
2.4184795022010803
2.6040449738502502
2.1368852257728577
2.167046904563904
1.98906672000885
2.052153080701828
2.0931228399276733
1.6843313872814178
1.753267616033554
1.9000959694385529
1.1898961067199707
0.9963140934705734
1.320605605840683
1.0526026785373688
0.7114250063896179
0.5038371458649635
0.5056286305189133
0.5485660880804062
0.20271206833422184
-0.0622468926012516
-0.26186222583055496
-0.19852245599031448
-0.5240543261170387
-0.3502354025840759
-0.49649515375494957
-0.3490045666694641
-0.4823051169514656
-0.5569927468895912
-0.21543815732002258
-0.021863510832190514
-0.3086637631058693
-0.001558646559715271
-0.029863564297556877
0.24866460170596838
0.058453625068068504
-0.06722970493137836
0.04814911633729935
0.3622266873717308
0.3793571423739195
0.061403099447488785
-0.199983736500144
0.17576028034090996
0.12268228456377983
-0.14387981593608856
-0.23316681385040283
-0.35486459359526634
-0.0023028776049613953
-0.16935987398028374
-0.14836940541863441
-0.034997761249542236
-0.17595769464969635
-0.32378218322992325
-0.432256244122982
-0.12286058068275452
-0.4387640878558159
-0.31814269348978996
-0.1450762376189232
-0.11221688240766525
-0.2028248980641365
-0.21874221414327621
-0.0696420818567276
-0.09933513775467873
0.1445881649851799
-0.11095305532217026
-0.38788942247629166
0.1296197697520256
-0.426132395863533
-0.5289789736270905
-0.02882005274295807
-0.31964370980858803
-0.4484205599874258
-0.5457136034965515
-0.3363177850842476
-0.40966715663671494
0.03491058200597763
-0.2746262289583683
0.033606335520744324
-0.3780920058488846
-0.16319040954113007
0.4179602712392807
-0.11096431687474251
-0.024738512933254242
-0.2038566917181015
-0.5526134893298149
-0.06690108776092529
-0.34195758402347565
-0.41376521438360214
-0.5257387049496174
-0.42324092611670494
-0.4883641302585602
-0.39507630839943886
-0.35000621527433395
-0.21779552474617958
-0.02617744356393814
-0.16456881584599614
-0.2892158627510071
-0.3956684544682503
-0.16245696879923344
-0.35765504091978073
-0.3777281865477562
-0.2276436099782586
-0.42723633721470833
-0.4181777387857437
-0.22644996270537376
-0.3811279274523258
-0.0774724930524826
-0.6050752401351929
-0.37052425369620323
-0.35075879842042923
-0.36006994917988777
-0.23371296748518944
-0.2522372268140316
-0.2226666361093521
-0.31994783878326416
-0.5007787644863129
-0.24580590054392815
-0.2844981588423252
-0.4248015955090523
-0.4591652639210224
-0.3342040292918682
-0.3566124737262726
-0.24308962188661098
-0.40778378397226334
-0.1894635632634163
-0.2914115898311138
-0.2827623784542084
-0.49909748136997223
-0.3725032825022936
-0.27644412964582443
-0.30140116438269615
-0.3948494419455528
-0.19557939656078815
-0.2578185088932514
-0.6365388482809067
-0.5789738968014717
-0.35551849752664566
-0.46834665536880493
-0.37506771087646484
-0.3147425651550293
-0.19955898262560368
-0.13066375628113747
-0.15638193860650063
-0.48738593235611916
-0.5793185606598854
-0.5471739396452904
-0.4579847175627947
-0.14321265369653702
-0.36216773092746735
-0.08491098321974277
-0.40583451092243195
-0.18999582156538963
-0.2730357125401497
-0.3641595020890236
-0.4755980223417282
-0.6363036930561066
-0.40977364033460617
-0.3793085590004921
-0.10737957432866096
-0.2467101588845253
-0.1852964423596859
-0.06263211742043495
-0.585663229227066
-0.5241679064929485
-0.6107052266597748
-0.6202306151390076
-0.4463261775672436
-0.4620646983385086
-0.343947634100914
-0.18018298503011465
-0.10955965146422386
-0.10897091403603554
-0.09374514501541853
0.06161642912775278
-0.33251502364873886
-0.5740062594413757
-0.6723823919892311
-0.5220833197236061
-0.4745629355311394
-0.44638457149267197
-0.3812163658440113
-0.19536086544394493
-0.2588197775185108
-0.03564611077308655
-0.1656876439228654
-0.4475331977009773
-0.42983918637037277
-0.2568743862211704
-0.32652193307876587
-0.09105638787150383
-0.11574729532003403
-0.4711282327771187
-0.6316923946142197
-0.5289727002382278
-0.7892104834318161
-0.48171067237854004
-0.5287811756134033
-0.2591804899275303
0.004962282255291939
-0.241251140832901
-0.11591149307787418
-0.4547201246023178
-0.028680305927991867
0.02549835667014122
-0.5290793143212795
-0.4107109531760216
-0.6135284677147865
-0.15938589721918106
-0.3635850213468075
-0.47877488285303116
-0.28291394375264645
-0.36305762827396393
-0.3162114303559065
-0.2034851387143135
-0.0966823510825634
-0.21425643097609282
-0.5060378909111023
-0.4845520853996277
-0.33141010254621506
-0.5478712022304535
-0.3709030896425247
-0.47441181540489197
-0.33313174918293953
-0.2046889327466488
-0.39387302845716476
-0.27540769800543785
-0.05284950137138367
-0.24015484005212784
-0.41862058639526367
-0.5172647312283516
-0.5959799438714981
-0.21525028347969055
-0.33057017624378204
-0.3345532529056072
-0.08028858713805676
-0.5249623507261276
-0.4133494177367538
-0.007978938519954681
-0.3781231325119734
-0.32279838994145393
-0.22681811079382896
-0.48984095454216003
-0.3191358670592308
-0.16182754188776016
-0.46704742312431335
-0.4802990257740021
-0.10382140800356865
-0.43868585117161274
-0.35075140185654163
-0.1168334111571312
-0.06899704784154892
-0.3981363996863365
-0.40795084461569786
-0.4482051506638527
-0.19012831337749958
-0.36407192796468735
-0.22571617737412453
-0.34209905564785004
-0.46297670900821686
-0.27356410026550293
-0.4158397428691387
-0.4098300915211439
-0.25159864127635956
0.13786680437624454
-0.02541976235806942
-0.19613688439130783
-0.34452536702156067
-0.20995650999248028
-0.559368446469307
-0.4127684012055397
-0.28159933164715767
-0.45315028727054596
-0.3552401177585125
-0.3304222747683525
-0.07373950723558664
-0.14063539262861013
-0.1983519122004509
-0.4140642434358597
-0.274268910754472
-0.27847030758857727
-0.38110948726534843
-0.3697393573820591
-0.4049815349280834
-0.39085056632757187
-0.21153071708977222
-0.2088808175176382
-0.10230073053389788
0.030339427292346954
-0.17272508703172207
-0.38756685703992844
-0.4525713697075844
-0.6878563612699509
-0.46218715608119965
-0.282090924680233
-0.15417502261698246
-0.2371063120663166
-0.27657770551741123
-0.3270205184817314
-0.24882285110652447
-0.22430918365716934
-0.27547080535441637
-0.4446879178285599
-0.4290837347507477
-0.23681107396259904
-0.3984333984553814
-0.1981144528836012
-0.24978795927017927
-0.2055556531995535
-0.3141638357192278
-0.18719214759767056
-0.46022072806954384
-0.4319654479622841
-0.39132698625326157
-0.48369983583688736
-0.32812633737921715
-0.18824824411422014
0.03371296636760235
-0.14436348620802164
-0.26347378455102444
-0.6439794898033142
-0.27563374349847436
-0.4952537789940834
-0.31888537108898163
-0.44460949301719666
-0.07737255375832319
-0.08436783915385604
-0.18570498935878277
-0.20265785604715347
-0.3208592012524605
-0.33545731008052826
-0.46370744705200195
-0.31993771344423294
-0.2754623987711966
-0.3424641713500023
-0.41942835599184036
-0.01436242088675499
0.07378135854378343
-0.22782505303621292
-0.14422781020402908
-0.5062167569994926
-0.4795679301023483
-0.4251905456185341
-0.134024266153574
-0.40466462820768356
-0.23760299943387508
-0.18260931596159935
-0.38962558656930923
-0.22670798562467098
-0.14690039306879044
-0.26786721125245094
-0.46676626056432724
-0.5818775668740273
-0.3370512523688376
-0.3349131643772125
-0.1367260329425335
-0.12460522167384624
-0.15673943236470222
-0.2856440953910351
-0.6077394634485245
-0.42060690000653267
-0.31403061375021935
-0.18857342004776
-0.5820356532931328
-0.21853956952691078
-0.211018780246377
-0.38221944868564606
-0.4344760328531265
-0.17609414644539356
-0.22555223107337952
-0.33767781034111977
-0.26163075864315033
-0.24425009731203318
-0.29996154829859734
-0.26959284022450447
-0.44985148729756474
-0.41358962655067444
-0.22255093231797218
-0.20447891112416983
-0.0649403678253293
-0.32380571216344833
-0.32823108695447445
-0.12012829631567001
-0.32532302662730217
-0.3398095890879631
-0.3943175673484802
-0.42277252674102783
-0.26031533628702164
-0.07150301150977612
-0.1482172217220068
-0.2767966166138649
-0.3849659264087677
-0.2233088929206133
-0.26335140131413937
-0.2313242144882679
-0.3313141241669655
-0.257069094106555
0.0687505379319191
-0.07216192968189716
0.06180509552359581
0.03741876408457756
-0.2567658219486475
-0.16687124781310558
-0.5023801922798157
-0.4904490001499653
-0.38584067672491074
-0.4655435383319855
-0.2001379169523716
-0.1519093969836831
-0.22065997868776321
-0.03426922298967838
-0.26201401790603995
-0.17233134247362614
-0.18718450143933296
-0.3723510429263115
-0.3872341141104698
-0.3863039016723633
-0.3814413323998451
-0.2721720077097416
0.060534642077982426
-0.17781173065304756
0.1543739875778556
0.1440976895391941
-0.04931695852428675
-0.24455971084535122
-0.2370956027880311
-0.2034875713288784
-0.46503476053476334
-0.32957467436790466
-0.36151426285505295
-0.20725947618484497
-0.20453405752778053
-0.11955132894217968
0.11100114416331053
0.1163316871970892
0.012183853890746832
-0.07738532964140177
-0.2347487024962902
-0.279787452891469
-0.30930800177156925
-0.6009513139724731
-0.3040759563446045
-0.07546537648886442
-0.08009804924950004
-0.13116547837853432
-0.34971178881824017
-0.23167365416884422
-0.2941685179248452
-0.46458831802010536
-0.23737281188368797
-0.3164776638150215
-0.16554175317287445
-0.447792686522007
-0.04372196178883314
-0.18701940774917603
-0.10351748764514923
0.055339546874165535
-0.24546820670366287
-0.22009354084730148
-0.2679017707705498
-0.3437032848596573
-0.21350189112126827
-0.2503333520144224
-0.17051638662815094
0.09221039898693562
0.14511932991445065
-0.002794299740344286
-0.12937569990754128
-0.21990333124995232
-0.26395852118730545
-0.5474995523691177
-0.2567991390824318
-0.17433540523052216
-0.18679362442344427
-0.19008547440171242
0.015566924586892128
-0.22156145796179771
-0.09006515331566334
-0.030483256094157696
-0.28019703552126884
-0.18466050922870636
-0.3605838268995285
-0.5301863551139832
-0.45252297818660736
-0.3106357455253601
-0.19610240682959557
-0.2674981318414211
-0.0819392241537571
-0.24692582339048386
-0.12435144744813442
-0.1212705671787262
-0.12206249218434095
-0.13906384631991386
-0.22838170640170574
-0.29188802745193243
-0.209811607375741
-0.2074653059244156
0.0032203029841184616
-0.09398234449326992
-0.22919666953384876
-0.22103037126362324
-0.13015524484217167
-0.12660056352615356
-0.12462223879992962
-0.16931106243282557
-0.22535111010074615
-0.328139565885067
-0.1944455523043871
-0.43820373713970184
-0.10208814591169357
-0.03600146435201168
-0.32105986401438713
-0.2550475709140301
-0.02363518625497818
-0.36031510308384895
-0.13316314853727818
-0.2222137050703168
-0.026270599104464054
-0.17716585844755173
-0.3378012292087078
-0.23185140639543533
-0.46240387856960297
-0.07421049103140831
-0.22965451702475548
-0.08135671634227037
0.1285677645355463
-0.01725864503532648
-0.2059856178238988
-0.07356082322075963
-0.18878032267093658
-0.31942598335444927
-0.3210478648543358
-0.4337337911128998
-0.47547847032546997
-0.5032248273491859
-0.30706225149333477
-0.06086893752217293
0.22327985800802708
0.22851968184113503
0.010551425628364086
-0.07323038764297962
-0.06963576655834913
-0.1885681478306651
-0.28826033556833863
-0.5995539873838425
-0.4793746992945671
-0.636650487780571
-0.33273493498563766
-0.07526846788823605
-0.11729101836681366
-0.14840400964021683
0.0008586272597312927
-0.1294725239276886
0.012644978240132332
-0.05600185482762754
-0.5048359706997871
-0.3818771094083786
-0.5514536648988724
-0.5699501484632492
-0.3507682606577873
-0.29699182510375977
0.12500103749334812
0.03888663649559021
0.11529633216559887
0.17021124809980392
0.07118961866945028
-0.06091030780225992
-0.1979226227849722
-0.30607028491795063
-0.12676640879362822
-0.2558775655925274
-0.18731254618614912
-0.026767926290631294
-0.24275150895118713
0.022625189274549484
-0.07582237385213375
-0.10511105787009001
-0.10356371477246284
-0.09053371846675873
-0.2537738960236311
-0.25728178303688765
-0.09550795052200556
-0.10443381336517632
-0.017586058005690575
-0.13251509796828032
-0.21651008166372776
-0.17810732871294022
-0.12641500681638718
-0.10871489997953176
-0.11349217034876347
-0.11510435282252729
-0.18176929745823145
-0.08739219792187214
-0.018206299282610416
-0.12160107539966702
-0.08239043690264225
-0.2531091161072254
-0.3404788374900818
-0.3950583338737488
-0.2737957686185837
-0.1122911237180233
-0.021442212164402008
0.13416384253650904
0.006148407235741615
-0.045852527022361755
-0.2891297936439514
-0.3037723060697317
-0.43731997162103653
-0.23647324554622173
0.007778003811836243
-0.043610286898911
-0.17513499967753887
-0.1597725274041295
0.007354600355029106
-0.13005996588617563
-0.15537112019956112
-0.07594931498169899
-0.16310370154678822
-0.2149894367903471
-0.07603268790990114
0.005623708479106426
-0.11043455917388201
-0.01794335711747408
-0.2186666475608945
-0.13006827421486378
-0.35829487070441246
-0.12367131654173136
-0.3718990162014961
-0.1421777899377048
0.03358496818691492
-0.055626182816922665
0.09512814693152905
-0.20555689558386803
-0.03846216946840286
-0.1066703638061881
-0.1446123793721199
-0.3120080977678299
-0.36236752569675446
-0.2361945230513811
-0.1741139143705368
-0.07350756879895926
0.13017805013805628
-0.046838315203785896
-0.07138981483876705
-0.12444845028221607
-0.13275747280567884
-0.28581301495432854
-0.19620177429169416
-0.201896321028471
-0.14376897178590298
-0.031279537826776505
-0.001385129988193512
0.060318848118186
0.07518238574266434
-0.05571655556559563
-0.2571045309305191
-0.35047001019120216
-0.3224970269948244
-0.19847870897501707
-0.13392081297934055
0.015386713668704033
0.007585207000374794
-0.038226623088121414
-0.1042531244456768
0.017281978391110897
-0.39385780692100525
-0.3529847115278244
-0.3181166909635067
-0.17424884345382452
-0.19379505328834057
0.09141924884170294
-0.05217279493808746
0.02866271324455738
-0.06808247277513146
-0.025495139881968498
-0.2302943766117096
-0.3645785376429558
-0.2818932384252548
-0.29753168672323227
-0.1418066918849945
0.0013775387778878212
-0.10721939755603671
0.061450887471437454
0.08669792953878641
-0.04123794287443161
-0.134349150583148
-0.2576534189283848
-0.27238695323467255
-0.09371092170476913
-0.21980874612927437
-0.1013974528759718
0.034175725653767586
-0.05342283472418785
0.05673881992697716
-0.11668760422617197
-0.30733414739370346
-0.12972635962069035
-0.1804412640631199
-0.04852641001343727
-0.15202757250517607
-0.02186390571296215
-0.07688407972455025
-0.13739099819213152
-0.2501550428569317
-0.18856903910636902
-0.0808574240654707
0.08986671781167388
-0.06430308800190687
0.027433880139142275
-0.07524147210642695
-0.18407917767763138
-0.328393567353487
-0.1822180263698101
-0.16599302412942052
0.05695326253771782
0.10377415595576167
0.03828495345078409
-0.13714636210352182
-0.03928868705406785
-0.1997143030166626
-0.205741286277771
-0.09256185032427311
-0.12237544171512127
-0.18649358302354813
0.06325267627835274
0.09746278310194612
0.05181139148771763
0.05265799071639776
-0.2454703226685524
-0.03278206801041961
-0.20737555995583534
-0.26261160522699356
-0.15405095182359219
0.011647719889879227
-0.08770150691270828
0.028826893772929907
-0.018249113811179996
-0.1357553517445922
-0.18615717254579067
-0.21286658942699432
-0.29368412494659424
-0.14609368611127138
-0.06529578380286694
-0.017321079969406128
0.07908218167722225
-0.05261165089905262
-0.025393957272171974
-0.1249868250451982
-0.23188341781497002
-0.23963741585612297
-0.2090318351984024
-0.020031151827424765
-0.06031357776373625
0.01874156855046749
-0.1320580686442554
-0.14483638666570187
-0.17616526409983635
-0.06031753122806549
-0.13983412459492683
-0.04504365473985672
-0.05417534802109003
-0.15874778851866722
0.0102042225189507
-0.15170642640441656
-0.22748503740876913
-0.21190412901341915
-0.11006476916372776
0.09385249204933643
-0.019706958904862404
0.02497889380902052
-0.08888649847358465
-0.11369348503649235
-0.20580703765153885
-0.1436750814318657
0.00624619796872139
-0.07197836833074689
-0.08644686546176672
-0.1173889993224293
-0.1920508579351008
0.02829085011035204
-0.058055116795003414
-0.0722304149530828
-0.13234695931896567
-0.03329670103266835
-0.22305388376116753
-0.13356237672269344
-0.06475199339911342
0.03193881409242749
-0.057361556217074394
-0.038064299151301384
-0.16284083668142557
-0.17788057029247284
-0.06895389035344124
-0.06347890803590417
-0.053232581820338964
-0.005251945462077856
-0.049671828746795654
-0.14243256952613592
-0.08412997238337994
-0.15152044780552387
-0.09131443640217185
-0.1286089140921831
-0.054773636162281036
0.021799685433506966
-0.09623740008100867
-0.24598848447203636
0.011888798326253891
-0.1349202934652567
-0.08789531141519547
-0.03478811588138342
-0.16061166301369667
-0.02291482873260975
-0.08490018919110298
-0.03774968674406409
-0.07429724372923374
-0.15896561369299889
-0.23616043105721474
-0.3187287226319313
-0.10318572772666812
-0.019864023197442293
0.050084737478755414
0.037185230292379856
-0.07657291740179062
-0.15670984610915184
-0.11420613899827003
-0.07810760289430618
-0.12592599168419838
0.010615215636789799
-0.14908845908939838
-0.07933267019689083
-0.026294176932424307
-0.047817463986575603
-0.006983976811170578
-0.10464111343026161
-0.12271036207675934
-0.16945541463792324
-0.03302884381264448
0.01796175306662917
0.041462408378720284
-0.07412859541364014
-0.11820839624851942
-0.12439290806651115
-0.08916612714529037
-0.03583954181522131
0.0724854888394475
0.018519832752645016
0.05390574038028717
-0.16323251277208328
-0.10277839004993439
-0.09946233127266169
-0.05857952265068889
0.051698761992156506
-0.035296862944960594
-0.015173172694630921
-0.06106151605490595
-0.17168236896395683
-0.1876161638647318
-0.091931345872581
-0.034864535788074136
0.056762033607810736
-0.04370493674650788
0.04252674803137779
-0.01748109981417656
-0.1565760001540184
-0.1436535008251667
-0.15362548269331455
-0.12559259682893753
-0.014201372396200895
0.05291156377643347
-0.0023859823122620583
-0.015394676476716995
-0.09747884422540665
-0.1437833569943905
-0.19391736015677452
-0.07312740944325924
-0.05349833145737648
0.03485913947224617
-0.0024451687932014465
-0.041434899903833866
-0.16576936468482018
-0.11956026591360569
-0.10176706500351429
-0.13706296868622303
-0.04415068682283163
0.04250173782929778
0.06323910923674703
-0.0660727834329009
-0.0479659647680819
-0.13297306094318628
-0.00891017820686102
-0.12271663546562195
-0.1744905710220337
-0.10369361843913794
-0.052941132336854935
0.03165863826870918
0.10436508804559708
0.0479098092764616
0.03540632873773575
-0.08544934634119272
-0.10170172713696957
-0.18444518744945526
-0.14922529831528664
-0.10261303128208965
0.011088450439274311
0.09072685218416154
0.13798167742788792
0.13034801557660103
-0.00036996742710471153
-0.01952221937244758
-0.2174547091126442
-0.2868688181042671
-0.2536802366375923
-0.21062494814395905
-0.17553461343050003
-0.08956731297075748
-0.028923960402607918
0.10112093016505241
0.1615313608199358
0.13672949839383364
0.0861637145280838
-0.04766536084935069
-0.10256593860685825
-0.16897903755307198
-0.1663452312350273
-0.09426560811698437
-0.06272706296294928
0.05080703692510724
0.05715234391391277
0.04393490683287382
0.003405750379897654
-0.1274369414895773
-0.13418369460850954
-0.20548560842871666
-0.06071645766496658
-0.04531292989850044
0.07505515264347196
-0.0076090816874057055
-0.022556782118044794
-0.09391531907022
-0.1820252425968647
0.01505632558837533
-0.11415065638720989
0.0019299449631944299
-0.05502941785380244
-0.002104848623275757
-0.11919720564037561
-0.0950963543727994
-0.1029035272076726
-0.006649738643318415
0.017498719971626997
0.04399777203798294
-0.01919222390279174
-0.13717106357216835
-0.22951937466859818
-0.17130888812243938
-0.08879266958683729
-0.031439851270988584
0.007106411270797253
0.03861485724337399
0.01856342237442732
-0.08998486399650574
-0.10380479693412781
-0.006184538826346397
-0.05609490070492029
0.0023974385112524033
-0.1317722238600254
-0.07912760972976685
-0.04834446683526039
0.04120023921132088
-0.008788457838818431
-0.09313404001295567
-0.0884764757938683
-0.08894249331206083
0.08920399192720652
0.017397651681676507
0.06682376097887754
0.01441750698722899
-0.13221311941742897
-0.0932258702814579
-0.14542771689593792
-0.09512079693377018
0.04363713227212429
-0.005135281942784786
0.038832101970911026
0.019547571428120136
-0.050528769847005606
-0.1122486311942339
-0.13920037634670734
-0.18293016776442528
-0.10549305099993944
-0.005024203564971685
0.01958999177441001
0.018362781032919884
0.028353596106171608
-0.0309754628688097
-0.15401682071387768
-0.11429210007190704
-0.1116051459684968
-0.0794747737236321
-0.02864023670554161
0.02625739388167858
-0.03833127208054066
-0.04470185178797692
-0.2518671452999115
-0.07930538058280945
-0.06395221641287208
-0.07870810106396675
0.003962384536862373
0.011148112826049328
-0.09159372886642814
-0.008681545034050941
-0.08477139659225941
-0.04168241727165878
-0.08706303685903549
-0.04884735634550452
-0.05850007012486458
-0.0772650670260191
0.012169820722192526
-0.056949312798678875
-0.08394831698387861
-0.1081687118858099
-0.12277437932789326
-0.06631161365658045
0.010280998423695564
0.023976396303623915
-0.02481737546622753
-0.10072042234241962
-0.13992056623101234
-0.014832014217972755
-0.07824884064029902
-0.13757632859051228
0.0020919623784720898
0.04002899257466197
0.02821467921603471
-0.017112571746110916
-0.1415996439754963
-0.226600531488657
-0.10655363835394382
-0.10526817850768566
0.02273807767778635
0.018222031882032752
0.02777104265987873
-0.0533800320699811
-0.08098814357072115
-0.14832919463515282
-0.1461048573255539
-0.03805721295066178
-0.09273905493319035
-0.10304164793342352
0.028388688107952476
0.08692541997879744
0.11879593133926392
0.0509763490408659
-0.0824840972200036
-0.11883209273219109
-0.10215257480740547
-0.031184684485197067
-0.049769903416745365
-0.08012258168309927
-0.09540390968322754
-0.025335893966257572
-0.06637486256659031
-0.11497470736503601
-0.17943580821156502
-0.04771783761680126
0.007318002404645085
-0.04788358695805073
-0.124533805064857
-0.012995607452467084
-0.12315823510289192
-0.04519951483234763
-0.028067871229723096
-0.06667948130052537
-0.04477401543408632
-0.02238673297688365
-0.10444854805245996
-0.07930483296513557
-0.05020960699766874
0.031813583336770535
0.008405777160078287
-0.08508434565737844
-0.13819197565317154
-0.0732372710481286
-0.04525147471576929
-0.09125242102891207
-0.0324495832901448
0.016545775812119246
-0.034788914024829865
-0.046329560689628124
-0.09465413447469473
-0.1174350157380104
-0.08089270489290357
0.025585460010915995
0.03397167252842337
-0.07461295649409294
-0.10825646389275789
-0.027376472018659115
-0.03673301660455763
-0.10109621100127697
-0.07278347108513117
-0.054089839570224285
-0.04188217222690582
-0.06813280191272497
-0.1180694680660963
-0.0395976968575269
-0.09010504139587283
-0.0031462707556784153
0.016702710650861263
-0.028486813884228468
-0.09338552318513393
-0.09468555822968483
-0.09002906084060669
-0.06800739106256515
0.00977278663776815
0.02614232525229454
-0.03136946354061365
-0.13290311582386494
-0.10911216028034687
-0.10825038608163595
-0.05295969685539603
-0.01309352507814765
-0.010088123613968492
-0.009138432797044516
-0.10619659163057804
-0.06583648873493075
-0.08236582670360804
-0.05468237167224288
0.01332657877355814
0.043162157759070396
-0.018933129496872425
-0.10808242857456207
-0.11905594356358051
-0.07465868070721626
0.0033197873272001743
-0.03510479535907507
-0.04764095600694418
-0.1171557605266571
-0.09986476320773363
-0.08302558748982847
-0.011921732686460018
-0.005645344965159893
0.02205446269363165
-0.08709820033982396
-0.06914845248684287
-0.012489975430071354
-0.054767400957643986
-0.07969979383051395
-0.0900175366550684
-0.05009087547659874
-0.04707092745229602
0.01265952445100993
-0.0459186309017241
-0.11843437142670155
-0.11988714709877968
-0.0932516511529684
-0.05874649388715625
-0.058664195239543915
-0.049969319719821215
-0.019156279508024454
-0.14259039238095284
-0.05378006352111697
-0.07706883596256375
-0.039912696462124586
-0.08129461645148695
-0.0072310324758291245
-0.008203704841434956
-0.07323998026549816
-0.1387965064495802
-0.045533626107499
-0.08868378680199385
0.0318726294208318
-0.03435817966237664
-0.12418506667017937
-0.05126484530046582
-0.07024150900542736
-0.04804119886830449
-0.06382318446412683
-0.060197641141712666
-0.0841106716543436
-0.057461416348814964
-0.005466884933412075
-0.06337166484445333
-0.04380992613732815
-0.08196795638650656
-0.05894797295331955
-0.06808779574930668
-0.08821318298578262
-0.07000867323949933
-0.07725300919264555
-0.1291037406772375
-0.11786141898483038
0.0227009579539299
0.01069495640695095
0.055607142858207226
0.03856332786381245
-0.021242903545498848
-0.11285039596259594
-0.17951803654432297
-0.15906144306063652
-0.1679153572767973
-0.15348797291517258
-0.004349846392869949
0.05760005232878029
0.06464378535747528
0.08982872846536338
0.04073016997426748
-0.06796451099216938
-0.10608909977599978
-0.11593157611787319
-0.13457204960286617
-0.10383457830175757
0.0320872301235795
0.07487417757511139
0.056822952814400196
0.06655740458518267
0.017028370639309287
-0.14464472606778145
-0.13624894432723522
-0.14585029892623425
-0.16315233800560236
-0.10736225545406342
0.0016964511014521122
0.0728180818259716
0.10102096106857061
0.07439349219202995
0.009429284604266286
-0.02498050220310688
-0.2316020242869854
-0.23121081665158272
-0.2573570981621742
-0.22493353858590126
-0.21122858673334122
-0.12260404415428638
-0.041592939756810665
-0.019197212997823954
0.051418490591458976
0.06644228007644415
-0.016983947716653347
-0.05565901834052056
-0.13962505385279655
-0.08317548967897892
-0.11899951472878456
-0.09220188669860363
-0.030602952232584357
0.03761269140522927
0.10653250012546778
0.06636386178433895
0.03518297336995602
-0.04170309519395232
-0.09425713121891022
-0.18292844109237194
-0.21470294520258904
-0.16762529499828815
-0.0681223189458251
-0.01083107921294868
0.00791584188118577
0.0107254134491086
-0.036977663869038224
-0.13895732536911964
-0.11784571222960949
-0.0985628729686141
-0.08773131761699915
-0.023636874742805958
0.01897819433361292
0.03125852206721902
-0.05249737482517958
-0.10195777239277959
-0.06235327501781285
-0.08384968992322683
-0.05415509082376957
-0.016306299716234207
-0.07343845162540674
-0.047008049208670855
-0.07339078560471535
-0.05198976118117571
-0.06336076185107231
-0.058225179789587855
-0.08936792612075806
-0.09423411265015602
0.05785502528306097
0.05053394287824631
0.07516244426369667
0.006863973336294293
-0.12643861584365368
-0.1484280861914158
-0.03363868081942201
-0.1441912017762661
-0.11737481318414211
-0.039162305649369955
0.013927045278251171
-0.07747183577157557
-0.005716932937502861
-0.12701581045985222
-0.09835901018232107
-0.06070823222398758
-0.03707326343283057
-0.03298794478178024
-0.032244623405858874
-0.05085437558591366
-0.14876818284392357
-0.13760380446910858
-0.14111910201609135
-0.08156959619373083
-0.018914752639830112
-0.03995593823492527
0.03387004917021841
-0.053654913790524006
-0.0947212427854538
-0.019460217095911503
-0.13891100138425827
-0.031264987308532
-0.07486224826425314
-0.14917626045644283
-0.05151597922667861
-0.03941800957545638
-0.03431533998809755
-0.09972349763847888
-0.045216412050649524
-0.026570261223241687
-0.10481075756251812
-0.07373831607401371
-0.04748951084911823
-0.05349321477115154
-0.0734820133075118
-0.05751146748661995
-0.06784290028735995
-0.10124300047755241
-0.04981367755681276
-0.004098532954230905
-0.06825515534728765
-0.027907165058422834
-0.0728002805262804
-0.05232955235987902
-0.13122659176588058
-0.06532688904553652
-0.062331900699064136
-0.00023279013112187386
-0.011421259492635727
-0.025561625603586435
-0.04979008715599775
-0.14438167540356517
-0.043373311404138803
-0.07690305355936289
-0.0682880743406713
-0.009412584826350212
-0.04365364206023514
-0.07412342308089137
-0.05914669297635555
-0.03705712966620922
-0.09122279100120068
-0.1053976584225893
-0.027317866683006287
-0.02729259943589568
-0.08047418668866158
-0.1189604140818119
-0.10239298362284899
0.0018892954103648663
0.048682043328881264
-0.008418593555688858
-0.10840676352381706
-0.07539728842675686
0.029647483257576823
-0.0030229089315980673
-0.06491052638739347
-0.04761311784386635
-0.07154333777725697
-0.11008092109113932
-0.03588069649413228
-0.0184033140540123
-0.01475520757958293
-0.06704593636095524
-0.0918985502794385
-0.22887329757213593
-0.010948427952826023
-0.03432882926426828
-0.09136036597192287
-0.04847266245633364
-0.09250263590365648
0.025805868208408356
0.05125659704208374
0.04757782956585288
7.809372618794441e-05
-0.10078529082238674
-0.13527425937354565
-0.14046219177544117
-0.11106750555336475
-0.026542958104982972
-0.002933382522314787
-0.036215643398463726
-0.10379665065556765
-0.029988432535901666
-0.09781693667173386
-0.05062629468739033
-0.04469988704659045
-0.01086547109298408
-0.04014415247365832
-0.06815803050994873
-0.0836923262104392
-0.037521736696362495
-0.03923356719315052
-0.09588128328323364
-0.02807772532105446
0.0036942833103239536
-0.0686282254755497
-0.06835974100977182
-0.0890862075611949
-0.12772574461996555
-0.05253936909139156
0.0069627598859369755
-0.002436712384223938
-0.054399475920945406
-0.07851463183760643
-0.08440142590552568
-0.043491178657859564
-0.08725722739472985
-0.08730893768370152
-0.007493576966226101
-0.027370236814022064
-0.03128511644899845
-0.05728506203740835
-0.08848041854798794
-0.09589679073542356
-0.03091661329381168
-0.08216568641364574
-0.08403080236166716
-0.02635957393795252
-0.07141408231109381
-0.03351740539073944
-0.0789176169782877
-0.07339894585311413
-0.05230989679694176
-0.04567427944857627
-0.028824238572269678
-0.09379548206925392
-0.0923145767301321
-0.01378554361872375
-0.07185513013973832
-0.04778400296345353
-0.021402929443866014
-0.09886450320482254
-0.026910506654530764
-0.07847659010440111
-0.09720901772379875
-0.0469142475631088
-0.019106723368167877
-0.05626629199832678
-0.04559017298743129
-0.08620304986834526
-0.05435619130730629
-0.08712825807742774
0.03310344275087118
-0.07812405889853835
0.018468271242454648
-0.061056612990796566
-0.005466270376928151
-0.12027312815189362
-0.07875829190015793
-0.06449991092085838
-0.047562590800225735
-0.021672555012628436
-0.027089716400951147
-0.056705277413129807
-0.06163475848734379
-0.09445490874350071
-0.038792066276073456
-0.05780231021344662
-0.06842718902043998
-0.01587864209432155
-0.03623572736978531
-0.0686553749255836
-0.08977936394512653
-0.0777445463463664
0.03412782191298902
0.006988012813962996
-0.04718943242914975
-0.06210079276934266
-0.07991164457052946
-0.07827089820057154
-0.07457009237259626
0.0030268430709838867
0.022828634129837155
0.005317034665495157
-0.03194701293250546
-0.05136633571237326
-0.07685105875134468
-0.12613128498196602
-0.09885530918836594
-0.05959684308618307
0.010489382315427065
-0.007014429662376642
0.03112420265097171
-0.08408900909125805
-0.09850302897393703
-0.06889947038143873
-0.011059691663831472
-0.08932140469551086
-0.07621902413666248
0.026388126891106367
-0.016136668622493744
0.022949238773435354
-0.05439342372119427
-0.09699962753802538
-0.13461015187203884
-0.12161991186439991
-0.052804664708673954
-0.0722531711217016
0.020018774550408125
0.03346211835741997
0.020482637220993638
0.036108070984482765
-0.016318325884640217
-0.11988615617156029
-0.24444274976849556
-0.21844899095594883
-0.18921930342912674
-0.1171920858323574
-0.028137209825217724
0.0011498411186039448
0.005838626297190785
-0.03617001557722688
-0.036351958056911826
-0.12098187766969204
-0.08560001850128174
-0.08740674518048763
-0.06166442763060331
-0.068880804348737
-0.034655599505640566
-0.010142362210899591
-0.022556985029950738
-0.035935907159000635
-0.10607983730733395
-0.1162623930722475
-0.11336266435682774
-0.026453102938830853
-0.04162074706982821
-0.05963071063160896
-0.0985305281355977
-0.07316137198358774
-0.08081838767975569
-0.005997183732688427
-0.0021369598689489067
-0.033881957875564694
-0.051252430537715554
-0.07991421222686768
-0.037430413998663425
-0.06579349422827363
-0.08380621299147606
-0.005979891866445541
-0.019693884765729308
-0.02501365472562611
-0.06607401743531227
-0.04874576814472675
-0.07403966505080462
-0.05083316843956709
-0.02713688090443611
-0.04686969774775207
-0.052475384436547756
-0.11496893875300884
-0.12831306364387274
-0.07753092050552368
-0.003878962597809732
-0.0012333306949585676
-0.005954819731414318
-0.03988943318836391
-0.1505480003543198
-0.08501994516700506
-0.057235321030020714
-0.04428811091929674
-0.018890078645199537
-0.0200232844799757
-0.09307087026536465
-0.04898727219551802
-0.06453038100153208
-0.06251954659819603
-0.10060545615851879
-0.052341403206810355
0.025108494330197573
-0.03761306079104543
-0.05701540131121874
-0.08655855245888233
-0.11493185348808765
-0.17975733615458012
-0.03532476304098964
-0.01845345279434696
-0.050223785219714046
-0.055563583970069885
-0.018063367810100317
-0.0854557576822117
-0.07233150396496058
-0.0691480808891356
-0.030020152684301138
-0.003516765311360359
-0.03851693891920149
-0.06448371754959226
-0.08887041918933392
-0.024553426541388035
-0.04661836475133896
-0.058058151975274086
-0.023044866509735584
-0.048811158165335655
-0.10134020820260048
-0.06688041985034943
-0.05751556484028697
0.008174584014341235
-0.007906873477622867
-0.006743352510966361
-0.08487918693572283
-0.08129897806793451
-0.03602757048793137
-0.06979593774303794
-0.01380796218290925
-0.014707004185765982
-0.0032243698369711637
-0.07731087133288383
-0.06969064939767122
-0.07897291239351034
-0.053392586298286915
-0.07552760280668736
-0.026158641965594143
-0.02924499986693263
-0.05480096419341862
-0.08735374175012112
-0.11020513065159321
-0.0912708230316639
-0.05437961407005787
0.012017299886792898
-0.0019939737394452095
0.017939597717486322
-0.04625170258805156
-0.05132677825167775
-0.12558657489717007
-0.12096204608678818
-0.18267282843589783
-0.06848190678283572
0.003501507453620434
0.0045578929129987955
0.06845568213611841
0.02841809531673789
-0.018009321996942163
-0.0835770582780242
-0.10745500959455967
-0.12435866333544254
-0.06210935115814209
-0.051714695524424314
-0.03368131769821048
0.012739834928652272
-0.04966108314692974
-0.07567247375845909
-0.05925596319139004
-0.07786584552377462
-0.010213696863502264
-0.03512057242915034
-0.02617715229280293
-0.05220880638808012
-0.12290864810347557
-0.05346474191173911
-0.07356072124093771
-0.0030770611483603716
-0.003223175765015185
-0.014214104739949107
-0.03466581739485264
-0.10376495867967606
-0.11864245682954788
-0.15245978347957134
-0.10479717887938023
-0.06513351667672396
-0.03160703671164811
0.02786310319788754
-0.008457677904516459
-0.025069304276257753
-0.06208800803869963
-0.07286215759813786
-0.10731003060936928
-0.1455162800848484
-0.014926049392670393
-0.07073028851300478
-0.006164178717881441
0.01663046656176448
-0.04316984582692385
-0.06556239072233438
-0.09028886910527945
-0.05497894110158086
-0.07448333874344826
-0.04847190622240305
-0.01695113180903718
-0.03797343373298645
-0.0710498420521617
-0.0748035553842783
-0.08549135737121105
-0.04771696380339563
-0.04612120124511421
-0.04448307119309902
-0.02958857105113566
-0.07808456756174564
-0.03548610536381602
-0.10504692606627941
-0.10717688128352165
-0.09568284079432487
-0.07307266315910965
-0.002918119076639414
-0.014841681811958551
-0.04461951646953821
-0.049837436992675066
-0.0864103240892291
-0.12626619637012482
-0.09461870603263378
-0.09552418440580368
0.03519846824929118
0.0642272587865591
0.057707300176844
-0.0004327183123677969
-0.004564005299471319
-0.06832341570407152
-0.08815427869558334
-0.11483736149966717
-0.0919132074341178
-0.07920709019526839
-0.05607082403730601
0.03258053702302277
0.021460007410496473
0.010968517628498375
-0.021511346334591508
-0.04013551399111748
-0.12814819440245628
-0.19778979942202568
-0.16065586917102337
-0.1542433388531208
-0.09630736988037825
-0.04886356648057699
0.007306836079806089
0.023996392264962196
-0.009649550076574087
-0.04363207286223769
-0.0871868385002017
-0.07938810251653194
-0.09044371172785759
-0.07481960766017437
-0.03804223146289587
0.00040703092236071825
-0.032720113173127174
-0.025881802663207054
-0.10896746069192886
-0.11448409967124462
-0.11308700032532215
-0.06703918892890215
-0.012086715665645897
-0.02326715993694961
-0.041331273037940264
-0.05094019556418061
-0.0686648515984416
-0.11517889238893986
-0.056246711406856775
-0.028788375668227673
-0.052360810339450836
-0.062472156481817365
-0.016771165654063225
-0.08641068637371063
-0.0922070350497961
-0.1042210478335619
-0.05609899666160345
0.004058057558722794
-0.019444105331785977
-0.03747527813538909
-0.08744795061647892
-0.043849886395037174
-0.05056716687977314
-0.06885364931076765
-0.06877150665968657
-0.028848529793322086
-0.0665330495685339
-0.01453773956745863
-0.045688696671277285
-0.11404245160520077
-0.09056959953159094
-0.07427193410694599
-0.047797949984669685
-0.052277127746492624
-0.07099547609686852
-0.03633836272638291
-0.036959714721888304
-0.07763329055160284
-0.049310555681586266
-0.055624025873839855
-0.02598353219218552
-0.07043596170842648
-0.033050745725631714
-0.048441024497151375
-0.05563454795628786
-0.0777804534882307
-0.03586133383214474
-0.011640651617199183
-0.06665536388754845
-0.03305311221629381
-0.06787384208291769
-0.07170921191573143
-0.07015208713710308
-0.003896336769685149
-0.0025953631848096848
-0.008852669154293835
-0.014475466683506966
-0.08674869313836098
-0.06001649610698223
-0.06888102926313877
-0.0398428775370121
-0.04049953306093812
-0.04571006540209055
-0.07432172168046236
-0.016800297133158892
-0.03391332249157131
-0.042831807397305965
-0.0660488298162818
-0.056504152715206146
-0.061715953052043915
-0.04121679184027016
-0.04328322038054466
-0.03044120967388153
-0.06031605415046215
-0.08546851389110088
-0.05033691041171551
-0.04303125198930502
-0.06373952608555555
-0.05427996767684817
-0.07711771689355373
-0.0302360188215971
-0.02890450379345566
-0.05468499334529042
-0.054404042195528746
-0.07128289341926575
-0.05276516336016357
-0.06412249151617289
-0.03831798583269119
-0.0671036783605814
-0.06880660075694323
-0.034447685815393925
-0.027643284760415554
-0.08087511360645294
-0.048982670065015554
-0.06937493197619915
-0.045691393315792084
-0.02869288413785398
-0.04051678627729416
-0.03310286393389106
-0.11500493437051773
-0.12495955638587475
-0.13161186501383781
-0.07307882979512215
-0.058684653136879206
0.039238101337105036
0.04756605997681618
0.020515790209174156
0.028581123799085617
-0.026055763941258192
-0.09414485655725002
-0.08907478675246239
-0.08648525457829237
-0.059985071420669556
-0.05020992225036025
-0.02386140776798129
-0.017506183590739965
0.0017731711268424988
-0.05501502053812146
-0.07042756956070662
-0.05839127826038748
-0.04390648426488042
-0.01918142894282937
-0.016804656479507685
-0.06576428934931755
-0.07926112599670887
-0.09976275078952312
-0.030885411542840302
-0.019906934001483023
-0.045278977311681956
-0.055562405847013
-0.07700713258236647
-0.05354946758598089
-0.04757717263419181
-0.01225824758876115
0.001463595312088728
-0.030145445372909307
-0.02388153155334294
-0.12925860285758972
-0.12238062731921673
-0.1407027579843998
-0.07237731013447046
-0.022292488254606724
-0.008354653604328632
-0.01281075895531103
-0.03591586207039654
-0.062444284558296204
-0.045497577637434006
-0.06899844482541084
-0.06312040612101555
-0.028450913727283478
-0.08222430665045977
-0.026731776306405663
-0.03090614080429077
-0.0239851544611156
-0.07028578594326973
-0.03869361151009798
-0.04577815835364163
-0.025199573254212737
-0.06873214431107044
-0.041658421978354454
-0.01285157143138349
-0.036500873509794474
-0.032392174762208015
-0.06277281790971756
-0.04146695462986827
-0.017207864671945572
-0.044762215577065945
-0.07469137571752071
-0.055464211851358414
-0.010732094408012927
0.005074805114418268
-0.0009994464344345033
-0.05098420474678278
-0.02981565659865737
-0.0690842792391777
-0.03708161041140556
-0.05980623234063387
-0.08283442538231611
-0.0079457355896011
-0.017614683834835887
-0.004046640591695905
-0.02594363852404058
-0.05681960750371218
-0.07050844188779593
-0.07491781562566757
-0.03807826433330774
-0.019183726282790303
-0.011158666457049549
-0.025004973635077477
-0.05793990846723318
-0.06211791280657053
-0.05189801473170519
-0.03474353067576885
-0.03910564910620451
-0.03815937042236328
-0.03627042565494776
-0.06588908284902573
-0.017679301090538502
-0.04659059131518006
-0.018352765939198434
-0.024934514425694942
-0.07280341908335686
-0.049897695891559124
-0.04255851171910763
-0.05263857822865248
0.0029678845894522965
0.022602153127081692
0.02111420128494501
0.005920697265537456
-0.029512691544368863
-0.07229586876928806
-0.09882753528654575
-0.08411934599280357
-0.07430283166468143
-0.02872420661151409
-0.01932685519568622
-0.008091381925623864
-0.026078052120283246
-0.02542390627786517
-0.07578732818365097
-0.07725918851792812
-0.06246358109638095
-0.015743982046842575
0.013100678566843271
-0.008384606335312128
-0.03334164014086127
-0.058165254071354866
-0.04963373392820358
-0.04987862426787615
-0.01681897835806012
-0.010570855694822967
-0.031900497153401375
-0.04292218014597893
-0.04533122852444649
-0.049809083342552185
-0.010724955587647855
-0.016344832722097635
-0.010776695562526584
-0.05327692627906799
-0.04455271502956748
-0.0600790586322546
-0.04771620873361826
-0.006219723727554083
0.002947457367554307
-0.023254486732184887
-0.054396992549300194
-0.04927372932434082
-0.04234692035242915
-0.021918241516686976
-0.024343332392163575
-0.04241485986858606
-0.031340880785137415
-0.05079177673906088
-0.024094399763271213
-0.022320664022117853
-0.020145495887845755
-0.043549166060984135
-0.06111895013600588
-0.03597571700811386
-0.023854480823501945
-0.014101799577474594
-0.038496472872793674
-0.041290753055363894
-0.04326221905648708
-0.020692636258900166
-0.026132581406272948
-0.027081000618636608
-0.03368987888097763
-0.05456629302352667
-0.018498800927773118
-0.03600229788571596
-0.027573083993047476
-0.04930563643574715
-0.023043885827064514
-0.02227286109700799
-0.04094311408698559
-0.053451758809387684
-0.04172136075794697
-0.01425544754602015
-0.01161999860778451
-0.05020489636808634
-0.07742174714803696
-0.012646357179619372
-0.019763659220188856
-0.043996666092425585
-0.029343354515731335
-0.04452713532373309
-0.0395175009034574
-0.027353476616553962
-0.02194029465317726
-0.021831687074154615
-0.03898009564727545
-0.04299598606303334
-0.04654936771839857
-0.05127725936472416
-8.881930261850357e-05
0.02064394485205412
0.021080551203340292
-0.013069182401522994
-0.0476308586075902
-0.05114032048732042
-0.04356230143457651
-0.032423788448795676
-0.0023565326118841767
-0.022398750064894557
-0.03479567123576999
-0.05207160674035549
-0.05290788225829601
-0.032307089772075415
-0.010290184174664319
0.004133584909141064
-0.022569427266716957
-0.054980515502393246
-0.08598342537879944
-0.0939570115879178
-0.0408120178617537
-0.04415029752999544
-0.012190053705126047
-0.0066614720853976905
-0.02243584208190441
-0.05118267796933651
-0.08184327371418476
-0.08549612946808338
-0.024239189457148314
-0.0450343182310462
-0.016481940809171647
0.01544087182264775
-0.019309291383251548
-0.02957072656136006
-0.08386285975575447
-0.07358720805495977
-0.058484429493546486
-0.029987497720867395
-0.030813876539468765
-0.0002283311914652586
-0.03677479876205325
-0.02809156198054552
-0.06037463108077645
-0.045251572504639626
-0.0335604811552912
-0.023034320678561926
-0.0043910687090829015
-0.004651024355553091
-0.08291576988995075
-0.05954006314277649
-0.047253236174583435
-0.02181624830700457
-0.011950444837566465
-0.020915330853313208
-0.05316286999732256
-0.07040305621922016
-0.05901969037950039
-0.02306278413743712
0.0005050483159720898
-0.009470713092014194
-0.03104298422113061
-0.08824404887855053
-0.0967767983675003
-0.05773763917386532
-0.02130038570612669
-0.009633076668251306
-0.02287130942568183
-0.07247556000947952
-0.05514002777636051
-0.047677282243967056
-0.017451688298024237
-0.003478109952993691
-0.03499988839030266
-0.06711190985515714
-0.09992342442274094
-0.056171517819166183
-0.014024498872458935
-0.02869106223806739
-0.053570025600492954
0.0043613832094706595
-0.004069124290253967
-0.002876652928534895
-0.06720511522144079
-0.056194314267486334
-0.033452087081968784
-0.04153361823409796
-0.038255670107901096
-0.05522805918008089
-0.05126436660066247
-0.04410140961408615
0.028967962600290775
0.03910942887887359
0.05502004083245993
0.026744700968265533
-0.010492185014300048
-0.04187474399805069
-0.0688324747607112
-0.13905187882483006
-0.09004813805222511
-0.06463121436536312
-0.029098145314492285
-0.004378938348963857
0.019924541702494025
-0.0006996412412263453
-0.03206596872769296
-0.04038598947227001
-0.08187105320394039
-0.08068464323878288
-0.062358345836400986
-0.011390170780941844
-0.0025780308060348034
-0.022074882173910737
-0.014347526244819164
-0.04078937787562609
-0.07722125202417374
-0.08707817457616329
-0.07844373770058155
-0.025912444572895765
-0.018176101613789797
0.0009850749047473073
-0.023463397286832333
-0.03639534721150994
-0.08109809644520283
-0.07792270369827747
-0.05282430909574032
-0.01827344438061118
-0.01276482897810638
-0.00456310180015862
-0.03985877940431237
-0.0569999678991735
-0.10318392142653465
-0.06977895461022854
-0.009609192609786987
-0.02728974213823676
-0.023077073972672224
-0.047803066205233335
-0.06250184215605259
-0.06884494610130787
-0.037553125992417336
-0.02006072667427361
0.002683251048438251
-0.02683120872825384
-0.061151525005698204
-0.04628754360601306
-0.03316721669398248
-0.027504430152475834
-0.013811320066452026
-0.005088102770969272
-0.017186252865940332
-0.07985863275825977
-0.06545113027095795
-0.0624215854331851
-0.03238115133717656
0.014488137734588236
-0.0027230242267251015
-0.060057626105844975
-0.04419208224862814
-0.027908135671168566
-0.05736521631479263
-0.02441782713867724
-0.036019655875861645
-0.05780348461121321
-0.06375401187688112
-0.023978469893336296
-0.03750829631462693
-0.02565136511111632
-0.02677330677397549
-0.023185518046375364
-0.05955495871603489
-0.04017367074266076
-0.027239802526310086
-0.04517924226820469
-0.004597945371642709
-0.006877227919176221
-0.02329100767383352
-0.044883787631988525
-0.07215713616460562
-0.05156943667680025
-0.0335755767300725
-0.0045683636562898755
-0.023290600307518616
-0.041916171088814735
-0.010650954907760024
-0.03658407833427191
-0.04917468875646591
-0.03780914098024368
-0.010864950774703175
-0.00387722798041068
-0.030047433450818062
-0.047981019131839275
-0.035148125141859055
-0.025757384253665805
-0.014586134580895305
-0.022206940688192844
-0.04551928723230958
-0.061559329740703106
-0.03922972455620766
-0.0005261623300611973
-0.026642697863280773
-0.019070471869781613
-0.04180037975311279
-0.06278732791543007
-0.021059401333332062
-0.043161722365766764
-0.02160525880753994
-0.02831542631611228
-0.02695670071989298
-0.053936609998345375
-0.02612515352666378
-0.03757459344342351
-0.03563501359894872
-0.025157658150419593
-0.038516261614859104
-0.0532339196652174
-0.018910154176410288
-0.02058280917117372
-0.04738921904936433
-0.06671580579131842
-0.04258472891524434
-0.0009059840813279152
0.00425689434632659
-0.000907536712475121
-0.028185140690766275
-0.067267213948071
-0.06676628813147545
-0.03559918748214841
-0.05163922521751374
0.00017325812950730324
-0.014120474690571427
-0.0004416836891323328
-0.01938698231242597
-0.050445061177015305
-0.09478256478905678
-0.10070738010108471
-0.08669099304825068
-0.012740037636831403
-0.027711407048627734
-0.020721010747365654
-0.03979205433279276
-0.024050392443314195
-0.03937788610346615
-0.01836730004288256
-0.0344745023176074
-0.051048219203948975
-0.034110190346837044
-0.027452193200588226
-0.0484536774456501
-0.06980241741985083
-0.04293232853524387
-0.00330101465806365
-0.028379548923112452
0.008560004644095898
-0.03323824051767588
-0.03546266071498394
-0.05780695751309395
-0.06943643745034933
-0.04035157570615411
-0.000886429101228714
0.004792258143424988
-0.01628008997067809
-0.007437632419168949
-0.038853776175528765
-0.05233825836330652
-0.04409650154411793
-0.02207269868813455
-0.02448723907582462
-0.027690535178408027
-0.04229222470894456
-0.0182446981780231
-0.03893602592870593
-0.05227980110794306
-0.05857383366674185
-0.03920461959205568
0.0012677866034209728
0.03280818392522633
0.029628761345520616
0.0069465236738324165
-0.05685915146023035
-0.04212075797840953
-0.04441274609416723
-0.012597778113558888
-0.020955196116119623
-0.04110038746148348
-0.03618445433676243
-0.04828395927324891
-0.03997276443988085
-0.02628343482501805
-0.024582398124039173
-0.037033331114798784
-0.027495810762047768
-0.04115559998899698
-0.04346908163279295
-0.019838360836729407
-0.04563998838420957
0.005618044291622937
0.0022461365442723036
-0.005900174379348755
-0.013491110934410244
-0.03922349587082863
-0.08713158778846264
-0.08551266510039568
-0.07032971829175949
-0.025157003430649638
-0.01624728413298726
0.006939566461369395
-0.013768705859547481
-0.04892566800117493
-0.053820617496967316
-0.03526889765635133
-0.013313632225617766
-0.009037065086886287
-0.01669426925946027
-0.05805868189781904
-0.07550337351858616
-0.04640495590865612
-0.03582905069924891
0.005712146405130625
0.01250786951277405
-0.00025354139506816864
-0.03689171187579632
-0.03161319764330983
-0.03416706412099302
-0.022541035898029804
-0.04173331568017602
-0.008837040979415178
-0.03113019361626357
-0.022669102530926466
-0.028541054809466004
-0.027826118748635054
-0.05074758268892765
-0.018784992396831512
-0.016164944041520357
-0.05885067209601402
-0.04819164052605629
-0.04477626457810402
-0.006411188922356814
-0.002666959131602198
-0.015592368552461267
-0.03431454859673977
-0.06297278497368097
-0.07274156250059605
-0.061102623119950294
-0.026449972414411604
0.006894352380186319
0.022679747780784965
0.017714454559609294
-0.013312800321727991
-0.04798310482874513
-0.05432716477662325
-0.06704598665237427
-0.028027084190398455
-0.011349842650815845
-0.01878419308923185
-0.01675678789615631
-0.05409003887325525
-0.04964770586229861
-0.04796658921986818
-0.04453478893265128
-0.004808239231351763
0.02241299068555236
0.02180054597556591
-0.008543318370357156
-0.03501107916235924
-0.047496833838522434
-0.05508142523467541
-0.036524347960948944
-0.01769141899421811
7.8502984251827e-05
-0.014100585656706244
-0.013945551821961999
-0.07642554305493832
-0.10109960753470659
-0.08931443281471729
-0.0675728153437376
-0.026711200829595327
0.0011658475268632174
-0.00401299714576453
0.005001215555239469
-0.02846301393583417
-0.04524779412895441
-0.044850229285657406
-0.05670766066759825
-0.011492434074170887
0.014071500801946968
-0.010916952625848353
-0.037878090515732765
-0.048641554079949856
-0.031804673140868545
-0.02226224704645574
-0.03341303765773773
-0.028748527634888887
-0.0380009007640183
-0.03390646155457944
-0.011066389735788107
-0.0265520759858191
-0.06236382946372032
-0.024503632448613644
-0.04114907293114811
-0.029200850520282984
-0.01590438387938775
-0.06243280693888664
-0.05982997640967369
-0.04184160754084587
-0.02600874030031264
0.0049799238331615925
-0.010660984698915854
-0.06031151069328189
-0.023214669432491064
-0.05708478670567274
-0.037311187479645014
-0.02831991668790579
-0.05787205649539828
-0.03362149093300104
-0.053560647182166576
-0.025331262033432722
-0.018627126060891896
-0.02447721571661532
-0.06650937534868717
-0.147654315456748
-0.06795012671500444
-0.06509677041321993
-0.02355130622163415
0.003987176809459925
0.029678963590413332
-0.008130985544994473
-0.01483108289539814
-0.056212814059108496
-0.05518523324280977
-0.03639417001977563
-0.011508923722431064
-0.030525119975209236
-0.030187865253537893
-0.07675284333527088
-0.09272903576493263
-0.08795200940221548
-0.047127583995461464
-0.03626933787018061
0.030745376832783222
0.03163950517773628
0.05702890828251839
0.03641095198690891
0.0006345885340124369
-0.02587528550066054
-0.08300197310745716
-0.07896903716027737
-0.0951272714883089
-0.10314620286226273
-0.05408559273928404
-0.0269339547958225
-0.020746243186295033
-0.006568395998328924
-0.03006273228675127
-0.04309958312660456
-0.052995700389146805
-0.06767657771706581
-0.008286879863590002
-0.00019758916459977627
-0.017554178717546165
-0.04951333301141858
-0.06368175242096186
-0.03200883697718382
-0.018261269200593233
-0.021927632857114077
-0.050156706012785435
-0.07123128417879343
-0.06299104820936918
-0.044715541414916515
-0.004613848868757486
0.002051143441349268
0.01677920576184988
-0.016042817384004593
-0.03349947649985552
-0.06391886528581381
-0.06592493411153555
-0.06645965203642845
-0.04286978114396334
0.016882945521501824
0.017499207169748843
0.0022984740789979696
-0.01745024835690856
-0.054609768092632294
-0.06957389693707228
-0.07035967893898487
-0.034247382543981075
-0.010207071667537093
-0.04514469671994448
-0.008873249869793653
0.013047129148617387
-0.058835786767303944
-0.013267087517306209
-0.009518234466668218
-0.02142072911374271
-0.05007001757621765
-0.0496591292321682
-0.03848069719970226
-0.04229226638562977
-0.017522274516522884
-0.013071625959128141
-0.050522658973932266
0.007817942183464766
-0.027321929344907403
-0.013358205207623541
-0.0662538344040513
-0.12582906149327755
-0.08499243669211864
-0.026270722970366478
-0.005336843547411263
-0.02827575895935297
-0.048309894278645515
-0.04947761259973049
-0.04954601242206991
-0.00982640462461859
-0.002647874876856804
0.0008211589884012938
-0.04939856892451644
-0.0588217843323946
-0.04145738296210766
-0.04628378478810191
0.01633782871067524
0.021598501596599817
0.025404140120372176
0.004041574313305318
-0.03456218680366874
-0.062047623097896576
-0.055805427953600883
-0.06473348569124937
-0.027033876162022352
-0.013022807659581304
-0.04078960791230202
-0.02306053275242448
-0.028147707460448146
-0.057508847676217556
-0.017686952371150255
-0.04845114424824715
-0.03666962310671806
-0.02441250125411898
-0.0018916693516075611
-0.043394457548856735
0.005291585985105485
-0.008334217825904489
-0.02531578193884343
-0.07325874362140894
-0.06515945680439472
-0.04527570866048336
0.00780107022728771
0.01997020049020648
0.009809248746023513
-0.015948624350130558
-0.05390247888863087
-0.09830467589199543
-0.0588465859182179
-0.05401390534825623
-0.010478498879820108
-0.03790448815561831
0.0035155056975781918
0.018633715459145606
-0.03128071373794228
-0.011373700806871057
-0.03892939677461982
-0.04661044478416443
-0.01415097783319652
-0.006401443853974342
-0.023980196099728346
-0.0629324372857809
-0.06603004783391953
-0.03681084234267473
-0.024829130386933684
-0.006789018516428769
-0.028275766409933567
-0.015019590500742197
-0.06651265267282724
-0.05798044241964817
-0.039003035984933376
-0.01524481107480824
-0.013809024065267295
-0.02036682516336441
-0.04178850818425417
-0.007179035572335124
-0.0401009782217443
-0.004518487490713596
-0.03823261521756649
-0.02047819923609495
-0.03374357149004936
-0.028772174729965627
-0.033776383846998215
-0.025296133011579514
-0.027507138904184103
-0.03418713714927435
-0.025102471467107534
-0.00500621332321316
-0.0531328902579844
-0.01002796896500513
-0.011584776802919805
-0.021469813771545887
-0.044288123957812786
-0.07143917959183455
-0.052509269677102566
-0.023403664119541645
-0.04002526681870222
-0.02476463362108916
-0.008195910835638642
-0.0209112954325974
-0.03587906854227185
-0.043231170158833265
-0.011197296786122024
-0.01167526061180979
-0.04687781725078821
-0.045365373603999615
-0.08489871304482222
-0.0035539444943424314
-0.010705078631872311
-0.002678939141333103
-0.028029612032696605
-0.04445051588118076
-0.037880660966038704
-0.028364425990730524
-0.021949032903648913
-0.023982853861525655
-0.025360392406582832
-0.06303935777395964
-0.09503709338605404
-0.08992325700819492
-0.049754062201827765
-0.016518524163984694
-0.014087492134422064
0.02249966823728755
0.027902777306735516
-0.018416565377265215
-0.030088551808148623
-0.043922323267906904
-0.05575811769813299
-0.025802389020100236
-0.021826580865308642
-0.016159912338480353
-0.0446691382676363
-0.047597975470125675
-0.042416033800691366
-0.025271493010222912
-0.01170143554918468
-0.0018082874012179673
-0.012986545916646719
-0.026790296658873558
-0.08182559162378311
-0.041144782677292824
-0.03180935303680599
-0.013107705512084067
0.02191549027338624
-0.016840878291986883
-0.010877695633098483
-0.028479507192969322
-0.08443649299442768
-0.07976155541837215
-0.08528212644159794
-0.08631301112473011
-0.07159405946731567
-0.009419147623702884
-0.004064453882165253
-0.008228675927966833
-0.013403141521848738
-0.015437260386534035
-0.058813259936869144
-0.06384962797164917
-0.07866398524492979
-0.05866382364183664
-0.03704029321670532
0.00645010476000607
0.02976126503199339
0.043590519577264786
0.02386833168566227
-0.014263767283409834
-0.04220969416201115
-0.04635090194642544
-0.07095901481807232
-0.04071553237736225
-0.022598881740123034
-0.0025102547369897366
0.0012778877280652523
-0.018601006362587214
-0.03531338181346655
-0.04878105502575636
-0.03886329708620906
-0.03859394229948521
0.009112844243645668
0.04362062882864848
0.032215544022619724
0.007900068740127608
-0.012850340863224119
-0.05535149108618498
-0.05572002939879894
-0.0840565636754036
-0.04547661356627941
-0.03477880218997598
-0.008029093616642058
0.01832892489619553
0.025327068753540516
-0.0025614067999413237
-0.031101127853617072
-0.06824318785220385
-0.05101770535111427
-0.022117821965366602
-0.022107230499386787
0.0020149697083979845
-0.019477320834994316
-0.03358840150758624
-0.044194701593369246
-0.03889897512272
-0.026935037691146135
-0.020840734301600605
0.009244345128536224
-0.003070689272135496
-0.006044072797521949
-0.002987595566082746
-0.06659771967679262
-0.06314874906092882
-0.03989178594201803
-0.01558454567566514
-0.020323185541201383
-0.046972868498414755
-0.03340520756319165
-0.008550416096113622
-0.010683975531719625
-0.03434775350615382
-0.02246250258758664
-0.03438302967697382
-0.02340843016281724
-0.02981563936918974
-0.003644966403953731
0.01086415397003293
-0.03811126668006182
-0.04856203496456146
-0.030905162915587425
-0.010747477412223816
-0.01427338714711368
-0.033702761400491
-0.031577343586832285
-0.02072724117897451
-0.028365462087094784
-0.020104378694668412
-0.026446254458278418
-0.01949512242572382
-0.008910590433515608
-0.029790583066642284
-0.04171110363677144
-0.023251006263308227
-0.01663201255723834
-0.006642263615503907
-0.030123637057840824
-0.051716290414333344
-0.03606117516756058
-0.028653324581682682
-0.03842605813406408
-0.014832387678325176
0.04030654951930046
0.029780743410810828
0.04016353655606508
0.027915962040424347
-0.03569342661648989
-0.02558406675234437
-0.027140699326992035
-0.057981633115559816
-0.009276293509174138
-0.004572664940496907
-0.013154819258488715
-0.03678761329501867
-0.040328644681721926
-0.03304356895387173
-0.007683660718612373
-0.005662002833560109
-0.026612822897732258
-0.04349991213530302
-0.03163942927494645
-0.03163377474993467
-0.028167330659925938
0.010305696399882436
-0.029364373069256544
-0.03288593492470682
-0.02886325551662594
-0.006250851962249726
-0.0008579350542277098
-0.02041466045193374
-0.042976937256753445
-0.0399518171325326
-0.04577612690627575
-0.03210624912753701
0.0031219791853800416
0.0217883069999516
0.01233708718791604
-0.0028337466064840555
-0.04252036474645138
-0.04816918866708875
-0.0439502764493227
-0.008062295848503709
-0.017714445013552904
-0.0208741941023618
-0.02936662221327424
-0.044054046273231506
-0.03184714913368225
-0.016195138334296644
0.0022099231428001076
-0.032159637194126844
-0.03007690527010709
-0.01363115117419511
-0.01214968936983496
-0.03347468562424183
-0.03576265927404165
-0.011062419973313808
-0.03574861469678581
-0.014600193710066378
-0.03673445386812091
-0.019027686677873135
-0.02068290486931801
-0.010993717121891677
-0.0327146016061306
-0.06517130136489868
-0.016453774645924568
-0.03148731356486678
-0.033615621039643884
-0.011813332443125546
-0.022069482831284404
-0.02073008823208511
-0.034876829595305026
-0.004444797872565687
-0.02268258575350046
-0.034724907018244267
-0.01667652348987758
-0.009643658064305782
-0.05357713811099529
-0.05677378363907337
-0.04787152959033847
-0.01992468279786408
-0.0003792011411860585
-0.0016762351151555777
-0.011269756243564188
-0.022041665972210467
-0.0585743747651577
-0.04784343717619777
-0.049009679816663265
-0.0005463489069370553
0.01281678001396358
0.016456826822832227
-0.021808465477079153
-0.042444092221558094
-0.04673040471971035
-0.03487433027476072
-0.014070091769099236
-0.003301215765532106
-0.023223798954859376
-0.01772320840973407
-0.028906155843287706
-0.04614374879747629
-0.035622534807771444
-0.021196313202381134
-0.03404583875089884
9.738618973642588e-05
0.007531928597018123
5.3580268286168575e-05
-0.03894320176914334
-0.04147199587896466
-0.02368594752624631
-0.015304302563890815
-0.024658439215272665
-0.037292879074811935
-0.050992400385439396
-0.02023538644425571
-0.023598221130669117
-0.002437571994960308
-0.01609103474766016
-0.03455210174433887
-0.039746057242155075
-0.035233413334935904
-0.0081194217200391
0.015687216306105256
0.007745895127300173
0.004091772483661771
-0.023769396357238293
-0.05560981575399637
-0.06835243664681911
-0.10573045164346695
-0.04761751368641853
-0.03883829293772578
-0.007644987897947431
0.01603602059185505
0.039169032126665115
0.03193775610998273
0.013890797970816493
-0.010073852725327015
-0.03458204818889499
-0.05309374537318945
-0.059460386633872986
-0.05891492962837219
-0.036613491363823414
-0.008675119723193347
