None
None
None
None
None
None
None
None
None
None
None
None
None
None
None
None
None
None
None
None
None
None
None
None
None
None
None
None
None
None
None
None
None
None
None
None
None
None
None
None
None
None
None
None
None
None
None
None
None
None
None
None
None
None
None
None
None
None
None
None
None
None
None
None
None
None
None
0.995749669149518
0.9944793824106455
0.9924802165478468
0.9897698424756527
0.987597594037652
0.9852934069931507
0.9829796273261309
0.9816814307123423
0.9781097304075956
0.9762099497020245
0.975276168435812
0.9738607350736856
0.9741122517734766
0.9686767105013132
0.9718901291489601
0.9684531185775995
0.965846810489893
0.96487807482481
0.9625639244914055
0.9650554805994034
0.9653084836900234
0.962914576753974
0.9618026800453663
0.9558016899973154
0.954820279031992
0.9525278564542532
0.9507352020591497
0.9494123049080372
0.9437732174992561
0.9471386037766933
0.9473641682416201
0.93928112834692
0.9460666682571173
0.9449107050895691
0.9345907345414162
0.9351912215352058
0.9331365320831537
0.9283752329647541
0.9290830940008163
0.926945960149169
0.9270764496177435
0.9168945997953415
0.9175413716584444
0.9141522198915482
0.9105433858931065
0.9133426882326603
0.8976864274591208
0.9151285272091627
0.9114034119993448
0.8981118407100439
0.8919615484774113
0.9005393050611019
0.9065097011625767
0.8989174701273441
0.8961443323642015
0.893418999388814
0.8983686659485102
0.8808705098927021
0.8702493887394667
0.8988593872636557
0.8775290865451097
0.8699079193174839
0.8695596531033516
0.8774934690445662
0.8605667129158974
0.8730858843773603
0.8652947526425123
0.8600439876317978
0.8882983904331923
0.8550309035927057
0.863922830671072
0.8980079386383295
0.8288332149386406
0.8506364468485117
0.8975293040275574
0.8395566716790199
0.874213645234704
0.8492515813559294
0.8579808827489614
0.8619446810334921
0.8946922142058611
0.8280211538076401
0.8451935071498156
0.8368545137345791
0.8493722155690193
0.8904989007860422
0.8652540054172277
0.8236124813556671
0.8192972932010889
0.8028948064893484
0.8662376012653112
0.8520516641438007
0.8223196789622307
0.8500285428017378
0.8350997306406498
0.82226787135005
0.8173961751163006
0.8296267371624708
0.8464279416948557
0.8487135041505098
0.8296238146722317
0.8264431059360504
0.8054343443363905
0.8335059843957424
0.8078703936189413
0.8142600953578949
0.8139323145151138
0.8116023000329733
0.8085104934871197
0.8203251585364342
0.7898054327815771
0.8213808797299862
0.7399149257689714
0.8249004688113928
0.8098093569278717
0.7706797923892736
0.7923572603613138
0.7897108606994152
0.7863046377897263
0.7852252405136824
0.7808241453021765
0.7925215158611536
0.8106235899031162
0.7852592207491398
0.7501942906528711
0.8032291997224092
0.796187698841095
0.8122375719249249
0.82898367382586
0.8143373671919107
0.7613498717546463
0.7854816876351833
0.8043596837669611
0.8133669644594193
0.73077561147511
0.8065461814403534
0.7684769984334707
0.7415091749280691
0.8311430886387825
0.7482241708785295
0.7535300478339195
0.7394374217838049
0.7258736081421375
0.7685913238674402
0.7783255372196436
0.7794330362230539
0.7779518496245146
0.8518278934061527
0.7387836147099733
0.762900086119771
0.7358851041644812
0.7407268807291985
0.7965455111116171
0.7763558197766542
0.7868961673229933
0.7771968878805637
0.8173258081078529
0.8309494033455849
0.8354742266237736
0.7135883048176765
0.6799619793891907
0.7542559131979942
0.778347797691822
0.7895629331469536
0.7054881677031517
0.7504481412470341
0.8336969800293446
0.7485004849731922
0.689841702580452
0.8007842805236578
0.717201454564929
0.7232753690332174
0.7214318588376045
0.8015617020428181
0.8342546224594116
0.792303716763854
0.7902199421077967
0.762678686529398
0.8196836970746517
0.755919374525547
0.7910803388804197
0.7872754279524088
0.75525295548141
0.7347697485238314
0.8088740762323141
0.7889774944633245
0.8388826176524162
0.7008437346667051
0.7367116659879684
0.7816837877035141
0.711932523176074
0.686663243919611
0.7328591514378786
0.7058477140963078
0.8168908469378948
0.7820571176707745
0.7715741824358702
0.7429231554269791
0.6981742791831493
0.7840429525822401
0.7572547700256109
0.7618477549403906
0.6623378489166498
0.8080996498465538
0.6464888080954552
0.7492088954895735
0.6896772459149361
0.7616978902369738
0.8592798747122288
0.7080105822533369
0.7326083444058895
0.7204446271061897
0.8253994267433882
0.7593505755066872
0.7082715034484863
0.7942336481064558
0.730205787345767
0.6779616661369801
0.7551533151417971
0.747480308637023
0.8076907154172659
0.7179642897099257
0.65716284327209
0.7541237939149141
0.6764031872153282
0.7074588183313608
0.6975522767752409
0.750151727348566
0.7290190476924181
0.677030686289072
0.6437532845884562
0.8236218690872192
0.7397083714604378
0.7309139408171177
0.7118578031659126
0.7268711272627115
0.7466499004513025
0.7417515218257904
0.759045448154211
0.7084371019154787
0.71068393625319
0.6782113313674927
0.7724633794277906
0.671507716178894
0.6704137828201056
0.7096189521253109
0.6598848570138216
0.7823358122259378
0.8136644400656223
0.6911541800945997
0.709610229358077
0.8437056262046099
0.6538178268820047
0.7267360128462315
0.791757246479392
0.7679810132831335
0.6042569521814585
0.7473533283919096
0.6745800133794546
0.7618503719568253
0.6580064687877893
0.6796372588723898
0.7684212513267994
0.6185456532984972
0.7762683182954788
0.7102089133113623
0.7366508226841688
0.7039628233760595
0.8537691719830036
0.7619920205324888
0.7371332570910454
0.6714952625334263
0.7343877255916595
0.7181506399065256
0.7606350127607584
0.7027421277016401
0.6850954759865999
0.7349177561700344
0.7049794122576714
0.772654565051198
0.7615221440792084
0.7070743981748819
0.7193447835743427
0.7362427311018109
0.7028966657817364
0.650505805388093
0.7394808083772659
0.7153260000050068
0.6320633627474308
0.7988411355763674
0.709408164024353
0.8156987391412258
0.8144894633442163
0.7887019040063024
0.7036971896886826
0.7790888659656048
0.667497830465436
0.605358898639679
0.7415657360106707
0.7427421137690544
0.7144291996955872
0.6180875618010759
0.6739798150956631
0.6909662000834942
0.7523851469159126
0.7282305359840393
0.7342107128351927
0.7644519563764334
0.7090421877801418
0.5936992932111025
0.7667051441967487
0.7201195824891329
0.6860645189881325
0.6786425886675715
0.711824731901288
0.6554457470774651
0.7107147481292486
0.6558224968612194
0.5693234158679843
0.6668901052325964
0.6312966616824269
0.7535082828253508
0.7526465989649296
0.6847356567159295
0.5702836876735091
0.8164423853158951
0.6573941605165601
0.6758201774209738
0.661664254963398
0.6638585031032562
0.7526996489614248
0.704083351418376
0.7242275029420853
0.7077167043462396
0.6750071961432695
0.597250347957015
0.7569541838020086
0.6967193391174078
0.6447560172528028
0.6919925529509783
0.7217405866831541
0.6985189728438854
0.5974200172349811
0.6077507082372904
0.8254226744174957
0.6274675829336047
0.6743403822183609
0.7047192621976137
0.7112699318677187
0.6286697871983051
0.6137612015008926
0.7271102368831635
0.6567133087664843
0.6504364972934127
0.699772797524929
0.5738283479586244
0.5905917203053832
0.6806282997131348
0.5897100642323494
0.6186073198914528
0.6738982181996107
0.6270402316004038
0.6950097931548953
0.7349367253482342
0.6814339384436607
0.6164226885885
0.723959794268012
0.606277858838439
0.6397663038223982
0.6444341409951448
0.5182373318821192
0.6435437947511673
0.6019403217360377
0.7223513517528772
0.7087253034114838
0.5844027996063232
0.6350459177047014
0.608003475703299
0.6803730875253677
0.6437828568741679
0.642786274664104
0.6028193943202496
0.7177967578172684
0.7171870451420546
0.5777887972071767
0.6830658428370953
0.6243412001058459
0.5838854163885117
0.7686450444161892
0.6651900634169579
0.6167507683858275
0.5825422778725624
0.5963870482519269
0.6803014315664768
0.5892526404932141
0.7704809177666903
0.6243668766692281
0.7159027326852083
0.7390050925314426
0.810304494574666
0.740368602797389
0.6964533310383558
0.5734955174848437
0.6526451213285327
0.7706114985048771
0.618824053555727
0.7819482740014791
0.7786528170108795
0.6458437386900187
0.6468538250774145
0.6713242419064045
0.6864132080227137
0.6881144512444735
0.6907061785459518
0.6309553720057011
0.72284562792629
0.7326011974364519
0.6374819567427039
0.5442224256694317
0.5737243369221687
0.7906114682555199
0.6699515655636787
0.7015854399651289
0.6785610448569059
0.838041203096509
0.5917674247175455
0.7793956939131021
0.605566157028079
0.6954928366467357
0.7564697228372097
0.6639405395835638
0.6363536976277828
0.6615305263549089
0.608750862069428
0.7272533886134624
0.8451812881976366
0.7620484698563814
0.738419396802783
0.6285428879782557
0.679386449046433
0.7397178765386343
0.8142741397023201
0.6533846110105515
0.6367062795907259
0.7063530385494232
0.7202489022165537
0.6302076354622841
0.6648388896137476
0.748076755553484
0.4878533538430929
0.5922799427062273
0.6381802149116993
0.7746000960469246
0.7122878693044186
0.7205086760222912
0.5850685602054
0.6682407110929489
0.6407370250672102
0.8193508982658386
0.6557755749672651
0.6809632759541273
0.6795401843264699
0.730078998953104
0.6648920709267259
0.8578112814575434
0.8011966850608587
0.826291935518384
0.6872142720967531
0.6943363305181265
0.7505199573934078
0.75041513890028
0.7125025037676096
0.8395766541361809
0.672921147197485
0.7247040532529354
0.7689413875341415
0.7613447606563568
0.7361795194447041
0.6916499119251966
0.6363417357206345
0.7642669063061476
0.7036945521831512
0.7011886239051819
0.5958243990316987
0.6096037961542606
0.5953105939552188
0.6496614404022694
0.654426253400743
0.5692494297400117
0.6203857446089387
0.6860909853130579
0.7152798790484667
0.7726287301629782
0.7187472078949213
0.6550615318119526
0.689562788233161
0.6569030787795782
0.7253354620188475
0.6695925109088421
0.7360633201897144
0.6872400920838118
0.7660541329532862
0.6860964624211192
0.7697459477931261
0.7346840566024184
0.76231250166893
0.7212725058197975
0.7550336997956038
0.6924198884516954
0.8457106854766607
0.6768931187689304
0.6583244856446981
0.7204111572355032
0.6745333559811115
0.7367151621729136
0.728961206972599
0.6465313620865345
0.6755648553371429
0.7252389695495367
0.7124947886914015
0.7234903071075678
0.690381620079279
0.6514429310336709
0.7524269763380289
0.7808087598532438
0.7335510104894638
0.6873320434242487
0.7693529445677996
0.7432340402156115
0.7117465827614069
0.6430731536820531
0.628821681253612
0.6781784500926733
0.6372334742918611
0.557135290466249
0.7179469279944897
0.6157179865986109
0.6584036983549595
0.7908649481832981
0.7377296574413776
0.7290702499449253
0.6650196425616741
0.7769421599805355
0.6771945506334305
0.7596284002065659
0.7158045079559088
0.6699303248897195
0.7717978619039059
0.7107684034854174
0.7194744572043419
0.7867683153599501
0.767253614962101
0.7552980277687311
0.715082686394453
0.7563797887414694
0.7002943996340036
0.7071515470743179
0.7148101702332497
0.7419740259647369
0.6827485915273428
0.6927963495254517
0.6638075821101665
0.7246193122118711
0.7552564814686775
0.7718667965382338
0.8122415151447058
0.7436941750347614
0.7795693390071392
0.6851803828030825
0.6112758945673704
0.7159358412027359
0.8423097897320986
0.7695748768746853
0.7370893266052008
0.7393465451896191
0.6767259277403355
0.8256872240453959
0.7510237041860819
0.73796530906111
0.7665545623749495
0.8263156916946173
0.8140927590429783
0.7820989470928907
0.7576439082622528
0.722478786483407
0.6844383496791124
0.7002501413226128
0.7426543738692999
0.8004965148866177
0.749426331371069
0.7218259144574404
0.7331858705729246
0.615626685321331
0.8247306123375893
0.8276068046689034
0.755175594240427
0.8196557778865099
0.7152139451354742
0.7209080886095762
0.6679379642009735
0.8290969282388687
0.6626130547374487
0.7430493831634521
0.7935781795531511
0.7662174552679062
0.6748384069651365
0.6523609440773726
0.800212262198329
0.8041267022490501
0.73690933175385
0.6883436106145382
0.635406531393528
0.7107449602335691
0.7935229130089283
0.7067977394908667
0.7339020166546106
0.6440338678658009
0.7739821597933769
0.7207277026027441
0.8002992924302816
0.7347445283085108
0.746487881988287
0.7600513454526663
0.8026321772485971
0.6593237668275833
0.6879581455141306
0.7237688042223454
0.799304710701108
0.601267846301198
0.6546124313026667
0.774927569553256
0.7083254028111696
0.6690081860870123
0.748000567778945
0.8227723687887192
0.6980743128806353
0.7316989507526159
0.737274169921875
0.7202201690524817
0.612451920285821
0.7268845550715923
0.7848260160535574
0.6864920109510422
0.7229476161301136
0.7709078919142485
0.8015914428979158
0.7483747750520706
0.7802457064390182
0.7651412449777126
0.6664354410022497
0.7766023091971874
0.8426522314548492
0.7186738848686218
0.7291264664381742
0.7250518947839737
0.6989360135048628
0.725985199213028
0.8137540724128485
0.7052554432302713
0.7381382584571838
0.6842658892273903
0.797952551394701
0.7681832145899534
0.7510672956705093
0.7919993717223406
0.6930634491145611
0.7704545110464096
0.67998475022614
0.817763676866889
0.6362789776176214
0.6939010862261057
0.8090620003640652
0.7265634778887033
0.7703694608062506
0.7403865400701761
0.7712840922176838
0.7379368618130684
0.7475363332778215
0.7636989578604698
0.7782260179519653
0.7352919112890959
0.7084735538810492
0.7074983734637499
0.7666543275117874
0.7923348601907492
0.6590705532580614
0.7124481536448002
0.7288479022681713
0.7639799900352955
0.8563545364886522
0.6655492782592773
0.80908970721066
0.8106241729110479
0.7044028546661139
0.7594024110585451
0.7669407986104488
0.7711590100079775
0.8033360708504915
0.7910226751118898
0.7160145118832588
0.7079641688615084
0.7112556844949722
0.6700983643531799
0.6582536622881889
0.8119279965758324
0.7086496520787477
0.7038006782531738
0.7099835984408855
0.8357650488615036
0.7636327892541885
0.765586607158184
0.7065191511064768
0.7828821800649166
0.7749622836709023
0.812410045415163
0.7988283913582563
0.7883933987468481
0.7526364382356405
0.8006496895104647
0.7237454950809479
0.7259943541139364
0.6981865856796503
0.7560611646622419
0.7449599653482437
0.7217824477702379
0.7510118465870619
0.7458698637783527
0.7152951397001743
0.7361355535686016
0.8045935649424791
0.8318443316966295
0.7526020891964436
0.6747792921960354
0.8346345443278551
0.6878897491842508
0.7528957091271877
0.8010048698633909
0.7649763375520706
0.702873919159174
0.832228422164917
0.8455286361277103
0.664885139092803
0.7971080671995878
0.8267522603273392
0.6447524856775999
0.8309851717203856
0.7812202293425798
0.7248640265315771
0.7802279572933912
0.7171320710331202
0.7660437766462564
0.7556774560362101
0.6750210598111153
0.7378651183098555
0.7385558914393187
0.8088104128837585
0.687487717717886
0.7450870499014854
0.7084545642137527
0.7218043822795153
0.7250261045992374
0.7055344469845295
0.7420589365065098
0.8297567740082741
0.7914794217795134
0.6571115143597126
0.8267822619527578
0.6495445761829615
0.6942068468779325
0.7286268379539251
0.7849665638059378
0.7946462612599134
0.764782166108489
0.844420064240694
0.7436625380069017
0.7673274520784616
0.7789617218077183
0.7418498173356056
0.7139313519001007
0.7219552025198936
0.6789905652403831
0.7668599281460047
0.7530556786805391
0.8511560335755348
0.7845085952430964
0.7762152086943388
0.7373698372393847
0.8302539139986038
0.7334883976727724
0.747505160048604
0.7514680325984955
0.8371991962194443
0.8242454156279564
0.818744320422411
0.776639997959137
0.6696563418954611
0.837778128683567
0.8662633001804352
0.7954042330384254
0.7450042106211185
0.7962214294821024
0.7110750302672386
0.7250989452004433
0.728674603626132
0.8263605125248432
0.7709416951984167
0.7819207459688187
0.7946188002824783
0.7192014846950769
0.6781958434730768
0.8208648581057787
0.7931774631142616
0.8211110811680555
0.828630119562149
0.7502730507403612
0.7705296333879232
0.6716636810451746
0.7795308791100979
0.7192462477833033
0.7837668284773827
0.7658025473356247
0.7232576031237841
0.8290689866989851
0.8083261325955391
0.780114097520709
0.7640466503798962
0.7983533795922995
0.7703016363084316
0.7488069906830788
0.773399481549859
0.7713902909308672
0.9056606702506542
0.7522754352539778
0.7813913617283106
0.8201296627521515
0.7640431076288223
0.876300310716033
0.8393482714891434
0.8073289915919304
0.7221992798149586
0.7527542691677809
0.845562556758523
0.8067885339260101
0.8515396825969219
0.7611154112964869
0.8033798802644014
0.7782716043293476
0.6907866224646568
0.7809259705245495
0.7842045240104198
0.8506016507744789
0.7192806545644999
0.7840742487460375
0.8121231440454721
0.8227904178202152
0.7783129401504993
0.7480638679116964
0.7707825638353825
0.8864318542182446
0.7529091108590364
0.7359763383865356
0.8125186953693628
0.7839303482323885
0.8165601100772619
0.7350211124867201
0.8030481040477753
0.8248551525175571
0.8074303846806288
0.8407986555248499
0.7824219018220901
0.7939525730907917
0.7465578243136406
0.7794462721794844
0.8346751816570759
0.8083768934011459
0.7266048733144999
0.8021581918001175
0.7536222692579031
0.823209673166275
0.7890419904142618
0.7479964233934879
0.7938322573900223
0.7734781727194786
0.7849890645593405
0.867613410577178
0.8393763303756714
0.7330232262611389
0.7433926742523909
0.8370145838707685
0.8417572844773531
0.7939645834267139
0.7554577402770519
0.7632859703153372
0.8512136749923229
0.8512631710618734
0.7482497468590736
0.8670661300420761
0.7514498066157103
0.7226226702332497
0.7739710658788681
0.7605596091598272
0.8115543462336063
0.8071305863559246
0.787681095302105
0.8335556574165821
0.759176118299365
0.7851704210042953
0.7297857273370028
0.8345384616404772
0.8421470951288939
0.790300277993083
0.7870065905153751
0.7883094698190689
0.8234188240021467
0.845368979498744
0.7694238238036633
0.7655298188328743
0.758900698274374
0.8165953680872917
0.782290494069457
0.8896325435489416
0.8318639062345028
0.8617755454033613
0.905440054833889
0.7487688902765512
0.7794163692742586
0.8680452071130276
0.8530300986021757
0.7435864675790071
0.7918718494474888
0.8218013308942318
0.7935568895190954
0.8351610116660595
0.8320000302046537
0.828264907002449
0.7572413794696331
0.7683137729763985
0.8352230545133352
0.8657967410981655
0.8094769008457661
0.819273978471756
0.803501708433032
0.8859489150345325
0.8806024473160505
0.8205232173204422
0.8264285903424025
0.769295247271657
0.7782231774181128
0.8942094221711159
0.8755313530564308
0.7691549938172102
0.8910012785345316
0.7666488401591778
0.8126660846173763
0.87589998729527
0.7932607624679804
0.813498966395855
0.8315674960613251
0.7790739070624113
0.7917611543089151
0.8418038748204708
0.7697159312665462
0.8129933122545481
0.8393022939562798
0.8250763695687056
0.862509623169899
0.8637428879737854
0.8196932468563318
0.8308577332645655
0.8677336648106575
0.841917609795928
0.7855962794274092
0.7826356589794159
0.818391053006053
0.8273037541657686
0.8105915524065495
0.7873758934438229
0.8509472366422415
0.7816063649952412
0.8694212548434734
0.8582363724708557
0.8152625169605017
0.838658157736063
0.8789521809667349
0.8783688992261887
0.7963327430188656
0.8688326925039291
0.7770633231848478
0.8165716081857681
0.789097411558032
0.8203003089874983
0.8354917261749506
0.8159417845308781
0.8448212165385485
0.8245950881391764
0.8764212764799595
0.7730454262346029
0.826970286667347
0.8363952115178108
0.9009237363934517
0.8292274586856365
0.7697855085134506
0.7852491699159145
0.8183058965951204
0.8234222382307053
0.7951516397297382
0.7935969531536102
0.8907929044216871
0.8538798857480288
0.850362891331315
0.8074577152729034
0.860698539763689
0.8217984307557344
0.8329143915325403
0.8081418089568615
0.8126987721771002
0.8051643073558807
0.7818469665944576
0.8404734022915363
0.8882032539695501
0.846382824704051
0.8121264092624187
0.7988821528851986
0.8547693621367216
0.7717830929905176
0.8854708690196276
0.8642639182507992
0.7969156056642532
0.7806886043399572
0.8111475948244333
0.7971756104379892
0.7781709264963865
0.8519976809620857
0.8280869144946337
0.8332531563937664
0.7702603489160538
0.8463448882102966
0.8399746809154749
0.8545851055532694
0.8843077085912228
0.8474468253552914
0.7913917880505323
0.8113435972481966
0.8207515701651573
0.8405317105352879
0.8452226780354977
0.8350295647978783
0.8594312854111195
0.8168129306286573
0.8625189755111933
0.8495341911911964
0.8129535373300314
0.866245100274682
0.7944591417908669
0.7818067371845245
0.812958687543869
0.8135594315826893
0.8384712431579828
0.9040481504052877
0.829366834834218
0.8746764697134495
0.8747172094881535
0.8599777072668076
0.8528297878801823
0.773836474865675
0.8071645572781563
0.7773617766797543
0.839411273598671
0.8226749878376722
0.8838580083101988
0.8373368494212627
0.8466958496719599
0.8156923744827509
0.840467095375061
0.8163402304053307
0.8773138206452131
0.8474494256079197
0.785254243761301
0.833584763109684
0.812231058254838
0.868481919169426
0.7755457442253828
0.8834986500442028
0.7994479574263096
0.821326257660985
0.8401264976710081
0.8337233643978834
0.8281694483011961
0.8058814816176891
0.8090846352279186
0.8030747063457966
0.7888787128031254
0.8033815678209066
0.796034250408411
0.8457523975521326
0.8149454686790705
0.7783834468573332
0.8345701675862074
0.8565742243081331
0.8179138209670782
0.8370539173483849
0.819695858284831
0.8036499992012978
0.8184955883771181
0.8625931702554226
0.8430207129567862
0.8132515493780375
0.839233884587884
0.7594559788703918
0.8270330186933279
0.8456087149679661
0.8838467933237553
0.8384114075452089
0.8342746961861849
0.8242215383797884
0.8551864735782146
0.8224951978772879
0.8121169321238995
0.8214034289121628
0.8360288236290216
0.8551142606884241
0.8433029782027006
0.856045562773943
0.8660060446709394
0.8328064009547234
0.8339053448289633
0.8198616430163383
0.8122113030403852
0.8822027407586575
0.7974657230079174
0.8559849690645933
0.8414002489298582
0.886639267206192
0.8832412716001272
0.8766241520643234
0.897136528044939
0.8484070356935263
0.8047392014414072
0.8535322938114405
0.8389101047068834
0.7937093637883663
0.8038947209715843
0.8617356903851032
0.8568974696099758
0.8529755417257547
0.8416316658258438
0.8243636563420296
0.8156929034739733
0.8074799496680498
0.8273762539029121
0.8566134888678789
0.8109791669994593
0.7931706700474024
0.8221564926207066
0.7904526963829994
0.8248615358024836
0.760343823581934
0.8431097622960806
0.8707220815122128
0.818037474527955
0.8490766771137714
0.8275388535112143
0.8631416168063879
0.8393823057413101
0.8376168590039015
0.8424043767154217
0.8713388741016388
0.8012166190892458
0.8531165607273579
0.8528910838067532
0.8577327616512775
0.7874201480299234
0.8229367099702358
0.8056871592998505
0.8156759981065989
0.7933659963309765
0.8088149800896645
0.861511955037713
0.800876896828413
0.8925844039767981
0.813975477591157
0.8141516949981451
0.8460334204137325
0.8206995762884617
0.8626668564975262
0.8170247338712215
0.8222817182540894
0.8253114093095064
0.8406682964414358
0.7748946901410818
0.850125152617693
0.8676047250628471
0.8325428813695908
0.8347888980060816
0.7964778449386358
0.8227067738771439
0.876954423263669
0.8231756407767534
0.8157426379621029
0.8233777415007353
0.8776420187205076
0.7989185359328985
0.8287297170609236
0.8619389664381742
0.7836173996329308
0.848005335777998
0.8300877381116152
0.8709613177925348
0.8362851217389107
0.8776241652667522
0.8864931836724281
0.8273074738681316
0.8460830505937338
0.9008107297122478
0.8009371552616358
0.8807433992624283
0.8486505020409822
0.7784764841198921
0.902007520198822
0.8820843137800694
0.7850205432623625
0.8327921219170094
0.8577119596302509
0.8462463673204184
0.8239036668092012
0.7939426619559526
0.8206716720014811
0.8469980601221323
0.8480137400329113
0.7855062913149595
0.8736773170530796
0.8311286401003599
0.8301864359527826
0.8789305724203587
0.8575987033545971
0.7878014128655195
0.8008588198572397
0.8486200962215662
0.8495448715984821
0.8222958371043205
0.8340205121785402
0.8476081658154726
0.8645800948143005
0.8176766894757748
0.8879141993820667
0.8541113715618849
0.8699441682547331
0.8082222752273083
0.8668829388916492
0.8809222467243671
0.8135578781366348
0.8495878353714943
0.8302261102944613
0.9082273337990046
0.8081108722835779
0.8203558139503002
0.804784057661891
0.8851148225367069
0.8242919724434614
0.8462357707321644
0.8765443451702595
0.8768416605889797
0.8260289393365383
0.8153155036270618
0.875002546235919
0.8777276799082756
0.8834800589829683
0.8606909047812223
0.8455445542931557
0.880294669419527
0.8759999815374613
0.8403345923870802
0.7821113672107458
0.811107687652111
0.8258951492607594
0.8257953003048897
0.8237634543329477
0.842291546985507
0.8182893451303244
0.805136326700449
0.8772140070796013
0.8848165068775415
0.8517587427049875
0.8769456893205643
0.8634113073348999
0.911682328209281
0.8309846017509699
0.8328545615077019
0.807415209710598
0.8720520194619894
0.8200692739337683
0.8450199086219072
0.8633444458246231
0.909714600071311
0.8348647262901068
0.9024158157408237
0.8227769620716572
0.8698516748845577
0.8731630444526672
0.8814178425818682
0.8314291164278984
0.8745131324976683
0.8517106994986534
0.8833211790770292
0.9151487443596125
0.8804541137069464
0.906728096306324
0.8820000514388084
0.8536502122879028
0.8361584041267633
0.8441638275980949
0.8692760821431875
0.8492002617567778
0.868605786934495
0.8674610406160355
0.8813332635909319
0.8743084445595741
0.8432498462498188
0.8801770973950624
0.8739622421562672
0.782509084790945
0.8737741261720657
0.8642525970935822
0.9000862650573254
0.8460455574095249
0.8877779599279165
0.9047512356191874
0.9005992580205202
0.8453270122408867
0.8717352785170078
0.8268967643380165
0.8677878137677908
0.8574095033109188
0.8077538460493088
0.8619357626885176
0.8423139844089746
0.8879778049886227
0.8379342388361692
0.9527455102652311
0.8764381539076567
0.8573925010859966
0.9102419633418322
0.8855317700654268
0.9079918302595615
0.850397253409028
0.9310247581452131
0.8856981415301561
0.8889151196926832
0.8405068516731262
0.8141109589487314
0.860506808385253
0.8499759398400784
0.8447452802211046
0.8836804777383804
0.8442228380590677
0.8424111194908619
0.8153612315654755
0.8966205697506666
0.7989403363317251
0.8515131641179323
0.8588511142879725
0.8465048968791962
0.8900530785322189
0.781682264059782
0.8042088933289051
0.9274906981736422
0.8579702209681273
0.8931741360574961
0.8482014369219542
0.925496181473136
0.8666536137461662
0.8512825667858124
0.8263413514941931
0.8371199537068605
0.8905482832342386
0.8743013497442007
0.7927205990999937
0.9210714064538479
0.8797437194734812
0.8427757527679205
0.874287148937583
0.7931778654456139
0.8910924848169088
0.8659217823296785
0.8215010277926922
0.9093275405466557
0.8319029100239277
0.9034093990921974
0.8919919058680534
0.8838326744735241
0.8348572049289942
0.852220768108964
0.8277644850313663
0.8408997766673565
0.8517478350549936
0.8691967111080885
0.8761110454797745
0.8478956036269665
0.8491553664207458
0.866696797311306
0.8415432069450617
0.825294055044651
0.8473913762718439
0.9030422065407038
0.862463278695941
0.8836911413818598
0.8828034028410912
0.8539019674062729
0.8796734381467104
0.876549968495965
0.8920694570988417
0.8549551758915186
0.8670790679752827
0.8673618696630001
0.8547841794788837
0.8683935813605785
0.8556784205138683
0.832380348816514
0.8077960573136806
0.8739908635616302
0.8863660451024771
0.8542695362120867
0.8368196208029985
0.8911756221204996
0.9392282031476498
0.8915249854326248
0.8800141103565693
0.9060715436935425
0.8198065720498562
0.8597465809434652
0.8727905564010143
0.9037860669195652
0.8867321312427521
0.883497416973114
0.9117788001894951
0.8936373814940453
0.8647737987339497
0.854322861880064
0.8633417580276728
0.8633827492594719
0.8812420144677162
0.8996186684817076
0.9025225471705198
0.8976550754159689
0.8479798622429371
0.8908937610685825
0.8520137500017881
0.8744815699756145
0.8799221962690353
0.8663331773132086
0.8541678097099066
0.8773253355175257
0.8598966915160418
0.8895233068615198
0.8480978589504957
0.866667753085494
0.8161698654294014
0.8462400194257498
0.8608787897974253
0.9244647473096848
0.8822019044309855
0.8605983275920153
0.8821122273802757
0.9385070540010929
0.8562520556151867
0.863018911331892
0.8595142476260662
0.8222796134650707
0.9018893521279097
0.8730159420520067
0.8370657749474049
0.8636361323297024
0.8469757847487926
0.8853603340685368
0.8460405711084604
0.8784642405807972
0.8606381937861443
0.8533745650202036
0.8871593065559864
0.8685723505914211
0.8717041332274675
0.8764130212366581
0.8757232986390591
0.8549324758350849
0.8837829455733299
0.9088251907378435
0.9026040118187666
0.8510545566678047
0.8997419010847807
0.8802647553384304
0.8980677369982004
0.8616327289491892
0.863620825111866
0.907776303589344
0.8165424391627312
0.9039041865617037
0.8884927332401276
0.8928469084203243
0.8351284079253674
0.8513662591576576
0.9176434446126223
0.889153741300106
0.9012154974043369
0.8658762145787477
0.893668444827199
0.8826051168143749
0.89376450330019
0.8801719471812248
0.8625251092016697
0.8950791154056787
0.8925629016011953
0.8935396559536457
0.901893375441432
0.8360532149672508
0.8483325429260731
0.8465907294303179
0.9143763445317745
0.8525621965527534
0.9122797809541225
0.8842396978288889
0.8834180291742086
0.885270657017827
0.9038935732096434
0.8850892800837755
0.8536357283592224
0.863058453425765
0.8610346131026745
0.8537179380655289
0.8965736478567123
0.8909436743706465
0.866409957408905
0.8953174073249102
0.9067932777106762
0.904008898884058
0.8902686089277267
0.8805582895874977
0.8756124712526798
0.8548535108566284
0.8882698807865381
0.8914991170167923
0.9186590686440468
0.8997981697320938
0.9012467321008444
0.9081998132169247
0.8615261167287827
0.8687824960798025
0.8881251569837332
0.8638285454362631
0.8839544542133808
0.8566149454563856
0.9028778895735741
0.9003415610641241
0.9094961918890476
0.8683105856180191
0.9076428450644016
0.8865311425179243
0.8703297786414623
0.8553542699664831
0.8965490441769361
0.8891391530632973
0.8853913955390453
0.8887291662395
0.9174118377268314
0.8912153989076614
0.8620131276547909
0.8771130815148354
0.8667337838560343
0.8670882657170296
0.884166780859232
0.9356860760599375
0.9079216234385967
0.8957884479314089
0.8838466107845306
0.8964296542108059
0.8942763637751341
0.8603318091481924
0.8529713973402977
0.8695628792047501
0.8984508868306875
0.8831429220736027
0.876343285664916
0.8939388711005449
0.8765700608491898
0.8568662963807583
0.8960575181990862
0.9275413360446692
0.8556411266326904
0.8574211020022631
0.874177535995841
0.8929298426955938
0.856925131753087
0.8903099317103624
0.8673537969589233
0.9019377063959837
0.9373799115419388
0.8714577462524176
0.8750477265566587
0.8862360268831253
0.8853388801217079
0.8604285940527916
0.88313496299088
0.875586586073041
0.8565805349498987
0.8898207824677229
0.8884243499487638
0.847526453435421
0.876367837190628
0.8799187242984772
0.8839003425091505
0.8742763865739107
0.8982857502996922
0.893008166924119
0.8567035384476185
0.8953529372811317
0.8763557747006416
0.9027808364480734
0.9174573756754398
0.8782497234642506
0.8750463742762804
0.8743152134120464
0.9058089964091778
0.8863332606852055
0.8705452103167772
0.8908122982829809
0.9391094967722893
0.8852612692862749
0.8786456175148487
0.8977331444621086
0.8696300275623798
0.9086658898741007
0.9168256279081106
0.8982382360845804
0.8553550001233816
0.9055267162621021
0.9317200649529696
0.890657864511013
0.8844828773289919
0.8653846494853497
0.8999561853706837
0.87067517824471
0.8547236770391464
0.8990632742643356
0.8952199146151543
0.8916350807994604
0.8925322387367487
0.8539294432848692
0.9237235821783543
0.8650784865021706
0.8975828494876623
0.9159946367144585
0.8882279396057129
0.8663387857377529
0.8674540128558874
0.92113290540874
0.8705197647213936
0.906676035374403
0.8794603236019611
0.8618037402629852
0.8976190388202667
0.9160976130515337
0.9033115319907665
0.8757049720734358
0.903886541724205
0.8690316081047058
0.9274595323950052
0.9097339436411858
0.9097417462617159
0.908000934869051
0.9183672927320004
0.8928034901618958
0.9016902949661016
0.9245830290019512
0.9039785731583834
0.9097477905452251
0.92495540343225
0.8346360251307487
0.9191378764808178
0.8740016967058182
0.8550646360963583
0.8785118125379086
0.9261008948087692
0.8971715364605188
0.9159821048378944
0.8933128416538239
0.9048536848276854
0.8966554310172796
0.8697545435279608
0.9373916070908308
0.9040685780346394
0.8473486378788948
0.9176317416131496
0.8754330109804869
0.9236319810152054
0.8984983488917351
0.9274920914322138
0.867549229413271
0.9312485102564096
0.8929403927177191
0.9121456108987331
0.8841715808957815
0.8982266616076231
0.8802295345813036
0.8664695303887129
0.9027840569615364
0.8708637598901987
0.8781988527625799
0.8833376038819551
0.8828662317246199
0.8904719036072493
0.8823328223079443
0.8611192032694817
0.8756967559456825
0.8944897875189781
0.8520049154758453
0.8861810490489006
0.8886704687029123
0.9063008651137352
0.9051933363080025
0.8808566313236952
0.9153632186353207
0.8852757662534714
0.9150851108133793
0.9175281617790461
0.9070135746151209
0.859586464241147
0.91130730509758
0.8687162715941668
0.9216830004006624
0.8749136105179787
0.9176596328616142
0.9052302874624729
0.9140337835997343
0.9080159924924374
0.9169383589178324
0.8584649320691824
0.862957077100873
0.8768866937607527
0.9001515228301287
0.9051721077412367
0.8674782440066338
0.8769139405339956
0.9050852749496698
0.928671196103096
0.8652811944484711
0.9119610879570246
0.9253382384777069
0.8893932811915874
0.8862880002707243
0.9215926788747311
0.9087480828166008
0.9151213727891445
0.8864888269454241
0.8758091013878584
0.9081795532256365
0.8984312862157822
0.9022603537887335
0.91265032812953
0.8851167559623718
0.900857837870717
0.9524340443313122
0.9032292943447828
0.8733706139028072
0.9000519551336765
0.9251950234174728
0.923114750534296
0.9012875501066446
0.8735116478055716
0.8996913097798824
0.9355259910225868
0.8869622368365526
0.880036111921072
0.8577515054494143
0.9021402560174465
0.8544418308883905
0.8870986010879278
0.8698323592543602
0.8818215578794479
0.888735806569457
0.8935226853936911
0.9177570417523384
0.8823867756873369
0.8787866272032261
0.8930420391261578
0.8514104019850492
0.8802197724580765
0.9387480802834034
0.8820252120494843
0.890055326744914
0.872861310839653
0.8736372720450163
0.9292179141193628
0.894086193293333
0.8924579676240683
0.9075367022305727
0.8975734412670135
0.864052290096879
0.9574965722858906
0.9157365579158068
0.8988306373357773
0.8922725673764944
0.8889255449175835
0.9117409717291594
0.8996973559260368
0.8918272107839584
0.8571391608566046
0.9266773331910372
0.9373989664018154
0.9469537828117609
0.8980994950979948
0.847205875441432
0.8734422903507948
0.9088394418358803
0.889800913631916
0.9160307459533215
0.896182095631957
0.9147596955299377
0.9012221321463585
0.896544462069869
0.9020751751959324
0.9317211527377367
0.8971265312284231
0.8980870340019464
0.8885140530765057
0.89052664488554
0.885090347379446
0.8522844724357128
0.8924290910363197
0.8903802782297134
0.9152032788842916
0.8933155313134193
0.8673574924468994
0.8629944026470184
0.8746635057032108
0.8889795541763306
0.8673657458275557
0.8602530602365732
0.8936277702450752
0.9093824923038483
0.8996135722845793
0.8904739674180746
0.8884932957589626
0.8698498290032148
0.8987605664879084
0.914605263620615
0.8588315732777119
0.8665562253445387
0.8520801607519388
0.858733644708991
0.842447079718113
0.9264994356781244
0.8631739281117916
0.9402129221707582
0.9077933598309755
0.8711326234042645
0.918000116944313
0.9263337831944227
0.8942364417016506
0.9260311052203178
0.878918593749404
0.9087536130100489
0.9076794981956482
0.8587860465049744
0.8596462607383728
0.891670348122716
0.8830663878470659
0.8290262166410685
0.9023584593087435
0.894287021830678
0.9046462364494801
0.9391550980508327
0.8910846058279276
0.8486117068678141
0.8496884368360043
0.9074295572936535
0.8705489747226238
0.8726644534617662
0.8328334353864193
0.8788972701877356
0.9205616991966963
0.88127719797194
0.9071561973541975
0.9062706679105759
0.8882388528436422
0.9157966151833534
0.8730958048254251
0.8486110605299473
0.8632264547049999
0.9064321462064981
0.8896176647394896
0.9207421578466892
0.9074136260896921
0.9186362717300653
0.8918819017708302
0.8708449769765139
0.8706738576292992
0.8938531912863255
0.9002487044781446
0.8863285668194294
0.9220540821552277
0.8889707047492266
0.9412110056728125
0.8909755311906338
0.9256389420479536
0.895949361845851
0.8938745595514774
0.8812882862985134
0.8862993735820055
0.9131386987864971
0.9054555352777243
0.9092410281300545
0.8841785863041878
0.869819387793541
0.8988300282508135
0.9151898473501205
0.917594488710165
0.8678454123437405
0.8760795015841722
0.9211747199296951
0.9194745048880577
0.8833625875413418
0.9004961438477039
0.8810894750058651
0.8978153858333826
0.9137631747871637
0.8366175536066294
0.9327073898166418
0.8900237493216991
0.8877568263560534
0.9015432707965374
0.9197697881609201
0.8907951526343822
0.89741575345397
0.9298220034688711
0.9064819067716599
0.9076554886996746
0.8820187933743
0.8980227299034595
0.9224458951503038
0.9020944163203239
0.8730245567858219
0.8693320322781801
0.8861764669418335
0.904041001573205
0.8938840813934803
0.9146048668771982
0.8928340785205364
0.9021580945700407
0.8987035304307938
0.8656007498502731
0.8995640072971582
0.8891875501722097
0.8863374311476946
0.8535743895918131
0.8941885810345411
0.8608887139707804
0.8895386327058077
0.8828370608389378
0.8976566512137651
0.9050134401768446
0.8583272323012352
0.8918571956455708
0.9205899126827717
0.8877063523977995
0.87454878911376
0.918160792440176
0.8992983624339104
0.859212638810277
0.8535642568022013
0.8594342619180679
0.8893307857215405
0.9095964767038822
0.8919535987079144
0.8928606119006872
0.8748751133680344
0.8916789200156927
0.8881694693118334
0.925489854067564
0.8803622331470251
0.8702450841665268
0.9330066591501236
0.8978763185441494
0.906720545142889
0.8781415652483702
0.9241528958082199
0.9273655097931623
0.900278776884079
0.8550305850803852
0.9056477844715118
0.8766924943774939
0.8802050985395908
0.8719583339989185
0.8784042298793793
0.9090994875878096
0.884033190086484
0.8943711165338755
0.8924004770815372
0.8631722442805767
0.8918677810579538
0.8914463575929403
0.9140250533819199
0.906418714672327
0.8715098146349192
0.8773249965161085
0.8792108241468668
0.9047851376235485
0.8855248037725687
0.8942364137619734
0.8838836811482906
0.8866439610719681
0.8731908276677132
0.9142239205539227
0.8965583741664886
0.9075033981353045
0.8834108412265778
0.8932352550327778
0.9149483721703291
0.8727951496839523
0.8778901398181915
0.8753931317478418
0.9139350187033415
0.8926164247095585
0.8625749181956053
0.9077833015471697
0.8818530272692442
0.9267167244106531
0.8741227090358734
0.8897457048296928
0.9136335011571646
0.9122630245983601
0.889250110834837
0.8558806907385588
0.9126292560249567
0.8909986168146133
0.8982715960592031
0.8621799666434526
0.8827702831476927
0.914516681805253
0.8767801504582167
0.890361987054348
0.884925439953804
0.8948705215007067
0.9215356353670359
0.8818780351430178
0.9016725327819586
0.9256543628871441
0.9105265978723764
0.9008753746747971
0.8878057599067688
0.8853857330977917
0.9386265221983194
0.9076964370906353
0.9065609220415354
0.8513772804290056
0.9149126764386892
0.8977117855101824
0.8963206447660923
0.861413711681962
0.8554577846080065
0.882318627089262
0.8776871636509895
0.8991761226207018
0.9045233558863401
0.89748540148139
0.9337091501802206
0.9319611750543118
0.899413650855422
0.9209729973226786
0.9154317900538445
0.9060917180031538
0.8795788176357746
0.8980333618819714
0.9087346587330103
0.8892185986042023
0.9168019276112318
0.8864231202751398
0.8702035062015057
0.9276000261306763
0.904936570674181
0.8924501314759254
0.8999780584126711
0.9037334341555834
0.8589340317994356
0.9063868839293718
0.8601163662970066
0.9093987699598074
0.880185617133975
0.8973299954086542
0.9045816976577044
0.8970797788351774
0.8934198040515184
0.9115997403860092
0.8837966211140156
0.9047943223267794
0.8881478104740381
0.8857162799686193
0.9077994786202908
0.906810350716114
0.9226645771414042
0.9157054033130407
0.9007697608321905
0.9141848925501108
0.8986567463725805
0.8923176061362028
0.9179720040410757
0.8917747680097818
0.888356626033783
0.8824306037276983
0.8750985786318779
0.8961032796651125
0.9160480909049511
0.9112576320767403
0.8821714892983437
0.8841945249587297
0.8639295790344477
0.9233877435326576
0.898973360657692
0.925756873562932
0.8789013251662254
0.8974227365106344
0.9026402309536934
0.9262505806982517
0.9277274496853352
0.9042749293148518
0.8812053818255663
0.9255749154835939
0.9276473429054022
0.8887148313224316
0.8930192403495312
0.9049534313380718
0.8962770123034716
0.8918310925364494
0.9082809649407864
0.9036741573363543
0.8882480375468731
0.8881022669374943
0.8836947549134493
0.9107694774866104
0.8916929326951504
0.9002363812178373
0.9037533048540354
0.9043878894299269
0.9171475674957037
0.9186114836484194
0.9087011143565178
0.8794903438538313
0.8908057920634747
0.9137422814965248
0.9135264102369547
0.9308490231633186
0.9036875274032354
0.9318580534309149
0.8983961287885904
0.8946238569915295
0.913146561011672
0.8895115219056606
0.8958463817834854
0.8996536042541265
0.8865848947316408
0.9244389235973358
0.9047297537326813
0.9108338076621294
0.892268093302846
0.9059582427144051
0.8819750305265188
0.8980684410780668
0.8882714807987213
0.8732538316398859
0.9000364858657122
0.9091999735683203
0.9243543799966574
0.9104863572865725
0.9263766296207905
0.9190415050834417
0.9264242704957724
0.9072543159127235
0.9315622691065073
0.8980630207806826
0.9129411485046148
0.8728553410619497
0.9206954184919596
0.9125816579908133
0.9231246784329414
0.8939311597496271
0.9087283127009869
0.9022371172904968
0.9130145963281393
0.8951180577278137
0.8925575036555529
0.9174585323780775
0.8972825054079294
0.9486813507974148
0.9268146101385355
0.8609583973884583
0.8971528466790915
0.8993130140006542
0.8918513022363186
0.8944464568048716
0.8921597395092249
0.8867899533361197
0.9083134308457375
0.9061904232949018
0.9365522097796202
0.9056358225643635
0.9149111099541187
0.9058126155287027
0.8663479369133711
0.9014702066779137
0.9060667287558317
0.943757301196456
0.9240040592849255
0.918183796107769
0.8628746997565031
0.8884736653417349
0.9204770997166634
0.914206825196743
0.894780782982707
0.9083093665540218
0.8857330642640591
0.9102782867848873
0.9013251289725304
0.9124122094362974
0.8871105145663023
0.922465767711401
0.9187350627034903
0.8765035290271044
0.9109984114766121
0.8814168758690357
0.9078730139881372
0.8989278711378574
0.8901710994541645
0.9283324535936117
0.8968004621565342
0.8801763169467449
0.9396334774792194
0.8978748079389334
0.9092810358852148
0.9212341569364071
0.8977856487035751
0.8941746763885021
0.9133563823997974
0.9066883381456137
0.8893947657197714
0.8771451096981764
0.9077936206012964
0.8900946844369173
0.9015471711754799
0.8799229077994823
0.9145592413842678
0.8937000948935747
0.9217018634080887
0.8675735145807266
0.8994076885282993
0.9253877829760313
0.9091284144669771
0.9130710456520319
0.9001681730151176
0.8992737475782633
0.8867508228868246
0.9230664949864149
0.924008060246706
0.9130092207342386
0.8746966645121574
0.9110928159207106
0.926482543349266
0.8900313675403595
0.9020238425582647
0.8965433407574892
0.9456314854323864
0.8888567928224802
0.9081380926072598
0.8942950367927551
0.8948396034538746
0.9107195530086756
0.9026804696768522
0.919707253575325
0.892818508669734
0.9267044141888618
0.91857092641294
0.8853187058120966
0.9179396368563175
0.9166565649211407
0.9332454334944487
0.9079214073717594
0.926232922822237
0.8879322819411755
0.8868415858596563
0.8935693167150021
0.8714208714663982
0.9244561288505793
0.8885148428380489
0.9100127015262842
0.9000355023890734
0.8992170859128237
0.9110097549855709
0.9043262545019388
0.9084142707288265
0.9073528852313757
0.8880747742950916
0.8924021441489458
0.8800256345421076
0.8848446011543274
0.8995536454021931
0.9204453136771917
0.8904103673994541
0.933674419298768
0.9038944151252508
0.9089083652943373
0.8676795791834593
0.891764322295785
0.8767397869378328
0.9270371068269014
0.9245463106781244
0.8886509742587805
0.8971856087446213
0.9318353291600943
0.8939311094582081
0.8768387623131275
0.9362937565892935
0.9091409109532833
0.9022760111838579
0.9118190500885248
0.9176054429262877
0.8846766632050276
0.9153603743761778
0.8808143064379692
0.8912318516522646
0.8948555495589972
0.8839518334716558
0.8698651902377605
0.9007057324051857
0.9008622858673334
0.9220585059374571
0.8613550998270512
0.8900806531310081
0.9181562643498182
0.9187840335071087
0.8907310888171196
0.8818958029150963
0.8978413622826338
0.8981211371719837
0.9284398984164
0.9015503078699112
0.9309942349791527
0.9268826730549335
0.869466494768858
0.9118850231170654
0.9164895433932543
0.8588150329887867
0.8955070674419403
0.9219380710273981
0.9097867365926504
0.922389030456543
0.9335786011070013
0.9113653190433979
0.8958968482911587
0.9122718703001738
0.8951212763786316
0.8687738049775362
0.9120094683021307
0.9264268316328526
0.9113555699586868
0.9304336588829756
0.8845865447074175
0.9081666078418493
0.8973286170512438
0.8966308869421482
0.8800931833684444
0.9136966802179813
0.9185973033308983
0.9060099497437477
0.9151234664022923
0.941500486806035
0.9042721185833216
0.9160397909581661
0.8872811812907457
0.9415439181029797
0.9152545314282179
0.8925774730741978
0.9083571992814541
0.8884840849786997
0.9245054963976145
0.9076782185584307
0.8785304371267557
0.8774454742670059
0.9197195544838905
0.8941462077200413
0.9401773326098919
0.8857607766985893
0.8926195204257965
0.907870464026928
0.9357509687542915
0.9331304933875799
0.9064550176262856
0.8999674059450626
0.9005581978708506
0.8958432078361511
0.9278190452605486
0.8903715014457703
0.919164290651679
0.9015977177768946
0.9172481596469879
0.8993022162467241
0.9175198450684547
0.8972340915352106
0.9189521986991167
0.9323262367397547
0.8929094206541777
0.9197696093469858
0.9084757603704929
0.8964905254542828
0.9253724385052919
0.9034926723688841
0.881162429228425
0.8801232296973467
0.8792168535292149
0.9147117100656033
0.896306898444891
0.9212453905493021
0.9381275624036789
0.9236497189849615
0.9174597971141338
0.868044899776578
0.8838228266686201
0.9174526464194059
0.9450815375894308
0.9139743112027645
0.8916940204799175
0.9146671276539564
0.9020398817956448
0.9125582315027714
0.9335389584302902
0.913966977968812
0.8922319896519184
0.9152232818305492
0.9317240882664919
0.8902967926114798
0.901792973279953
0.9361438434571028
0.9092926401644945
0.9554565791040659
0.9080731496214867
0.8941353261470795
0.8996192459017038
0.8742505703121424
0.9061994720250368
0.9176770821213722
0.9089139308780432
0.9354322273284197
0.9596687033772469
0.9247690830379725
0.9092376064509153
0.8887004610151052
0.8973471317440271
0.9079074542969465
0.9196798577904701
0.9255479946732521
0.9144231025129557
0.9109703525900841
0.9028079938143492
0.9394918978214264
0.9608001634478569
0.9183497801423073
0.9037711750715971
0.9321179986000061
0.9201140757650137
0.9287520591169596
0.8821645434945822
0.9118936248123646
0.8929700721055269
0.8973310384899378
0.9343343190848827
0.9091060142964125
0.9172624871134758
0.9041972104460001
0.8995574042201042
0.8838599156588316
0.9174109809100628
0.9207939021289349
0.9084606748074293
0.8961540721356869
0.9134169369935989
0.9161990229040384
0.9340308737009764
0.8975763730704784
0.9306399505585432
0.9430809188634157
0.9184678662568331
0.9044336043298244
0.9387661125510931
0.9191097524017096
0.9278237838298082
0.8946200925856829
0.9085496328771114
0.9477202147245407
0.8925144150853157
0.9040495157241821
0.9435061700642109
0.9334853943437338
0.9178950767964125
0.9004369825124741
0.8962595202028751
0.9536320678889751
0.9117668326944113
0.9003594480454922
0.8856297545135021
0.8883041068911552
0.9052997976541519
0.9080440793186426
0.9137920625507832
0.923122938722372
0.8952401466667652
0.9100125972181559
0.9212671685963869
0.8984468691051006
0.9296151921153069
0.9320835173130035
0.8896767254918814
0.9095747042447329
0.89512456394732
0.9023724999278784
0.9170833509415388
0.905330853536725
0.889106934890151
0.932995468378067
0.9038426261395216
0.9256726689636707
0.9295217674225569
0.928562443703413
0.9438770953565836
0.8995259683579206
0.9260911922901869
0.9384805671870708
0.9117502551525831
0.9311587773263454
0.9021469689905643
0.9197144526988268
0.8913786169141531
0.900020120665431
0.9248297475278378
0.8997557554394007
0.9118657931685448
0.9133683014661074
0.9015553630888462
0.9190555866807699
0.9188509564846754
0.9165677167475224
0.9430814646184444
0.9114888813346624
0.9253916218876839
0.9183973651379347
0.9416094701737165
0.9146846495568752
0.9212695714086294
0.8889429923146963
0.911085557192564
0.9194053430110216
0.9121213015168905
0.8908942751586437
0.9257582295686007
0.9383716285228729
0.965154742822051
0.9349464252591133
0.9089112393558025
0.9016400948166847
0.9200107622891665
0.9129099547863007
0.8896556459367275
0.9363877438008785
0.9146012496203184
0.9061891194432974
0.9282316993921995
0.9128252696245909
0.9078976530581713
0.9160449840128422
0.9216532185673714
0.930367186665535
0.8940285369753838
0.9084445871412754
0.9314658921211958
0.9207292832434177
0.9250537026673555
0.9365853369235992
0.9216168895363808
0.9174229018390179
0.903719712048769
0.924761101603508
0.8869376592338085
0.9303133264183998
0.9163398165255785
0.9304309245198965
0.9094408322125673
0.9291922654956579
0.9306675456464291
0.9261991586536169
0.9595913123339415
0.932459419593215
0.921090692281723
0.9001772217452526
0.9173747505992651
0.9078971687704325
0.910668445751071
0.8967297486960888
0.9232173934578896
0.9313923846930265
0.9357528835535049
0.930908253416419
0.9206098094582558
0.9172952938824892
0.9287299402058125
0.9071704000234604
0.8987841922789812
0.901649072766304
0.9199853297322989
0.9429929479956627
0.9423596374690533
0.9105619266629219
0.9303483590483665
0.9306453373283148
0.9141037967056036
0.905321629717946
0.9267405886203051
0.9221414085477591
0.9304882176220417
0.9072067569941282
0.9198160544037819
0.9065591115504503
0.9144083335995674
0.9186393525451422
0.9088666792958975
0.913231510668993
0.9079612046480179
0.9176415912806988
0.9255832228809595
0.9185975044965744
0.9159379191696644
0.9045909587293863
0.934301832690835
0.9069698862731457
0.9194166045635939
0.9287013169378042
0.9124700482934713
0.9104815702885389
0.915761161595583
0.9132661055773497
0.9467853754758835
0.9392971098423004
0.9414255358278751
0.9358330201357603
0.9232275560498238
0.9189178720116615
0.9124712720513344
0.9165289122611284
0.9152653235942125
0.933457663282752
0.91374072432518
0.9131043963134289
0.9014561008661985
0.9391593281179667
0.9196775611490011
0.912412628531456
0.9352676942944527
0.9284008052200079
0.9312995281070471
0.9336381908506155
0.9172773491591215
0.9177244454622269
0.9180927388370037
0.9210069850087166
0.9274277426302433
0.9275016486644745
0.9125318322330713
0.9459033738821745
0.9511419255286455
0.9204682242125273
0.9024513922631741
0.9423704836517572
0.9387100599706173
0.9250023029744625
0.9245728440582752
0.9055911116302013
0.9218278527259827
0.9528271239250898
0.9299103040248156
0.9034746401011944
0.9126288257539272
0.9182233735918999
0.9133045356720686
0.9320152159780264
0.920559836551547
0.9120449330657721
0.9288301076740026
0.924101235345006
0.9449030961841345
0.9079556986689568
0.9179449323564768
0.9337938632816076
0.9223022758960724
0.9329211767762899
0.9261304382234812
0.91602479852736
0.9343550335615873
0.938324574381113
0.9361692499369383
0.9297775477170944
0.9385034795850515
0.9032641090452671
0.9114796668291092
0.9342414177954197
0.9218234289437532
0.9445606376975775
0.9359099045395851
0.9351325016468763
0.9261548072099686
0.9118609800934792
0.9304479658603668
0.8995294142514467
0.9373758807778358
0.9308756683021784
0.9413864985108376
0.9073236621916294
0.9244595654308796
0.9314146544784307
0.9180368613451719
0.9282873310148716
0.9079403132200241
0.9411432333290577
0.9297217503190041
0.9216980636119843
0.9165049567818642
0.9291518367826939
0.9463277701288462
0.9105603080242872
0.9144897945225239
0.9056913666427135
0.9266682658344507
0.9384349435567856
0.9310500547289848
0.9294579531997442
0.9222734421491623
0.9118814524263144
0.9131512697786093
0.9480907171964645
0.9495353382080793
0.9565326496958733
0.926855493336916
0.9190181829035282
0.9418930150568485
0.9199321959167719
0.9137265253812075
0.9236216358840466
0.9279479030519724
0.9183592069894075
0.9123064503073692
0.9427874535322189
0.9162361454218626
0.9223663061857224
0.9359484184533358
0.9329342283308506
0.9276033770292997
0.9160277470946312
0.9079223163425922
0.9380369056016207
0.9104245007038116
0.9175633825361729
0.9254041407257318
0.9176457151770592
0.9115499276667833
0.9081711247563362
0.9111914597451687
0.9300402775406837
0.9020694959908724
0.9125179424881935
0.9332445245236158
0.9277953822165728
0.9490743447095156
0.9098492618650198
0.9147075358778238
0.9127853382378817
0.9116263426840305
0.9327527415007353
0.9394790939986706
0.8956343997269869
0.9241869747638702
0.9143255781382322
0.9088080059736967
0.933235751464963
0.9321861304342747
0.9192439839243889
0.9202023819088936
0.9034816138446331
0.9145061336457729
0.9318137187510729
0.9086737651377916
0.896160177886486
0.9157665222883224
0.9074713066220284
0.9115878120064735
0.9178934246301651
0.9181576427072287
0.9235262963920832
0.926524331793189
0.9043682441115379
0.9178570117801428
0.9202294461429119
0.9019576348364353
0.923136830329895
0.9376134760677814
0.9019093345850706
0.8968102280050516
0.9193086121231318
0.9260403774678707
0.9281620495021343
0.9124311283230782
0.9176797810941935
0.8964841403067112
0.9189817942678928
0.919931884855032
0.9094554036855698
0.9106211885809898
0.937828803434968
0.9324371870607138
0.9173093475401402
0.9403743781149387
0.9258550256490707
0.9389674160629511
0.9282570146024227
0.9211342185735703
0.931669695302844
0.9232908301055431
0.9114527199417353
0.9028658736497164
0.9141844902187586
0.9468801952898502
0.9582892935723066
0.9250352587550879
0.9406165461987257
0.911077095195651
0.9340782165527344
0.9035832621157169
0.9184392429888248
0.9261861871927977
0.9172035623341799
0.9104178491979837
0.9235254786908627
0.902201110497117
0.9245017506182194
0.9253029152750969
0.9274902418255806
0.9166761469095945
0.9648941680788994
0.9278900362551212
0.9195820819586515
0.9176836647093296
0.9056106638163328
0.9381150882691145
0.9164989814162254
0.9172464348375797
0.9053365886211395
0.9249408133327961
0.9487862475216389
0.9134034756571054
0.9203254673629999
0.9064247142523527
0.933506952598691
0.9256326053291559
0.902856407687068
0.9239300191402435
0.9196221455931664
0.9265618585050106
0.9340812768787146
0.9251401964575052
0.9392793923616409
0.929997157305479
0.9180502574890852
0.9144728034734726
0.9324055127799511
0.9149153083562851
0.9121491182595491
0.91980005428195
0.9425025638192892
0.9263401236385107
0.938526526093483
0.9218420833349228
0.9256425742059946
0.9208390899002552
0.927987365052104
0.9169205669313669
0.9211686458438635
0.9155952502042055
0.9170438311994076
0.930370032787323
0.9240668565034866
0.9436339326202869
0.9429943636059761
0.8947951756417751
0.9259357042610645
0.8965959846973419
0.9159906897693872
0.90759845264256
0.9196998476982117
0.9253218956291676
0.9249714966863394
0.8956676945090294
0.954199904575944
0.9165449067950249
0.928382582962513
0.9424420781433582
0.9508870467543602
0.913525378331542
0.9059913456439972
0.9162921588867903
0.9319648630917072
0.8901883605867624
0.902840992435813
0.9287653807550669
0.9267303440719843
0.9209433887153864
0.9201963394880295
0.9304261598736048
0.8927978724241257
0.9275616146624088
0.9160963036119938
0.9013853259384632
0.9172904714941978
0.9359207879751921
0.9202302992343903
0.9396239947527647
0.9247356094419956
0.9283620808273554
0.9009306039661169
0.9287307467311621
0.9453385807573795
0.934171712026
0.9041076228022575
