None
None
None
None
None
None
None
None
None
None
None
None
None
None
None
None
None
None
None
None
None
None
None
None
None
None
None
None
None
None
None
None
None
None
None
2087.69384765625
2005.21826171875
2085.422119140625
2044.0078125
2056.677978515625
2046.0421142578125
2054.81494140625
2029.10888671875
2045.9969482421875
2087.4326171875
2069.435546875
2059.2861328125
2010.92822265625
1999.98095703125
2068.179931640625
1948.007568359375
2068.388671875
1951.04052734375
1994.358642578125
2098.2138671875
1996.89111328125
1943.5047607421875
1968.40576171875
2071.89404296875
2089.987060546875
1994.056396484375
1955.53662109375
2023.30908203125
1896.0819091796875
1990.360107421875
1954.742431640625
1991.4991455078125
1814.547607421875
1868.8162841796875
1936.3505859375
1882.1661376953125
1907.82373046875
1950.643798828125
1721.4849853515625
1963.5343017578125
1917.165283203125
1696.5283203125
1767.99853515625
1900.0311279296875
1880.17431640625
1751.2918701171875
1789.57568359375
1812.9720458984375
1841.106689453125
1848.912109375
1746.84619140625
1722.1279296875
1778.5234375
1769.4300537109375
1808.415283203125
1756.30908203125
1801.966552734375
1825.364501953125
1743.78369140625
1775.76416015625
1738.345703125
1706.366943359375
1696.78271484375
1686.810791015625
1616.85498046875
1667.497802734375
1612.024169921875
1583.44970703125
1631.1732177734375
1676.178955078125
1511.60546875
1647.167236328125
1622.784912109375
1579.9296875
1585.391845703125
1617.46728515625
1582.62548828125
1561.254638671875
1555.8184814453125
1518.13037109375
1444.2998046875
1550.939208984375
1559.3681640625
1503.58251953125
1492.177001953125
1517.9490966796875
1510.25390625
1511.045166015625
1476.451416015625
1497.6591796875
1527.113037109375
1512.14892578125
1523.934326171875
1483.13671875
1441.0169677734375
1454.2828369140625
1455.9288330078125
1517.878173828125
1451.027099609375
1439.65380859375
1435.1468505859375
1393.5277099609375
1539.2391357421875
1525.724609375
1521.7391357421875
1389.425048828125
1442.6630859375
1426.2884521484375
1493.73486328125
1373.218994140625
1480.2813720703125
1352.769775390625
1369.840087890625
1432.7244873046875
1384.384033203125
1417.1695556640625
1403.2972412109375
1393.0714111328125
1323.958984375
1353.184326171875
1417.850830078125
1310.1441650390625
1419.91943359375
1385.9766845703125
1308.166259765625
1346.57080078125
1382.139892578125
1348.658447265625
1366.4671630859375
1362.849365234375
1316.4368896484375
1425.4613037109375
1250.9710693359375
1244.8516845703125
1264.9766845703125
1369.924560546875
1277.583740234375
1335.449951171875
1305.879638671875
1393.807861328125
1304.267333984375
1249.598876953125
1291.0458984375
1260.297119140625
1335.4476318359375
1341.897705078125
1230.219970703125
1394.6220703125
1256.9176025390625
1297.0345458984375
1337.977783203125
1270.758056640625
1295.1024169921875
1350.4423828125
1278.931396484375
1285.846435546875
1264.246337890625
1328.5556640625
1292.68359375
1316.598876953125
1267.181884765625
1348.4788818359375
1206.4991455078125
1268.274658203125
1252.384765625
1336.5843505859375
1312.32080078125
1290.88818359375
1226.22314453125
1335.615966796875
1294.6141357421875
1268.2554931640625
1223.04150390625
1213.6429443359375
1200.8917236328125
1245.5496826171875
1197.739501953125
1224.899658203125
1113.077392578125
1198.15380859375
1156.8055419921875
1276.912841796875
1206.742431640625
1215.288330078125
1182.835693359375
1279.326171875
1138.30029296875
1120.87109375
1265.9849853515625
1213.04931640625
1238.267822265625
1169.09814453125
1176.3214111328125
1177.571044921875
1161.744140625
1235.573486328125
1233.046875
1125.893798828125
1180.4998779296875
1199.1143798828125
1251.0234375
1184.07861328125
1147.2144775390625
1178.824951171875
1195.80029296875
1059.5224609375
1171.249267578125
1223.2789306640625
1226.192138671875
1258.71435546875
1180.3118896484375
1218.75341796875
1155.690673828125
1227.990966796875
1223.346435546875
1173.0087890625
1214.917236328125
1180.9462890625
1204.632080078125
1234.74169921875
1188.7508544921875
1132.191650390625
1108.92041015625
1204.106689453125
1268.471923828125
1191.296142578125
1090.7412109375
1247.929931640625
1091.8306884765625
1202.6038818359375
1051.775390625
1079.378173828125
1144.9569091796875
1219.3184814453125
1159.496826171875
1177.757080078125
1219.132568359375
1184.3863525390625
1154.8077392578125
1171.803466796875
1165.587158203125
1135.235595703125
1174.6427001953125
1109.6181640625
1207.23779296875
1133.509765625
1198.7763671875
1158.46923828125
1137.491455078125
1146.259521484375
1071.0550537109375
1122.8070068359375
1113.095458984375
1121.16796875
1152.740478515625
1112.3974609375
1089.942626953125
1149.317626953125
1181.5826416015625
1138.149658203125
1192.1429443359375
1233.2525634765625
1152.156982421875
1095.279052734375
1043.0390625
1028.242431640625
1035.268310546875
1147.9117431640625
1184.429443359375
1052.8424072265625
1138.180908203125
1084.490234375
1051.0623779296875
1099.9229736328125
1172.8485107421875
1190.3394775390625
1071.712646484375
1162.0521240234375
1102.099853515625
1095.035400390625
1121.9891357421875
1146.10302734375
1090.69482421875
1152.5103759765625
1104.87353515625
1030.7274169921875
1131.861572265625
1132.185302734375
1092.0723876953125
1143.87939453125
1144.4805908203125
1107.8883056640625
1058.9468994140625
1050.983642578125
1144.269287109375
970.9927368164062
1144.904296875
988.3140869140625
1069.13818359375
1170.048583984375
1048.867919921875
1114.708984375
1060.726806640625
1115.61083984375
1109.3756103515625
1055.5947265625
1187.41259765625
1145.1131591796875
1151.048095703125
1039.503173828125
1143.09716796875
1114.668212890625
1030.7554931640625
1065.332275390625
1152.622314453125
1124.6046142578125
1081.237060546875
965.3648071289062
1125.2462158203125
991.8299560546875
1136.688720703125
1085.01904296875
973.7108764648438
1109.173828125
1103.253662109375
1058.5030517578125
1136.107666015625
1062.558349609375
1045.01513671875
1046.4656982421875
1051.1500244140625
1099.299072265625
1077.8062744140625
1107.80615234375
1075.722900390625
1069.7049560546875
1029.5330810546875
1071.9228515625
1072.1204833984375
1020.08935546875
1067.6552734375
956.22705078125
1011.0656127929688
1091.05908203125
1035.39990234375
1120.222412109375
1065.434326171875
977.6317749023438
1023.9765014648438
1004.3157348632812
1026.2794189453125
1052.6854248046875
1022.3829956054688
1057.830078125
1145.2056884765625
1046.489501953125
999.7333374023438
1024.2939453125
1022.626220703125
1126.622314453125
1046.8675537109375
1097.763671875
1024.7069091796875
1022.2437133789062
1035.3988037109375
1154.11376953125
999.5321044921875
976.4487915039062
1009.503662109375
1000.7261962890625
1068.2548828125
1029.072509765625
1009.3480834960938
993.5269775390625
1135.577880859375
1039.152099609375
983.5828247070312
1098.416259765625
1037.4906005859375
990.3109130859375
1072.044189453125
1044.069091796875
1050.449462890625
973.5675048828125
1008.6917724609375
1037.91357421875
951.078857421875
955.6812744140625
1080.566162109375
992.3411254882812
1052.992919921875
1017.8850708007812
1098.529052734375
1022.8012084960938
1005.070068359375
1031.98779296875
966.5433349609375
971.3893432617188
1039.9320068359375
991.6484375
991.926025390625
1041.72216796875
966.03271484375
997.4192504882812
973.7586669921875
1013.5391845703125
995.8693237304688
1117.079345703125
975.3291015625
999.9412231445312
992.905517578125
969.8004150390625
1010.9574584960938
974.20556640625
921.5847778320312
995.8618774414062
935.9911499023438
1010.06982421875
1023.3569946289062
1123.36474609375
966.6758422851562
923.5355834960938
991.0457153320312
979.2705078125
963.519287109375
1029.6650390625
977.5877685546875
1074.4332275390625
1062.408935546875
1087.37744140625
1002.545166015625
1001.4649047851562
1025.675048828125
972.9560546875
918.7267456054688
961.212890625
1055.3291015625
1043.2725830078125
959.1234741210938
1103.039306640625
920.4205322265625
978.5109252929688
1081.0517578125
1016.889892578125
975.3087158203125
1012.8402099609375
901.0906982421875
975.9031982421875
925.4251708984375
905.6334228515625
918.0948486328125
887.8859252929688
1004.1568603515625
967.25048828125
932.6541748046875
928.866943359375
963.6900024414062
890.1078491210938
1001.07568359375
986.279296875
1044.21728515625
986.17822265625
1059.24365234375
1056.941650390625
958.90234375
988.6231079101562
969.0404052734375
934.258544921875
1007.90966796875
971.19189453125
1002.67333984375
1018.3991088867188
982.693115234375
1031.183837890625
956.0587158203125
916.2532958984375
1027.8837890625
997.8812255859375
1021.66796875
978.859375
970.48193359375
937.547607421875
896.9242553710938
919.657470703125
879.8839111328125
876.8565673828125
1051.360595703125
969.7152099609375
987.1903076171875
935.631103515625
1005.1211547851562
891.794677734375
1023.78955078125
995.7736206054688
977.8245849609375
974.05810546875
993.3294677734375
1016.0538940429688
950.3634643554688
897.53076171875
961.32275390625
937.26953125
1023.8046875
960.7529296875
927.0494995117188
971.4718627929688
1022.0982055664062
938.976318359375
946.0147705078125
968.435791015625
946.57470703125
916.4037475585938
921.869140625
958.4581298828125
916.28955078125
970.48388671875
894.959228515625
903.23291015625
966.3442993164062
1006.1367797851562
960.2316284179688
887.1472778320312
934.988525390625
891.8597412109375
889.447265625
921.0140380859375
1001.5147094726562
946.1282958984375
970.685302734375
959.8336181640625
870.2279663085938
999.2938232421875
879.5136108398438
860.84033203125
941.0144653320312
868.348876953125
958.2974853515625
915.0833129882812
931.6962890625
861.6802978515625
944.650634765625
1007.8873901367188
995.84228515625
911.66552734375
997.361572265625
971.281982421875
908.5333862304688
893.8568115234375
919.5205078125
1007.3657836914062
895.2498779296875
951.1002197265625
862.5350952148438
944.1114501953125
921.5765380859375
904.6416015625
912.9190673828125
941.8131103515625
837.6665649414062
871.2507934570312
880.8897705078125
845.777587890625
893.8358764648438
914.46435546875
928.3998413085938
1002.3280029296875
906.720458984375
897.871337890625
885.2109375
842.56982421875
938.7869873046875
824.9613037109375
898.1500244140625
929.33154296875
867.785400390625
909.1405029296875
923.5960693359375
945.96484375
863.609619140625
987.9237060546875
883.0348510742188
860.9507446289062
892.6251220703125
816.8394775390625
953.0521240234375
919.1920776367188
924.9588623046875
930.4231567382812
905.0934448242188
872.1571044921875
917.5704345703125
872.4916381835938
904.34619140625
877.8111572265625
933.9276123046875
838.0572509765625
866.4189453125
873.5106201171875
833.9735107421875
902.6068725585938
877.6205444335938
981.468017578125
828.9627075195312
862.060302734375
867.8466796875
956.010498046875
899.2567138671875
865.4385986328125
869.84375
897.63427734375
861.203857421875
871.6558837890625
884.6624755859375
873.528564453125
891.0938720703125
856.0770874023438
877.7506103515625
904.2420654296875
870.343994140625
955.4632568359375
882.0435791015625
805.8450317382812
820.7160034179688
873.972900390625
909.1707763671875
841.2589111328125
893.870849609375
863.50341796875
863.275146484375
934.1967163085938
917.4231567382812
880.5010375976562
821.9431762695312
865.870849609375
897.41748046875
914.0175170898438
874.4830322265625
867.4288330078125
881.0291137695312
857.416259765625
910.431640625
860.8934326171875
829.389404296875
868.5025634765625
877.3751220703125
806.07470703125
912.2700805664062
879.7532958984375
831.309326171875
903.1392822265625
818.1796875
842.003662109375
855.9053344726562
896.7807006835938
877.9410400390625
909.6285400390625
798.498779296875
904.4217529296875
909.4918212890625
874.2654418945312
815.01953125
840.9150390625
838.564697265625
855.4876708984375
857.7359008789062
867.0751342773438
850.208251953125
832.7606811523438
828.0506591796875
844.3699340820312
861.6722412109375
823.66455078125
884.6268920898438
895.8190307617188
900.3571166992188
841.00439453125
869.8280029296875
853.4889526367188
859.2102661132812
846.80419921875
899.6588745117188
854.1951904296875
870.5529174804688
915.421142578125
881.30224609375
839.5137329101562
927.746337890625
820.8267211914062
826.0572509765625
854.46875
915.0423583984375
803.3931884765625
831.3641967773438
841.42333984375
800.66845703125
802.293212890625
817.6759033203125
872.6965942382812
776.9205322265625
866.6146850585938
890.6239013671875
916.2484130859375
924.5296630859375
812.2647705078125
848.923583984375
939.7051391601562
846.2239990234375
808.8425903320312
823.9288330078125
842.325439453125
893.5271606445312
832.041748046875
896.020263671875
902.590087890625
916.7115478515625
872.208984375
820.6746826171875
876.8157348632812
908.6736450195312
907.0723876953125
820.6456909179688
884.6820068359375
920.2998046875
796.634521484375
905.5564575195312
864.736083984375
846.7400512695312
829.2665405273438
893.15380859375
787.0916748046875
904.8907470703125
840.1031494140625
807.48779296875
838.3397216796875
838.7578125
855.7551879882812
835.1483764648438
818.547607421875
898.10400390625
843.21142578125
833.01123046875
851.98046875
854.200439453125
899.7072143554688
829.0155639648438
835.7684326171875
804.0174560546875
837.492919921875
934.4322509765625
822.814208984375
854.9252319335938
871.031005859375
836.21728515625
862.004150390625
802.56005859375
922.9407958984375
734.5009155273438
871.2105712890625
809.5594482421875
897.7968139648438
859.1292724609375
845.80908203125
830.3763427734375
870.626953125
892.5093994140625
861.37841796875
892.4697875976562
897.2725219726562
783.7723999023438
885.2655029296875
865.113037109375
771.484130859375
841.3572998046875
869.9083251953125
888.1097412109375
811.476318359375
783.2195434570312
897.385498046875
862.851318359375
896.3406982421875
833.65771484375
856.5009765625
853.1265869140625
886.093505859375
888.0170288085938
810.2200927734375
877.7188720703125
832.1710205078125
856.9328002929688
794.5130615234375
831.0462646484375
812.9261474609375
915.509521484375
877.1195068359375
847.9033813476562
877.851806640625
839.5419921875
861.4058837890625
753.3831176757812
822.823974609375
792.5790405273438
884.9349365234375
847.4171752929688
832.2508544921875
838.9088745117188
815.537109375
914.4401245117188
793.0831298828125
902.2384643554688
890.9791259765625
818.453369140625
863.229736328125
849.169921875
750.25439453125
812.5447998046875
853.6000366210938
799.7197265625
787.619384765625
766.381103515625
856.6217041015625
797.12255859375
860.9722290039062
771.3203735351562
814.78125
876.5641479492188
837.0629272460938
879.2766723632812
902.5223388671875
801.4779663085938
854.8475341796875
864.9954833984375
851.703369140625
807.922607421875
826.2206420898438
810.3983154296875
947.771728515625
914.13671875
781.762451171875
832.8660888671875
844.2318115234375
778.5223388671875
793.220703125
836.3875122070312
800.4044799804688
751.8417358398438
866.478271484375
827.3497924804688
846.3313598632812
836.2203369140625
787.537841796875
840.626708984375
899.330078125
732.2848510742188
877.7070922851562
843.1337280273438
817.79833984375
906.3643798828125
834.6326904296875
843.5830688476562
853.55908203125
834.00927734375
880.3238525390625
908.0523681640625
827.5296630859375
916.06884765625
845.9847412109375
795.6168212890625
818.6031494140625
867.885986328125
810.319091796875
850.1477661132812
786.7706298828125
842.5079345703125
825.924560546875
753.6935424804688
807.2147827148438
812.437744140625
827.8999633789062
795.1834106445312
886.2935791015625
818.7164306640625
913.0015258789062
763.9729614257812
831.117919921875
816.2080688476562
824.2100830078125
869.8248901367188
832.0088500976562
840.156982421875
764.8680419921875
802.3469848632812
769.0982666015625
805.4993286132812
885.51416015625
848.9144287109375
813.359619140625
838.3140258789062
782.2139282226562
856.7789306640625
819.74853515625
815.1859741210938
781.7421264648438
807.9051513671875
871.1707153320312
836.6748046875
858.7120361328125
868.72607421875
881.87158203125
906.2125854492188
781.5634155273438
792.780029296875
833.6949462890625
804.78271484375
753.693359375
829.2418212890625
826.232666015625
809.554931640625
942.232666015625
847.5357666015625
844.510009765625
868.7977294921875
949.1597900390625
800.0375366210938
821.098876953125
827.0982666015625
870.1091918945312
944.6190185546875
827.5093994140625
791.6983642578125
868.4151611328125
807.7139282226562
826.874267578125
785.7136840820312
846.7359619140625
834.2404174804688
851.7425537109375
951.077880859375
917.8307495117188
922.6468505859375
853.837646484375
798.543701171875
770.7694091796875
764.1082763671875
837.9246826171875
858.8746337890625
764.5469970703125
789.676025390625
790.6195068359375
844.9906616210938
788.7112426757812
831.3129272460938
866.1050415039062
890.2103271484375
809.6627197265625
747.9676513671875
805.542724609375
818.3873291015625
851.7628173828125
857.55126953125
826.5498046875
745.9896850585938
707.1407470703125
767.2268676757812
781.1065673828125
792.4940795898438
873.8651123046875
892.5007934570312
969.0096435546875
703.3517456054688
807.6080932617188
759.8380126953125
830.8187255859375
797.1083374023438
777.3959350585938
719.9730834960938
815.1415405273438
903.756591796875
796.4456787109375
826.1159057617188
864.316650390625
872.1063842773438
846.2799072265625
802.4951171875
925.897705078125
820.9899291992188
796.1182861328125
845.8472900390625
786.4208984375
893.9244384765625
819.802734375
831.7803344726562
812.924072265625
844.9507446289062
849.4077758789062
840.3869018554688
857.8719482421875
861.3553466796875
811.34716796875
823.82568359375
811.8997192382812
829.51220703125
913.9766235351562
821.8187255859375
813.373779296875
986.107177734375
817.945068359375
891.7899169921875
843.2627563476562
838.8461303710938
938.0999755859375
810.7330932617188
919.4653930664062
699.613525390625
950.8663940429688
834.406005859375
805.7401123046875
818.8211669921875
864.928955078125
776.0152587890625
799.7349853515625
827.9447021484375
886.8372802734375
906.6858520507812
785.2451171875
795.7114868164062
878.5390014648438
860.417724609375
940.393798828125
847.3724365234375
863.7352294921875
819.26513671875
838.1661376953125
801.2626953125
872.98583984375
927.12353515625
943.1190185546875
849.0950927734375
810.3593139648438
833.8704833984375
761.968994140625
857.217529296875
941.14892578125
884.5357666015625
828.5838012695312
765.4549560546875
948.18017578125
751.447998046875
805.0467529296875
801.31494140625
885.0732421875
842.93359375
761.2100830078125
855.2059936523438
908.2273559570312
826.211181640625
797.492919921875
854.5234375
765.6858520507812
798.7717895507812
835.1663208007812
823.1325073242188
846.2796630859375
759.85546875
887.924560546875
745.25439453125
829.342529296875
897.5812377929688
924.318603515625
832.2611694335938
776.0639038085938
693.732421875
748.454345703125
850.7608642578125
874.7999267578125
754.265625
882.5145263671875
870.20751953125
795.2977294921875
775.2991943359375
813.8575439453125
691.8870239257812
718.0940551757812
856.0984497070312
908.6231079101562
802.3778076171875
791.6807250976562
865.4979248046875
821.36474609375
809.3479614257812
923.15869140625
822.2872924804688
746.3772583007812
714.9192504882812
831.0260009765625
844.9300537109375
734.275390625
826.460205078125
798.0657958984375
767.6140747070312
685.3231201171875
800.4699096679688
814.7503662109375
761.1898193359375
767.1090087890625
911.5549926757812
729.9437866210938
656.06103515625
735.883544921875
914.27734375
987.5869750976562
879.63671875
785.2723999023438
825.128173828125
771.7769775390625
769.74951171875
737.85888671875
841.0673828125
701.023193359375
748.4403076171875
781.0479125976562
915.16796875
742.71875
879.5197143554688
975.35595703125
913.4720458984375
772.2452392578125
820.6365966796875
915.390625
825.2933959960938
844.6204833984375
738.8402709960938
719.404296875
829.474853515625
762.298095703125
728.6867065429688
751.055908203125
847.8361206054688
734.56640625
734.624267578125
827.1126098632812
914.8379516601562
785.6441650390625
873.273193359375
878.413818359375
785.4859008789062
841.4459228515625
903.5986938476562
817.9480590820312
871.2679443359375
787.8523559570312
799.2225341796875
859.3043212890625
817.2987670898438
773.7940063476562
702.576416015625
740.3524780273438
830.7492065429688
924.5516967773438
929.7183227539062
796.0460205078125
803.0108642578125
781.892578125
724.109619140625
782.947021484375
724.0975341796875
772.888916015625
986.5811767578125
771.4036865234375
843.2237548828125
658.21044921875
780.7207641601562
796.6659545898438
898.6393432617188
809.2757568359375
836.7325439453125
762.6926879882812
770.862060546875
810.052978515625
1001.8389282226562
724.2576904296875
841.5061645507812
605.84814453125
893.776611328125
828.8800048828125
795.6187744140625
832.601806640625
697.592041015625
807.476806640625
802.6005859375
713.380126953125
862.5626220703125
697.2530517578125
808.86083984375
861.7042236328125
693.9881591796875
723.3019409179688
840.162109375
716.739013671875
833.412841796875
786.5625
723.3338012695312
746.9697265625
761.3014526367188
652.3085327148438
774.384521484375
748.591796875
780.128662109375
753.2576904296875
796.212646484375
853.6036987304688
871.0035400390625
907.9403686523438
793.3355712890625
789.5265502929688
657.0380859375
751.612548828125
736.4898681640625
842.7327880859375
697.18017578125
785.6442260742188
769.0174560546875
757.9577026367188
890.2083740234375
782.883056640625
841.7760009765625
690.372802734375
887.2797241210938
669.64501953125
745.7756958007812
679.50732421875
731.8961791992188
817.4236450195312
771.531005859375
827.4214477539062
675.2733154296875
793.2633056640625
674.8468017578125
788.840576171875
706.21240234375
751.931884765625
765.9632568359375
782.963134765625
695.3316650390625
766.187255859375
811.761962890625
815.3159790039062
737.442626953125
768.01806640625
733.6788330078125
701.765869140625
879.7037353515625
783.9646606445312
835.53759765625
782.796630859375
642.7041015625
906.1549072265625
762.6117553710938
675.68896484375
826.9298706054688
749.05126953125
812.973388671875
803.1378173828125
670.820556640625
771.430908203125
660.8822021484375
730.1351928710938
830.2740478515625
791.70947265625
720.3316650390625
761.111572265625
774.0247802734375
841.9799194335938
820.0020751953125
606.5797729492188
764.2802734375
785.6717529296875
689.3948974609375
719.1138916015625
785.64111328125
753.76171875
707.509765625
760.2781372070312
721.4129028320312
757.9273681640625
749.829345703125
730.6389770507812
689.7911376953125
681.6297607421875
777.3295288085938
734.3363037109375
858.2459106445312
722.2952270507812
682.0581665039062
615.2296142578125
737.633056640625
909.466552734375
815.1361083984375
704.4972534179688
713.001953125
697.20361328125
723.8924560546875
636.6593017578125
759.2804565429688
723.8612060546875
836.7120361328125
807.1192626953125
680.642333984375
667.8961181640625
803.770263671875
824.5928955078125
636.8914794921875
719.9966430664062
698.5546264648438
796.2798461914062
793.88818359375
785.7714233398438
633.9170532226562
782.0980224609375
713.7377319335938
686.2161254882812
608.210205078125
747.7569580078125
731.54443359375
731.9085693359375
712.0997314453125
727.587158203125
750.1949462890625
722.5866088867188
761.8237915039062
683.31494140625
787.764404296875
818.775390625
797.2291870117188
749.6629638671875
816.3118896484375
852.6990356445312
776.3280639648438
712.1322021484375
689.3016967773438
700.587890625
653.4912719726562
754.70068359375
744.4531860351562
839.4290771484375
753.3280029296875
886.3802490234375
804.18115234375
823.0253295898438
817.011962890625
785.8402709960938
722.3013305664062
700.4222412109375
813.398681640625
745.947998046875
748.53125
757.7501220703125
723.6943969726562
882.1361083984375
688.244140625
889.9384765625
745.160888671875
775.5283203125
694.9544677734375
669.9074096679688
784.42431640625
825.4486694335938
650.02490234375
678.96923828125
761.635009765625
713.1150512695312
743.60009765625
745.541015625
813.23046875
749.5822143554688
769.43017578125
720.4564819335938
795.3729858398438
799.72900390625
687.0032958984375
707.516357421875
662.850341796875
760.927001953125
669.3496704101562
711.348876953125
743.6484375
665.4713745117188
846.4404907226562
705.706298828125
799.150390625
743.5723876953125
779.4990234375
695.7633666992188
734.5677490234375
725.6865234375
665.731201171875
659.2376098632812
684.5718994140625
775.3935546875
688.3917236328125
684.0289306640625
644.982666015625
660.0328979492188
745.7279052734375
744.9999389648438
686.53564453125
718.152587890625
804.088623046875
605.1069946289062
703.93896484375
792.130126953125
717.3617553710938
768.6488037109375
662.546142578125
718.2518920898438
629.0445556640625
732.4890747070312
713.6196899414062
653.3204345703125
723.5966796875
747.4194946289062
669.64111328125
686.3587646484375
790.8385009765625
665.57568359375
736.0806884765625
726.6661987304688
716.1390380859375
765.5578002929688
678.6033325195312
660.3963623046875
709.5184326171875
696.4985961914062
795.8555908203125
645.0301513671875
739.3452758789062
742.1033935546875
672.0017700195312
862.9014892578125
736.544921875
834.3140869140625
641.8895263671875
673.3735961914062
705.8228759765625
737.6701049804688
618.86865234375
760.0529174804688
714.4828491210938
730.3692016601562
683.8931884765625
742.0406494140625
733.5
682.2944946289062
732.9974365234375
681.7835693359375
735.078857421875
713.4410400390625
763.54931640625
584.5555419921875
665.8841552734375
645.1939697265625
707.1558837890625
692.0562744140625
681.0291748046875
734.967041015625
678.5906982421875
646.20556640625
710.80810546875
681.7425537109375
606.0711669921875
614.264892578125
688.4932861328125
733.3417358398438
823.5443115234375
759.7943115234375
699.837158203125
669.284912109375
738.0670166015625
600.7459716796875
690.4552001953125
654.8486328125
708.3091430664062
662.6556396484375
719.1573486328125
677.5576171875
681.6727294921875
768.8671875
685.3857421875
678.1001586914062
641.5247802734375
661.139404296875
705.7243041992188
628.175048828125
739.8115234375
831.000244140625
744.3907470703125
674.670166015625
700.6052856445312
609.594970703125
741.56103515625
715.01025390625
663.8604736328125
667.1622924804688
709.558837890625
809.0806274414062
667.0419921875
665.8828735351562
715.83251953125
636.26904296875
678.235595703125
803.3711547851562
700.1259765625
749.3701782226562
693.8262329101562
631.998291015625
640.08447265625
632.946533203125
638.67333984375
646.1060791015625
617.144775390625
659.0203857421875
692.6689453125
637.82861328125
657.8721923828125
691.1715087890625
653.42333984375
732.0362548828125
719.130615234375
696.7845458984375
610.298828125
596.3802490234375
642.65185546875
638.2630615234375
700.1227416992188
662.2994995117188
666.1454467773438
631.9931030273438
738.7261962890625
692.2589111328125
791.561279296875
754.733642578125
627.0997924804688
744.7863159179688
770.904052734375
709.9461669921875
707.9033203125
639.150146484375
584.2548217773438
760.09912109375
584.108642578125
645.0606689453125
715.34716796875
732.5607299804688
707.8112182617188
787.2826538085938
733.563232421875
681.0361328125
667.1734008789062
713.2891845703125
633.5346069335938
700.3504638671875
657.46142578125
705.1891479492188
689.927734375
619.6455078125
643.8138427734375
734.282958984375
629.032958984375
610.5142822265625
582.44384765625
753.6798095703125
658.266845703125
637.0283203125
627.2433471679688
746.7647705078125
598.4979248046875
689.1025390625
586.3867797851562
646.5674438476562
653.1268310546875
673.741943359375
691.6236572265625
723.3252563476562
645.1817016601562
657.8684692382812
628.2117309570312
601.3131713867188
681.4822998046875
574.1246337890625
638.7943725585938
600.4182739257812
677.0704956054688
597.1839599609375
645.9564208984375
700.6354370117188
626.2615356445312
706.748046875
699.03173828125
628.0552978515625
686.7554321289062
672.442138671875
600.2498168945312
772.1243286132812
564.41650390625
724.214599609375
681.9659423828125
647.0069580078125
619.6405639648438
658.8284912109375
662.955322265625
755.11767578125
728.7005004882812
675.9735717773438
749.12060546875
745.6383056640625
698.576904296875
632.6671752929688
627.9635009765625
740.9239501953125
676.6552124023438
624.0388793945312
630.3002319335938
671.691650390625
644.586669921875
688.157958984375
547.6625366210938
674.18701171875
618.240478515625
645.4737548828125
666.9890747070312
711.1895141601562
683.931396484375
654.6544799804688
670.2833251953125
670.5907592773438
596.2484741210938
663.9540405273438
649.3087768554688
639.308837890625
747.8426513671875
583.7147827148438
560.4302978515625
715.3505249023438
666.5787963867188
748.7821044921875
749.451416015625
687.665283203125
598.0339965820312
713.93017578125
645.2373046875
670.4962158203125
704.6979370117188
682.7664794921875
682.999267578125
780.5458984375
718.6372680664062
726.098388671875
643.5736083984375
734.96533203125
647.15478515625
715.2981567382812
671.6732177734375
644.7376098632812
615.5836181640625
665.9759521484375
644.513671875
665.8577880859375
743.4077758789062
678.0079956054688
760.2130126953125
641.2037353515625
596.3339233398438
597.8114013671875
601.6123657226562
673.0101318359375
620.70654296875
604.89599609375
641.5444946289062
637.4873046875
644.71142578125
617.32470703125
575.9949340820312
668.665283203125
652.6586303710938
668.24658203125
791.17138671875
581.676513671875
698.110595703125
674.3260498046875
586.3316650390625
689.8494262695312
619.206787109375
652.4014892578125
614.7186279296875
672.7149658203125
600.6845703125
555.0836181640625
661.462158203125
671.3665771484375
677.1353759765625
645.6224365234375
670.2481689453125
751.6090087890625
699.8785400390625
632.493896484375
597.28515625
644.3687133789062
558.1729125976562
570.2297973632812
658.955078125
562.9864501953125
682.203125
634.403564453125
619.68798828125
715.920654296875
607.5986328125
627.7168579101562
686.0003662109375
747.3604736328125
681.275634765625
608.6298828125
732.3827514648438
601.3983764648438
664.4541625976562
638.754638671875
617.2412109375
587.8189697265625
666.336669921875
676.2017822265625
627.0392456054688
589.485595703125
706.746826171875
569.6484375
572.15234375
665.6499633789062
626.25244140625
640.3895263671875
652.6730346679688
767.205322265625
646.5210571289062
644.71337890625
581.1056518554688
642.4107055664062
659.8692016601562
704.0311889648438
614.925048828125
665.2777709960938
614.593994140625
692.8414306640625
641.29296875
596.8494873046875
695.9133911132812
621.69140625
646.3644409179688
633.62060546875
662.0951538085938
617.6913452148438
570.040771484375
694.8019409179688
636.2703857421875
637.6881103515625
719.287841796875
566.7032470703125
635.6549682617188
662.3668212890625
661.1630249023438
718.988037109375
628.935302734375
663.7120361328125
615.011474609375
675.1715087890625
672.708984375
704.0338134765625
611.25537109375
621.96240234375
672.0103149414062
614.2308349609375
621.5711669921875
640.089111328125
618.65771484375
677.1560668945312
671.7870483398438
631.1777954101562
725.0662841796875
665.8131713867188
690.57080078125
715.92822265625
639.968017578125
688.7348022460938
561.1080322265625
627.181884765625
600.7076416015625
622.7740478515625
693.8920288085938
634.1328125
631.13525390625
625.7479248046875
648.9463500976562
677.170166015625
597.9345092773438
609.859619140625
632.379150390625
659.3692626953125
606.45556640625
586.3912353515625
693.95849609375
706.574951171875
686.4053955078125
662.8172607421875
644.0909423828125
665.501708984375
655.98388671875
600.2464599609375
643.958251953125
674.8693237304688
642.0910034179688
696.116455078125
597.6649780273438
683.0126953125
606.044189453125
689.6250610351562
641.0994873046875
584.3966064453125
754.383056640625
613.911376953125
704.9469604492188
579.58740234375
592.401123046875
654.8270263671875
608.2413940429688
644.53955078125
624.6845703125
726.1255493164062
604.5927124023438
639.6531372070312
685.90087890625
541.2252197265625
595.8997802734375
629.5275268554688
684.5926513671875
669.9896240234375
670.5401611328125
725.9204711914062
581.5767822265625
598.268310546875
650.8819580078125
553.4575805664062
709.3349609375
747.019775390625
621.52685546875
685.6182861328125
613.08740234375
703.8563232421875
591.1160278320312
652.7239990234375
694.14794921875
598.05029296875
603.1229248046875
546.2362060546875
604.5497436523438
622.0121459960938
692.5291748046875
642.9444580078125
697.8468017578125
655.8953857421875
750.1231079101562
597.930419921875
674.113525390625
609.404296875
609.82421875
561.3619384765625
577.8203125
659.8070068359375
646.6529541015625
581.2073364257812
580.5592041015625
658.374755859375
606.09765625
665.7335205078125
604.4881591796875
665.34521484375
672.20263671875
578.7610473632812
600.3524780273438
679.9510498046875
634.299072265625
579.45263671875
632.324462890625
643.143310546875
652.3102416992188
613.2567749023438
566.523681640625
686.3668823242188
692.381103515625
597.2374267578125
579.5171508789062
613.7825927734375
578.4759521484375
653.1534423828125
552.26318359375
637.6219482421875
603.8699951171875
592.787353515625
592.2485961914062
607.812255859375
566.425048828125
622.8272705078125
665.6244506835938
598.602783203125
566.5301513671875
697.0814208984375
595.34814453125
598.1903076171875
540.5091552734375
589.6214599609375
690.993408203125
653.7720336914062
634.2083129882812
637.0955810546875
577.2947998046875
584.662841796875
609.3472900390625
653.6697387695312
609.85888671875
728.6591796875
587.2493896484375
618.73046875
577.3628540039062
642.2830200195312
671.0311889648438
611.51171875
616.3564453125
634.4796142578125
599.0950927734375
578.0432739257812
595.2174682617188
603.5657958984375
678.056884765625
578.760498046875
645.8662719726562
661.4950561523438
702.885986328125
689.0157470703125
682.1526489257812
571.766845703125
568.8896484375
547.0284423828125
685.2678833007812
597.1455078125
543.8033447265625
630.1688842773438
610.6129760742188
584.742919921875
630.8154296875
585.7056884765625
616.6160888671875
604.0482177734375
634.0974731445312
571.9917602539062
579.678466796875
586.280517578125
642.6806640625
544.8124389648438
566.34716796875
549.6798706054688
623.6631469726562
607.4432373046875
605.99658203125
582.0838012695312
606.2539672851562
555.123046875
646.4075927734375
608.682861328125
631.09033203125
637.7320556640625
644.9979858398438
555.5076293945312
598.43359375
545.3768310546875
554.7872314453125
585.0569458007812
545.900390625
642.13330078125
609.4249877929688
599.3117065429688
613.9441528320312
588.3560791015625
635.8197021484375
576.807373046875
633.6840209960938
665.9385375976562
608.5077514648438
535.4229125976562
636.181396484375
609.73974609375
660.1859130859375
581.6868896484375
533.3810424804688
561.4288330078125
561.2083129882812
574.554931640625
740.690185546875
617.737548828125
586.4676513671875
621.751953125
633.75537109375
667.22314453125
666.2947998046875
654.4991455078125
628.0845336914062
591.6141967773438
699.9494018554688
609.0247802734375
644.753662109375
648.6062622070312
603.9519653320312
549.218505859375
672.3367309570312
588.3379516601562
576.628173828125
629.8565673828125
599.1746826171875
533.6340942382812
651.0592041015625
701.7303466796875
660.7271728515625
630.719482421875
598.0646362304688
694.6243286132812
625.1417236328125
583.5855712890625
611.4786376953125
624.071044921875
587.5800170898438
667.416748046875
532.740966796875
578.924072265625
632.5487670898438
551.055419921875
603.7459716796875
617.4307861328125
639.376708984375
614.1118774414062
585.826171875
556.3822021484375
605.40087890625
588.9534912109375
585.9613647460938
626.7811279296875
661.43115234375
700.3856201171875
610.2748413085938
667.7672119140625
542.0846557617188
641.028564453125
607.947998046875
600.786376953125
608.4949340820312
688.02294921875
625.7185668945312
653.6873779296875
565.148193359375
609.2923583984375
660.005615234375
610.3563842773438
614.7415771484375
613.8970947265625
702.7528076171875
604.2763061523438
623.9616088867188
544.4398193359375
695.1241455078125
569.534912109375
631.6697998046875
614.74951171875
665.293212890625
604.342529296875
723.5315551757812
604.0197143554688
549.3980102539062
568.552978515625
584.137939453125
546.3407592773438
714.8846435546875
609.0987548828125
667.0375366210938
596.4751586914062
572.9208984375
610.4856567382812
578.2181396484375
607.2891845703125
593.7879028320312
596.2007446289062
529.9457397460938
623.5185546875
556.298828125
610.8084716796875
571.8253173828125
663.785400390625
582.3060302734375
560.3682861328125
568.7308349609375
697.78515625
573.5751953125
581.68701171875
586.2610473632812
690.47265625
664.0929565429688
596.61865234375
562.2506103515625
662.2459716796875
605.4154052734375
560.3572998046875
593.755615234375
541.8912963867188
571.6793212890625
640.4878540039062
572.1082763671875
628.8408203125
530.5806274414062
601.2651977539062
627.0889892578125
592.1937866210938
696.4835815429688
636.603515625
595.960693359375
637.7352294921875
611.8103637695312
655.4185791015625
590.3785400390625
585.9019775390625
671.5745849609375
645.979736328125
615.751953125
603.1495361328125
600.2928466796875
567.20068359375
671.6695556640625
635.630615234375
618.2660522460938
677.9251098632812
609.49658203125
617.504638671875
591.2662963867188
672.8568115234375
663.66650390625
566.8609619140625
621.7283935546875
563.1524047851562
617.0993041992188
635.933349609375
552.5999755859375
637.519775390625
622.8310546875
540.5
636.087890625
603.6669311523438
687.692138671875
663.898681640625
571.4796142578125
573.0361328125
546.648681640625
585.4290771484375
624.7741088867188
642.9932250976562
552.63818359375
615.4323120117188
609.5545654296875
582.1182861328125
634.7786865234375
558.663818359375
616.7144775390625
607.7897338867188
665.62060546875
636.8912353515625
567.517333984375
614.801025390625
693.1021728515625
656.867919921875
578.6484375
635.4530029296875
691.89892578125
624.5960693359375
574.1868286132812
586.498291015625
611.166748046875
598.2316284179688
590.1853637695312
606.3010864257812
614.5051879882812
576.64794921875
617.7319946289062
625.8106689453125
614.1321411132812
575.8222045898438
540.3739013671875
539.8558959960938
683.1683349609375
548.91796875
645.02587890625
535.9270629882812
583.8993530273438
674.0286865234375
617.0084228515625
624.385009765625
618.1827392578125
670.0902709960938
640.89453125
710.4805297851562
609.6947631835938
617.58447265625
574.8975219726562
628.6138916015625
607.9517211914062
633.131591796875
583.2000732421875
678.6044311523438
552.9418334960938
551.843994140625
573.9599609375
635.4586181640625
616.08203125
688.3328857421875
622.8392944335938
610.9730224609375
643.1929931640625
687.1368408203125
681.958984375
657.5510864257812
661.2154541015625
606.163330078125
606.039794921875
702.6485595703125
619.0046997070312
615.084716796875
585.6331787109375
577.761962890625
651.1370849609375
564.4478759765625
535.7545166015625
562.8563232421875
596.9603881835938
530.410400390625
529.4902954101562
563.787109375
614.218505859375
662.409423828125
574.2359619140625
612.313232421875
550.165771484375
686.1538696289062
532.269287109375
585.5419921875
615.5997314453125
544.3887939453125
679.5445556640625
575.414306640625
646.9924926757812
587.2565307617188
582.2196044921875
532.30908203125
615.170166015625
545.666015625
595.1693115234375
611.1286010742188
689.7103271484375
551.641357421875
600.827880859375
665.857421875
549.2412109375
559.655517578125
532.81103515625
580.679931640625
588.08642578125
623.181884765625
652.4622802734375
686.7088623046875
615.1609497070312
605.8584594726562
564.1234741210938
553.1555786132812
570.5916137695312
657.8544921875
557.52587890625
674.554443359375
625.972412109375
589.8831176757812
570.0768432617188
662.7894287109375
620.099365234375
588.0777587890625
559.8010864257812
607.0585327148438
608.58154296875
579.296142578125
597.2692260742188
595.0772705078125
624.5377807617188
690.3797607421875
553.427490234375
600.62744140625
541.8726806640625
541.5396118164062
578.17236328125
557.6339111328125
683.6991577148438
543.8309326171875
585.3375244140625
652.2198486328125
605.2255859375
596.4259643554688
623.7623901367188
625.9191284179688
637.89697265625
614.1718139648438
585.732177734375
645.1549682617188
649.9861450195312
611.2407836914062
604.39208984375
606.404541015625
571.1609497070312
566.4931030273438
566.1649169921875
609.200927734375
572.7694091796875
560.8822021484375
644.6998291015625
553.3497314453125
657.0520629882812
621.3858642578125
666.0112915039062
620.7945556640625
648.4337158203125
569.384765625
619.3381958007812
564.3555908203125
577.185546875
584.3795166015625
622.11279296875
692.732177734375
645.4714965820312
659.3720703125
584.6695556640625
531.7355346679688
600.6192626953125
530.957763671875
592.58447265625
594.9385986328125
613.5587158203125
622.0555419921875
580.363037109375
593.1153564453125
649.8729858398438
599.36962890625
564.2103271484375
561.4780883789062
644.208251953125
582.0752563476562
559.843505859375
598.4619140625
656.369140625
717.50390625
571.6364135742188
562.954833984375
624.339111328125
581.6026611328125
576.6426391601562
625.3679809570312
592.298095703125
553.42724609375
533.5367431640625
604.0640869140625
569.1710205078125
600.0159912109375
583.0888671875
558.423583984375
600.064697265625
547.2418212890625
631.353515625
571.2213134765625
568.375
590.995361328125
597.6895751953125
586.5595703125
585.0015869140625
584.3755493164062
589.1016845703125
583.4537353515625
558.4305419921875
625.7538452148438
524.5126953125
614.5735473632812
561.94384765625
601.5965576171875
567.653564453125
661.0833740234375
593.9395141601562
633.783447265625
585.9508666992188
526.1414184570312
543.3923950195312
599.4251098632812
618.94384765625
556.5175170898438
542.8228759765625
567.2234497070312
583.8690795898438
573.05078125
576.4165649414062
547.16015625
600.0965576171875
600.4931640625
558.8087158203125
594.1714477539062
631.6004028320312
591.4176025390625
573.1104125976562
656.266845703125
593.2775268554688
582.1416625976562
578.29248046875
532.8642578125
560.9148559570312
632.1405029296875
613.0374755859375
564.7142333984375
578.2420654296875
576.1300048828125
549.8365478515625
638.1515502929688
533.6689453125
585.5008544921875
578.0291748046875
628.9476928710938
542.00390625
541.8531494140625
566.9949951171875
600.2459716796875
558.4923706054688
567.0487060546875
575.5068359375
596.0712890625
590.9093627929688
589.8352661132812
621.1258544921875
579.3331298828125
577.2296142578125
603.5665283203125
556.0057983398438
635.8369140625
602.3193969726562
622.0439453125
565.4537963867188
587.4974365234375
579.226806640625
590.6929931640625
602.4693603515625
559.2769165039062
608.9014892578125
600.4447021484375
621.2540283203125
541.0957641601562
604.979736328125
582.1190795898438
613.3612060546875
648.9660034179688
610.6764526367188
573.9610595703125
636.0116577148438
560.06689453125
614.1834106445312
576.1802978515625
607.130615234375
574.982421875
592.5592041015625
644.0567016601562
624.3211059570312
572.6885375976562
584.22265625
625.4501953125
592.9739990234375
559.87255859375
627.9732055664062
602.4839477539062
605.617431640625
601.61669921875
644.203369140625
596.413330078125
568.5198364257812
572.8221435546875
525.3660278320312
656.4389038085938
624.390869140625
646.0933227539062
594.7803344726562
621.939697265625
589.0319213867188
611.0050659179688
577.3956298828125
595.18798828125
587.5682373046875
554.7567749023438
565.18212890625
577.76171875
535.8505249023438
581.7982177734375
587.9678955078125
593.0907592773438
632.139892578125
545.744384765625
599.8172607421875
571.6259765625
532.5938720703125
558.8771362304688
572.9227905273438
540.7420654296875
594.6419677734375
616.0318603515625
611.5906982421875
573.9869384765625
629.0570068359375
531.558349609375
620.1356201171875
614.685546875
612.071044921875
584.7740478515625
648.114501953125
539.29296875
587.646484375
595.8297119140625
581.436767578125
550.6337280273438
551.7152099609375
550.6048583984375
557.0179443359375
648.6372680664062
605.2318115234375
597.8096313476562
588.5758056640625
558.70166015625
524.8519287109375
601.5503540039062
588.369384765625
585.7901000976562
625.8154296875
553.110107421875
540.052490234375
597.6697998046875
680.5985107421875
608.608642578125
547.259033203125
619.7283325195312
627.714111328125
570.640625
572.265869140625
625.5836181640625
584.0057983398438
573.4401245117188
580.6414794921875
539.2988891601562
590.8895263671875
555.441162109375
593.650146484375
552.61181640625
608.2574462890625
621.430419921875
546.9420166015625
527.7876586914062
612.59765625
614.2674560546875
535.2646484375
567.7161865234375
626.8154296875
566.799560546875
578.0116577148438
608.5133666992188
607.874755859375
538.5550537109375
580.7406005859375
581.9796752929688
545.3988037109375
619.586669921875
605.914306640625
636.9298095703125
575.4630737304688
619.029541015625
571.3046875
566.5638427734375
544.2671508789062
583.4775390625
568.6716918945312
550.8296508789062
584.66552734375
520.9009399414062
565.2943115234375
537.09716796875
622.8831176757812
604.7561645507812
624.5126953125
570.6220703125
568.0515747070312
601.5050048828125
635.015380859375
611.898681640625
604.7100830078125
563.4053955078125
631.2373046875
619.3140258789062
610.9577026367188
587.9105834960938
560.5960693359375
571.624267578125
607.8414306640625
658.726318359375
600.4173583984375
567.4014892578125
595.817138671875
552.8880004882812
625.293701171875
612.5346069335938
584.6541748046875
557.8680419921875
576.5487060546875
622.8983764648438
599.587890625
575.4313354492188
610.802001953125
533.34814453125
553.9090576171875
566.2460327148438
589.2188720703125
616.974365234375
565.3399658203125
593.1614990234375
621.885009765625
571.156982421875
551.2445678710938
570.224365234375
632.0654907226562
583.777587890625
639.7796630859375
598.12548828125
573.5337524414062
670.5264892578125
588.3536376953125
579.0802001953125
591.2581176757812
640.5099487304688
589.2677001953125
623.4424438476562
651.1302490234375
555.37646484375
594.4254150390625
533.8010864257812
583.7769775390625
555.76513671875
584.24072265625
572.0172119140625
540.195556640625
608.21923828125
618.705322265625
557.6552734375
531.3816528320312
614.9186401367188
595.607177734375
558.2684326171875
560.7207641601562
603.5604248046875
573.5733642578125
556.3912963867188
585.318603515625
569.351806640625
606.253662109375
564.8629150390625
616.0383911132812
567.3546752929688
575.8267822265625
525.4744873046875
567.2406616210938
579.80029296875
588.131103515625
584.0206909179688
586.9649047851562
585.0198974609375
583.7060546875
629.6961669921875
594.3154296875
595.5618286132812
600.398193359375
568.2772827148438
551.5013427734375
533.3873901367188
569.0264892578125
592.7369995117188
549.4382934570312
521.9910278320312
555.0079345703125
599.0176391601562
631.4583129882812
608.2924194335938
534.4752197265625
621.260009765625
552.5411376953125
569.3961181640625
623.6482543945312
570.488037109375
630.53662109375
589.1051025390625
610.797119140625
557.575439453125
541.3766479492188
595.492431640625
561.1302490234375
537.3104248046875
606.0247802734375
652.66845703125
650.4176635742188
572.3233642578125
572.5350341796875
561.8175659179688
574.203125
596.7003173828125
523.9237670898438
615.3792724609375
573.9197998046875
537.6900634765625
534.2005615234375
550.9736938476562
610.086181640625
571.3516845703125
591.2406005859375
617.43798828125
612.517578125
555.1441040039062
636.3007202148438
563.8107299804688
572.9776611328125
538.2708740234375
631.09912109375
547.3797607421875
587.8358764648438
596.3463134765625
560.1363525390625
614.6973876953125
563.80859375
610.8811645507812
591.12744140625
542.9930419921875
600.15869140625
576.7261962890625
623.189208984375
577.814697265625
613.0003662109375
610.3704833984375
568.2549438476562
614.145263671875
618.46240234375
578.2935791015625
639.1964111328125
610.4736328125
596.9632568359375
587.549072265625
567.538330078125
552.2996826171875
599.1607055664062
566.6070556640625
551.7721557617188
566.537109375
545.7218017578125
570.5965576171875
557.1840209960938
614.719970703125
560.8336181640625
624.9119873046875
569.5059814453125
555.2049560546875
596.5479736328125
584.6350708007812
596.371337890625
566.0160522460938
565.851318359375
616.9943237304688
578.0758056640625
520.0345458984375
615.4105224609375
559.587158203125
589.0799560546875
526.1845703125
519.2740478515625
554.40869140625
555.9271240234375
579.3528442382812
568.6026611328125
566.3282470703125
572.8247680664062
566.9299926757812
552.6163330078125
544.3192138671875
653.015869140625
573.0888061523438
570.251953125
558.2786865234375
579.4627685546875
658.61572265625
554.9832763671875
562.0089721679688
576.1776123046875
598.5330810546875
572.3604736328125
534.9085693359375
638.4013671875
556.048583984375
628.4065551757812
543.317138671875
578.577880859375
545.8257446289062
549.6001586914062
591.02783203125
599.2831420898438
620.9749755859375
597.4095458984375
520.940673828125
576.5333251953125
589.4396362304688
562.130126953125
533.953369140625
605.2669677734375
604.3248901367188
560.27978515625
565.264892578125
569.921875
552.8350219726562
590.1317138671875
534.4603271484375
659.6908569335938
556.6608276367188
523.3952026367188
602.106689453125
539.8123168945312
549.029052734375
546.4661865234375
569.5260620117188
579.0516357421875
533.0225830078125
583.465087890625
520.3631591796875
562.295166015625
582.28173828125
615.0543212890625
528.6014404296875
550.404052734375
611.0498046875
567.3681640625
577.217041015625
577.4505615234375
619.4774169921875
591.8583984375
566.2105712890625
576.902099609375
560.1759033203125
575.3515625
648.9212646484375
591.7761840820312
521.3045654296875
549.6803588867188
549.031005859375
538.4398193359375
611.72119140625
570.9561157226562
562.4450073242188
550.7610473632812
604.693359375
578.3978881835938
533.0535888671875
541.3253173828125
534.0882568359375
550.2462158203125
528.781494140625
570.7308959960938
569.408935546875
560.6470947265625
553.8673095703125
581.2716064453125
556.516357421875
537.72119140625
591.4557495117188
543.97412109375
601.65625
562.663330078125
532.2446899414062
564.7891845703125
624.7604370117188
554.9073486328125
518.7742919921875
515.7064819335938
543.13623046875
574.9284057617188
556.437255859375
534.9927978515625
600.70361328125
542.49609375
572.629638671875
531.32568359375
538.4713134765625
564.0648193359375
592.9856567382812
618.34521484375
599.6873779296875
519.3634033203125
557.6329345703125
600.470947265625
528.096435546875
598.2054443359375
526.7274780273438
567.0502319335938
544.015869140625
599.346923828125
558.853271484375
547.9197387695312
538.2182006835938
602.072509765625
590.6908569335938
596.4340209960938
605.4925537109375
616.1875610351562
555.09130859375
582.725830078125
541.075439453125
586.1781005859375
569.9063110351562
601.4710693359375
574.0408935546875
566.4659423828125
545.094970703125
588.3925170898438
578.529052734375
546.2561645507812
613.2622680664062
550.2626953125
649.7935791015625
544.0618896484375
594.4545288085938
545.9368896484375
567.8071899414062
565.8575439453125
575.392333984375
616.9617919921875
546.8253784179688
603.3809204101562
531.814208984375
608.5325317382812
548.9411010742188
579.4061889648438
579.8216552734375
551.7059326171875
567.2073364257812
589.3014526367188
588.9973754882812
559.9296875
604.9918212890625
557.1546630859375
604.4242553710938
601.3038330078125
551.0700073242188
554.9186401367188
529.7779541015625
