None
None
None
None
None
None
None
None
None
None
None
None
None
None
None
None
None
None
None
None
None
None
None
None
None
None
None
None
None
None
None
None
None
None
None
2940.72412109375
2899.89697265625
2910.64306640625
2942.7666015625
2868.1767578125
2899.420166015625
2844.1513671875
2807.956787109375
2831.087158203125
2867.52294921875
2819.644287109375
2733.52734375
2785.888427734375
2813.548095703125
2763.63427734375
2708.11083984375
2642.17431640625
2751.423095703125
2582.1455078125
2605.9169921875
2697.4736328125
2577.78173828125
2544.6982421875
2530.322265625
2377.5810546875
2454.7958984375
2369.814453125
2385.478759765625
2379.70947265625
2232.7109375
2199.630615234375
2144.3525390625
2032.380126953125
2074.99951171875
2130.59765625
1794.28369140625
1814.8309326171875
1785.8006591796875
1770.051513671875
1662.1513671875
1694.1773681640625
1548.208984375
1521.614990234375
1565.1417236328125
1402.695556640625
1356.78466796875
1263.82568359375
1317.714599609375
1278.1181640625
1146.11328125
1050.1077880859375
1079.6693115234375
980.0413208007812
1020.201904296875
867.627685546875
847.494140625
780.0968627929688
697.6146850585938
679.98291015625
711.0546264648438
640.849853515625
631.3963623046875
627.457763671875
562.3287963867188
564.826416015625
557.2770385742188
531.7728881835938
503.2048645019531
532.2723388671875
396.8641357421875
437.95733642578125
357.0002136230469
372.70703125
415.4178771972656
352.89697265625
371.3611755371094
312.013916015625
338.31085205078125
287.214111328125
304.541015625
267.4090270996094
272.8421630859375
317.9496765136719
301.33062744140625
249.78155517578125
261.444091796875
226.5660400390625
241.311767578125
221.18690490722656
241.29449462890625
206.2054901123047
181.87994384765625
233.50115966796875
204.0119171142578
189.67654418945312
221.7128448486328
154.6408233642578
238.64675903320312
199.66177368164062
201.5388641357422
177.96829223632812
189.93775939941406
162.9611053466797
164.4436798095703
172.91098022460938
176.99488830566406
178.74574279785156
149.96571350097656
152.18661499023438
161.69387817382812
138.75975036621094
154.65927124023438
156.324951171875
145.6133270263672
129.14163208007812
151.187255859375
143.96820068359375
138.56387329101562
172.80340576171875
142.83047485351562
161.76724243164062
177.68338012695312
137.2421875
142.80718994140625
149.6439208984375
154.1431884765625
120.91621398925781
137.79107666015625
156.18789672851562
150.245361328125
179.47955322265625
136.482666015625
155.72633361816406
144.90679931640625
122.98558044433594
129.67208862304688
145.9945068359375
139.69390869140625
149.64505004882812
125.49854278564453
161.73306274414062
148.98817443847656
171.07418823242188
133.41033935546875
148.36996459960938
141.03466796875
119.15006256103516
134.49026489257812
131.20945739746094
146.28053283691406
136.19805908203125
140.90667724609375
135.40069580078125
136.68055725097656
142.98165893554688
154.83505249023438
134.51766967773438
147.98663330078125
144.7841339111328
149.66224670410156
142.88392639160156
115.36026000976562
136.8642578125
113.63157653808594
124.53886413574219
117.53076171875
125.59512329101562
128.3994140625
138.2938232421875
142.46493530273438
145.49612426757812
170.432373046875
116.57766723632812
140.7897186279297
124.31982421875
144.59329223632812
134.41595458984375
118.8754653930664
173.6925506591797
136.3936767578125
150.87020874023438
147.86660766601562
148.020263671875
145.20303344726562
135.29933166503906
149.10308837890625
131.17257690429688
148.16561889648438
133.58323669433594
145.06724548339844
149.63272094726562
133.9869384765625
126.52609252929688
156.58016967773438
146.30850219726562
137.37713623046875
151.08001708984375
131.66036987304688
151.93540954589844
138.52682495117188
135.232666015625
143.51165771484375
145.24850463867188
154.1020965576172
150.9539794921875
139.71023559570312
125.7618179321289
148.14268493652344
121.98786926269531
123.15203857421875
157.16683959960938
145.44717407226562
134.93280029296875
148.80841064453125
151.68124389648438
134.87765502929688
126.45170593261719
137.20077514648438
148.77593994140625
116.19165802001953
126.24258422851562
115.81546783447266
142.55848693847656
123.64213562011719
140.25146484375
151.08135986328125
125.24482727050781
111.80392456054688
133.36602783203125
138.04830932617188
134.7191619873047
112.66830444335938
130.5963134765625
135.0229949951172
130.05764770507812
137.22312927246094
115.90423583984375
129.28826904296875
116.9396743774414
130.96875
153.22244262695312
152.8695068359375
138.1515350341797
123.287353515625
119.57585144042969
138.36944580078125
131.44613647460938
134.80587768554688
128.62808227539062
124.96791076660156
123.34900665283203
135.33291625976562
111.99409484863281
114.98482513427734
118.134033203125
147.26512145996094
118.07573699951172
143.8464813232422
139.25917053222656
144.23904418945312
138.7185516357422
129.85821533203125
143.93505859375
145.17886352539062
125.14949035644531
124.89321899414062
119.77668762207031
117.11587524414062
149.7921600341797
129.936279296875
122.56993103027344
120.74797058105469
129.1879119873047
141.23431396484375
112.70712280273438
153.78424072265625
125.40145874023438
106.25398254394531
141.7783203125
154.7659912109375
110.68719482421875
129.67547607421875
125.05892944335938
122.38339233398438
112.57070922851562
138.6336212158203
146.22836303710938
136.51611328125
125.28961944580078
127.02021026611328
120.1387939453125
141.409912109375
121.4215316772461
102.97555541992188
118.28870391845703
116.22918701171875
144.58177185058594
117.30810546875
126.18648529052734
138.69798278808594
124.37496948242188
127.76022338867188
127.67947387695312
123.89117431640625
118.16265869140625
126.90103912353516
137.47171020507812
110.09275817871094
131.6632080078125
108.8066177368164
115.73847961425781
136.542724609375
141.0414276123047
142.1707763671875
156.67169189453125
126.44927978515625
123.65296936035156
114.43011474609375
122.64393615722656
105.05400085449219
140.85379028320312
118.14178466796875
107.08926391601562
127.42100524902344
118.11013793945312
125.95512390136719
133.6453857421875
116.82244110107422
140.29000854492188
139.28929138183594
145.68618774414062
138.27023315429688
172.58370971679688
129.73919677734375
114.86044311523438
112.70046997070312
115.6987533569336
127.9615478515625
121.75341796875
148.82046508789062
118.18916320800781
115.99596405029297
124.60438537597656
125.50037384033203
133.77764892578125
112.47581481933594
125.257568359375
101.75183868408203
102.8555908203125
107.58528137207031
121.54203796386719
143.07037353515625
120.17375183105469
108.50625610351562
129.96261596679688
129.23263549804688
136.92474365234375
131.73345947265625
113.93609619140625
115.2786865234375
104.6236572265625
154.19146728515625
111.25043487548828
111.97200012207031
137.19801330566406
138.96640014648438
105.304931640625
134.75015258789062
122.39463806152344
116.34999084472656
149.23452758789062
125.2177734375
111.99775695800781
117.9240951538086
133.55006408691406
139.38363647460938
120.2772216796875
122.75602722167969
144.0709228515625
132.92703247070312
109.93899536132812
123.23263549804688
130.48373413085938
109.33125305175781
147.63497924804688
101.37811279296875
126.84844207763672
113.26699829101562
103.05715942382812
132.6478729248047
126.14991760253906
116.87051391601562
139.35281372070312
120.6181640625
115.34292602539062
110.25772094726562
113.54812622070312
109.73886108398438
117.01021575927734
108.50370788574219
120.93717956542969
123.01600646972656
90.11805725097656
134.89002990722656
153.6837921142578
118.99456787109375
127.09686279296875
158.41827392578125
102.87147521972656
121.5454330444336
101.22896575927734
111.88333129882812
124.88902282714844
114.21485137939453
96.79551696777344
149.89361572265625
121.34591674804688
117.7917251586914
126.99723052978516
140.92520141601562
111.02178192138672
123.10696411132812
131.02703857421875
103.44213104248047
108.5830307006836
126.40139770507812
108.36236572265625
127.6910629272461
121.77272033691406
120.41680908203125
123.3331298828125
119.05461120605469
116.48155975341797
130.59872436523438
102.52702331542969
110.42892456054688
141.80679321289062
126.29440307617188
115.93411254882812
118.30262756347656
107.43304443359375
123.0963134765625
170.59715270996094
120.28347778320312
113.88504791259766
117.68158721923828
91.40719604492188
138.05824279785156
98.9459228515625
136.83908081054688
109.9730224609375
103.73233795166016
138.51307678222656
132.28256225585938
159.39019775390625
123.86410522460938
128.28466796875
110.03359985351562
131.50502014160156
112.02037048339844
131.22103881835938
131.15704345703125
107.26264953613281
142.39047241210938
102.97831726074219
124.6261215209961
113.59201049804688
116.57533264160156
103.29923248291016
126.75184631347656
136.26931762695312
152.19595336914062
126.28013610839844
134.93209838867188
136.12640380859375
98.81802368164062
132.96713256835938
101.24281311035156
126.06578826904297
144.75372314453125
138.50274658203125
106.00567626953125
130.82749938964844
118.02867126464844
118.44989013671875
116.4359130859375
125.56121826171875
120.85787963867188
105.37085723876953
135.2023162841797
128.491943359375
115.54512786865234
123.5875244140625
129.6859130859375
123.88140106201172
121.57215881347656
119.27165222167969
136.20863342285156
111.99114227294922
126.66384887695312
111.0481948852539
122.78683471679688
137.9766082763672
113.82023620605469
108.05618286132812
132.82766723632812
111.87940979003906
103.6693344116211
112.57404327392578
117.98052215576172
117.32573699951172
112.50950622558594
126.18959045410156
118.08370971679688
126.64788818359375
154.5881805419922
122.90868377685547
147.20863342285156
130.23699951171875
78.55157470703125
116.81333923339844
103.79278564453125
117.53738403320312
119.18901062011719
123.41957092285156
136.8856201171875
126.20970153808594
122.07868194580078
115.77157592773438
109.59986114501953
114.28024291992188
125.13264465332031
108.77841186523438
103.90725708007812
118.11654663085938
134.6665496826172
127.41352844238281
110.34436798095703
123.86515808105469
131.804443359375
110.54149627685547
126.68977355957031
108.58345031738281
128.54156494140625
107.58686065673828
128.3991241455078
149.4742889404297
121.25643920898438
143.65579223632812
129.40188598632812
104.5703353881836
118.30094909667969
117.70720672607422
132.69139099121094
122.43687438964844
131.977294921875
102.5271224975586
111.41867065429688
113.80973052978516
140.30325317382812
124.43824768066406
101.3704833984375
117.27444458007812
109.00248718261719
123.00318908691406
128.799560546875
133.20143127441406
115.23004150390625
129.28843688964844
110.67892456054688
131.567138671875
117.64718627929688
90.50544738769531
120.99122619628906
150.04986572265625
131.51187133789062
146.1352996826172
120.98641204833984
98.61827087402344
111.6402587890625
108.61471557617188
101.94261169433594
124.61418151855469
122.2913818359375
134.0865478515625
129.13941955566406
125.73514556884766
112.71173095703125
100.07344818115234
115.6943130493164
108.55027770996094
133.18505859375
136.19647216796875
108.63863372802734
152.87387084960938
114.7613525390625
131.15773010253906
119.86954498291016
93.44876098632812
112.88396453857422
118.02750396728516
104.25027465820312
118.69084167480469
117.94688415527344
112.43316650390625
117.18516540527344
168.54855346679688
136.17311096191406
115.26554107666016
107.45510864257812
105.92639923095703
151.72128295898438
121.08194732666016
136.57431030273438
120.61825561523438
105.85570526123047
142.39944458007812
126.02296447753906
133.93878173828125
118.96600341796875
133.18994140625
103.4571533203125
103.26404571533203
114.45347595214844
109.26177215576172
110.53404235839844
101.96910095214844
122.79658508300781
103.73139953613281
123.71044921875
124.37197875976562
134.1429901123047
99.54036712646484
107.10189819335938
134.7904052734375
152.21524047851562
124.29421997070312
101.15642547607422
104.00712585449219
134.44317626953125
127.82456970214844
130.32809448242188
109.86135864257812
136.66612243652344
118.35218811035156
107.616943359375
150.2053985595703
116.62841796875
116.47567749023438
123.03060913085938
139.37005615234375
113.20353698730469
110.88429260253906
154.185791015625
131.84751892089844
106.33909606933594
123.33233642578125
108.55655670166016
135.77178955078125
102.15347290039062
118.59884643554688
115.08039855957031
122.5538330078125
119.67584228515625
120.33186340332031
145.46527099609375
118.67221069335938
135.59744262695312
125.99687194824219
126.84765625
132.094970703125
120.2309799194336
98.59640502929688
119.80023956298828
97.82627868652344
114.51648712158203
109.78227233886719
141.73687744140625
103.83501434326172
166.78378295898438
114.89657592773438
108.59182739257812
106.23570251464844
119.50921630859375
122.35296630859375
112.18775939941406
121.12940979003906
121.56391906738281
93.19662475585938
111.95144653320312
125.35938262939453
107.19467163085938
142.24765014648438
131.4839630126953
122.78886413574219
129.80361938476562
135.7215118408203
104.4101791381836
96.22578430175781
127.25410461425781
144.73130798339844
108.06466674804688
119.31448364257812
121.28619384765625
151.340087890625
142.37591552734375
111.28461456298828
90.23298645019531
109.10604095458984
138.1097869873047
111.29872131347656
115.2633285522461
114.65765380859375
193.6476593017578
147.77694702148438
142.4254150390625
116.20581817626953
106.09449005126953
137.86996459960938
133.3509063720703
144.5654296875
129.09898376464844
170.60360717773438
111.98863220214844
174.44488525390625
125.40538787841797
130.32846069335938
129.490478515625
142.9806671142578
110.8512954711914
139.78561401367188
124.00299072265625
120.49757385253906
119.15433502197266
123.32606506347656
112.65986633300781
127.31797790527344
136.6756134033203
136.95074462890625
139.22622680664062
128.6458740234375
105.35391235351562
119.10980224609375
125.92401885986328
114.06121826171875
115.58845520019531
94.07896423339844
121.02133178710938
150.79705810546875
126.39202117919922
129.19989013671875
111.05738830566406
141.83120727539062
163.23538208007812
109.34239959716797
139.37142944335938
93.91740417480469
143.9786834716797
149.72982788085938
137.57162475585938
152.33837890625
125.80558013916016
104.88648986816406
142.9923095703125
142.43798828125
140.40835571289062
159.03741455078125
163.02024841308594
122.61658477783203
138.72018432617188
160.34994506835938
112.93665313720703
119.74456787109375
127.59727478027344
136.80337524414062
120.9666519165039
147.42059326171875
144.856689453125
185.25955200195312
143.0057373046875
146.70242309570312
123.7404556274414
145.650146484375
153.80978393554688
166.98658752441406
139.82223510742188
122.57598876953125
146.7075653076172
107.6554946899414
137.53761291503906
124.80778503417969
134.89596557617188
118.81468200683594
142.6087646484375
135.90061950683594
158.30810546875
127.23246002197266
139.29417419433594
113.35136413574219
139.73617553710938
131.2196044921875
109.1507568359375
151.46661376953125
103.40704345703125
172.40438842773438
153.57696533203125
139.422119140625
130.8009796142578
188.371337890625
170.39181518554688
111.50163269042969
136.20062255859375
163.50958251953125
130.7543182373047
134.98492431640625
130.666259765625
126.01852416992188
126.99330139160156
122.48728942871094
128.15318298339844
132.1641845703125
139.80545043945312
110.12879180908203
160.74667358398438
169.04116821289062
135.94564819335938
161.61141967773438
148.15283203125
119.27410888671875
151.68646240234375
163.58848571777344
135.44387817382812
141.76345825195312
147.52508544921875
128.11306762695312
164.93276977539062
186.33851623535156
135.81394958496094
154.7081756591797
131.78781127929688
127.00098419189453
133.68624877929688
117.74629211425781
122.10707092285156
118.66780853271484
145.65525817871094
184.6286163330078
151.4296875
141.85427856445312
104.68243408203125
128.37689208984375
155.28955078125
97.76325988769531
118.26504516601562
121.44334411621094
120.33531188964844
154.06512451171875
126.46931457519531
126.62884521484375
153.0822296142578
193.84512329101562
200.69285583496094
149.0989227294922
157.56222534179688
114.29020690917969
160.78964233398438
154.94847106933594
134.1422119140625
156.22955322265625
128.64854431152344
138.01889038085938
116.64958953857422
142.93231201171875
118.14369201660156
134.1038055419922
145.56068420410156
132.88656616210938
138.847900390625
136.30296325683594
129.4306640625
136.65060424804688
169.64012145996094
115.03160095214844
135.052001953125
131.59661865234375
149.8875732421875
145.2919464111328
140.50946044921875
104.39236450195312
119.74888610839844
121.51466369628906
124.18060302734375
139.36941528320312
144.39654541015625
159.6715087890625
156.8459930419922
114.07462310791016
113.69747924804688
126.31182861328125
141.12376403808594
128.8742218017578
163.6126251220703
123.91363525390625
173.1228790283203
168.84091186523438
137.99514770507812
157.94561767578125
161.8196563720703
178.0742950439453
144.35867309570312
136.06103515625
156.4748992919922
128.83282470703125
126.5548324584961
141.87744140625
130.3925018310547
131.33242797851562
167.2274627685547
123.09771728515625
133.87298583984375
120.76033020019531
171.17147827148438
129.07537841796875
154.2795867919922
134.5100555419922
136.84461975097656
161.94256591796875
110.91383361816406
111.7911376953125
128.1051483154297
129.14248657226562
157.30596923828125
162.64077758789062
166.81222534179688
131.63290405273438
172.25767517089844
157.13558959960938
166.5716552734375
163.65614318847656
155.83245849609375
133.25006103515625
136.97134399414062
111.29084014892578
157.27413940429688
120.79539489746094
132.0791015625
162.07540893554688
136.12530517578125
160.42495727539062
135.81027221679688
158.25942993164062
120.072265625
149.85816955566406
123.77368927001953
134.34939575195312
152.13597106933594
151.7779541015625
132.3140869140625
147.95230102539062
138.6090087890625
116.219482421875
124.61964416503906
123.90715789794922
122.14729309082031
124.93283081054688
135.94326782226562
145.62022399902344
156.20054626464844
96.57516479492188
147.82481384277344
112.43235778808594
143.67233276367188
134.82351684570312
133.60964965820312
115.65180969238281
129.1698760986328
162.7510528564453
138.83026123046875
117.51065063476562
133.26101684570312
162.19540405273438
130.51544189453125
144.15045166015625
143.07644653320312
141.50439453125
141.7551727294922
141.09603881835938
110.73137664794922
160.55093383789062
134.3402099609375
141.37191772460938
146.2267303466797
130.40176391601562
145.33319091796875
133.68556213378906
134.76620483398438
144.54415893554688
185.49649047851562
109.88856506347656
106.03561401367188
133.54556274414062
142.38714599609375
119.6619873046875
112.55742645263672
137.6201171875
117.04896545410156
188.63003540039062
140.44613647460938
167.40216064453125
158.5892333984375
104.63465118408203
152.64683532714844
118.47097778320312
181.8602294921875
177.42764282226562
123.21371459960938
167.24835205078125
164.31175231933594
125.42896270751953
126.40669250488281
136.95367431640625
172.7222442626953
157.72250366210938
153.54736328125
128.147705078125
164.06268310546875
141.77841186523438
184.37240600585938
132.90208435058594
146.94998168945312
137.69549560546875
171.12493896484375
156.4358367919922
179.51011657714844
156.00628662109375
173.62893676757812
158.45599365234375
134.5935821533203
133.0967559814453
147.90054321289062
159.7340087890625
159.20953369140625
150.1638946533203
136.06471252441406
134.16815185546875
177.42831420898438
132.99127197265625
162.8147735595703
152.61627197265625
140.81716918945312
161.83749389648438
119.22599792480469
136.22975158691406
185.4090576171875
142.1527099609375
126.42282104492188
172.45962524414062
129.45822143554688
126.40826416015625
111.69882202148438
149.53358459472656
139.68223571777344
155.60498046875
136.13327026367188
122.33744812011719
156.86538696289062
152.8318634033203
164.9762420654297
134.5428466796875
136.767578125
90.4041976928711
115.81748962402344
110.00244140625
141.68580627441406
126.54232788085938
149.07955932617188
121.95706176757812
109.86865997314453
104.72540283203125
162.3225860595703
114.03781127929688
98.27760314941406
149.12936401367188
168.17962646484375
130.67718505859375
103.24394226074219
120.53057861328125
168.57257080078125
132.28466796875
216.73248291015625
104.54302978515625
75.07220458984375
95.4840087890625
141.959716796875
145.85377502441406
88.19085693359375
151.2657012939453
145.40435791015625
122.83403778076172
100.87033081054688
113.93435668945312
150.96136474609375
122.1845703125
118.03141784667969
145.96087646484375
127.41803741455078
51.536163330078125
133.2288818359375
160.46246337890625
151.4099884033203
173.19398498535156
123.55117797851562
131.7990264892578
130.34983825683594
108.2291259765625
106.87667846679688
141.11904907226562
75.15390014648438
99.014404296875
138.6956787109375
200.61334228515625
124.01385498046875
138.1840057373047
183.61288452148438
138.74998474121094
138.82839965820312
100.43704986572266
163.527587890625
146.58953857421875
127.36856079101562
109.68785095214844
111.93902587890625
128.46932983398438
125.35292053222656
131.86642456054688
97.76752471923828
146.79135131835938
142.06141662597656
121.42828369140625
116.11894989013672
161.309814453125
116.06266021728516
165.99749755859375
153.06797790527344
103.77545166015625
111.273193359375
144.39004516601562
121.68955993652344
127.39242553710938
106.76782989501953
109.80741119384766
166.93560791015625
128.34475708007812
106.20475769042969
91.03211975097656
107.6573715209961
103.74989318847656
152.5937957763672
155.98590087890625
106.26126861572266
156.2923583984375
132.38836669921875
97.58956909179688
117.4321517944336
115.56631469726562
111.91143798828125
157.41806030273438
133.66403198242188
125.65426635742188
88.419677734375
135.7127685546875
120.53559112548828
135.3634033203125
125.51437377929688
121.04817199707031
148.52529907226562
101.41743469238281
117.42726135253906
163.64161682128906
104.8399658203125
145.30776977539062
63.62810516357422
151.96531677246094
127.46797180175781
122.37486267089844
127.60631561279297
139.97848510742188
113.86770629882812
140.8203582763672
96.44029998779297
123.59794616699219
101.96467590332031
114.03274536132812
121.85551452636719
82.2471694946289
85.36475372314453
132.71160888671875
98.29927825927734
125.8575439453125
111.88386535644531
73.29304504394531
142.290771484375
121.50794982910156
79.80921936035156
98.02730560302734
104.94943237304688
148.65565490722656
131.50457763671875
136.74832153320312
123.57650756835938
155.23965454101562
164.04896545410156
116.89653015136719
99.49536895751953
100.80203247070312
119.67738342285156
110.11097717285156
159.85964965820312
82.35431671142578
102.08597564697266
172.37152099609375
120.61106872558594
148.53030395507812
117.16696166992188
160.59542846679688
92.00013732910156
144.81068420410156
95.97576904296875
96.07872009277344
77.03144073486328
93.69050598144531
128.8956298828125
98.56288146972656
137.14505004882812
83.10340118408203
122.39898681640625
78.40886688232422
108.16421508789062
65.7118148803711
93.66633605957031
122.17560577392578
131.55462646484375
80.61618041992188
105.2388687133789
152.20700073242188
111.82974243164062
87.65790557861328
120.43331909179688
95.93414306640625
115.01595306396484
146.60931396484375
137.9663543701172
125.04779815673828
135.71815490722656
100.21814727783203
137.66128540039062
101.61614990234375
80.76174926757812
148.02076721191406
103.3382568359375
117.9801254272461
130.71180725097656
106.59532165527344
111.83216857910156
75.72653198242188
100.79635620117188
137.31097412109375
140.1347198486328
113.05142211914062
131.49465942382812
114.93411254882812
131.8975067138672
165.79913330078125
54.407928466796875
136.6070098876953
130.31265258789062
79.4067153930664
100.64933776855469
106.74478149414062
88.37249755859375
103.15543365478516
98.54606628417969
120.63529205322266
102.00386047363281
109.43292999267578
95.86873626708984
98.68717193603516
97.87086486816406
110.78311157226562
97.104736328125
115.9202880859375
109.60841369628906
96.67573547363281
56.20032501220703
85.78760528564453
130.02383422851562
122.85559844970703
103.43305206298828
94.38717651367188
77.72046661376953
94.29670715332031
72.07341003417969
84.74675750732422
103.30184936523438
135.0623779296875
111.71351623535156
91.825927734375
79.29158020019531
121.75160217285156
134.61912536621094
71.4948501586914
88.61140441894531
95.94096374511719
111.68098449707031
136.49407958984375
104.15098571777344
76.68244171142578
111.59601593017578
109.15351867675781
84.21961975097656
69.88969421386719
128.78904724121094
99.72014617919922
103.74029541015625
100.88726806640625
102.04176330566406
116.63777923583984
95.80960083007812
86.17301177978516
74.65933990478516
118.18505859375
103.65806579589844
128.21083068847656
88.54719543457031
100.67765808105469
115.79237365722656
117.17625427246094
73.00919342041016
73.42129516601562
93.62107849121094
69.19490814208984
104.1072998046875
116.36183166503906
105.08702087402344
96.46246337890625
162.59710693359375
103.24760437011719
120.68951416015625
130.28024291992188
107.51740264892578
92.12715911865234
91.9021224975586
120.51289367675781
87.82611846923828
124.14436340332031
82.8017578125
77.52645111083984
138.04168701171875
99.31576538085938
139.07260131835938
105.6649169921875
124.14959716796875
78.30223083496094
79.73147583007812
113.73027038574219
124.75537109375
70.94049072265625
80.91751861572266
90.84095764160156
79.59607696533203
97.42350006103516
98.91942596435547
117.8895492553711
82.32334899902344
103.35346984863281
81.31285858154297
131.87661743164062
124.23907470703125
97.69020080566406
109.72249603271484
77.84086608886719
88.81167602539062
86.87255859375
110.3907241821289
101.41073608398438
89.25479125976562
157.50083923339844
68.28529357910156
122.3184585571289
124.97077178955078
131.10638427734375
91.48968505859375
77.04042053222656
86.93299865722656
72.93031311035156
92.40032958984375
91.31318664550781
103.78185272216797
71.51850891113281
70.36692810058594
50.93999481201172
55.601409912109375
101.84758758544922
85.51695251464844
80.73846435546875
84.66905975341797
123.58448791503906
44.97398376464844
85.48117065429688
107.75186157226562
111.93550872802734
112.3541259765625
63.92631530761719
96.93648529052734
71.71231842041016
74.87654113769531
107.04256439208984
51.71046829223633
80.62577819824219
108.52427673339844
92.0673828125
70.989501953125
103.48497009277344
65.72254943847656
102.58343505859375
90.5096206665039
79.66036224365234
94.14501953125
94.71554565429688
84.11575317382812
80.60873413085938
91.65762329101562
119.70333862304688
74.43659973144531
102.49878692626953
95.62994384765625
99.45266723632812
136.99349975585938
98.44876861572266
157.24374389648438
77.85302734375
74.55636596679688
91.31764221191406
89.97977447509766
65.30384826660156
87.79045867919922
111.654052734375
108.60105895996094
59.162200927734375
107.1529769897461
75.88624572753906
86.58302307128906
107.69706726074219
100.05960083007812
123.0408706665039
77.06977844238281
99.37019348144531
41.066192626953125
72.60498046875
74.2021484375
91.64949035644531
78.82585906982422
93.04586029052734
78.71178436279297
81.52169799804688
66.94278717041016
105.64112854003906
74.887451171875
51.098148345947266
45.505043029785156
74.81011962890625
110.41012573242188
126.09431457519531
86.22758483886719
79.97218322753906
92.45939636230469
90.61729431152344
49.237274169921875
78.12716674804688
70.47512817382812
76.94010925292969
71.07565307617188
121.90931701660156
69.62567901611328
93.78744506835938
127.48316955566406
85.441162109375
86.2525405883789
67.3630599975586
78.46520233154297
67.47688293457031
61.33142852783203
114.15306854248047
123.15338134765625
103.920166015625
75.97016143798828
99.1461181640625
49.18314743041992
106.8734130859375
84.85111236572266
62.373104095458984
75.74232482910156
103.66484069824219
114.1246337890625
78.0416259765625
63.527801513671875
94.88453674316406
66.91529083251953
91.74032592773438
81.8828125
107.29786682128906
105.18177795410156
73.28202819824219
63.18244552612305
81.68716430664062
69.22116088867188
67.78074645996094
71.08418273925781
51.696022033691406
73.85830688476562
93.34838104248047
61.20036315917969
81.08992004394531
80.97168731689453
67.00624084472656
117.53974914550781
94.53350830078125
89.86099243164062
49.845542907714844
44.52191162109375
47.334373474121094
51.7943000793457
88.83997344970703
80.47764587402344
73.10140991210938
58.62720489501953
93.08850860595703
75.96211242675781
109.97282409667969
106.90898132324219
76.89996337890625
96.12605285644531
148.06375122070312
104.90434265136719
111.28040313720703
77.42139434814453
37.05902862548828
110.10770416259766
37.564849853515625
72.98372650146484
83.16361999511719
99.463623046875
101.72390747070312
108.05976867675781
95.3402328491211
79.53062438964844
86.7890625
117.09284210205078
55.77598571777344
76.85494995117188
69.50244140625
98.29100036621094
75.60527038574219
57.6431884765625
66.24565124511719
95.45980834960938
67.6456298828125
52.35367202758789
35.63982391357422
92.21614074707031
81.5578384399414
71.47014617919922
58.34492111206055
90.91481018066406
56.92870330810547
81.81475830078125
37.37508773803711
60.239990234375
82.81529998779297
90.11073303222656
93.09251403808594
104.25306701660156
54.16181182861328
68.59667205810547
63.6629638671875
54.95131301879883
83.18641662597656
28.30874252319336
59.686180114746094
55.94382858276367
70.55880737304688
60.562278747558594
73.94842529296875
64.58975982666016
62.157203674316406
81.23020935058594
111.02224731445312
59.29804611206055
95.70549011230469
72.61556243896484
45.23137664794922
96.16133117675781
50.867897033691406
103.07464599609375
86.57093048095703
67.50120544433594
56.71697998046875
89.99663543701172
80.81121063232422
103.45275115966797
95.03048706054688
73.75349426269531
106.0888671875
137.9751739501953
76.67210388183594
67.53227233886719
57.326805114746094
92.86375427246094
89.63841247558594
50.510311126708984
64.88327026367188
70.89360809326172
46.450599670410156
86.26295471191406
30.352535247802734
90.74932861328125
41.338226318359375
56.18473815917969
67.51778411865234
80.1058349609375
79.85920715332031
75.98887634277344
59.825531005859375
79.23081970214844
45.48445510864258
76.50474548339844
61.120750427246094
73.86856079101562
103.12168884277344
52.915138244628906
29.916563034057617
77.69796752929688
77.7606201171875
110.09223175048828
104.10714721679688
82.2640380859375
53.32734680175781
105.41564178466797
61.469146728515625
67.3750991821289
68.57427978515625
78.0766830444336
75.0119857788086
114.25190734863281
114.0262222290039
93.55500793457031
59.81277847290039
96.16213989257812
59.46581268310547
86.21739959716797
62.3931770324707
50.219783782958984
53.91621398925781
71.415283203125
69.20574951171875
71.1912841796875
108.06378173828125
71.00920867919922
111.41450500488281
58.176368713378906
43.439239501953125
45.78193664550781
51.620628356933594
75.5649185180664
54.001094818115234
58.67118835449219
62.9675178527832
59.35480499267578
61.227821350097656
60.74945068359375
34.01580810546875
75.18699645996094
55.14934158325195
61.23322296142578
102.78265380859375
34.23659896850586
78.9022216796875
78.26985931396484
34.69151306152344
96.97553253173828
48.80027770996094
81.51612854003906
48.53208923339844
81.82061767578125
37.21580505371094
33.631935119628906
62.39200973510742
73.64924621582031
83.47278594970703
56.754425048828125
78.08487701416016
110.0093765258789
95.54386138916016
50.95688247680664
56.87217712402344
71.82905578613281
43.35139465332031
27.327829360961914
72.01640319824219
37.78696823120117
79.00350189208984
56.26604461669922
60.1064338684082
75.18864440917969
55.826087951660156
52.17599105834961
84.8050308227539
102.32794189453125
81.36767578125
47.46681213378906
90.73249053955078
52.732818603515625
62.7783317565918
48.315216064453125
58.04475402832031
45.455345153808594
78.16316986083984
63.19738006591797
55.55785369873047
47.62393569946289
70.59124755859375
39.194053649902344
37.78821563720703
72.00450134277344
58.55490493774414
71.19159698486328
67.0765380859375
107.32159423828125
63.04843521118164
61.16556167602539
54.51478576660156
51.65580749511719
73.60611724853516
72.96964263916016
75.96394348144531
79.03589630126953
52.959327697753906
78.0020980834961
51.96936798095703
42.139183044433594
63.6696662902832
41.799560546875
55.33343505859375
65.7811279296875
59.940338134765625
66.79045104980469
32.49762725830078
58.92853546142578
57.404998779296875
57.53131103515625
86.54798889160156
31.028087615966797
63.61827087402344
76.10719299316406
68.05005645751953
77.61737823486328
62.212825775146484
60.986244201660156
67.01459503173828
65.21894073486328
77.74751281738281
66.36433410644531
38.252357482910156
49.44738006591797
81.13246154785156
54.24006652832031
68.82135009765625
58.15365219116211
50.38106918334961
66.97640228271484
69.30517578125
62.22529983520508
109.20162200927734
62.61390686035156
82.1925048828125
108.484130859375
77.406982421875
59.439449310302734
30.301475524902344
55.797882080078125
51.34288787841797
40.252017974853516
75.66839599609375
53.918121337890625
70.20100402832031
63.1628303527832
80.38835144042969
61.28995895385742
32.39894104003906
52.007633209228516
47.78069305419922
81.02902221679688
37.81157684326172
52.87132263183594
82.28385925292969
85.611083984375
71.54698181152344
61.64031982421875
54.2323112487793
63.75643539428711
67.56005859375
34.71332550048828
59.864044189453125
57.55303955078125
76.1454849243164
65.6803207397461
49.523521423339844
85.929443359375
44.837955474853516
68.34098815917969
63.36804962158203
51.96645736694336
86.66433715820312
43.05535125732422
68.1662368774414
40.828460693359375
49.09391784667969
68.55014038085938
45.383399963378906
63.7311897277832
45.593101501464844
84.78253173828125
40.079383850097656
67.84048461914062
71.35089111328125
17.691837310791016
44.152740478515625
46.553680419921875
68.15419006347656
67.71527862548828
82.19174194335938
83.19435119628906
40.02510070800781
54.88697052001953
67.33501434326172
29.844091415405273
81.17271423339844
77.68462371826172
43.22834014892578
86.57633972167969
50.92188262939453
85.62605285644531
52.312904357910156
75.9522705078125
61.502235412597656
35.797454833984375
56.02432632446289
22.666622161865234
65.36053466796875
53.619354248046875
68.62423706054688
51.765254974365234
82.06947326660156
67.44219207763672
87.5755615234375
49.39435577392578
87.96566009521484
40.60795593261719
49.44001388549805
30.147640228271484
32.39947509765625
63.09685134887695
42.10945129394531
38.461463928222656
51.54103088378906
56.61014175415039
34.693878173828125
77.97264862060547
53.477264404296875
57.97022247314453
56.84629821777344
31.832176208496094
41.88142776489258
77.39532470703125
61.41754913330078
49.25827407836914
62.5631103515625
46.42706298828125
60.927696228027344
46.038963317871094
38.67478942871094
59.75190734863281
65.63084411621094
51.51432800292969
35.745391845703125
46.885345458984375
47.496849060058594
62.599510192871094
35.25287628173828
48.005767822265625
51.4340705871582
47.682369232177734
42.82500457763672
55.02505111694336
43.871429443359375
52.805904388427734
58.69849395751953
56.85401916503906
36.994422912597656
73.9312515258789
44.28130340576172
48.99917984008789
25.873085021972656
44.842105865478516
78.16473388671875
56.32552719116211
54.95655822753906
64.65032958984375
42.955318450927734
37.58052062988281
35.65274429321289
63.082115173339844
43.51243591308594
90.990234375
54.428306579589844
48.29779052734375
34.69004821777344
62.20081329345703
53.789825439453125
42.68153381347656
45.63672637939453
41.55690002441406
41.819671630859375
52.317115783691406
36.67099380493164
40.8160400390625
105.9892349243164
31.938615798950195
87.10235595703125
50.333072662353516
73.78941345214844
66.14273834228516
67.23369598388672
38.104957580566406
30.682416915893555
24.11874771118164
74.14561462402344
26.926124572753906
31.288408279418945
45.10894012451172
87.79449462890625
52.261775970458984
51.714576721191406
81.46035766601562
83.46548461914062
60.92971420288086
62.203914642333984
33.87397003173828
40.225364685058594
69.60335540771484
57.80552291870117
20.92226791381836
68.77540588378906
34.28460693359375
39.417144775390625
46.47092056274414
41.987430572509766
31.816612243652344
81.56893920898438
43.21997833251953
57.384891510009766
54.56509017944336
35.428184509277344
45.33209991455078
74.71969604492188
27.694387435913086
45.724998474121094
17.86621856689453
36.42150115966797
32.49726104736328
38.21308135986328
101.59233856201172
80.02717590332031
49.5752067565918
49.64455795288086
47.110435485839844
85.76004028320312
41.905025482177734
44.493526458740234
51.61104202270508
48.297874450683594
17.690139770507812
44.45387649536133
54.387447357177734
52.68230438232422
40.04297637939453
17.466726303100586
26.14601707458496
46.513877868652344
45.22294616699219
139.81753540039062
53.68083572387695
66.88057708740234
39.30615234375
55.113704681396484
60.035987854003906
67.30689239501953
76.38536834716797
62.20942306518555
42.98161315917969
68.8050308227539
99.7178955078125
54.83587646484375
64.02032470703125
71.03553771972656
30.780323028564453
140.364013671875
34.17991638183594
42.83446502685547
52.12432861328125
55.70269012451172
22.10378646850586
59.48162841796875
74.2903060913086
79.4063720703125
47.85947036743164
66.17224884033203
75.68795013427734
74.0726318359375
63.12147903442383
65.37980651855469
46.559940338134766
63.01232147216797
63.175819396972656
21.219562530517578
62.83549880981445
48.19789123535156
46.450069427490234
39.871910095214844
43.3560676574707
57.31737518310547
50.282386779785156
30.983680725097656
29.00826644897461
70.97052001953125
44.509239196777344
68.698486328125
45.31950378417969
49.416709899902344
67.51702880859375
59.4236946105957
68.97846984863281
17.769973754882812
58.030975341796875
87.62139892578125
37.355499267578125
40.464073181152344
103.36968231201172
40.38153839111328
42.983001708984375
39.059837341308594
65.14921569824219
85.11528015136719
53.131553649902344
73.29066467285156
73.511962890625
136.61837768554688
68.94136047363281
76.01512908935547
40.040809631347656
67.02967834472656
54.86296081542969
70.56593322753906
62.54362869262695
65.3548355102539
52.36674880981445
118.95291900634766
61.700836181640625
47.9366455078125
33.01007080078125
54.34471130371094
41.69430160522461
105.4262466430664
73.40882873535156
78.68460845947266
40.15684509277344
48.555206298828125
51.38988494873047
37.714111328125
94.08929443359375
36.35226058959961
53.268898010253906
18.29001235961914
52.83890151977539
28.31359100341797
68.62246704101562
36.181983947753906
118.22916412353516
44.15862274169922
30.453670501708984
39.3172607421875
81.96723937988281
42.975643157958984
69.56818389892578
55.72576904296875
68.47412109375
89.66641235351562
33.23951721191406
48.158226013183594
69.82498168945312
67.92166137695312
46.13597106933594
52.076026916503906
44.86662292480469
81.09172058105469
47.200439453125
31.66339111328125
54.53125762939453
20.625503540039062
60.909942626953125
65.3492431640625
71.16899871826172
72.43067169189453
72.39083862304688
77.44600677490234
70.1405029296875
81.56431579589844
50.95061492919922
58.28009033203125
35.21167755126953
68.34371185302734
73.33248138427734
65.32124328613281
87.38735961914062
53.04851531982422
52.727291107177734
62.680755615234375
85.22320556640625
53.388694763183594
117.04125213623047
60.7066535949707
65.11084747314453
60.675445556640625
77.85896301269531
59.76668930053711
55.64588165283203
48.17417907714844
31.22832489013672
43.11072540283203
47.40726852416992
29.423934936523438
74.7960433959961
91.52143859863281
25.094640731811523
58.906585693359375
63.245269775390625
96.32183837890625
119.656494140625
44.12595748901367
57.030372619628906
29.25066375732422
70.41651153564453
56.03216552734375
80.47107696533203
26.807191848754883
39.005733489990234
71.97187805175781
31.867996215820312
69.98231506347656
46.285552978515625
61.29332733154297
58.060001373291016
83.90658569335938
68.92585754394531
66.40814208984375
55.3033447265625
68.00621795654297
49.844642639160156
46.439048767089844
50.79475402832031
88.03018188476562
45.059261322021484
71.90387725830078
43.17969512939453
72.32518005371094
45.90694046020508
45.06297302246094
69.04105377197266
85.33639526367188
77.07725524902344
67.9574203491211
75.85708618164062
76.05294799804688
54.666481018066406
36.55549621582031
41.55458068847656
110.6563720703125
45.76476287841797
60.45051193237305
38.368011474609375
57.870155334472656
84.79874420166016
47.81760025024414
50.32861328125
103.13980102539062
79.55094146728516
64.0545654296875
83.95791625976562
61.889320373535156
65.07310485839844
51.67627716064453
73.39834594726562
78.73351287841797
59.64542007446289
44.172080993652344
62.077598571777344
29.76751708984375
31.99154281616211
79.540283203125
53.436065673828125
71.19331359863281
102.044189453125
78.44341278076172
98.62165832519531
71.20390319824219
117.48015594482422
88.96498107910156
79.01861572265625
75.58248901367188
82.09546661376953
61.93642044067383
106.32933044433594
53.02070617675781
105.8089370727539
58.62887191772461
54.981441497802734
89.88280487060547
54.31040954589844
52.440914154052734
28.973770141601562
51.43650817871094
33.920692443847656
22.69409942626953
57.62566375732422
58.949581146240234
65.71473693847656
44.31950378417969
74.27623748779297
36.88018798828125
85.32390594482422
18.408151626586914
60.00597381591797
58.41728973388672
30.568479537963867
69.15084838867188
52.872230529785156
110.2474136352539
43.098060607910156
41.76837158203125
22.487754821777344
52.361541748046875
26.97750473022461
76.52549743652344
82.86558532714844
89.78079223632812
37.800071716308594
52.13652801513672
84.45896911621094
40.8011474609375
44.09954833984375
31.169151306152344
56.114437103271484
78.99038696289062
56.43689727783203
71.45292663574219
113.01460266113281
55.05412673950195
57.782188415527344
41.39888000488281
35.23198699951172
43.84153366088867
114.11843872070312
29.855751037597656
95.20179748535156
87.68177032470703
44.69674301147461
42.9979133605957
120.59184265136719
60.77545166015625
61.62950134277344
36.452171325683594
66.18307495117188
52.57921600341797
47.44996643066406
53.894718170166016
55.38671875
61.84707260131836
87.45625305175781
36.427825927734375
59.677528381347656
24.569528579711914
35.87023162841797
43.49309158325195
62.881935119628906
74.14517211914062
26.34075164794922
55.91115188598633
88.99768829345703
71.48651885986328
38.32194519042969
72.18234252929688
55.949974060058594
69.55675506591797
48.898624420166016
42.21059799194336
70.49618530273438
85.12469482421875
64.71711730957031
74.4514389038086
62.43377685546875
59.028846740722656
45.234649658203125
38.148094177246094
78.83253479003906
48.776641845703125
38.32101058959961
82.58733367919922
55.86692810058594
103.44300842285156
73.94617462158203
97.65769958496094
51.39812088012695
81.43673706054688
48.03742980957031
58.56184387207031
41.11547088623047
41.47563552856445
50.04450225830078
65.39079284667969
98.1802978515625
90.03741455078125
73.17025756835938
66.18800354003906
20.57225799560547
64.22640991210938
32.31099319458008
58.82520294189453
44.34760665893555
48.37974166870117
69.4892578125
49.11265563964844
53.11094284057617
66.74711608886719
46.53690719604492
43.51852798461914
33.031036376953125
78.02903747558594
47.15612030029297
31.24344825744629
71.5648422241211
66.83247375488281
104.08848571777344
38.68809509277344
50.26537322998047
70.5916519165039
70.17628479003906
44.460025787353516
47.640380859375
64.35967254638672
32.26058578491211
45.23306655883789
63.106285095214844
42.13056182861328
55.91316223144531
59.777992248535156
39.25406265258789
55.29060363769531
41.888240814208984
67.52824401855469
30.83633041381836
40.18473815917969
40.8442497253418
59.91307067871094
61.86723327636719
56.39775848388672
43.9525260925293
36.634185791015625
45.64435577392578
39.30267333984375
75.70848846435547
25.7565975189209
50.540802001953125
35.493595123291016
53.33897399902344
36.84193801879883
70.02693939208984
62.35883331298828
58.3565673828125
57.61906433105469
29.877635955810547
31.0964412689209
52.27882385253906
47.955848693847656
53.47465515136719
35.508453369140625
66.04525756835938
66.27861022949219
40.66844177246094
62.84944534301758
21.56078338623047
62.685489654541016
59.80986022949219
27.198291778564453
64.36883544921875
90.53736877441406
49.59531784057617
33.94286346435547
64.91283416748047
42.18828582763672
40.129547119140625
42.232566833496094
25.970645904541016
63.10863494873047
64.63679504394531
62.117977142333984
46.895423889160156
44.21702575683594
62.70136642456055
56.1722297668457
86.2860107421875
36.55760955810547
84.84442138671875
46.9822998046875
78.28657531738281
38.082645416259766
34.66773986816406
48.06817626953125
58.53655242919922
31.982181549072266
46.04824447631836
53.082481384277344
75.43631744384766
58.48778533935547
41.432533264160156
76.03460693359375
42.67741775512695
46.84138488769531
56.46409606933594
33.9809684753418
65.15899658203125
52.060062408447266
53.401695251464844
27.945640563964844
51.39539337158203
44.956119537353516
48.94868087768555
49.47627258300781
20.902721405029297
70.94921875
70.51921081542969
49.215354919433594
24.1397705078125
68.20809936523438
49.547027587890625
57.1860237121582
95.66190338134766
48.68511199951172
42.38414001464844
72.75738525390625
37.59739685058594
47.9119758605957
35.00099182128906
55.907012939453125
55.859764099121094
44.33253479003906
64.97150421142578
58.07079315185547
38.410438537597656
53.11647033691406
63.653343200683594
65.04864501953125
47.995330810546875
70.95088195800781
43.12517166137695
56.362022399902344
54.10693359375
76.65290832519531
43.54884338378906
34.12605285644531
39.442012786865234
31.338171005249023
71.85914611816406
57.825531005859375
65.18038177490234
55.13597106933594
47.28322982788086
58.663612365722656
62.70571517944336
47.32367706298828
55.27299880981445
58.56761932373047
50.52375411987305
39.45741271972656
40.17750549316406
28.533363342285156
59.385047912597656
48.654640197753906
49.82831573486328
61.15886306762695
22.77552032470703
54.26922607421875
36.07896423339844
29.15883445739746
47.90707015991211
33.231407165527344
30.245708465576172
54.186912536621094
69.221435546875
52.36601638793945
36.907676696777344
59.95154571533203
27.696365356445312
62.970924377441406
61.59205627441406
46.06639099121094
35.67863845825195
68.76275634765625
33.11760711669922
61.056678771972656
47.03804016113281
35.06306457519531
47.02375411987305
24.367429733276367
29.244611740112305
41.935482025146484
66.9567642211914
37.81444549560547
39.039432525634766
49.24579620361328
30.064210891723633
29.42143440246582
46.02696228027344
47.14949035644531
59.72530746459961
55.95124816894531
27.122528076171875
37.45341873168945
70.91032409667969
70.25247955322266
62.70044708251953
39.205631256103516
68.6646728515625
52.70806884765625
44.642066955566406
43.50726318359375
60.28913116455078
46.262184143066406
40.29388427734375
30.739917755126953
26.496768951416016
47.726356506347656
37.51347351074219
46.8770751953125
28.791610717773438
46.79404830932617
61.855125427246094
25.028865814208984
30.59132194519043
58.101898193359375
54.79297637939453
33.569705963134766
37.24951171875
52.591552734375
41.39958190917969
34.876678466796875
51.5281867980957
56.402099609375
20.108489990234375
34.469871520996094
48.895484924316406
28.109792709350586
52.74750900268555
56.91175842285156
46.21476745605469
31.654268264770508
53.38360595703125
51.79994583129883
53.297630310058594
33.26667785644531
56.77715301513672
47.327667236328125
34.20607376098633
57.004276275634766
19.676212310791016
43.82957458496094
23.155271530151367
74.45103454589844
75.69831848144531
53.443580627441406
61.472572326660156
51.25025177001953
60.74121856689453
57.86780548095703
47.59628677368164
43.04478454589844
24.177722930908203
62.51251983642578
45.69769287109375
50.66901779174805
49.34400939941406
42.41702651977539
41.898155212402344
41.09058380126953
70.2833480834961
64.10599517822266
39.516944885253906
53.80942916870117
39.09691619873047
53.571022033691406
39.469818115234375
35.865577697753906
30.927873611450195
37.245574951171875
80.50028991699219
33.28834915161133
42.00844955444336
44.184906005859375
25.970359802246094
39.286170959472656
37.6578254699707
46.64661407470703
43.73388671875
40.7934455871582
39.092620849609375
63.74658203125
47.72703552246094
34.35148239135742
54.17926788330078
59.91874313354492
49.18670654296875
63.3983154296875
43.21388244628906
28.847103118896484
68.4400634765625
41.31617736816406
34.89891052246094
48.63362503051758
72.88008117675781
49.59445571899414
57.90635681152344
66.77946472167969
29.740493774414062
34.83026123046875
32.41584014892578
45.69210433959961
49.81334686279297
49.28022766113281
39.41454315185547
28.399982452392578
50.070594787597656
57.41648864746094
30.40478515625
18.520790100097656
63.701934814453125
48.401824951171875
28.520275115966797
39.17156982421875
42.87307357788086
32.42045211791992
47.833492279052734
44.716793060302734
34.68352508544922
44.929901123046875
35.92319107055664
41.05401611328125
24.53463363647461
39.04368591308594
23.26454734802246
45.91250228881836
35.296104431152344
46.0405158996582
44.15773391723633
43.692352294921875
54.78105926513672
44.82883071899414
59.53144836425781
34.38227081298828
47.62210464477539
42.841583251953125
29.810279846191406
27.550853729248047
24.427261352539062
41.46442794799805
50.07224655151367
30.44147300720215
25.108179092407227
32.60862731933594
49.43290710449219
49.24228286743164
59.71058654785156
28.82642364501953
49.66594696044922
22.534095764160156
41.58769607543945
47.62425994873047
27.62042999267578
47.150657653808594
35.172889709472656
47.50090789794922
33.18642807006836
20.367074966430664
46.38056564331055
31.515399932861328
23.01565933227539
46.001426696777344
61.26971435546875
52.70978546142578
58.57920455932617
32.989322662353516
27.37887954711914
30.137704849243164
56.006614685058594
15.331982612609863
46.954010009765625
37.01720428466797
28.92536735534668
28.872777938842773
32.946983337402344
49.611995697021484
45.088714599609375
38.58108901977539
55.45066452026367
40.683685302734375
19.13235855102539
50.521541595458984
31.001373291015625
45.085906982421875
27.823802947998047
56.315956115722656
30.172109603881836
37.39904022216797
35.840476989746094
49.011112213134766
52.566436767578125
27.325130462646484
41.24967575073242
33.19776153564453
30.134862899780273
55.13425064086914
42.59316635131836
55.428829193115234
41.097267150878906
44.54114532470703
48.729888916015625
27.215831756591797
49.30951690673828
52.020721435546875
37.553306579589844
54.63700485229492
44.67164993286133
43.584293365478516
42.06022262573242
40.496376037597656
28.51715850830078
41.72313690185547
44.09102249145508
34.737022399902344
46.475364685058594
21.633562088012695
34.32469940185547
28.80906867980957
54.23468780517578
29.069982528686523
48.148311614990234
34.54131317138672
29.32728385925293
35.03541946411133
34.422542572021484
47.508750915527344
37.88676071166992
26.962398529052734
53.257808685302734
28.584312438964844
17.947235107421875
37.05807876586914
27.46056365966797
39.95301055908203
18.976367950439453
20.326650619506836
30.61066246032715
28.776105880737305
40.16356658935547
30.285533905029297
34.39402770996094
30.883453369140625
21.24444580078125
33.577423095703125
35.877235412597656
50.82118606567383
27.333927154541016
31.397754669189453
30.903579711914062
34.816959381103516
56.752464294433594
26.91800308227539
28.838302612304688
35.82897186279297
36.79344940185547
30.779401779174805
25.569631576538086
39.26426696777344
43.83496856689453
46.815399169921875
29.60040283203125
34.03640365600586
34.78281784057617
23.886859893798828
55.723846435546875
55.123268127441406
30.76492691040039
54.74540710449219
17.49839973449707
42.92799377441406
38.678466796875
35.623348236083984
29.56401824951172
41.92216491699219
39.294498443603516
35.326358795166016
38.21440887451172
34.39630126953125
33.14440155029297
48.194583892822266
18.13277816772461
45.46034240722656
26.050382614135742
19.51220703125
45.35899353027344
28.29254913330078
30.392974853515625
20.83249282836914
31.69973373413086
40.90838623046875
20.255773544311523
35.13623809814453
14.489910125732422
45.63329315185547
48.4530143737793
43.70304870605469
20.035961151123047
20.584365844726562
48.132137298583984
23.692428588867188
42.40242385864258
32.276084899902344
39.1900634765625
30.257261276245117
34.22190856933594
34.33353042602539
23.0269775390625
44.30582046508789
61.511051177978516
52.93828582763672
16.875852584838867
32.90446090698242
24.703048706054688
23.388172149658203
43.376522064208984
29.008995056152344
21.67572021484375
31.36763572692871
45.55790710449219
26.030467987060547
20.494709014892578
25.915485382080078
16.318557739257812
28.26477813720703
24.250530242919922
28.78279685974121
33.853397369384766
28.338363647460938
32.516963958740234
38.51402282714844
28.813411712646484
25.583660125732422
34.14186096191406
34.842933654785156
39.580631256103516
33.499183654785156
21.807884216308594
34.35603332519531
43.18513488769531
31.93060302734375
14.223334312438965
16.113737106323242
37.35605239868164
35.700313568115234
19.268035888671875
41.268760681152344
50.79804992675781
18.118186950683594
34.29096984863281
15.016046524047852
20.928028106689453
23.19967269897461
28.442440032958984
46.522274017333984
46.99587631225586
17.534866333007812
21.36862564086914
35.28595733642578
25.705402374267578
62.927146911621094
17.37423324584961
29.943248748779297
22.1893367767334
38.336692810058594
25.94049644470215
26.509634017944336
26.118850708007812
62.02766418457031
40.930137634277344
39.066375732421875
43.283912658691406
62.69811248779297
26.023826599121094
36.665714263916016
23.191749572753906
38.33253860473633
28.930810928344727
43.23295593261719
37.929786682128906
33.143524169921875
33.96208953857422
41.192787170410156
52.0224494934082
25.441959381103516
65.88404846191406
30.506547927856445
47.04259490966797
24.4561767578125
36.357460021972656
32.6812744140625
38.78917694091797
42.47681427001953
30.13755226135254
45.36910629272461
48.13478469848633
37.204833984375
29.80605125427246
35.26799011230469
32.375823974609375
35.035491943359375
37.739341735839844
27.78650665283203
29.420103073120117
37.40087890625
48.169925689697266
29.09632110595703
42.4333381652832
26.014148712158203
48.910980224609375
61.52116775512695
20.31832504272461
28.20854949951172
16.33673858642578
