None
None
None
None
None
None
None
None
None
None
None
None
None
None
None
None
None
None
None
None
None
None
None
None
None
None
None
None
None
None
None
None
None
None
None
None
None
None
None
None
None
None
None
None
None
None
None
None
None
None
None
None
None
None
None
None
None
None
None
None
None
None
None
None
None
None
None
2.0483832638710737
1.9996724538505077
2.01887471601367
2.013508591800928
2.0147951748222113
1.977691862732172
1.98511484824121
1.9596286807209253
1.944013649597764
1.899601049721241
1.9261634144932032
1.8991816714406013
1.9026611726731062
1.8533213045448065
1.8735177852213383
1.840611308813095
1.7788716591894627
1.791403066366911
1.7618376705795527
1.7371339164674282
1.722136052325368
1.6900399085134268
1.6802010294049978
1.6488830242305994
1.6290285531431437
1.583656020462513
1.5260522793978453
1.4414427503943443
1.4531533177942038
1.4294240083545446
1.400208491832018
1.3012655079364777
1.2729507936164737
1.2310394374653697
1.1607940467074513
1.0904047545045614
1.0231451140716672
0.9469305779784918
0.8781630229204893
0.8141383375041187
0.7181270574219525
0.6075764466077089
0.5525110820308328
0.48903281544335186
0.4064605509629473
0.33930417738156393
0.1747689795010956
0.11295276447344804
0.014762876075110398
-0.0389306293145637
-0.1447417052113451
-0.18720527173718438
-0.19517493747844128
-0.2644264399277745
-0.27434067770809634
-0.24529522468947107
-0.21478788131207693
-0.21741542492236476
-0.20398354233475402
-0.1527462888334412
-0.08890842554683331
-0.07476002581461216
-0.005116649255796801
0.0006309112686722074
0.021814285975921166
0.06938597424596082
0.05679681540095771
0.04956282242528687
0.06475514257181203
0.04267943808372365
-0.0061114828849895275
0.006990440670051612
-0.05465903851290932
-0.07899488488999395
-0.05173634355014656
-0.16247498750453815
-0.12573324401091668
-0.14008147620188538
-0.11267329553083982
-0.08969044733021292
-0.03836389562547993
-0.12895016913535073
-0.06521555060317041
-0.049625771011051256
-0.054562050601816736
0.008631959703052416
-0.04696734013907644
-0.11587204660099815
-0.11246304542510188
-0.14875710180785973
-0.05714076673029922
-0.07243223894329276
-0.13259109634645938
-0.08746642843107111
-0.11936730205343338
-0.08117400823175558
-0.14208398119080812
-0.13178132777102292
-0.0818118622428301
-0.07497227949352236
-0.10661097887350479
-0.09594359478796832
-0.12191428316873498
-0.11131214605484274
-0.13433967480887077
-0.11272893869318068
-0.1301616317959997
-0.13926070793968393
-0.11071907060977537
-0.11905367943109013
-0.16991773588233627
-0.09912905265809968
-0.22095658906619065
-0.09059891891956795
-0.10846575010873494
-0.16014307172736153
-0.127825459378073
-0.13041223626350984
-0.14825571833171125
-0.13929874428140465
-0.16381848742457805
-0.13737704348022817
-0.13333439052530593
-0.1263196276618146
-0.1880198836879572
-0.12033104179863585
-0.14322216031723656
-0.1287648713841918
-0.09032303860294633
-0.12426076194833513
-0.20605071815225529
-0.1882073950691847
-0.1093221546834684
-0.14064318512100726
-0.20556301659962628
-0.14865648968407186
-0.1460909466841258
-0.1730174916301621
-0.05413585068026805
-0.18097726093765232
-0.1889364362868946
-0.19680449429142755
-0.22040586123966932
-0.16975585827822215
-0.12603956097154878
-0.1636996119414107
-0.13451994388742605
-0.05416559453988157
-0.1948637068271637
-0.19520167203154415
-0.2179235105850239
-0.22737637174213887
-0.12328855116356863
-0.11101992170733865
-0.10989064802379289
-0.1405866458590026
-0.08810105823340564
-0.09050629410921829
-0.10149946654200903
-0.2978577835042415
-0.34958098229253665
-0.2021747616236098
-0.16518017400812823
-0.12411517674627248
-0.21198397949774517
-0.12549669774307404
-0.012584744750711252
-0.12770675637148088
-0.25470193158253096
-0.12746372148012597
-0.23418843193212524
-0.23748153942869976
-0.24794655567893642
-0.13212492875027237
-0.04974077396582288
-0.1116841893219771
-0.12556917507754406
-0.1752381248807069
-0.12783877868423588
-0.1882462753856089
-0.14521437367056933
-0.13570547009658185
-0.2097103250634973
-0.22199389892921317
-0.09888870812028472
-0.1254280695975467
-0.0717649066427839
-0.23099366495443974
-0.1920536347261077
-0.13103231490094913
-0.21994113078744704
-0.25079813165939413
-0.19035895058186725
-0.21015378455922473
-0.07844425548319123
-0.12473944547673455
-0.14332936167420485
-0.22761443127092207
-0.2748283129403717
-0.11510646031820215
-0.17873280219527032
-0.14011888209643075
-0.294844821373772
-0.11530590312395361
-0.2826302577595925
-0.164510014335292
-0.224303075361604
-0.13992904842598364
-0.026662962140107993
-0.2590461790023255
-0.22894873841141816
-0.23187582303216914
-0.09598067272781918
-0.1631236340617761
-0.19889501780926366
-0.1315944683883572
-0.16549815157486591
-0.255799360020319
-0.1505445641814731
-0.1831228786832071
-0.11072291614254937
-0.2378961752547184
-0.2887827249651309
-0.17763981064854306
-0.2514168215147947
-0.18361177621409297
-0.1602334199633333
-0.12288751743449211
-0.17355859275266994
-0.26382738578831777
-0.30924931427989577
-0.06306829442473827
-0.19807265415875008
-0.20816655641101534
-0.19320973261255858
-0.1473812617009571
-0.16955512267486483
-0.18566285223141676
-0.161199375972501
-0.2452225558081409
-0.1909806635330824
-0.2787648736339179
-0.1514457552402746
-0.25015317875659093
-0.2503324545432406
-0.17223399074646295
-0.2136952993896557
-0.09767765162541764
-0.09580752845067764
-0.2735253603423189
-0.21872217519558035
-0.10176458622163409
-0.3170996288608876
-0.17961077558720717
-0.1096715735620819
-0.10783104849542724
-0.33024316954106325
-0.11308714746701298
-0.2276522467527684
-0.18822166897007264
-0.30095707893633517
-0.2635245017881971
-0.11917935992551065
-0.31042587288538925
-0.0967606161157164
-0.21520887776568998
-0.1672257035424991
-0.19418759061954916
-0.08000409507621953
-0.16243474365910515
-0.1812494976952621
-0.2606939463876188
-0.21201401646248996
-0.1681623999211297
-0.08780750609139432
-0.24405662270874018
-0.2526026031048332
-0.1685368429571099
-0.20460576273580955
-0.15470887970514013
-0.10702897556620883
-0.1810859131946927
-0.17219100741203874
-0.19353922988011618
-0.22177398242820345
-0.2719624612291227
-0.1356321532439324
-0.1453125249427103
-0.2864197574805871
-0.1245707053312799
-0.1919872276012029
-0.08295540152539616
-0.10775836873787625
-0.15792565710580675
-0.23518896848145232
-0.1048391716722108
-0.2553047241731292
-0.26687500049592927
-0.15756263043658691
-0.1473360508098267
-0.20630457553670567
-0.29866355137346545
-0.2530140003946144
-0.22902823294134578
-0.14527565033495193
-0.17166754797199246
-0.13513181317830458
-0.19864610946387984
-0.21525663228021585
-0.35012565597571665
-0.11305951305985218
-0.13685921753312869
-0.17614667698580888
-0.2228261445507087
-0.17817059206572594
-0.2775057586195544
-0.22939785515336553
-0.2556860587646952
-0.3399996090156492
-0.1985577679661219
-0.1914998713236855
-0.035423600318608806
-0.13402995367141557
-0.26980206443113275
-0.44171763051599555
-0.07238155191771511
-0.25966529351717327
-0.1857749054033775
-0.25729964192760235
-0.18066991578234592
-0.12065905462077353
-0.19759205886657583
-0.20071172021198436
-0.21639012563127835
-0.2465508305176627
-0.3212667116395096
-0.0832088776942328
-0.10287824416082003
-0.22609915114298929
-0.22737479352508672
-0.16813076294056373
-0.21881642881817243
-0.33405542100626917
-0.2739798510519904
-0.04429861573225935
-0.2682033070377656
-0.21496191462028946
-0.12537305664773157
-0.16628667130498798
-0.28265358043427113
-0.3196128965646494
-0.20488668866164517
-0.19685918970935745
-0.21730090709024807
-0.17672553157990478
-0.2980834293157386
-0.33663510807673447
-0.2088243586686076
-0.3072350521761109
-0.2267507737105916
-0.1720933524047723
-0.277427935254309
-0.1603166253917152
-0.1584340113113285
-0.2402337800594978
-0.27782450042286655
-0.15970071539413766
-0.3308611678512534
-0.23210540592845064
-0.22924567418522201
-0.389316256827442
-0.2837946977685988
-0.1936030685537844
-0.10929688653050107
-0.17433001816789329
-0.3878791706665652
-0.2546707705150766
-0.2971562928378262
-0.1681826040658052
-0.2619285721084452
-0.22312882996629924
-0.29984268006137427
-0.1782340517056582
-0.151484122085094
-0.37254028056486277
-0.1364365989122689
-0.2181499850412365
-0.31272953603911446
-0.11522222447456443
-0.25614904494523216
-0.3136177132400917
-0.35697396284376737
-0.25766994615332806
-0.18983297139493516
-0.25369729441808886
-0.1498941314101785
-0.27786998612009484
-0.19649617162212962
-0.13595987635790152
-0.06088743764121318
-0.12117013760973805
-0.19745261588730045
-0.3520360686816275
-0.2605840217511286
-0.07640277579048416
-0.2374957179526973
-0.0931266818952281
-0.15198133257035806
-0.24616498569230316
-0.2649862626858521
-0.24574838697299128
-0.17225712441290852
-0.17725792770215776
-0.15272113516311947
-0.24716653648010833
-0.1892526272529267
-0.16556070415572322
-0.28803944469837006
-0.38081807497292175
-0.30985296350536373
-0.04357013086791994
-0.27282077089330414
-0.22516788456459835
-0.15549353909136698
-0.059492630073691544
-0.296336607709236
-0.1287739117633464
-0.3239677114179358
-0.20581497321109055
-0.07815116037090775
-0.14592301534685248
-0.27591057868266944
-0.2609523267528857
-0.3238246312212141
-0.1690631696037599
-0.059751376287749736
-0.15421409888585913
-0.13901725999312475
-0.2416790097397552
-0.18623543353533023
-0.12508051048280322
-0.12340748861151951
-0.23007482155662728
-0.22800361496047117
-0.19751112972880946
-0.1760164817205805
-0.25086120670312084
-0.19025916849204805
-0.09782442582672957
-0.43055969398119487
-0.2988339380626712
-0.233677057622117
-0.12017092749920266
-0.10959941201235779
-0.184410878973722
-0.31952043425008014
-0.23628546216059476
-0.2137622314876353
-0.10547962350278794
-0.21576568904583837
-0.17549602570943534
-0.19302146700817957
-0.11698699200496776
-0.20547187502961606
-0.09245459892554209
-0.09294512015549117
-0.03287580607320706
-0.15250764887730384
-0.20643313886830583
-0.14610820570305805
-0.12483230837824522
-0.19775191768349032
-0.03652712089387933
-0.1905695514578838
-0.19842614901426714
-0.09589301835512742
-0.07398614733938302
-0.18283851943851914
-0.2130195635400014
-0.26989004914457837
-0.12228676800759786
-0.1333499501015467
-0.13715245234243412
-0.32961867038102355
-0.20030847759881
-0.299856882840686
-0.18267686917533865
-0.18181577968789497
-0.23835290235001594
-0.22246058005475788
-0.1859472696778539
-0.1698149544881744
-0.13730967941592098
-0.1791712302592714
-0.23565739820696763
-0.1063787478760787
-0.14810515204590047
-0.05739208874729229
-0.25430703339225147
-0.17727625895349775
-0.22838241566205397
-0.0737896347673086
-0.15607842400640948
-0.04762884188494354
-0.12567705828723774
-0.1630160439563042
-0.19121649788576178
-0.1528765662369551
-0.1608834725559518
0.005426057774457149
-0.14206476777962962
-0.16744599619414657
-0.1191962136708753
-0.16310541017446667
-0.12786714050162118
-0.13558411986969077
-0.21767677956086118
-0.12507246268432937
-0.0872668463307491
-0.12881249861493416
-0.17301088200201775
-0.14136889504516148
-0.19782454068990774
-0.10296333035512362
-0.0554238872427959
-0.11736612116237666
-0.11062263785788673
-0.07901878414941166
-0.11339547430725361
-0.10558713988757518
-0.1938727686938364
-0.19573735584026508
-0.13733262805180857
-0.20019918601883546
-0.2372552607121179
-0.10072387199943478
-0.2183999353001127
-0.16559615540063533
-0.08291599413041695
-0.13652023132453905
-0.08492853988946081
-0.16465522635735397
-0.062118596773871104
-0.15518605101533467
-0.08140484767136513
-0.16568291988869532
-0.20986565022803916
-0.10112166510225506
-0.14436479897631216
-0.089723164377574
-0.048265415911373566
-0.08712768186114772
-0.10830811690141218
-0.11413070134221925
-0.061343215116721694
-0.0995745266659469
-0.09081027831871324
-0.1351330400389088
-0.14996600672384375
-0.12697786319404258
-0.13096073016276932
-0.1258603544883954
-0.08161675448354799
-0.06244853685348062
-0.07634893483918859
-0.13959352963138372
-0.13330085441702977
-0.04486537094817322
-0.09053409015905345
-0.13275197765324265
-0.11666289188724477
-0.08435207917136722
-0.08494484852417372
-0.09665413665516098
-0.06786506073331111
-0.15435702597824275
-0.03358666837993951
-0.044926153090273147
-0.08802911903694621
-0.10087778032902861
-0.10302895560744219
-0.09166926487159799
-0.07065145167553055
-0.02870859143490634
-0.05974048902089635
-0.13072264959555469
-0.11897354414884376
-0.14656186029606033
-0.06672410705527909
-0.032832895204592205
-0.07800959123778739
-0.0883082860509603
-0.1906941880733939
-0.1043440830653708
-0.055340580024676456
-0.03990232796422788
-0.020170913156107417
-0.08155237604387366
-0.12941008555844746
-0.13169771480170311
-0.06309664383661584
-0.11721632568287532
-0.05862794406669991
-0.0666515119264659
-0.025895412423778907
-0.09117787320701609
-0.1925925662071677
-0.11792529564036158
-0.09037269708187523
-0.04913575655518798
-0.03478852705666213
-0.08906732707828269
-0.09722549401612923
-0.10477373104367871
-0.15283142065163702
-0.11108207140478044
-0.10382076249516103
-0.013983388926135376
-0.02045243551810927
-0.04582628313960413
-0.09640316943659855
-0.11717084772681119
-0.09864955791999819
-0.05645197360536258
-0.06149154625018127
-0.06359664843330393
-0.06947049450843679
-0.0514591696099842
-0.16563683136701002
-0.10784969524866028
-0.09228919721499551
-0.07376535367075121
-0.09577475527476054
-0.06278009529341944
-0.04004848867589317
-0.07568265127179075
-0.06047691365893115
-0.06483992522407789
-0.09978180995676666
-0.14653135067783296
-0.08944148463979218
-0.0351240403799693
-0.07252301647895365
-0.04244750610268966
-0.06417496389622102
-0.06190419071890574
-0.084155758308043
-0.030588326387032794
-0.021084955597871158
-0.0701944626302975
-0.07828891143071814
-0.08563590636913432
-0.07086434737539093
-0.06313119613787421
-0.048934079979517264
-0.06222869546036236
-0.09111775097790087
-0.06215918824455002
-0.09968477761140093
-0.05777660765852488
-0.08668612364317596
-0.027818077326628554
-0.04832194453047123
-0.05172627495994675
-0.07680002651613904
-0.08100223136580098
-0.03625344590864188
-0.0804714245168725
-0.030856392539135413
-0.07074510681195534
-0.08816083440683542
-0.07860628527123481
-0.06715292333683465
-0.03162837745048819
-0.03153104872762924
-0.0351366200557095
-0.08232478802847254
-0.07427674253995065
-0.079914214917153
-0.06056209703456261
-0.03195083968034851
-0.03412357737215643
-0.05142848383911769
-0.07548808106912475
-0.07979539699408633
-0.09220667266345117
-0.06447765756911394
-0.031869443504547235
-0.02803573136270643
-0.03214132385164703
-0.08463284100707824
-0.0540389795005467
-0.04453723103961238
-0.061880291924353514
-0.04958358160547505
-0.03917532798277534
-0.04165220560935268
-0.04497763642666541
-0.047789756526981364
-0.05104272282733291
-0.08864863587950822
-0.046042896035032754
-0.07765577956888592
-0.09404428094603645
-0.06104474210405897
-0.0528093890643504
-0.044950289808468824
-0.06497375196897792
-0.03520430779312633
-0.06457801954877596
-0.049352018409990706
-0.059839110952452756
-0.014235433933208697
-0.034807817411319775
-0.05134468419782934
-0.06104225199680968
-0.037341662720109525
-0.025417638946237275
-0.012546812744403724
-0.049306605828860484
-0.09905054221235332
-0.12260162567872612
-0.06208150518796174
-0.027280058529868256
-0.00427648886852694
-0.019368650916931074
-0.03697383928283671
-0.10987384493637364
-0.11632324713718845
-0.07494515583221073
0.009874667226540623
0.006663377600489184
-0.010895522398641333
-0.025687211859803938
-0.09275897430052282
-0.0844052411030134
-0.08218704222235829
-0.04161079725599848
-0.0198959472891147
0.014130336725429515
-0.00013134546134097036
-0.09334338718326762
-0.07754820497211767
-0.06280200957917259
-0.06023495548652136
-0.011261899866440217
-0.03131078367266582
-0.03564783706679009
-0.037356669277528454
-0.06992586883961849
-0.07716081814305653
-0.07529192528954809
-0.03970008012402104
-0.026283713219754645
-0.020592818099885335
-0.03539733204524964
-0.09687983918104237
-0.06697345169231994
-0.0504196198326099
-0.04819504038214717
-0.04739581168200857
-0.04100629635286168
-0.051656806528626475
-0.05889640046007116
-0.03644056792131778
-0.05086195519834291
-0.043886876437682076
-0.08058928006357746
-0.07915278384825797
-0.04699956447802833
-0.05099586601363626
-0.03804572688159169
-0.03534175382810645
-0.02534981550707016
-0.06200196335885266
-0.06363222157233395
-0.03551991907625052
-0.034110850064280385
-0.05939217903869576
-0.05780996303747088
-0.06583932926423586
-0.045292431627785845
-0.055744310331647284
-0.03150476712107775
-0.04331726355576393
-0.0444440720257262
-0.04076759044141909
-0.05953186547048972
-0.05665249420667351
-0.038466677910037106
-0.053913458748866105
-0.047548784321406856
-0.04127860139033146
-0.029290088368725264
-0.0338195019212435
-0.06901640743672033
-0.026447519991052104
-0.061651430884921865
-0.060071431664255215
-0.036718851206387626
-0.016387468068387534
-0.04712344897006915
-0.11350348548057809
-0.08082927321140687
-0.011815562743322516
-0.027067268113171394
-0.05417877035370111
-0.0351644692964328
-0.05509356155380374
-0.0881099863563577
-0.05930670187808573
-0.04445174548527575
-0.027130320019750798
-0.006237454808569964
-0.0430877816395423
-0.08732180807419354
-0.08574822545051575
-0.04337817991654447
-0.04097411021848529
-0.03194685840753664
-0.04269583558539125
-0.06798575585708022
-0.05331770934259339
-0.06171865378564689
-0.0383146155063514
-0.023285938073968282
-0.03517101666511735
-0.06961100784610608
-0.08691758023633156
-0.05347192801855272
-0.03906733387611894
-0.003800475603839004
-0.03150063323028007
-0.07273041623011522
-0.06320266502825689
-0.06057330042676767
0.00035054553427471546
-0.01307723635181901
-0.06896511372315217
-0.07389446815614065
-0.08662571317108814
-0.028278379333869452
-0.017516233749120147
-0.010840951028058043
-0.07132863222796004
-0.07901764094276587
-0.08935054890207539
-0.05654206927101768
-0.0008074319121078588
-0.017664003353274893
-0.03262062746944139
-0.11810440224508056
-0.08485686835774686
-0.06399358205089811
-0.02233444611010782
-0.008621220344139147
-0.025465366004482348
-0.06382980013586348
-0.07438013387036335
-0.06273286516807275
-0.07258910364362237
-0.01629775375386089
-0.025828909455867688
-0.05774095202104945
-0.09181917936075479
-0.04711383781523182
-0.043436327977360634
-0.02038098336549865
-0.045208126390207326
-0.0723504846682772
-0.058245123756933026
-0.058506319279331365
-0.05154168116314395
-0.021058770029185325
-0.051139203993443516
-0.06962671301153023
-0.054956871088165826
-0.05805707453259856
-0.05132270903959579
-0.03100143390076937
-0.05589870739459002
-0.08150884733913699
-0.03303465873210598
-0.04713982197290534
-0.0518877542735936
-0.026590877082526276
-0.06458949997067975
-0.06576373257121304
-0.03640489138388148
-0.061602826906892005
-0.061960277998878155
-0.032619512643577764
-0.039104377122384903
-0.039032552755088545
-0.07697807542717783
-0.09559002867536037
-0.017694077335363545
-0.02909870083988153
-0.04221244151813153
-0.0934981356112985
-0.08106422317723627
-0.041827178508356155
-0.029934628073078784
-0.046189393375243526
-0.06393121326323126
-0.054837912761286134
-0.05985342609255895
-0.06631009465399984
-0.032615307976357144
-0.027697239491317305
-0.05945975273334625
-0.09713885087330709
-0.061060063021841415
-0.03156951915116224
-0.0127855256798739
-0.05553065028743731
-0.07561237530171638
-0.09495587476703804
-0.05842187339942484
-0.030992869928013533
-0.009789662766706897
-0.05952454287762521
-0.048868468393266085
-0.04261166253127158
-0.07553319714997997
-0.051740607011197426
-0.003359304996592982
-0.03579477525636321
-0.10358002406428568
-0.1044657243983238
-0.04809530191164413
-0.024591059669546667
0.006893808997119777
-0.040595318605483044
-0.08992677756396006
-0.08415930387127446
-0.0823894592194847
-0.016729934043723915
0.007410718142637052
-0.054434089612186654
-0.08517341909828247
-0.059644796996508376
-0.03397007647618011
-0.02295533791948401
-0.024194496911150054
-0.05175434156157621
-0.08401238435180858
-0.05098843873201986
-0.02896003920068324
-0.057644152373541147
-0.05951735751659726
-0.035944914154924845
-0.04725580595550127
-0.05259263289917726
-0.01921785544800514
-0.06222446894389577
-0.04948401901674515
-0.07233708483545342
-0.07320355251431465
-0.029776381578471955
-0.02081029871624196
-0.07090673869333841
-0.08621971383035998
-0.06027731206268072
-0.030996621581834916
-0.011574867531635391
-0.06218097897362895
-0.08885145890963031
-0.04458883970437455
-0.034280221894732676
-0.043438529786726576
-0.06340989201635239
-0.08904985375556862
-0.06797492426267127
-0.04310899137999513
-0.02980949887933093
-0.0551121664357197
-0.05461647942320269
-0.09327275497707888
-0.0616232497850433
-0.0402229622923187
-0.037956117128487676
-0.0371173075373008
-0.03907903632352827
-0.05660350765720068
-0.09154866318567656
-0.04106631652757642
-0.06491024471688434
-0.024671459856108413
-0.06878336743648106
-0.04152207286955445
-0.07685002562175214
-0.0877482814648829
-0.02445413651139461
-0.03854676735545581
-0.017597888465388678
-0.0943988202343462
-0.06878952621264034
-0.0584014715595913
-0.03274574464657576
-0.026493056690924277
-0.06650485181307886
-0.06672389466075401
-0.07613603606296238
-0.05850303829265613
-0.06982901688206766
-0.0385753699590623
-0.018030090741604
-0.037198862305857006
-0.07957619732769672
-0.08571507420492708
-0.04946135386126116
-0.042446200182894245
-0.04419466082481449
-0.05523412506227032
-0.08529666456888663
-0.07265628590766937
-0.055016180105667445
-0.04180855484446511
-0.04086549858948274
-0.036740527879373985
-0.053650649253540905
-0.07226536558300722
-0.05831330011278624
-0.08404159986275772
-0.026268755549608613
-0.04054150598949491
-0.06326417231139203
-0.08268601387680974
-0.054324836054092884
-0.07063275494147092
-0.07990784268486095
-0.05566178409821987
-0.03697705874219537
-0.02493407668589498
-0.088748162296163
-0.07157329488836695
-0.060705724693434604
-0.033145547728054225
-0.033788729584557586
-0.020333165775042517
-0.07893425964607559
-0.07425740618737109
-0.07165398737924988
-0.05221723857175675
-0.026207386159967427
-0.05692543000623118
-0.032939837692538276
-0.0635125474727829
-0.02733444249679451
-0.07552114449936198
-0.0542100906086489
-0.023663604910325375
-0.04701146404113388
-0.07959740270234761
-0.08926979472016683
-0.06257409816680592
-0.04194707326769276
0.0037311640999178053
-0.02989938375321799
-0.061500049916503485
-0.05253171950153046
-0.04722993231007422
-0.013206016472395277
-0.05491503180383006
-0.0741996839087733
-0.09600899538054364
-0.058684468449428095
-0.03165593737139716
-0.006935235480341362
-0.05075686720192607
-0.04586500107734537
-0.07821479210542748
-0.029606428199031143
-0.02986682445407496
-0.05017405721628165
-0.06093228253121197
-0.054671273748681415
-0.028558154526763246
-0.05273583977509588
-0.055419149131921586
-0.057912057222893054
-0.01706682657595593
-0.06732115428485486
-0.04814683109179896
-0.06717036218628891
-0.05092286996659823
-0.04181088491168339
-0.03520689673314337
-0.05858462544347276
-0.06157904854990193
-0.0771368917885411
-0.062395051217208675
-0.057287145689770114
-0.0007301578061742475
-0.048022520214090036
-0.09039943696552655
-0.06605605820254823
-0.027091099249446415
-0.05160230027104262
-0.0391137595543114
-0.04071319849981592
-0.03635168679829803
-0.07486803280335153
-0.04385911993449554
-0.023919397350255167
-0.04847612656067213
-0.02443487663185806
-0.09603401813546952
-0.06583481130019209
-0.01925379353997414
0.004266133414603246
-0.04985760788622429
-0.04258122912597173
-0.0691304611209489
-0.031101264989047195
-0.04533971825912886
-0.04006500070045149
-0.04954937253933167
-0.046162776486653456
-0.017231815518186977
-0.04885476907293196
-0.03154379461375356
-0.04217260301265924
-0.03723228396484046
-0.015462598192243604
-0.04643996556944785
-0.06153059185635357
-0.04407440841055177
-0.05581444464587548
-0.023663771304200054
-0.006318031666523893
-0.04170980521234924
-0.04520907986807288
-0.01009285918189562
-0.001960267332378862
-0.07602591233808198
-0.04484276941002463
-0.005973288275527011
-0.039741093258271576
-0.07576725868239009
-0.05399328667954251
-0.025876713585603284
-0.028778865450476587
-0.026428536687035376
-0.0317656165225344
-0.04802544957237842
-0.07137020461595966
-0.04823480347658915
-0.04799271787487669
-0.012869587129898719
-0.03682474618699416
-0.0574438725680011
-0.051815102859109174
-0.0734921956945982
-0.04230940039633424
-0.025843712784990203
-0.015051016640882153
-0.037636665711033856
-0.0659788254358773
-0.024254155867311056
-0.02197738852009934
-0.04268887505349994
-0.036015687086319303
-0.04282307435596522
-0.045656020685783005
-0.013569433494012628
-0.03777919185904466
-0.04226320975431008
-0.032864358331607946
-0.020144658518802316
-0.07270880857322481
-0.04223076590636765
-0.04825771338073537
-0.036187249933391286
-0.04891808006033216
-0.05038399742170441
-0.01595406164733504
-0.053127155177207896
-0.037435924493820494
-0.04052564236735634
-0.030763684088014998
-0.017598361089767423
-0.07433413994294824
-0.030262877442510216
-0.034046510019834386
-0.034410559785101213
-0.025405139600479743
-0.01918507701066119
-0.08144104627717752
-0.05322185348268249
-0.042062351800268516
0.012524185900929297
0.023680661857497398
-0.03460967292630812
-0.07358179736002057
-0.059917044412486575
-0.048756449918073486
-0.023270467969268793
0.012885738234672317
-0.003351690229465021
-0.07206962688678686
-0.08135739165300038
-0.05898702498586772
0.0016525969069789426
0.015834276438909
-0.02170029194280687
-0.040859102533431724
-0.06593369544225425
-0.042778222497872775
0.0002629322261782363
-0.03077926332844072
-0.03807183426033589
-0.03153986311463086
-0.0404748326900517
-0.025104626273332542
-0.0003369754505229139
-0.0504091583961781
-0.04483436173359223
-0.06003353067990247
-0.03652114196665934
-0.009671595613326645
-0.022780444440286374
-0.03294143532184535
-0.07171338785883563
-0.05011790196294896
0.004390088521176949
-0.017263656056456966
-0.029445781218498723
-0.07699547361062287
-0.05500565492309306
-0.029172127060519415
-0.010021478959970409
0.0048598916619084775
-0.031971159238310065
-0.09997091908735456
-0.07480665643197426
-0.05174307763127217
0.04391812066705825
0.045078390818616754
0.01762457620134228
-0.028820409823993032
-0.0689673248998588
-0.09831922158628004
-0.044153181191404656
0.012413112679496408
0.0493847432990151
-0.02069727719299408
-0.03510811787418788
-0.055510915734430455
-0.06628927649762772
-0.01897735335296602
0.01401723536037025
0.026278811132215196
-0.04741797085443977
-0.06548843275231775
-0.05203941307445348
-0.006118378535120428
-0.025693498270470627
-0.03469035056332359
-0.03123966221937735
-0.036568419862305745
-0.007568691032247443
-0.03826064916574978
-0.010740827112812212
-0.0240600168825722
-0.0453427339780319
-0.026775521077979647
-0.029222705922165915
0.0030258301931098686
-0.022613068893406307
-0.04458526738198998
-0.04582839484282886
-0.03267004901084647
-0.03492335867849761
-0.035946965441780776
6.480234515038319e-05
-0.013719815916147127
-0.061081185322564124
-0.06369089280815388
-0.03718148696628987
0.005213298503804253
-0.01775339464620629
-0.002991066467075143
-0.024860988349246327
-0.035219096615037415
-0.030839475977700204
-0.027718855619241367
-0.025058793427888304
-0.024383222833421314
-0.02786408107817806
-0.02012496621136961
-0.03697067735083692
0.003214442097032588
-0.02292014467093395
-0.03216008020353911
-0.042431479359947843
-0.012381721427118464
-0.0023245441407198086
-0.008955419740232173
-0.03183994064477247
-0.026081086471890558
-0.0409313922336878
0.011186898267624201
0.019927433774682868
-0.038266693270145424
-0.03311609158481588
-0.010677399759515538
0.012332182077216203
-0.030351647782367763
-0.028706498785140866
-0.013921268267949927
-0.06117333260220903
0.0048412260020995745
-0.003324412671418031
-0.008244910648500081
-0.03553474650652788
-0.06796486549228575
-0.00991212434200861
0.011556007831181603
-0.034292114350137126
0.007506536339860759
-0.05703838022691343
-0.03354070573368517
-0.02159984404693205
0.0025624090503697516
0.007213631010017707
-0.004928062215185491
-0.048413566080398596
-0.02827458069077693
-0.006638460104397836
0.00045973712440172676
-0.026795198623688066
-0.04592725885095206
-0.025151667378850107
-0.03130046943806519
-0.00856013281372725
-0.01942501936196095
0.008658027514684363
-0.00812412580671662
-0.056678828834265005
-0.026135836667890544
0.01244570648862009
0.019124069440067615
-0.027374863947443373
-0.038295156940620245
-0.04555625998182222
0.012678371736001282
0.0149701095342607
-0.025561466876752093
-0.046961101765191415
-0.026930553125566803
-0.01994931281933532
-0.009812952204811154
-0.02098628856401774
0.0011286548669886542
-0.02248734398472152
-0.03585362352532684
-0.024947155497102358
-0.01580039569444125
-0.016445952313006273
-0.014784403314649808
0.004550225204638991
-0.054249423681540065
-0.03690769651984738
0.012827085880417144
-0.026589100249111652
-0.033967182263268114
-0.0073564954809626215
-0.0063061004755127215
-0.008154067733812553
-0.022972738339831267
-0.03790117344215105
-0.03506231650681002
0.008501307771439315
-0.012354635025985772
-0.03191202282323502
-0.010730661187835722
-0.01963027738383971
-0.019072545732342405
-0.012596682046932983
-0.02504481978030526
-0.012655228382300265
-0.01174212030673516
-0.04647791728802986
0.0013188992907089414
0.011021137388524949
-0.016667777934344485
-0.03674303723846606
-0.028721829768983298
-0.006453022088408034
0.022092447010663818
0.01511342242883984
-0.04434041724562121
-0.07586087092931848
-0.06264249525702326
0.0064912642527588105
0.010481951154361013
0.00014823482706560753
-0.030080876058491413
-0.04286456714680753
-0.038677925947467884
0.005834256870002719
0.017414458980510972
-0.021753593915491365
-0.047010761460114736
-0.0362392720680873
-0.013638739881116635
0.032421032890852075
0.013031196870542772
-0.016072210781203466
-0.04333529111045209
-0.05072518513225077
-0.004786441519172513
0.030145602751872502
0.022135482122394023
-0.04069090299526579
-0.028356590644762036
-0.02596791819905775
-0.017845983151346445
0.002199755545007065
-0.022440749950874306
-0.038110989075676116
-0.01970812002218736
0.028093884294776217
0.015588849713822128
-0.04349518320304924
-0.03155533429867319
-0.015294788455321395
-0.02114925869864237
0.02455528278642305
-0.014640467859862838
-0.009234517703589518
-0.023021148026600713
-0.03164410073986801
-0.02396579825290246
0.018330614560909453
0.02281329698337231
-0.0031796565167496738
-0.0640810443573514
-0.06614907953735383
-0.02817926088453504
0.02756162423065689
0.047290874157624785
0.0009053421163116582
-0.038104045219370164
-0.03764649212143922
-0.01101707054203871
0.007256257005792577
-0.009205512182234088
-0.0412859228454181
-0.004698626025856356
-0.0010763271566247568
-0.005213452750467695
-0.06484794661992055
-0.014703991986607434
-0.016029110860927176
0.006235593496057845
-0.0210470941239862
-0.036463737450503686
-0.015583441923809005
0.0035056024007644737
0.02399182367389585
-0.005642824906317401
-0.04992438894350926
-0.05326093611984106
-0.01166135580297123
0.043922196222411
0.04746273373484655
-0.00786993495967181
-0.038963153601798695
-0.040428707279716036
-0.019181884521458414
0.0021473362685355823
-0.0002404618394393765
-0.01494092890808929
-0.020314769662945764
-0.019329662413440474
-0.010515196268897853
-0.0027529039340379313
-0.02320838123523572
-0.00043556783668918797
-0.018396443798565087
-0.03718988873856688
0.0015404655150632607
-0.0007353020873495097
-0.0026311113756491977
-0.04462527620853507
-0.02676898880713452
0.0052903139858244685
0.029395599255281013
-0.006878765849478441
-0.04879977917516953
-0.02144975338774202
-0.03074373945514708
0.020721671496175986
0.019810895870250533
-0.02027339993219357
-0.04034412556143252
-0.04332043555950804
0.013955642805740354
0.03282723762367823
0.0002879821777810321
-0.04762197887612274
-0.025241889207791246
-0.012748366981952586
0.006273608079936821
0.010078126259031706
-0.02555375652445946
-0.02812179932152503
-0.018864109435639875
0.022933265175197448
-0.006462428762461059
-0.029195395148235548
-0.03294775145332096
-0.01343372179508151
0.004681623493624443
-0.02493751958240864
-0.0006947285371552425
-0.003550815086782677
-0.0029992360814503627
-0.03601444297055423
-0.018082483717307696
0.0033976471313508227
0.020288380030251574
-0.013153664984201896
-0.037947159116811235
-0.04525222737174772
0.012867740006186068
0.015672414763685083
-0.0035233967364547425
-0.044788332218558935
-0.030020961037735105
-0.0006927798287961195
0.0024510396110599686
0.012399864450344467
-0.016509630559085053
-0.03874688303676521
-0.021824967537213524
0.002710992321226513
0.016790556629985076
-0.0005815256026835414
-0.042296134372008964
-0.032264631469388405
0.009276673363274313
0.019549090449800133
-0.012252165943209548
-0.04474715832839138
-0.021869034300152634
0.009353034315154218
0.030364607911906205
-0.03131423682350487
-0.03401888266375863
-0.021897726928045813
0.02141409881483014
0.01357216899850755
-0.025198693511811143
-0.056703171923800255
-0.042316492730606114
0.007638098550160066
0.025147508391000883
0.033004524023453996
-0.031004976664917194
-0.03560833508959149
-0.010203501706769202
0.00879202193209494
-0.00813682505520319
-0.0289223592280905
-0.009014553899760358
-0.008131031478114892
-0.008723293076400296
0.005776729391072877
-0.026676614743337268
-0.027294325255752483
-0.002889750147005543
0.006668507410495295
-0.015067547459693742
-0.02122271380994789
-0.02900649100774899
-0.0021491158286153222
0.010180813222177676
0.005003168482289766
-0.0452235661650775
-0.046626957795524504
-0.01083883678654729
0.030189611148671247
0.029940616588646662
-0.010723024758590327
-0.04841056372606545
-0.038950750340518425
0.001580443906277651
0.019191091452739784
-0.007747091687633656
-0.026907549439783907
-0.03534800071793143
0.011667471819521325
0.016385734161303844
-0.02268853162331652
-0.02154102105032507
-0.037976582401825
0.0137613771330507
0.018370247820939767
-0.028758819288668747
-0.040230250679087476
-0.02128492749397992
0.004983609346936646
-0.008450958752291626
0.006159750281767629
-0.03522906018588401
-0.015370652015917585
-0.014738423935341416
0.0007877413754613372
0.0023633394430362387
-0.0291235682166473
-0.008743294236410293
0.0016122396009450313
-0.015632527605703217
0.002657678436662536
-0.0141820155968162
-0.036814646862694644
0.0018978916568812565
0.009157361057759772
-0.018088533162881504
-0.03606147299615259
-0.02969652025240066
0.02324702648229504
0.016416244598076446
-0.019238719145960204
-0.04203686882101465
-0.020156044342911628
0.022267114857186243
0.0068673099331135745
0.00025908703264576616
-0.04940673631062964
-0.052047739883619215
-0.011184975326614222
0.0328692365593497
0.03362494621433143
-0.011231619934733317
-0.027579914110901882
-0.030103391903878673
-0.024165388975234237
0.01756098258556449
0.000634616967090551
-0.02540733168098086
-0.022810329883213853
-0.009241041057975963
-0.017291129418481432
-0.007283710696356138
0.010226537825019477
-0.029575291073797416
-0.015807970758032752
-0.018284123187186196
-0.0009093931221286766
-0.008749230440116662
-0.018494565774744842
-0.007476321763192573
-0.003042926733371587
-0.033801677791416296
-0.007631826355464
-0.0012220937796882936
0.018595627889226307
-0.029564743725131848
-0.029594126902111384
-0.011826949102214712
0.005016616069042357
-0.004168347566974262
-0.019608544307629927
-0.0315060050829743
-0.00751312370607593
-0.0017944863702723524
0.009105493107199436
-0.022235760754028888
-0.03637443765330772
0.01191223810928932
0.01295329065169426
-0.007708517479386501
-0.0510603137850012
-0.03602216698345728
-0.01248248637875804
-0.0008357855067515629
-0.003426463290452375
-0.004461757969693281
-0.019943930627050577
-0.037241744952552835
0.0034709348312844668
0.0022860902211050416
0.0009108719384585129
-0.007095441759702226
-0.04259161037498416
-0.03732362720711535
0.022565280830349366
0.032315569900674745
-0.01859673829858366
-0.034350483848356816
-0.02858473570518072
0.00744940223694357
-0.009199831110890955
-0.023964088110005832
-0.007711003510394221
-0.004441003165936763
-0.025286681702709757
-0.017604526067771076
0.00585969542089515
-0.02658980088381213
-0.019789405683695804
-0.021058945221739123
-0.0049509351774759125
-0.0024622203982289648
-0.0242588939727284
-0.01926899270983995
-0.0034896877209575905
-0.02756779068818105
-0.022207744311344868
-0.011180934683352461
-0.010690749661534937
-0.0034676354262046516
-0.005296527845985111
-0.03418814757242217
-0.03609702445464791
-0.016920225613830553
0.030814120424565772
0.024864102097126306
-0.010288890231095138
-0.04840296426482382
-0.04298267727790517
0.011066195013881952
0.0029925906237622257
0.0041806879819148435
-0.028159885202967416
-0.03323631929606563
-0.005845513514941558
-0.002905826101596176
-0.015704694836017552
-0.03267936493004697
-0.027142671975980193
-0.01399761740140093
3.775896766455844e-05
0.0028314982441770553
-0.04329610299907927
-0.04135402082101791
0.0012086698361599701
0.016668820891936775
-0.0116546802519224
-0.04166119868750684
-0.031178947890111885
0.03551811524448567
0.03773558244211017
-0.007590490398797556
-0.034659974706301
-0.03872893233165087
-0.012423602258422761
-0.001446121183107607
-0.0030733115190741955
-0.021040381947386777
-0.03791278692006017
-0.013326300730568619
-0.011020403488885222
0.00873332684750494
-0.00973250120296143
-0.03605598685726363
-0.026933869363347185
-0.0028955368097740575
0.019248557367063768
-0.0293304775696015
-0.029096159072651062
-0.02165475761808011
-0.010759645964753872
0.011214463886062731
-0.0324096639601521
-0.03731996244459879
-0.012630154588805453
-0.007336319626119803
-0.010226395624158613
-0.01285421137481535
-0.029626450175783248
-0.032063680016790386
-0.0018012326836469583
-0.007221889265565551
-0.03210181435406412
-0.011999214489549104
-0.02266155057350261
-0.031279861438633816
0.00672898235188768
-0.012696551754288521
-0.016966385149771668
-0.04182918372907807
0.010952038664981956
-0.016380532337279874
-0.013493362828739919
-0.040205784540376044
-0.015909418375713358
0.004445136833055585
-0.028042638592523872
-0.037121230445563924
-0.02010471800895175
0.0008678120693730307
0.0075703658790189365
-0.029404668350252905
-0.031120532449278926
-0.026045579745186842
0.002578174953953294
-0.013062237507256214
-0.005370955606849748
-0.06548519574971579
-0.05482393474630953
-0.007869462534472405
0.024053558422565402
0.01059748688635409
-0.03003445098153179
-0.056812004469179556
-0.035423394285317045
0.00901888050884736
0.021685083045667852
-0.005999833768555618
-0.04346652716048993
-0.03859831405134173
-0.01759017965559906
0.011509842099258094
0.004443704445293406
-0.06695270893078487
-0.057913757141250244
-0.029589950237095763
0.013220977161836345
0.02139938521941076
-0.02362093958981859
-0.04064913822458038
-0.02550015137603623
-0.005759107259734719
0.01164463168970542
-0.03211970498250594
-0.07242979342117906
-0.056278705909790006
-0.0018883649026975036
-0.0050421177961652575
0.019951838326278448
-0.025876230511130416
-0.034051167923109915
-0.02321657371612673
-0.01992853111187287
0.01950777693400596
-0.00038267683839876554
-0.03425159375183284
-0.05271376016025897
-0.038377117774871294
-0.001400126606313279
0.010764238389583625
-0.02788998834512313
-0.05130019415446441
-0.029124678989319364
-0.004140945866311085
0.01760390708977866
-0.015734826962216175
-0.044436240459685195
-0.0140208786679068
-0.015479111427339376
-0.012048305605276255
-0.004037777260236908
-0.021031664783549786
-0.02943872707294304
-0.024124593521264615
-0.021543632404245727
-0.0077815858076064615
-0.006839681829660549
-0.03512926293728924
-0.055501835391737586
-0.006080464007027331
0.008730215773539385
-0.012035520307108527
-0.044243896618354484
-0.03276604673919792
-0.018046860703179846
0.004587578643850065
-0.0005851573425843526
-0.05329441585490713
-0.06165093968030533
-0.03293911200718469
0.021504739834199427
0.025464244255090307
-0.019549376046825273
-0.060368902690242976
-0.05377065895299893
-0.014857847580969974
0.02057250728830695
0.000570750564293121
-0.03063731632028066
-0.04883619267002359
-0.032279262610245496
-0.0020725636031784234
-0.0032967453271339764
-0.02302206318017852
-0.03360123252332414
-0.017432739442938328
-0.0025578417516953778
-0.011790965494469674
-0.030364227013706113
-0.032135969735008985
-0.028751749259754433
0.020668148001277586
-0.0033735746678758005
-0.022649699269095436
-0.04103352449601516
-0.008689268550369889
-0.003473416225801884
-0.005915995877103342
-0.03906176164446151
-0.03918205521222262
-0.011153643158650084
0.008263664017704286
-0.01342503169689735
-0.0382806521074599
-0.03913255179031694
-0.004201820509479148
0.003267193069405039
-0.027399971055274364
-0.0406089876050828
-0.020652646369853755
-0.007685989051879005
-0.010128636404715508
-0.01760379683219071
-0.014733676193827705
-0.026544181676399603
-0.02774762842992118
-0.022017237204181583
-0.027235700043092947
0.006963661440522628
-0.017335376095616084
-0.04232410119038832
-0.03224232062217425
0.016085258809425795
-0.006838024168985157
-0.0469246002521686
-0.020832792791452448
0.006031270173480152
0.0005356777087399678
-0.045542269021098036
-0.04125925254629692
-0.0015463805166291422
0.025587220826508883
-0.0023638841910553765
-0.05746341789836151
-0.06644223672628868
-0.04116346826046424
0.03865219515864737
0.05536840760942141
0.032035777825058176
-0.03991543235724748
-0.049757021201003226
-0.041544774976500776
0.020314018057433714
0.01956245301494164
-0.018633817657246254
-0.06279681898740819
-0.04491147975932108
-0.01094172484226874
0.017098551090384717
-0.00643338867712373
-0.033302586624131436
-0.0420733747905615
-0.01888184949666538
0.00833653480049179
-0.005609477958842035
-0.05767238101634575
-0.03863230124443362
0.0023607323498708865
0.00336109175304955
-0.03384966167141101
-0.05092708231859433
-0.03413461754803393
-0.00039730684511596337
0.009125358408709872
-0.02719708188669756
-0.053920255519187776
-0.03995571314771951
-0.00133801594211036
0.0009432226139693967
0.0014348752611113014
-0.045447188738762634
-0.03930627966474276
-0.0016330278242548957
0.0018971074805449462
-0.02422683382883406
-0.04977221000990539
-0.004092284863872919
0.016577527892877697
-0.017928999792275135
-0.051988952058309224
-0.015371012703269571
-0.0022502179053844884
-0.008828061731946946
-0.0337470899322625
-0.032989831575832795
-0.01385869680552787
-0.017207317997417704
-0.02499782798463457
-0.018012032068327244
-0.018903934629634023
-0.020028586400258064
-0.018609317984555673
-0.0029855354193841777
-0.010453584571905594
-0.033147984086099314
-0.020692489856628526
-0.016072398906999297
-0.019868894336468657
-0.011323390423683577
-0.01791264713210694
-0.041904376877937466
-0.018023703058133833
-0.022374923176357697
-0.005582212714216439
0.006077749742871674
-0.006663452231805422
-0.05326088493438874
-0.02822415718856064
0.0013521264045266435
0.0035366442095892126
-0.044011747753756936
-0.04920091635722201
-0.0035742922727877158
-0.0015280082575372944
-0.016839783753312076
-0.02513848655826223
-0.03619768605460649
-0.007409445698158379
0.0016049132643729536
-0.02143636136315763
-0.02922785997725441
-0.027281648488497012
-0.0013446700786516885
0.00264563060409273
-0.024656416815560078
-0.047518714589386946
-0.019496589170557854
0.003011843499734823
-0.008109247061838687
-0.027623970707281842
-0.03210306788150774
-0.01395204970776831
-0.015770277423825974
-0.0022080749015458423
-0.023573447339003906
-0.048285207854860346
-0.01394846327821142
0.03277426746899437
0.026160737018528835
-0.02702175478816571
-0.04648654749325942
-0.017211166110428167
0.019085306831584603
0.003744093017303385
-0.034384488272735325
-0.06721077911061002
-0.011447488963312935
0.01601756941909116
-0.00427724311680322
-0.035175706374502624
-0.033478954628662905
-0.013751211943599628
-0.011285025299230256
-0.017835424411714484
-0.026887990831141906
-0.016443727929981833
-0.007786517662452752
0.00652157546755916
-0.013405500127191772
-0.01477432684168889
-0.0204688092608194
0.0012975335994269699
-0.013174353136619743
-0.01583485858623135
-0.020142599005339434
-0.009744809793971854
-0.021816871503233415
0.0008531021558155771
-0.01546094641162199
-0.011170193359248515
-0.028838962736699614
-0.0018050913063234475
-0.012000260472291302
-0.02647241066370043
-0.029642938327697266
0.0021577545412583277
0.004946616249071667
0.0008979187061868288
-0.03855714257588261
-0.01729235309460364
-0.00909114510523068
-0.013355815782006175
-0.01968612473228859
-0.011253103328272118
-0.03480681189830648
0.005703064176486805
0.023755743670335505
-0.00048360360278820735
-0.021699390297271748
-0.03350708320249396
-0.003336529822149714
0.0016781399426690768
-0.03659720142240985
-0.028380005580572742
0.024967143992398633
0.020237575289684173
-0.011263803786278004
-0.03599569095604238
-0.014735706349256361
0.001001618426926143
-0.014614560650443309
-0.02344441963305144
-0.019234409608316128
0.0026560331589280395
-0.013534582867578138
-0.034685843796069094
-0.030993588731234922
0.024948354001935513
0.031402536050336494
-0.003703128671986633
-0.023487291435230873
-0.03710268007671402
-0.033085672574088676
0.010973943101703298
0.024706031364075898
-0.006894650644426292
-0.03543324059864972
-0.01120734788796085
-0.003953310542328836
0.02395535271625704
0.0026795000230777077
-0.05883246759913163
-0.06364426700019976
-0.03600036644274951
0.047619008451874834
0.06564707354118582
0.03542809357668375
-0.019711625733407345
-0.057188292301816546
-0.04775619744850701
-0.006057467444861686
0.04066225866881723
0.03730339694448048
-0.017685222621366847
-0.03008105328444799
-0.01839359897257964
0.006705606752802851
-0.004272262656058956
-0.026716750958257762
-0.006984790857131884
-0.0013451089439513453
0.005782377193099819
-0.010574509074672278
-0.02023405408272083
-0.012686430705798557
-0.0028987494069951936
-0.008675253644014447
-0.0202513009166978
-0.024548104977839103
0.016255926557278144
-0.0008162499656805267
-0.01499782904102176
-0.028422084846170037
-0.019364045832844567
0.03836754633721284
0.013125538408075954
-0.044773810492188204
-0.05086165425746003
-0.024669675940458546
0.015491211244807346
0.055228614080988336
0.037997980616637506
0.004633423493942246
-0.06667891651886748
-0.09594395174644887
-0.07397253590170294
-0.027176974798294395
0.05799823408779048
0.07981976761948317
0.06927325590368127
0.020905228977881052
-0.05376151271775598
-0.06648152515117545
-0.053914434338366846
-0.005896492427382327
0.04132904547441285
0.049355403491063043
0.014336690191157686
-0.045255250441186945
-0.06857568965642713
-0.04282880889587659
0.011202549872905365
0.03459432075464974
0.023487368632231664
-0.03983212944876868
-0.049005990018486045
-0.03175115472458856
0.040473877437761985
0.04756136987452919
0.030411551715587848
-0.026585812569464906
-0.05260624169568473
-0.029753746619462618
0.01096580553635107
0.0311369271366857
0.00680870999212857
-0.03735602996403031
-0.04321826014529506
-0.014348353608340858
0.005970069600152783
0.010080043448851939
-0.01048810479005624
-0.038170228337548906
-0.005858503092895262
-0.017534593796654008
0.012125989254855085
-0.012672271378505684
-0.021999718589086115
-0.02153530092436995
0.003988820859376574
0.013638596205964859
-0.011622910506332573
-0.03557727783845621
-0.021799415811301515
0.009999047101700853
-0.010034983044533874
-0.009812081285417662
-0.02277902655964681
-0.0011549849041330162
0.004583770074304994
0.010270000226228149
-0.05317993677454069
-0.05691532221499074
-0.01900225185272575
0.015223444634102634
-0.005659782821567205
-0.005300544784859085
-0.03777560144965264
-0.003385236283065751
0.017468700540007376
0.005006605601465708
-0.017170146624266636
-0.027264307685982203
-0.02277504707672051
-0.004189696247067332
-0.006856415699985519
-0.028375658293953165
-0.013655001755978446
0.01728239045769442
0.008853752375216573
-0.021620986870402703
-0.03136407873898861
-0.013738884735630563
0.005172790293727303
-0.01684150918663363
-0.015456128856385476
-0.00919600903034734
0.004567107572185591
-0.010513691216146981
-0.020597913540768786
-0.002955352534627309
-0.003783025405823537
-0.026957924716043635
-0.0225814491896017
0.01417731844685477
0.016150797018781304
-0.010242606899964812
-0.02421857771918212
-0.03540357944802963
0.01165581560054818
0.005232975346785906
-0.032471071862346435
0.00026924863504973473
-0.013868451404732696
0.0027497900582602597
0.005464168418257032
-0.03082700429149554
-0.014652363007826352
-0.014961011220066212
0.013416099340247456
-0.001291719122491486
-0.04142723307450069
-0.02217287083158226
0.02052903540970874
0.034655509318781696
-0.0026858427136176033
-0.0318032156747563
-0.032239719468634576
-0.003886377707885913
-0.011673233028659524
0.009257269279260072
-0.011515370953134152
-0.016669089548429383
-0.014174407604514272
-0.004119917139178142
0.007872130953273881
-0.02411572963001163
-0.03991967337060487
0.0038678197597619146
0.005382137830338252
-0.001001393769911374
-0.009669766624938347
-0.04161531226600346
-0.01927154946497467
0.004899914325051213
-0.004200993819495125
-0.01313126219156402
-0.0038463461463038584
-0.010936929824765684
0.0075367489425843814
-0.01877365211112192
-0.042808013793546706
-0.011545921612878374
0.007149884973841836
0.0025962588460970437
-0.02490320946162683
-0.023546411499182796
0.015486828358007187
-0.014929491709608556
-0.013212437655965914
-0.01002271121387821
0.006654866314306673
-0.01716797975313966
-0.011455834463959036
-0.016347758672281998
0.016540497781534214
-0.012773545369896055
-0.041344328952618525
-0.01098658222508675
0.013633693401061464
0.0011004067401927387
0.0032670048919953842
-0.04606229882847401
-0.05176943460901384
-0.03600450570957037
0.036805562151585036
0.026062195509439334
0.0244425152632175
-0.015655653878638986
-0.04367996707151178
-0.03721008452703245
0.009795649358238734
0.04504165873368038
0.011364743853846448
-0.03995367175230058
-0.04090378090040758
-0.016588939738767294
0.021319273013432394
0.013865399202586559
0.005842640833634505
-0.06691152491293906
-0.06293979848305753
-0.022435566708736587
0.043398614448051376
0.06956309815723216
0.029345694904804986
-0.030239594111662882
-0.05727974673209246
-0.03322753369502607
0.0324307322880486
0.020599891821802885
0.011172474658494025
-0.024639667541123345
-0.042272677907021716
-0.013455585275210069
0.013364402810111642
0.011849171599408237
-0.04553004527770099
-0.03994896876793064
-0.003782887574971028
0.016073078946647
-0.0011850176942971302
-0.012657006928066039
-0.03008393201889703
-0.024707474096430815
0.028672973794073187
0.012709199509117752
-0.015507589132084831
-0.02025047330516827
-0.020399046181410085
0.046089318368103704
-0.00316942709741852
-0.03438773120797123
-0.0007388568119495176
-0.008915925270684966
-0.011896494075244846
-0.009779296782653546
0.013127569620337454
-0.011841608205941156
-0.0028914391914440785
-0.00597412655770313
-0.0668234116747044
-0.06517951538262423
-0.015531631031080906
0.02916477288454189
0.052281584226875566
0.01768429471849231
-0.036457861056987895
-0.04141351399721316
-0.01676244586087705
0.013108577167258773
0.022842017584025598
-0.010159625773894732
-0.03215847284445772
-0.007397003139431035
-0.01948297566468682
-0.004034559513002023
-0.004153310622768913
-0.01862249961882867
-0.007837399840127546
0.012933116891872487
-0.005264658633905128
-0.03420080553678417
-0.014312825221168168
0.013003870149077557
-0.024852640385688574
-0.03152792133005278
-0.003996348007603956
0.01484793023291786
-0.0023231749796650547
-0.04066295226584771
-0.03340764481254155
-0.0028327345914931357
0.023883885352915968
0.010358221896240138
-0.019918646954465657
-0.06480742388521321
-0.04289813374089135
-0.004721428196262423
0.022397469406314485
0.016442904466657637
-0.02022738714094885
-0.048015430045779794
-0.026202762681350578
0.010948094722152746
0.01683963153800505
-0.003145751352803927
-0.022078118955505488
-0.026409879495076893
-0.041951827184675494
-0.0009960266170310206
0.017561107435312806
0.020023194495024654
-0.026933696949527075
-0.025362418197801162
-0.009224154478033597
0.0026280625585286543
-0.0018477140718573537
-0.042747347804834135
-0.026278596235897567
-0.0035937509637733456
0.013953075718291075
0.0027831854426949576
-0.011206566521309469
-0.021998137035552645
-0.0340726319877831
0.0022631622500739468
0.002448678220389411
-0.0031192401215776044
-0.014704995684041933
-0.02033972316303334
-0.01104848775520395
-0.010887191971903576
-0.016273182212898973
0.011699207534547895
0.014308613464891096
-0.02732577825736371
-0.02639515622649924
-0.009518010780539043
0.001390411641295941
0.006690778623124061
-0.026125620908715064
-0.029946482525701867
-0.0073237133447037195
0.014362533284327128
-0.015194936156149197
-0.01623288392147515
-0.019828624212095747
0.002836557039699983
-0.01729653087704719
-0.008999508505667109
-0.00841398484135425
0.0018782562660817348
-0.015156217814364936
-0.03502718242680203
-0.007608006777445553
0.015071412445195165
-0.003714323526764929
-0.024151879371288487
-0.0067989514909641
-0.006272745959449821
-0.008162831545632798
-0.006582433623407269
-0.016657032215334766
-0.00023368051006400492
-0.02175843473526129
-0.0054029190627602475
0.0011041961988667026
-0.011428196317012862
-0.01933642912081268
-0.0019031922129215673
-0.008506653636231931
0.006744734329458879
-0.031082008972589392
-0.020988716495594417
0.01312216183396231
0.00697594348292796
-0.02779012610153586
-0.03759579413053871
0.0005406020227383124
0.00831769078195066
-0.017599095979562662
-0.0320073052052976
0.024738455259949887
0.018965109168675554
-0.023631067519545468
-0.05066282920961385
-0.020129429443841218
0.009801292599604494
0.02361247213502793
-0.0044147603537112445
-0.020833841153944377
-0.03531826590460696
-0.0006845834686828312
0.006755888720363146
-0.029178501641581533
-0.03464508787806153
-0.003465822038378974
0.019556585302325402
0.020675499371463957
-0.022219355603738222
-0.030054385868425015
0.005784792298072716
-0.0009354113590234192
-0.02212947292764511
-0.018418453206322738
0.011021431448170915
-0.0024421248126600403
-0.026321221051148314
-0.014620402443142666
0.0006190925751070608
-0.0008408560975112778
-0.010696073388203331
-0.019863928224367555
-0.01162504910644202
-0.0018781998326176108
-0.022181537840879173
-0.021275356841215398
-0.0034354509198237793
0.017175544646306662
0.0005695323384315998
-0.03616995978700288
-0.016656464403240534
0.024460137498863332
-0.009522320891846903
-0.0193731996760107
-0.017795221804590255
0.0036970092371575447
-0.0010294221037838724
-0.010643817311574821
-0.008594976084168593
-0.031222596901898214
-0.008365384846911184
0.0014925338882676442
0.028232684460817836
-0.01429761410322783
-0.02296061136348726
-0.01739593088041147
-0.008366968768768857
-0.005034854553855439
0.006907788895205158
-0.01820336353193852
-0.008351796498118347
-0.01640425591631356
-0.013800864288896264
-0.003067816582188243
-0.020628991457670054
-0.002116776935508824
0.009421819187991787
-0.010042926949623165
-0.03169705098207487
-0.030477293747026124
0.03254195035151497
0.04257971504836178
0.027734803450584877
-0.035198096593830996
-0.03503364308744494
-0.05016144914225151
0.004901208913736355
0.02447076117277902
0.025045286327440408
-0.00933236820037564
-0.04155652680674393
-0.02315323639777489
-0.00124003807468398
0.01266822148772917
-0.02199385221774719
-0.018271211881824456
-0.0025339417579743895
0.017054648145858664
0.0007682864509206411
-0.02337458539659565
-0.016044952599713724
-0.0022138038330012932
-0.01275815656663326
-0.02933597626054052
-0.010688947970947993
0.006181405232382531
0.026777041307468608
-0.009632724680955107
-0.00828742701628471
-0.021789117685329984
-0.013305286702234298
0.0004489779348659795
-0.013886852029145302
-0.02178584205921652
-0.005972135078991414
0.01503581462384318
-0.0035789087266948627
-0.011289137165476859
-0.024466940597392295
0.0007537967376265442
-0.0009192016506176515
-0.0132521068708229
-0.027074187454672938
-0.012358349689748138
0.02331427184981294
0.007742838789909001
-0.013505027548490034
-0.030954643905715784
-0.006471514647955701
0.0008379603368666722
-0.008522756608272175
-0.018939897505447334
-0.011188727059106895
-0.0016650283923809184
0.006832918838426849
-0.005245324768111459
-0.02317954559248392
-0.03850250754885565
0.004543609079441069
0.010757330590877245
-0.015634067000064533
-0.004397097400214989
-0.009792697027251052
-0.023299865495573613
-0.011031916473257297
-0.015306067190067552
0.027590554103426257
0.009702623904559005
-0.02461953618148982
-0.015435294762141893
0.002496328632332734
-0.004312804888627397
-0.015388368286039622
-0.004131089592192438
-0.026049483011547636
-0.0005844347256243054
0.011595066771405982
0.0002257670057588257
-0.03652033252910769
-0.029076664474814606
0.006867540570056008
0.006993121379764489
-0.004486072478812275
-0.025919316893123323
-0.009540199414459494
0.007636128808371723
-0.0003986482897744281
-0.013809711561179938
-0.010652713462022234
-0.02839445788958983
0.005037479064867512
0.013939065376121107
-0.025747618525201688
-0.0009384723789480631
0.01230320688955544
0.009543584443235886
-0.060043114115615026
-0.08263231406453997
-0.047329901017292286
-0.01014297609390269
0.04701238629058935
0.08192987196525792
0.060057190501083824
0.017571146369846247
-0.037237369899230544
-0.06692548291175626
-0.08568736375309527
-0.04449920150000253
0.016218714883507346
0.06553004771467386
0.024041488355976526
-0.010285371203281102
-0.03614776607173553
-0.041625000979379934
0.012765500852765399
0.016313441381498706
-0.015936653351673158
-0.016432957436336437
-0.016359640213522653
0.008638203409987
0.02546593609440606
-0.021424545354420843
-0.04329360329836618
-0.0067960561661948304
0.016798890057316385
0.008218602701617783
-0.010336607011595333
-0.033759028609892994
-0.044248730545405124
-0.005696721773347235
0.03992801730782958
0.038513454514031764
0.019215261650970206
-0.03364899676353161
-0.054373334993215394
-0.05370929071887076
0.032914929379330715
0.007143242955862661
0.0043892064422834665
-0.021785591530715465
-0.008651472503970581
-0.0035239849821664393
-0.006242122391995508
0.006793903949073865
-0.028771782083822472
-0.0018149354326624234
-0.0012441806979950343
-0.011935425014598877
-0.016733710963308113
0.015504434002650669
0.007897111696365755
-0.024711200148885837
-0.01782488830940565
-0.008479334263029159
-0.005735741769058222
-0.0013959246152808191
-0.00749267984792823
0.002580694183052401
0.006860971712740138
-0.015038084442494437
-0.03744273363008688
-0.009524229054477473
-0.0046145701826389995
0.0015998634862626204
0.024169588832592126
0.020607972925063223
-0.0317677736911719
-0.02198059339207248
-0.008551411338885373
-0.0013075899842078798
-0.022161955364936148
0.0020574457771544985
0.017773153991583968
-0.003865799344566767
-0.03306986019015312
-0.01608039380516857
0.015913913445274375
0.014716594162109686
-0.022288482192152514
-0.03490670925930317
-0.010937048365121882
0.031133570828387747
-0.010147117015094409
-0.009820383499572927
-0.005062923828774046
0.0017801427106860501
-0.012272789931557782
-0.00645830159101024
-0.014678611446470313
0.013218338501246762
0.07876176899790721
0.0047765350791451056
-0.11577193555422127
-0.12311629927717149
-0.08850453580089379
-0.03632638928729648
0.04446608477110203
0.06977735715554445
0.08342486579203978
0.05967406364652561
0.009144660808715344
-0.051196108281146735
-0.08789825465646572
-0.07972040322783869
-0.0528006120948703
0.013024228275980931
0.032310988223855475
0.018985223789741212
-0.016784191477199784
-0.03295018995135024
-0.00850535387189666
0.02315767233903898
-0.007181590322034026
-0.01605750748376522
-0.009482057335844729
-0.023241621367560583
0.006866970055853017
0.007749969408905599
-0.028357107127703784
-0.012546147363536875
0.016419206610407855
0.0033237741495213413
-0.011114834567706566
-0.02247007965706871
-0.020397514419983054
0.02830585247647832
0.003344747710343654
-0.001258717360542505
0.0032409002642452833
-0.004825719797736383
-0.09532413972192444
-0.09414432216726709
-0.06543543850420974
-0.0028616638792300364
0.05569287412799895
0.06301598403297248
0.03893176522296926
-7.136262854601227e-05
-0.05029310528698261
-0.06376939642359503
-0.058972822789655766
-0.007523319075517065
0.0343893026929436
0.03871210766050126
0.015346343853707367
-0.027670903164107585
-0.04972541673487285
-0.01893726517664618
0.013751299749856116
0.006216779282510743
0.0024172894050025207
-0.024149181013399357
-0.033447816045736545
-0.013728982219618047
0.028253130374650937
0.04335844929096311
0.009474707210756605
-0.024113607323670294
-0.045412994531943696
-0.019632815121099156
0.014122476801276207
0.005354661135243077
0.010162523798499024
-0.0430977020988621
-0.03444271131456844
-0.004378442234155955
0.01843176950569614
0.020980332228646148
-0.026794499368975266
-0.01831827044225065
-0.014815402585554693
0.032080344202768174
0.03684706568674301
0.008686807042067812
-0.03703871656580304
-0.0631139888701
-0.021487747706487426
0.00746594794640032
0.03301789605120575
0.015848632611209723
-0.04567459571262589
-0.05504754614958074
-0.03730290858220542
0.024612881479697535
0.031870401253399905
0.03631214985398401
-0.003833925617072964
-0.062298786477185786
-0.051741395522185485
-0.05189787639028509
0.004200471567799013
0.03692781340214424
0.0543424666439023
0.009499486122876988
-0.03232946219986843
-0.030519572046614485
-0.006937904787264415
0.02427207740583981
-0.00039800287459001993
-0.012129166421800619
-0.01634706345430459
0.00902004016097635
0.004451336488273228
-0.014972327850045986
0.0009085513502213871
-0.011605462977968273
0.001143734857578238
-0.012629403449182064
-0.02254432365316461
0.020002628627935337
0.008829091968436842
-0.02608140811571502
-0.010361897079746996
0.013991165047173126
0.014100623937338241
-0.03651053819430672
-0.028392243790221983
-0.0011259838179284998
0.04195564060864854
0.05042407403016114
0.006618036393774673
-0.05107225885876687
-0.060391295714907756
-0.03526276756747393
-0.005570154681663553
0.05317886266362848
0.057893535478797276
0.0449637341334892
-0.006492283684337963
-0.023754778110742336
-0.02290266600175528
0.01782133932283614
0.004223070615253732
-0.027170488099727663
-0.027498894325617584
0.014069433329950698
0.025592679853616573
0.02782265409041429
-0.0273308243044994
-0.03455709650370409
0.008190069508600573
-0.005455385562527226
0.002897801004564826
-0.02797549373281072
-0.023130518215111806
0.02869507449304365
0.03818425619647314
0.013387825958488975
-0.02975107851489156
-0.03593822564414495
0.011796037488238653
0.006898211366205942
-0.01442155799639977
-0.023426281105457747
-0.000667636498462798
