0
0
34337
35802
32459
34046
33648
32782
35019
34995
37192
37110
39103
36919
38816
40266
38437
37185
37698
32082
36552
35618
32729
32805
32862
35253
34999
34351
34367
38684
35207
35289
37198
36964
38136
34110
36870
30533
37975
34309
36511
38160
38414
39630
37461
35789
38807
37338
34745
35876
35626
33038
29477
36780
38376
40266
34737
35210
33330
37013
35963
33285
37877
36959
33116
37528
34269
35293
34057
37927
38080
34703
40155
36023
36501
41201
33220
36310
35726
37605
37892
41286
32009
34211
34824
38164
35199
35973
33162
36611
37197
38611
37743
35429
35246
37577
34701
35861
34611
37005
35960
39747
33920
34507
37788
36436
38582
37244
42878
39653
34776
35392
39771
38665
36598
37169
37219
35692
40167
41061
37078
34256
41716
39450
32008
38822
44145
42091
38714
36519
37629
40435
36523
31265
36145
40103
37825
42058
34128
41519
41481
42168
39841
38329
38929
39801
37726
37310
37160
41381
41948
39751
42027
44402
37386
38872
41727
40515
40239
44343
44349
41414
40033
44312
44019
41272
40352
36818
34401
40460
42984
41832
39252
40987
40643
43537
41934
44369
42046
41240
42635
40054
42362
43762
41505
39512
39076
41348
41627
43041
43517
42499
42325
39891
40032
43056
42253
40507
39638
47500
49322
45391
43065
44904
40826
41898
45241
45174
44650
45077
46687
45936
46247
46407
43336
44873
44336
44211
44022
43155
44275
44108
45488
46395
46933
43938
46312
46270
42285
46875
45495
43387
46036
43884
41185
44285
45608
43638
43033
44519
44466
45649
44217
43813
43106
45001
44837
45293
43113
43095
43786
41947
47326
46625
46077
45213
43747
42986
44259
41510
48222
47373
47791
45137
45194
45883
48859
46709
46754
48634
45546
47025
45180
44267
45450
46332
46672
48778
43874
43421
43462
42388
43379
42436
45088
47039
47897
42112
46264
48225
46376
47730
44547
41318
43793
43340
46728
46464
49238
45138
46147
49598
49632
45730
46040
44042
45972
46033
47700
45668
43307
46475
47644
49515
47932
47010
47047
47289
46793
45586
41288
45805
41359
46433
49516
45658
47604
47903
46859
46406
47022
50600
47211
45934
46273
44133
48785
46840
46982
46435
45372
44584
47621
46893
48634
43210
44673
43773
46134
48070
46770
45100
45696
45526
49868
50600
45119
46789
46235
46472
44545
48183
46498
47905
50566
49493
49244
49279
47929
47513
48008
48183
42835
44590
45928
48078
45291
48697
44249
45578
47421
44754
44546
46040
46628
47496
45701
44566
47310
48031
49146
48392
46224
48657
45516
46976
46110
47652
50017
46811
50600
47347
47037
47483
48515
46422
47216
47732
45110
47701
47254
45848
45662
48390
45229
45347
48620
48487
44245
49948
44993
50515
45070
46605
45827
45842
47278
46878
47401
46930
46247
47735
47839
45897
46706
49631
46843
49294
48154
48336
46575
48881
48711
47787
47597
46821
47813
48719
47716
45426
46203
42734
46244
49790
47415
43888
46098
45979
48415
48173
44283
48621
45727
42506
45165
45314
47778
47227
47679
47303
46757
50510
48340
44116
46143
49437
48271
46054
46601
46520
47264
48816
46991
45224
45731
44680
46918
47563
46059
45381
45921
47835
48383
47525
48105
46141
47691
45865
45529
47972
48083
45456
45824
48201
47009
48348
46146
45705
47600
46104
48855
47376
48339
45782
48248
49542
47402
43878
46009
43909
45806
46551
44797
48652
46419
47176
46856
45270
48275
49204
48514
48035
46811
48558
48943
48820
47167
47037
47112
47999
49389
47031
50190
48578
49306
45412
48108
47569
48426
48977
48427
48403
44988
50600
48171
47305
45834
49281
50586
46196
44515
49200
49201
47235
45981
49062
47826
47512
47136
46368
47425
49001
49213
48498
47589
49331
46770
45267
46517
49710
47704
47985
48737
48737
49390
48156
49431
48267
48489
47269
48529
47134
48158
48742
49470
46701
47871
47971
48150
46947
49000
50600
47386
48011
48497
47140
49300
46645
46906
46028
46445
48146
48248
48855
48302
48269
48735
43594
48146
47945
47005
49500
46971
47252
49196
48734
47510
48096
49284
44122
43692
48511
49300
46679
45045
48573
48341
46258
46687
46201
45574
47468
46857
45310
46711
46552
47113
46449
49283
48063
49200
47573
46700
47674
46750
48471
47097
49200
49300
46451
47849
47870
44648
47222
47166
45487
47638
46204
46946
46105
49400
47574
49400
47534
47299
48307
49600
48308
46128
48344
46873
45502
48251
49300
48088
46438
45890
47824
48607
46732
49300
48353
49500
48424
46213
45118
48864
48209
49300
47432
49227
49600
48201
47269
48291
47605
48531
47365
45722
49257
48596
48359
48910
48140
47523
46269
48087
49396
48170
49300
49593
46213
45866
47250
47639
48608
45836
47394
47904
48195
48771
48611
46530
47476
48509
48203
47583
48402
48692
47492
47269
44203
46955
47467
47586
47600
49496
46287
48527
47499
49469
48476
47705
47457
46367
47201
48846
48489
49200
48511
48392
47152
48134
45543
46909
49300
44853
48225
47719
48451
47150
46882
47725
47142
47651
49800
47563
47207
48688
47909
46689
46083
48229
49400
48692
48367
47722
49596
47722
45574
46101
48797
48502
48368
48888
47699
46834
48730
49386
46213
49357
47984
50600
47834
46367
48098
48298
47199
49500
47499
46966
47565
48249
48886
49256
49496
48672
48100
48678
46279
48764
47235
47571
48444
47008
47467
46567
48457
49700
48606
49496
47592
49700
49191
48790
48404
46838
44579
47287
46511
47194
48909
48293
49153
46341
45667
47599
49476
48990
49793
47859
48727
47842
47367
48056
48791
49070
48728
48450
47312
47802
48905
47865
48892
49789
47953
47489
48210
48660
47980
49870
49010
48263
46567
48655
48614
47259
49087
48685
46547
47517
48143
49893
47474
49800
49893
47671
48613
47727
48911
48962
47489
49989
48596
49569
46187
48323
50000
49274
47491
48622
49800
47856
49900
49230
47915
47826
46734
49980
48501
48841
49188
49092
48581
48125
48962
49800
49577
47723
44262
45481
47832
47880
48726
48561
46324
47845
50000
50096
47943
47247
47484
48033
45613
48421
45983
48887
48144
46547
46099
47957
46415
49145
47099
46917
48321
46694
41685
47873
46474
48092
46554
48219
48419
48640
49285
49179
48736
47889
46786
49795
48848
47869
50100
50200
47046
48713
48257
49372
49565
47507
47871
47940
48755
45305
47007
48017
48520
48487
48529
48943
47602
49635
49431
49141
49128
50300
48839
47198
47925
48754
47669
47399
44963
49351
49529
47818
48853
47461
45399
48500
48673
50000
50600
48777
48182
48018
47823
49069
49671
50175
48217
47370
49267
49455
49234
49911
48685
47913
50177
47511
46511
46417
48743
47270
47696
49082
49303
48758
47601
49751
47115
49279
47539
50300
50039
49394
45859
49352
47891
50300
49338
47625
47420
49052
46750
48723
48447
49754
50300
48484
49767
45620
44661
47923
46052
49189
48861
48638
46420
48161
48034
48540
47884
49365
48613
48787
47860
49166
46125
49588
47291
46186
47395
47516
49309
48119
45513
48306
45600
44146
48161
47793
47486
46696
48481
48248
48810
45153
48012
47364
48501
47216
47044
48304
48075
46347
47904
49652
50412
48781
48217
49580
49935
48696
48892
47982
50412
47947
48594
48039
46716
48500
45163
46868
49617
46179
48197
47912
47503
47327
47751
49769
48631
48622
48892
48167
46736
47770
47771
49441
46967
46438
48129
48404
47382
49737
45458
48504
47679
48445
49627
45224
45507
48462
48583
48792
47990
46793
48677
50196
48070
46365
46462
49049
48427
47773
48423
48821
47575
48530
48621
48137
48260
47052
50488
47838
48335
48619
46310
49064
46202
48772
48062
47766
48331
48240
48148
44995
49710
49548
46512
50600
47090
48135
45190
48907
46530
47154
47337
48068
47125
47612
47290
47691
46886
45631
45980
49547
48297
48055
47171
47802
50600
47276
47270
46289
46702
46983
47010
49546
46406
48941
50032
49306
48480
47444
48167
47456
47520
47545
48350
47211
47851
50393
47503
48641
45544
46363
46515
48007
48322
46932
46484
48153
47595
48176
48982
46028
49447
50489
48795
48820
48424
48813
47303
48274
47687
49964
48820
46806
50197
47739
47494
48664
45109
48339
48315
47531
48631
48173
49064
50600
47404
48058
47434
48166
45808
46567
46900
47039
49870
50505
49433
48730
46845
46895
49234
48447
46047
48417
46190
49455
46945
47208
47552
47186
46438
47873
50114
49759
46802
47343
48156
45414
48800
47442
47522
47644
48868
48592
46763
46534
50500
49348
48066
49373
45892
48341
48811
48890
48004
46449
49385
48344
49870
49834
47407
48820
50519
47029
48376
46744
48801
45975
45997
48619
45943
47357
50519
47562
48873
48741
50032
49793
49317
50406
47320
46849
49142
48613
50112
48891
46180
48259
48297
48824
48235
47099
47643
50596
49145
46573
48312
48731
48176
45993
47789
49544
49388
46854
45488
48671
47694
46299
48691
49979
48561
48418
44396
48143
46395
49224
48291
49355
49208
49067
45390
48749
47185
47022
47088
48483
50519
47444
45325
48657
50519
49858
45634
48056
47905
47600
48235
45535
48291
48240
47774
47205
49869
46557
48562
45270
46878
50600
50600
45370
47770
48483
47039
50438
48849
47830
45262
44846
46335
46773
48596
46811
47642
48124
44242
47398
47455
48473
48258
47558
46599
45889
47151
45237
47401
46758
48027
48269
48363
48813
48284
48361
48778
46830
47323
45494
46766
50396
47522
48555
50430
49850
48342
48815
48364
47819
47600
47257
49583
47832
46287
49833
48601
48379
47325
45789
50230
48893
46854
47382
47185
48811
48541
47320
46200
48449
48656
46880
48503
48216
47668
47768
48563
48311
48488
47430
47353
48402
48975
50461
48084
47365
46685
47674
48478
46565
50242
50113
47246
45651
48285
47805
47130
46498
50275
48798
47602
48635
48491
47451
47320
48648
46986
48062
46118
47984
47029
48167
46780
47966
48188
47884
45796
46851
45807
46642
45448
47333
47047
48475
48640
46750
48626
50195
47683
50283
48731
50106
45839
47186
48455
48469
48603
47338
47178
48780
47072
47028
48323
46811
47509
47176
46604
47314
46955
48621
45720
50276
48260
48103
46066
48305
45581
48316
48730
48929
48284
48383
47411
47420
48100
47408
48816
48574
48345
46543
46535
48731
47729
47658
46728
46659
48088
50150
47127
45782
48867
48045
46212
48813
47345
47262
47143
50273
48483
47032
49401
48208
47090
48278
47178
49907
48889
46984
47270
46815
49703
46273
50600
45444
45394
48034
48540
47011
46855
45947
48415
48373
48304
46806
46839
48809
50079
49218
48046
48489
47853
46616
47924
47863
48911
48373
50600
50330
46994
48383
49925
47573
47245
47381
47173
48368
47352
46836
46955
45360
47236
48529
47242
48139
48533
44993
47166
47282
47181
48823
48449
46081
48164
46558
47675
47591
47632
47749
48170
45362
49060
48556
48552
48419
48434
48264
50270
46750
50094
50328
49166
48362
49205
47163
48331
47090
47171
48818
48571
48497
48368
46695
48555
47233
48482
46419
49709
46229
47891
50514
45621
48525
46868
46717
46848
48327
47915
49610
45304
47516
48812
48245
48563
48817
50242
48490
46846
49013
47457
50438
47020
47390
48808
48898
48093
46213
47235
47274
48051
47478
48967
47158
47249
49707
49991
48815
47302
48468
48267
47761
48372
48815
46824
46581
47321
45374
48282
48619
48279
47364
47095
47340
48598
48520
48301
47539
47436
48273
48149
50276
48809
48155
47270
47441
47829
50231
46422
49095
48808
46411
48436
47576
49851
47186
48149
48096
48045
46834
48200
47181
48574
48588
47674
47040
50185
46600
45991
48328
47498
48411
47148
48288
47113
47575
48238
50093
50195
48465
48393
48282
48360
46809
50277
47906
48626
46044
47270
47101
47730
47799
47987
46979
47737
50600
45405
48467
48776
48535
48063
50192
50186
48591
46538
46550
47189
46613
46966
47117
47338
48439
48663
48218
45957
46143
48627
48579
47188
48255
49550
49868
50240
48699
47816
47682
48725
47806
50276
47465
48780
48743
45870
47565
48661
46443
50277
48267
47206
45577
46412
46778
48598
47438
48698
46085
49136
50574
47595
45835
48293
47404
48548
46739
50173
48367
48731
47929
48346
47164
47039
48485
48059
48936
50272
49307
48822
45215
47531
48690
47151
47676
47073
48571
49022
50235
47336
49711
48240
48564
48699
47955
47444
48308
47256
48460
48621
48784
48639
48377
47769
48976
48811
48324
45566
46982
48166
48619
46986
45986
48357
48778
47350
48381
48315
48014
48445
48969
46985
48403
50275
47988
47419
48543
46688
47916
48878
47831
47047
47830
48523
50600
47671
47879
48535
47255
48721
48642
47861
47437
48198
47604
48793
47754
50081
47300
50275
48288
47706
47986
48634
47284
48235
49541
49446
46999
48465
48644
46642
47056
48620
46787
48575
46925
47560
50064
46658
48410
48101
45278
48631
47678
48574
48352
46172
47106
47480
47721
48512
47663
48928
48808
47682
48499
49303
47432
45552
47564
48618
48662
47027
48797
48563
50196
46009
48640
50275
48004
46156
48658
46468
49067
47461
48621
48551
45285
50600
43130
48817
46353
50030
47753
46384
47846
46587
48883
47584
48355
48351
48557
46643
47936
46351
48487
48324
49547
50247
46455
48653
47672
47329
47661
48649
47348
49059
48171
48895
46463
47204
48904
50032
46302
46476
50211
50600
44260
48309
48089
48217
47845
44371
47122
48567
47922
48290
47608
48357
48572
48385
47749
48319
47284
46446
46229
47128
47243
45461
47318
48085
45514
48584
47756
50519
47681
48577
48605
47697
48146
48696
46777
48788
50034
49973
49228
50512
48404
50428
48686
47010
48643
48816
47584
47783
46853
47774
47196
49953
48161
48742
50276
48727
47502
48002
46840
48088
50600
48896
48899
47908
48820
47075
48543
47276
48879
45718
48691
48361
48560
49951
49302
48492
48456
48893
48898
49198
50184
49148
47902
49221
46947
50275
50195
48658
48776
48482
46116
48458
46967
48690
47739
48625
47805
48812
48651
48893
46844
48569
49083
47565
47503
48788
50382
47764
49462
47147
47357
47678
48410
50511
47403
47348
49142
48324
48537
47362
47368
47392
48577
48400
48126
47013
47602
48779
47974
50034
47725
50273
48000
48459
48004
47375
46718
48815
50160
48718
48735
48964
47266
49382
48553
48573
48219
50194
49051
48619
48350
48377
46856
50437
48884
48896
48889
47771
48250
48176
50277
48819
50600
48717
48559
47837
48603
48128
49547
47080
50596
50340
50259
48702
49166
48821
50356
48408
46709
48575
49999
48180
47680
48811
47647
48319
48573
49380
46916
48497
50276
48143
48684
48571
49709
47500
48577
48672
47107
48740
46844
48301
50275
48818
48088
47254
48573
48977
48335
48571
48815
48567
46873
50505
48822
48577
49710
46077
48734
47768
47839
45992
47672
50354
48702
46853
47355
48769
48703
47977
47341
50275
50515
48311
48579
48327
45825
48550
46690
47565
48819
47869
48875
48406
46492
48499
48047
49372
49067
48459
48698
49861
46292
48536
46164
48628
49386
49224
47094
48817
48820
48539
48390
48219
48816
47493
48593
48564
48619
50094
47522
48659
48896
49873
48818
50114
46559
48378
49062
48983
48577
47610
48815
48005
48558
50600
47999
47679
49829
47845
49058
49434
48655
50600
47104
48662
50276
48578
48571
47115
45550
48818
48083
50356
47279
46714
50167
50275
50519
46544
48322
48645
46671
49950
47502
48621
48556
50298
49306
50600
48813
48136
48576
47824
48724
50275
47681
45584
48322
48896
46104
48816
47032
48817
50519
47440
47249
48075
50438
48966
50519
50268
46785
48733
47847
48629
48261
49340
47845
48733
48299
50539
48903
47239
50600
49146
48217
48004
50437
48813
48899
50024
50600
50600
50423
46190
48872
48851
50600
48883
46663
46542
49058
50515
48737
48903
47053
50515
48807
48821
48158
47098
48870
50570
48653
47659
49871
48406
48530
47772
48737
49084
48466
48738
50013
45598
48500
48746
48403
48593
47542
48637
50550
50596
48049
50593
46375
47411
47430
47910
45338
50277
45952
48654
50435
50437
48564
48741
46469
48471
48819
48806
50600
46140
48987
47271
48080
50533
50600
48612
48819
46904
47190
48569
46427
50586
50519
48742
48620
46549
49953
46535
50600
48701
46213
50600
47756
48899
48000
48250
50519
46840
48735
48608
47182
49870
47890
48823
48327
49100
48895
48637
50195
47090
50436
50355
48820
49307
48742
49951
48819
50600
48568
48172
48179
50357
48813
48318
45887
46101
49870
47522
48651
48905
50600
47086
49953
48742
47034
48815
50519
46367
49940
47280
48713
48581
50596
47634
47763
49155
48403
49791
49873
47287
45655
48811
47153
47124
45971
49222
46873
48734
47668
46910
50188
50328
47088
50437
50600
47406
50196
47198
48252
50034
47199
50518
50113
49779
50600
50600
47522
50418
47026
47027
48816
48739
48822
45461
48900
48725
47726
50596
48746
48746
46352
48812
47452
47934
50437
47676
47922
45318
46434
46434
49710
48823
48740
49950
46887
50355
50022
47261
50517
50600
48668
48790
48788
46628
50022
48740
48903
50352
48925
50600
50276
44825
45876
48701
50231
48983
49538
48620
48896
48873
48898
48816
50518
48084
47327
47362
48409
47683
47518
50437
46464
48738
47271
50600
48240
47278
47363
48054
48825
50357
48892
48734
48295
48694
48009
49303
50518
48461
49866
50437
50276
47455
48809
47924
46951
45966
47686
49225
47043
50274
45807
48663
48655
50518
50424
48734
48261
48653
50418
48660
47646
48819
46027
46009
46797
48511
48132
50357
47850
47002
47132
48642
48239
48332
49306
48824
50600
48814
48650
48704
48217
48895
50519
48803
48307
50357
50435
49953
50438
47550
47685
46641
46799
48612
46992
48739
50357
48415
48175
48656
50357
48250
47096
48702
44969
48724
45409
45980
48631
45322
48735
48811
48251
50423
50355
48733
49788
48297
48779
48650
47531
50518
47435
48662
48898
49950
48493
45494
47211
48660
49921
47099
48819
48662
49789
50437
48727
48479
48801
50600
48739
48791
45324
50247
47575
46697
48788
50480
48642
45138
48408
48295
47432
47178
50437
47092
48987
48898
48790
46825
47983
49954
48568
50532
47205
47202
48901
50032
49626
47426
48903
48729
48906
48414
46989
48701
49954
50337
50438
48331
48539
48482
49302
47200
48731
50358
50518
48541
48392
48455
50600
49229
48699
48439
48899
48734
50519
48828
50589
50600
48661
47197
50114
50356
48809
48701
48986
45975
48622
50273
48322
48541
50402
47282
47028
48055
50578
48461
48907
48900
47518
50357
48374
47115
48544
50357
48647
48568
48229
47451
48737
47186
49225
50193
48541
50436
50600
48645
48823
48703
50438
48554
48736
48813
50537
48825
45814
47274
48635
47517
48892
48732
50600
48717
48554
48496
47272
50516
48901
48902
48575
47364
48635
47291
48541
50437
48740
48338
48619
48743
50518
48741
50277
50519
48641
48612
47360
47198
47051
48699
50435
48638
48905
50497
48902
47208
48418
48700
48723
45737
48807
48808
48489
48810
48727
48437
48907
48807
47526
48819
46907
48685
48459
48733
50600
48643
48337
48488
50519
48821
48905
48802
50247
50600
48538
48828
48713
48477
47191
48806
48488
47126
48888
48633
48903
48630
48251
50519
48978
46924
47974
48984
47005
46998
48792
47241
48703
48807
48754
50271
50519
50438
47088
47186
50366
48989
48808
45896
47965
46988
47113
48623
50600
44667
46646
46882
46812
50196
48470
50276
48657
50589
48631
47039
48905
50600
48906
47525
50517
47113
48214
48897
48815
48739
48787
48140
47132
47206
48818
