0.78587901952
0.7858372512799999
0.9979354580645161
1.0
1.0
0.9999111632258065
1.0
1.0
1.0
1.0
1.0
0.9999038612903226
1.0
1.0
1.0
1.0
1.0
1.0
1.0
1.0
1.0
1.0
1.0
1.0
1.0
1.0
1.0
1.0
1.0
1.0
1.0
1.0
1.0
1.0
1.0
0.9999037070967742
1.0
1.0
1.0
1.0
1.0
1.0
1.0
1.0
1.0
1.0
1.0
1.0
1.0
1.0
1.0
1.0
1.0
1.0
1.0
1.0
1.0
1.0
1.0
1.0
1.0
1.0
1.0
1.0
0.9999967683870968
1.0
1.0
1.0
1.0
1.0
1.0
1.0
1.0
1.0
1.0
1.0
1.0
1.0
1.0
1.0
1.0
1.0
1.0
1.0
1.0
1.0
1.0
1.0
1.0
1.0
1.0
1.0
1.0
1.0
1.0
1.0
0.999834706451613
1.0
1.0
1.0
1.0
1.0
1.0
1.0
1.0
1.0
1.0
1.0
1.0
0.9998038709677419
1.0
1.0
1.0
1.0
1.0
1.0
1.0
1.0
1.0
1.0
1.0
1.0
1.0
1.0
1.0
1.0
0.9999038612903226
1.0
0.9998804541935483
1.0
1.0
1.0
1.0
1.0
1.0
1.0
1.0
1.0
1.0
1.0
1.0
1.0
1.0
1.0
1.0
1.0
0.9998038709677419
1.0
1.0
0.9998038709677419
1.0
1.0
1.0
1.0
1.0
1.0
0.9999728980645162
1.0
1.0
0.9995571154838709
1.0
0.9495816012903227
0.9977651361290323
0.9999728761290322
1.0
0.9999658032258064
1.0
1.0
1.0
0.9998729922580645
1.0
1.0
1.0
0.9999111632258065
1.0
0.9999729193548387
1.0
1.0
1.0
1.0
0.9997039006451613
1.0
0.9999657483870967
1.0
1.0
0.9998728903225806
1.0
1.0
0.9999419703225806
0.9999967658064516
1.0
0.9998348387096774
1.0
0.9995427587096773
1.0
1.0
1.0
1.0
1.0
1.0
0.675983244516129
1.0
1.0
0.9998421722580645
1.0
0.9997039006451613
1.0
1.0
1.0
0.9997346529032258
1.0
1.0
0.8417394237600001
0.9894022122580646
0.9999038612903226
1.0
1.0
0.9999800258064516
1.0
0.9999871535483871
1.0
1.0
1.0
1.0
0.999873093548387
0.9561520412903226
1.0
0.9998196716129033
0.9943476561290323
0.9999111632258065
0.9863357883870968
1.0
0.9579887322580645
0.6187643358
0.9676044997600001
0.9890420883870968
0.9969648961290323
0.9995342329032257
1.0
0.9996349116129032
0.8576186651612904
0.7836723200000001
0.9874474612903226
1.0
1.0
1.0
1.0
1.0
1.0
1.0
0.9996648006451613
0.9998348387096774
0.70492571772
0.78399232152
0.9629583193548388
0.9996425432258065
0.9722734103225806
1.0
1.0
0.9838509638709678
0.9196096264516129
1.0
0.9998421722580645
1.0
1.0
0.9199567832258064
0.6992754414
0.9452025806451614
0.9996650696774193
0.9999491393548388
1.0
1.0
0.9998038709677419
1.0
1.0
0.9998112509677419
0.8926510019354839
0.8237507967741935
0.972887741935484
0.9998728903225806
1.0
0.9999585438709677
1.0
0.9909481367741936
1.0
0.9994036322580645
1.0
1.0
1.0
0.76023549228
0.9820179270967742
1.0
0.9752923677419355
1.0
1.0
1.0
0.7751102412903226
0.8420744905199999
0.80780784668
0.9887407974193549
1.0
0.7330176652800001
0.65305917408
0.9908654361290322
1.0
1.0
0.9996653380645161
1.0
1.0
0.999873093548387
1.0
0.918457695
0.8447534858064517
0.8176675381599999
0.68313220476
0.9962423541935485
0.9993956258064516
0.7733174432258065
0.9950901683870967
1.0
1.0
1.0
1.0
0.6432547200000001
0.68316288
0.7306713586
0.9925538464516129
0.9999111632258065
1.0
0.8761470758800001
0.993001650967742
0.6583172524
0.992355435483871
0.9999728980645162
0.9998348387096774
1.0
0.9070750905599999
0.9627916412903227
0.9980352316129032
0.9504092825806452
0.9861863451612903
1.0
0.9999419238709677
0.7917856967741935
0.9439695664516129
0.9996653380645161
0.99993478
1.0
0.8705524019354839
0.6156571361290323
0.65111167016
0.9779909309677419
0.9999419703225806
1.0
0.7229264547200001
0.6738010404000001
0.9927833025806451
1.0
1.0
0.9910361174193548
0.9536741212903226
0.7660682263599999
0.9212704535483872
0.881384563
0.95103348308
0.6761105352800001
0.66937778664
0.57485045116
0.9893342193548387
0.9999419703225806
1.0
0.9671316825806452
0.9999729193548387
1.0
1.0
1.0
1.0
0.9997036632258065
0.9837705548387097
0.9982754896774194
1.0
0.9998188974193549
0.9999657206451613
1.0
1.0
0.8003666716129032
0.9146615258064517
1.0
1.0
0.64355982392
0.68352064096
0.6862144
0.8161683948387097
0.8635124587096774
0.9856632258064516
1.0
0.9525259161290323
0.90267141428
0.83613275984
0.6939162992000001
0.016222820000000044
0.49413263556
0.7181358663999999
0.7189633038709677
0.9769950341935483
1.0
0.7720931135483871
0.9157046432258065
0.72976862312
0.9655870916129032
0.912121650967742
0.99870426
0.9999800580645162
1.0
0.9616407503225807
0.90259644072
0.8014736954838709
0.9904764361290322
0.9873018941935483
0.86079234144
0.9649166477419354
0.6922913091199999
0.7288054206451613
0.824847793548387
0.9831989787096774
0.9643629187096774
0.9787154174193547
0.9191201877419355
0.99662538
1.0
1.0
0.73059524284
0.8306167741935485
0.9782091809200001
0.8470566974193549
0.8548768402
0.86799006012
0.7309349548387097
0.7214141935483871
0.8228441670967742
0.7459486309677419
0.8219930206451612
0.93526772
0.886404013548387
0.8470003561290321
0.8626573316129033
0.901187504516129
0.8928118399999999
0.9849952587096774
0.9550089980645161
0.9802681987096774
1.0
0.9999967658064516
0.62777620476
0.9944206451612904
1.0
0.9999729193548387
0.9997346529032258
0.914590729032258
0.8291762238709677
0.96652512
0.64940544
0.9796800967741935
0.9999419703225806
0.9998348387096774
1.0
0.9041142632258063
0.9959832503225806
1.0
1.0
1.0
0.8783848136800001
0.90691578316
0.995927741935484
0.9617365954838709
0.8325711245161291
0.7462990122580645
0.8855768922580645
0.9331470406451613
0.9996039503225806
0.9921135483870969
0.9413574193548387
0.8536898761290322
0.9911427006451613
1.0
1.0
0.9999729193548387
1.0
0.9998038709677419
1.0
0.9998114012903225
0.9999585438709677
0.9999420167741936
0.9999729193548387
1.0
1.0
0.9999038612903226
1.0
0.9996574419354839
1.0
0.9697591548387097
0.9952039683870968
1.0
0.9995040199999999
1.0
1.0
1.0
0.9946880838709679
0.9996343264516129
1.0
0.9156440651612904
0.75673312
0.727639215483871
0.9816745374193548
0.8481062116129032
0.7447571387096773
0.9949597174193548
1.0
1.0
1.0
0.9996349116129032
0.9147113496774194
1.0
0.7368591851612902
0.9948871212903225
1.0
1.0
0.9998038709677419
0.9998115516129032
0.8530855612903225
0.8353980470967741
0.995927741935484
0.8533464032258065
0.8317184935483871
0.8540579542
0.8039872851612904
0.9842498200800001
0.8141051167741936
0.8238602561290322
0.8421832258064517
0.8298477419354839
0.8306167741935485
0.8365180767741934
0.831323515483871
0.8330457574193548
0.8606256245161291
0.9252077419354839
0.7401381290322581
0.9829488025806451
0.8297202019354839
0.8201889658064516
0.8320716316129032
0.9945397541935483
0.8857171496774193
0.8898960064516129
0.8311783961290322
0.9974967741935483
0.9046247961290322
0.9641391451612903
0.9967964535483872
1.0
0.9997041374193548
1.0
0.9708485787096774
1.0
0.8296818058064516
0.9055291709677419
0.7370159432258064
0.8350329658064516
0.8305521683870968
0.8530040103225807
0.8786482335483872
0.8396772258064517
0.8260025806451613
0.838489186451613
0.89140425192
0.8320741767741935
0.96803067704
0.8479653296774193
0.8206193548387097
0.8364344587096774
0.8521496774193548
0.8354473425806452
0.833186330967742
0.7559683896774193
0.7226631929032258
0.81256048
0.8338038374193547
0.8506220303225805
0.8588133238709678
0.60939173688
0.974729686451613
0.8398501432258065
0.70421030308
0.8152604961290323
0.8417812580645162
0.8346288612903227
0.9977482406451613
1.0
0.9996810206451613
1.0
0.24886677935483872
0.618818809032258
0.999273266451613
1.0
0.9996039503225806
1.0
0.9993956258064516
1.0
1.0
1.0
0.9995040199999999
0.9998728903225806
1.0
0.9999420632258065
1.0
0.9998728903225806
0.9998038709677419
1.0
0.9999038612903226
0.9994730612903225
0.9999728980645162
1.0
0.999526035483871
1.0
0.9996039503225806
0.9998728903225806
1.0
0.9994041090322582
0.9999728980645162
1.0
0.9999657483870967
1.0
1.0
0.9997729032258064
1.0
0.9994036322580645
1.0
1.0
0.9999967658064516
0.9996039503225806
1.0
0.9999728980645162
0.9997729032258064
1.0
1.0
0.9995427587096773
1.0
0.9999728980645162
0.9998038709677419
1.0
1.0
0.9994730612903225
1.0
1.0
1.0
0.9999728980645162
0.9993731541935484
1.0
0.9997039006451613
1.0
0.99971166
1.0
0.9998038709677419
1.0
1.0
0.9997729032258064
1.0
0.9997729032258064
0.999742553548387
1.0
0.9993421987096773
1.0
0.9997729032258064
1.0
0.9997729032258064
1.0
1.0
0.9996729361290322
1.0
1.0
0.9999038612903226
0.9999728980645162
0.9998038709677419
1.0
0.9996574419354839
0.9997729032258064
1.0
0.9998728903225806
0.9997729032258064
1.0
1.0
1.0
1.0
0.9997039006451613
0.9997419354838709
1.0
0.9997729032258064
1.0
0.9998494838709677
1.0
0.9997729032258064
0.9999728980645162
1.0
0.9996039503225806
0.9997039006451613
1.0
0.9999111632258065
0.9998965258064517
1.0
1.0
0.9996729361290322
1.0
0.9997729032258064
1.0
1.0
1.0
1.0
0.9994730612903225
1.0
1.0
0.9997039006451613
1.0
1.0
0.9998654838709677
0.9996039503225806
1.0
0.9993731541935484
1.0
0.9998728903225806
0.9995040199999999
1.0
0.9997269225806451
0.9997039006451613
1.0
1.0
0.9998038709677419
0.9996729361290322
1.0
1.0
0.9996039503225806
1.0
1.0
0.9997729032258064
1.0
0.9996729361290322
1.0
0.9997344406451613
0.9997039006451613
1.0
1.0
0.9994041090322582
1.0
0.9999728980645162
0.9998493638709677
1.0
0.9996729361290322
0.9996349116129032
1.0
0.9997729032258064
1.0
0.9997729032258064
1.0
0.9995648929032258
1.0
1.0
0.9999038612903226
0.9997039006451613
1.0
0.9993731541935484
1.0
1.0
0.9999728980645162
1.0
0.9997729032258064
1.0
0.9999038612903226
1.0
0.9998345741935484
0.9999728980645162
0.9997419354838709
1.0
0.9999728980645162
1.0
0.9999728980645162
0.9998802632258065
0.9995959258064516
1.0
0.9998038709677419
0.9998038709677419
0.9999038612903226
1.0
0.9997729032258064
1.0
0.9998345741935484
1.0
1.0
1.0
0.9998038709677419
1.0
1.0
0.9999038612903226
0.6960346548387096
0.6182404458064517
0.9538527058064517
0.9862062516129032
1.0
0.9997729032258064
1.0
1.0
0.9995729883870969
1.0
0.9997419354838709
0.9998419193548388
1.0
0.9994041090322582
1.0
0.9993335722580644
1.0
0.9997039006451613
1.0
1.0
0.9997419354838709
1.0
0.9998494838709677
1.0
0.9995420270967742
0.9998728903225806
1.0
0.9997419354838709
0.9997729032258064
1.0
1.0
1.0
0.9994041090322582
1.0
1.0
0.9997039006451613
0.9998038709677419
1.0
1.0
0.9997729032258064
1.0
1.0
1.0
0.9994041090322582
1.0
1.0
1.0
0.9997039006451613
1.0
1.0
1.0
0.9992423141935484
1.0
0.99971166
1.0
0.9999728980645162
0.9995040199999999
0.9999728980645162
1.0
0.9996729361290322
1.0
1.0
0.9998728903225806
1.0
0.9999728980645162
0.9997419354838709
1.0
0.9998728903225806
0.9995122361290323
1.0
0.9997729032258064
0.9996729361290322
1.0
0.9997729032258064
1.0
1.0
0.9998187535483871
1.0
0.9997729032258064
1.0
1.0
0.9993731541935484
1.0
0.9999800419354838
0.9999347277419356
1.0
0.9993731541935484
1.0
1.0
0.9997419354838709
0.9996729361290322
1.0
0.99953386
1.0
1.0
1.0
1.0
1.0
0.9993036619354838
1.0
1.0
1.0
1.0
1.0
0.9997729032258064
0.9997729032258064
0.9999728980645162
0.9999800419354838
1.0
1.0
1.0
1.0
1.0
0.9995040199999999
0.9998802632258065
1.0
0.9997419354838709
1.0
0.9999110212903226
1.0
1.0
1.0
0.9996195864516129
0.9998270677419354
1.0
0.9998038709677419
1.0
0.9999728980645162
1.0
1.0
0.9993432490322581
1.0
1.0
0.9998038709677419
0.9996729361290322
1.0
0.9997419354838709
1.0
1.0
0.9995267954838709
1.0
0.9997419354838709
0.9997419354838709
1.0
1.0
0.9996729361290322
0.9996425432258065
1.0
1.0
0.9997729032258064
0.9996039503225806
1.0
0.9997729032258064
1.0
0.9996504303225806
0.9997577890322581
1.0
0.9998728903225806
0.9995040199999999
1.0
0.9995729883870969
1.0
0.9997879025806452
0.9998963593548388
1.0
0.9993731541935484
1.0
0.9998038709677419
1.0
0.9997419354838709
1.0
0.9997964690322579
1.0
0.9997039006451613
1.0
0.9997419354838709
1.0
1.0
0.9997114296774193
1.0
1.0
0.9997729032258064
1.0
0.9994346122580644
1.0
1.0
0.9998114012903225
1.0
0.9999039380645162
0.8111476232258065
0.9795151774193548
0.9993731541935484
1.0
1.0
0.9992511290322581
1.0
0.9996729361290322
1.0
0.9994041090322582
1.0
1.0
0.6883889012903226
0.6102970129032258
0.9999275096774193
1.0
0.9997729032258064
0.9998419193548388
1.0
1.0
0.9993731541935484
0.9999800580645162
1.0
1.0
0.9998728903225806
1.0
0.9997039006451613
1.0
0.9996039503225806
0.9999800580645162
1.0
0.9998728903225806
0.9997348651612903
1.0
1.0
0.9998728903225806
0.9999038612903226
0.999550515483871
1.0
0.9997039006451613
1.0
0.9995655890322581
0.9998040277419356
0.9901034825806452
0.9998728903225806
1.0
0.9997269225806451
1.0
0.9999729193548387
0.9996039503225806
1.0
1.0
0.9999038612903226
0.99978068
0.9721845387096774
0.9686551187096775
0.9545264206451612
0.9756711696774193
1.0
0.9999419703225806
0.9239778387096773
0.96691088
0.99246484212
0.8129290322580645
0.8198503225806452
0.9667354838709677
1.0
0.7899370580645162
0.842068050967742
0.8211499193548387
0.9815099503225807
0.8688764800000001
0.9751948387096774
0.9994041090322582
0.792696384516129
0.976928289032258
0.7881623677419355
0.9762089941935485
0.9995264161290324
1.0
0.9995349780645161
0.8200143251612902
0.9657732967741935
0.7757052019354839
0.8223218838709677
0.8174614793548388
0.9401521322580645
0.9923797590400001
0.8172832670967742
0.99223817528
0.8187537890322582
0.97401088
0.8221883870967742
0.8174614793548388
0.8872592064516129
0.7615411967741935
0.815399209032258
0.9864710929032258
0.9998419193548388
1.0
0.9999038612903226
1.0
0.9994504612903226
1.0
1.0
0.9997039006451613
0.9951587096774194
1.0
0.9341651470967741
0.9777689006451613
0.7900320748387096
0.9768804799999999
1.0
0.806938161935484
0.8194406025806451
0.84831090656
0.8199633838709677
0.9764520967741935
0.7858195580645161
0.8110724851612904
0.9910162432258064
0.9997039006451613
1.0
0.9923802948387096
0.7926160206451613
0.9766763447200001
0.7898953277419356
0.9760807896774194
0.7903749748387097
0.8187537890322582
0.8206193548387097
0.8196044412903226
0.7895301161290323
0.7895301161290323
0.8212838838709677
0.8581401890322581
0.9077015399999999
0.8274578993548388
0.8274578993548388
0.96441854516
0.79608572288
0.8210819458064517
0.8191899393548387
0.8191899393548387
0.9763168722580645
0.7607109096774193
0.9672389561199999
0.8191632064516129
0.8204552638709677
0.84250004
0.8807970548387097
0.9957703148387097
0.9957703148387097
0.9920143470967742
0.9920143470967742
0.8202912380645161
0.7228799703225807
0.8105408812903225
0.8218286877419355
0.9758313890322581
0.7910666987096775
0.8196863851612903
0.8196863851612903
0.9589492664516129
0.9998038709677419
0.8633398251612904
0.8188356393548386
0.798627946451613
0.8174432258064517
0.8379719077419355
0.8379719077419355
0.9167483870967742
0.9912453916129031
0.9995040199999999
0.8413832258064516
0.9109703148387096
0.8217470096774194
0.85948289856
0.8226796477419355
0.8182304348387097
0.9899734787096774
0.9757687174193549
0.7923236258064515
0.8047292541935483
0.8194658387096775
0.8194658387096775
0.8189993903225806
0.8204552638709677
0.8204552638709677
0.8191632064516129
0.8789779083870969
0.8190812903225807
0.819698324516129
0.8199209967741936
0.9110918335483872
0.8316352967741935
0.8196044412903226
0.85844417768
0.85844417768
0.8204552638709677
0.9854780806451613
1.0
0.9996042664516128
1.0
0.9998348387096774
0.8809324367741935
0.8809324367741935
0.8203732425806451
0.8217527322580644
0.8452815580799999
0.8199633838709677
0.7590477574193548
0.00545206709677425
0.7492076251612904
0.7492076251612904
0.9772087729032258
0.9999492200000001
0.8673474077419355
0.8673474077419355
0.75314194324
0.9633703438709678
0.90804453772
0.7617203320400001
0.90143294588
0.7585146735999999
0.7525481703199999
0.7533392438
0.75457592168
0.75764491144
0.75764491144
0.7536969988
0.7547782399999999
0.75561223268
0.9803362870967741
0.7553954467999999
0.7557830684800001
0.9722821980645161
0.9998728903225806
0.9996349116129032
0.7548378686399999
0.7668869565199999
0.98777298912
0.76229048576
0.7530893889200001
0.75570939692
0.7548221578800001
0.75513571856
0.88702258676
0.7623879188
0.75494511292
0.75379649124
0.755068713
0.7583823982400001
0.77875650696
0.75347556976
0.7591064519199999
0.7547027697199999
0.7545319735999999
0.7548539160000001
0.75705231076
0.7543968
0.7576305538800001
0.9795151774193548
0.75452779832
0.8336095425806451
0.76827168
0.76107830592
0.75963185556
0.75736139228
0.75318475848
0.75537022296
0.76439976004
0.76192089584
0.9766352399999999
0.7535864420399999
0.75471396468
0.9727285335483872
1.0
0.89456509716
0.76355035448
0.7533297329599999
0.75523520352
0.7551318468
0.7548024726
0.7695975930000001
0.7532372650799999
0.75636814724
0.9787463761290323
0.75475044496
0.7586685068400001
0.76295058496
0.78127679264
0.9719499025806452
0.97105836
0.76438084192
0.9731177419354838
1.0
1.0
0.75730806596
0.7554321937599999
0.77403231308
0.75259991996
0.7550086782800001
0.8295988625806451
0.76622311156
0.76732628212
0.76933906608
0.7539435289599999
0.76751455804
0.75380466048
0.7557120512
0.9636593548387097
0.8374543193548387
0.978844230967742
0.7534479160399999
0.7534108043200001
0.9699778083870968
0.9397677006451614
0.7524844022
0.75444506592
0.7549451412400001
0.7593096252
0.7534449859999999
0.92856244
0.75494508476
0.9799518148387096
0.7593166633199999
0.7573641507600001
0.7545319735999999
0.75319235772
0.75925134972
0.75778208
0.8414910068800001
0.75514859952
0.7568368073599999
0.7583347134799999
0.758479968
0.76874848
0.76045216
0.7599485108799999
0.76531673836
0.76942562568
0.75369402328
0.75852762896
0.75752674932
0.75864689284
0.7592319168
0.75355856416
0.75511588204
0.7576156362
0.7586753861600001
0.75341553844
0.75469487152
0.75704722472
0.7549212799999999
0.754594993
0.7549808088
0.7524382338400001
0.75487739992
0.75676417432
0.75397543508
0.75455974404
0.75421821452
0.7543889622
0.7567808
0.7542338234
0.75490546468
0.7540131515599999
0.7583433430000001
0.75434912
0.7677924238
0.7529463346399999
0.7542338234
0.75550518844
0.9942715026
0.9947265864516129
0.75544576
0.75475835584
0.9783551516129033
0.75307691076
0.7670319999999999
0.75317990796
0.9799304580645161
0.7525816430800001
0.75778208
0.7538922907600001
0.8859936
0.7709782843599999
0.75577952
0.7571145600000001
0.7537381535600001
0.75749406688
0.7533802479199999
0.76342761104
0.7619498700799999
0.7552233693600001
0.75382464
0.9947917606451612
0.75355058164
0.75320755316
0.9159257806451613
0.84694368
0.8929964996399999
0.8798348387096774
0.7536539146
0.7649529447200001
0.75722955704
0.75352531104
0.75958798352
0.90663904
0.77413069464
0.9815434051612903
0.8106544
0.006257518249999994
0.63631019168
0.87229906244
0.86461329856
0.86583373664
0.84895088456
0.8708853626799999
0.84766416792
0.8724362472399999
0.9673458458064516
1.0
1.0
1.0
0.86766258124
0.8565273600000001
0.8627075815199999
0.86507093292
0.86187669232
0.86759772024
0.86458405104
0.8626709716400001
0.9705880832258065
0.9351116503225807
0.8640102348800001
0.86040916276
0.9958281593548387
0.8835342606451613
0.86208140252
0.8594016456000001
0.86425152
0.8571086034400001
0.8619995201999999
0.8603034096400001
0.85728060808
0.85963665468
0.8680060606000001
0.8618104081199999
0.8577289471199999
0.86815273528
0.86179052188
0.97272352
0.88859432228
0.8584345600000001
0.8700080981199999
0.86282350112
0.86173716344
0.8635239484399999
0.8605510898000001
0.8722547526400001
0.86338425844
0.87120456044
0.86200364036
0.8747471638
0.8607120385200001
0.85949293072
0.8627075815199999
0.8659816528400001
0.86574717056
0.85843465732
0.8662413434799999
0.8662468017199999
0.86312846832
0.98839284356
0.87988318832
0.86152291084
0.86472832
0.86508320496
0.9516812632258065
1.0
0.86188763412
0.8685904000000001
0.8522939706
0.8621059200000001
0.8617336666400001
0.86342033388
0.8616676067600001
0.85140863324
0.86134312368
0.86220128
0.86370304024
0.86962228656
0.8590733053199999
0.86507093292
0.9780753529032258
0.9538527058064517
0.86068676236
0.87283001004
0.8711568756799999
0.86227635708
0.8688680068
0.8704105589600001
0.860380118
0.86155216956
0.87702700008
0.8726296898400001
0.86945144912
0.8722222177600001
0.859349905
0.86277344
0.8707588276399999
0.86204718112
0.86440590348
0.86254796388
0.86212421516
0.8683690462
0.9044893116129032
0.86291414292
0.8635002801199999
0.86014074372
0.8694263226
0.86098182912
0.86226722656
0.87215011004
0.8697504445161289
0.8598360328
0.87319984008
0.9929199374193548
0.9996498722580646
1.0
0.9998348387096774
0.8658814118400001
0.8665575684800001
0.86491904
0.87323946816
0.8868448135483871
0.8607139114
0.8617922976800001
0.86810011996
0.88070840916
0.9220394090322581
0.8577289471199999
0.8622854858
0.8606860344
0.8676367999999999
0.8577877851999999
0.85978516212
0.86140757468
0.86029408
0.8643379538
0.86887232636
0.86128965588
0.86541347732
0.9897605787096775
0.9996574419354839
0.9997348651612903
0.8782089535483871
0.8620216086400001
0.9234849806451614
0.86800968096
0.9604871767741936
0.86766092768
0.8562265089200001
0.8664360836
0.87200831668
0.8481833599999999
0.861625
0.90096975748
0.85482075792
0.8740491574193548
0.86250014044
0.8604847999999999
0.86001735828
0.86766258124
0.8677664934
0.85899725972
0.86650118988
0.8689887622400001
0.8772032290322581
0.87121878388
0.85978836232
0.85990327032
0.86215164416
0.8603044417600001
0.85767168
0.86714690124
0.87031002092
0.85935380292
0.86968131936
0.8643170566
0.8511190238
0.86182901708
0.85871091564
0.8617336666400001
0.8573026816799999
0.9868856484
0.8833782221600001
0.8607987204
0.8615044991199999
0.9893342193548387
0.8742767574193548
0.8624102379599999
0.860096861
0.86736541204
0.86246701988
0.88309922016
0.8542864
0.86102779444
0.856736701
0.85297411812
0.85138802768
0.7868983130799999
0.007626399519999977
0.67480995408
0.9096905599999999
0.91770438956
0.91274208
0.91818468308
0.91527295272
0.9203276570400001
0.931078997
0.9170479008400001
0.9282355435599999
0.91478843884
0.92872483008
0.9387738774000001
0.9191311999999999
0.91876021192
0.91773772132
0.92495102488
0.92004718584
0.92966848
0.9299545600000001
0.9303929628
0.9386338166
0.91915982464
0.91771465276
0.91625919776
0.9194854287600001
0.9968961535483871
1.0
0.9998038709677419
1.0
0.9993656161290323
0.91670745912
0.9282223157999999
0.90979906028
0.9166995200000001
0.9159328732800001
0.9250549380399999
0.90930912
0.92409287072
0.91711330344
0.9172616588
0.91267393696
0.9930352
0.97042814876
0.9062146585199999
0.92026551964
0.92585685432
0.90580027904
0.9150103109200001
0.91731573156
0.91412874712
0.90549472
0.9158450554800001
0.9159880812
0.9144187162399999
0.92293136824
0.9172693975999999
0.9176576691999999
0.91705868264
0.91580115976
0.91350095008
0.9904764361290322
0.959814193548387
0.91770438956
0.90525348488
0.9935561522580646
1.0
0.9907736387096774
0.92623825616
0.91574970504
0.9158450554800001
0.913020044
0.9167515538
0.91436105592
0.91874403772
0.9015823676
0.9161787821199999
0.90480391804
0.9545573442799999
0.9046547928800001
0.9062565902399999
0.90734784524
0.9143115911599999
0.91655277528
0.9149984806
0.9148361236
0.90630055004
0.90769259076
0.9364428315200001
0.91008885768
0.9133739878
0.92785149028
0.9179534586
0.92375317532
0.9143155199999999
0.90988128
0.90330144
0.915661428
0.90542678428
0.90468416
0.91018472612
0.92551470296
0.91779616
0.9134296851599999
0.9163068920799999
0.90503514404
0.9031979137599999
0.9044787036
0.90488949316
0.913183325
0.9069204520399999
0.9269930786
0.91170568828
0.91006826156
0.90476629212
0.91313565932
0.90349216
0.91628159552
0.90358251824
0.91298454156
0.9150880224000001
0.91224217768
0.90464243884
0.90454112
0.9129631410400001
0.91648766468
0.9142280344
0.9028246400000001
0.90430272
0.9042551002
0.91554781912
0.9081511653600001
0.90401168116
0.9060334699600001
0.91632771376
0.9132720199600001
0.90498482456
0.9121139428000001
0.9044732169599999
0.90427476692
0.9048992304
0.9133619199999999
0.90662494748
0.90517064588
0.9043076492400001
0.90420736
0.90764433812
0.9032457372
0.91303221676
0.9082124799999999
0.9102323381999999
0.90402159784
0.90440602736
0.90508833136
0.9031422431999999
0.9077833599999999
0.9031583999999999
0.9129032258064517
0.9057331200000001
0.90325879412
0.9050947031600001
0.9084940494000001
0.91314547812
0.90381462532
0.90353984
0.90702513748
0.90324872488
0.90312081584
0.90413315972
0.9029584107199999
0.91172178068
0.90437714172
0.91165382924
0.9875770832258064
1.0
1.0
0.9995040199999999
0.99188546292
0.9471875598
0.9031349052
0.9031684863199999
0.91161035688
0.9869277083870968
0.90694844576
0.91582617048
0.9451080696774193
0.9955949283870967
1.0
0.9715357883870968
0.9029676799999999
0.90501306132
0.9106441599999999
0.98678457996
0.91749775516
0.8935030012
0.9125412982800001
0.91564724284
0.9052369748
0.9013994600399999
0.82889855524
0.005907603839999938
0.7542596603199999
0.8549062399999999
0.8602693258799999
0.8512003207200001
0.8509759552
0.8520829682800001
0.8510918399999999
0.8612496
0.85240955712
0.9914126896774195
0.9999800580645162
1.0
1.0
0.9996039503225806
0.8704323651612903
0.8523416458399999
0.85443935608
0.8512246424800001
0.85379964152
0.9875834929032258
0.8971123935483871
0.8513234706
0.85371424
0.8590544
0.85189222924
0.85060855656
0.85088577412
0.85093715776
0.8729135483870968
0.85090112
0.85806267372
0.8516196302
0.85106107832
0.85105441456
0.8498356093199999
0.85107233192
0.84916845716
0.8508094752800001
0.8492755177600001
0.8508945222000001
0.8492859544000001
0.85191256876
0.8520180764
0.8526746661200001
0.8493442247999999
0.8491206238000001
0.85186489352
0.851013384
0.85198056584
0.85806276236
0.8543241524
0.8512593124000001
0.8599475659999999
0.8584533759599999
0.85153116688
0.8493813525599999
0.85215094492
0.8517116800000001
0.951839856
0.8451969684799999
0.8509511075599999
0.85148011204
0.85111233752
0.85129954988
0.8532098380400001
0.8545347065200001
0.85105441456
0.8741893561290323
0.8509385338400001
0.85107133428
0.85142559584
0.9831276896774194
0.9238843793548387
0.8493813525599999
0.85113952
0.85095244376
0.8517718158400001
0.85362039752
0.85111233752
0.8514358164
0.8510441599999999
0.85205559444
0.8589586806399999
0.8513370148
0.8509706081599999
0.850899639
0.85089084908
0.85239066788
0.8511025461999999
0.85380183928
0.8612768953600001
0.8521813674400001
0.85100791704
0.85940106308
0.8499889643999999
0.8510815881599999
0.850830019
0.8523053264
0.85037025188
0.85056736
0.851153308
0.84910167596
0.8519617366800001
0.8498790958000001
0.85094410236
0.84918464
0.865050215483871
0.85521048316
0.85142900548
0.85172104896
0.8540253987199999
0.8538971611199999
0.85169457164
0.8491637527600001
0.8579863172800001
0.8515107510800001
0.85098984408
0.8493395052
0.8509202326
0.84926362092
0.84911017796
0.8569655061999999
0.8496241576
0.85100009996
0.84914740524
0.84754791624
0.84932776888
0.85089084908
0.9700955974193548
0.909058064516129
0.8510339034
0.8492187882
0.8610989221600001
0.8522534360399999
0.84989174972
0.85107702188
0.8493381062
0.84946469412
0.8492456376
0.8580819334800001
0.8539526399999999
0.84936937224
0.850827996
0.8498269207600001
0.84975065972
0.849148759
0.8491891654
0.9828385935483872
0.9167635748387097
0.84903114312
0.86167568536
0.85274415244
0.8491369599999999
0.84939020588
0.84930085984
0.8498790958000001
0.8491741974
0.84975065972
0.8560181926799999
0.84970856972
0.8510441599999999
0.84921144228
0.8493276799999999
0.8533153846
0.84914016376
0.84908340664
0.84937953572
0.849238057
0.84916828952
0.95207808
0.84569320932
0.84924275572
0.84921144228
0.8491728217600001
0.98670038008
0.89363439312
0.85036631664
0.84820443912
0.84900437956
0.84913509072
0.8515580731999999
0.84959823488
0.84926966404
0.8493930538800001
0.84916194488
0.85888423372
0.8500673978000001
0.8492173704399999
0.8491832550799999
0.8491369599999999
0.8491147396800001
0.8492187882
0.8490905815199999
0.85225642872
0.84939904152
0.84914740524
0.8491369599999999
0.84906634588
0.8492240454400001
0.9645248393548387
0.12302600774193545
0.78578734756
0.8402633698799999
0.80276669336
0.80275212788
0.81005371464
0.80432978808
0.80274377316
0.80278226128
0.8027895631199999
0.802904901
0.80268329156
0.8028599959999999
0.80287504744
0.8084907946000001
0.80331442308
0.9923006496800001
0.8027219824
0.802758886
0.8028070792800001
0.80268876876
0.8027594040399999
0.80276719608
0.8032688
0.81389810188
0.804606833
0.8028652238799999
0.8027661887199999
0.80271172884
0.8032211199999999
0.80379328
0.80274189744
0.80274486476
0.8027413461599999
0.80277691768
0.9944891264516129
1.0
0.9094448187096774
0.80278666268
0.9742948905200001
0.7997558644
0.8007766091199999
0.8025701974
0.80273947632
0.8027292329199999
0.8027944383200001
0.80274189744
0.80277691768
0.80274432
0.802807505
0.8148914446
0.8148689131199999
0.8053518952
0.8027243978
0.80277691768
0.80291749652
0.9951277419354839
0.9995427587096773
1.0
0.8812276251612903
0.8027594040399999
0.81269534952
0.80371290872
0.80068070808
0.8025663334800001
0.80266645328
0.8029152434000001
0.80322405292
0.8033341068400001
0.8027093162799999
0.80336416
0.80276183236
0.80282460248
0.80281971016
0.8028302661600001
0.8026426966399999
0.80387366736
0.8026767416399999
0.8032688
0.8027594040399999
0.8042252676000001
0.8027720539600001
0.8030504136400001
0.8027256523599999
0.80285475452
0.8032838315999999
0.80280463816
0.9843247935483871
0.8053192412903225
0.8027594040399999
0.8028603209599999
0.80270566756
0.8027944383200001
0.8126281771999999
0.80320351928
0.8007417600000001
0.8026338634
0.8026640536
0.80995377848
0.8028327084
0.8027359342
0.80290242976
0.8828226851612904
0.80353721256
0.8007570442799999
0.80252102788
0.80274432
0.8033009383199999
0.80279154392
0.8094672
0.8028848945200001
0.81003936
0.8033942011599999
0.80280952192
0.8027569771999999
0.80266475048
0.80284177188
0.8006945116399999
0.80061580316
0.80256870312
0.8027219824
0.80268636044
0.8027569771999999
0.80277935176
0.8006814489599999
0.8029826269999999
0.8026659734000001
0.802792
0.80267914416
0.80285475452
0.80266645328
0.8344514994000001
0.8025719476800001
0.8026960024
0.80299778024
0.80271172884
0.80280463816
0.80266645328
0.80285475452
0.80325118976
0.80277740068
0.8028846154
0.8028898269599999
0.80277448512
0.8007741574
0.8005186681199999
0.8006769846
0.8005357335600001
0.80277448512
0.8007595330799999
0.8005634232
0.8024884623199999
0.8013139199999999
0.80061580316
0.8006140186
0.8006140186
0.8005186681199999
0.80100502192
0.8008097120400001
0.80061580316
0.80056634336
0.8005510399999999
0.8006446065999999
0.80058341836
0.80148738252
0.80104686628
0.80053098196
0.8029952818799999
0.8006311031200001
0.80104309568
0.80266645328
0.8095148799999999
0.80080287884
0.80057278628
0.8029826269999999
0.83302167132
0.80355488
0.8005051115199999
0.80056457416
0.8005681136399999
0.8007417600000001
0.8004692522800001
0.80060511184
0.80054455128
0.80059872
0.8005510399999999
0.80069408
0.8005510399999999
0.80253377312
0.8007417600000001
0.8026171656800001
0.80312593928
0.801506692
0.80056634336
0.80056634336
0.8015369726
0.8006834793200001
0.80063289316
0.8005369513199999
0.80059408876
0.7287343963199999
0.007003314359999931
0.61221499248
0.77062629736
0.77051988404
0.7703329466
0.77027424
0.7703802075199999
0.7707484918399999
0.7703879212
0.77023756752
0.7702925707600001
0.77091234876
0.77044286284
0.7703695999999999
0.77025217132
0.77035519488
0.7703402459600001
0.7702925707600001
0.77146624
0.77035856828
0.77031820088
0.77092751652
0.77030706588
0.7702853480399999
0.7702559056
0.77807620764
0.77130075968
0.7705053916
0.7704135132400001
0.7703035903600001
0.77031422876
0.7702891542000001
0.77036230868
0.7702925707600001
0.7703695999999999
0.7701862241199999
0.77035127512
0.7731595362
0.77065568
0.77154427144
0.77030742412
0.77036230868
0.77024489552
0.77031820088
0.77027424
0.7703402459600001
0.77022656
0.7703984838
0.77255084728
0.77094176
0.7703475409999999
0.7703329466
0.77027424
0.7703402459600001
0.77022656
0.7703874738400001
0.77153555888
0.7702998800399999
0.77094176
0.7703146144
0.77031089784
0.7703035903600001
0.7703658570799999
0.77026692008
0.77033636092
0.7747978759599999
0.77076932308
0.7702174765199999
0.77032922124
0.77026692008
0.77041728
0.77027054472
0.7703290734800001
0.7703257863999999
0.77021555688
0.7704539092
0.8131729838709677
0.77081699832
0.77024489552
0.77081699832
0.7703507471600001
0.77160341264
0.7703475409999999
0.77494096228
0.7703475409999999
0.77049432944
0.7703879212
0.7702338898400001
0.77042428116
0.77018984476
0.77036230868
0.7702925707600001
0.7749826034799999
0.77072164784
0.77038063612
0.77027424
0.77035127512
0.77024478088
0.7813968279600001
0.7706739726
0.7702925707600001
0.77098944
0.7702998800399999
0.77032192
0.77086866748
0.7703984838
0.7702229081199999
0.7705786221200001
0.7702559056
0.7715867253199999
0.77036230868
0.77039520192
0.77028525704
0.77033636092
0.77018248848
0.7703695999999999
0.77041728
0.77027424
0.7702925707600001
0.77037688692
0.7704355964399999
0.77028525704
0.77025948104
0.7702559583599999
0.77036230868
0.7702925707600001
0.7703658570799999
0.7708209684
0.7702998800399999
0.7703329466
0.77028877132
0.77035519488
0.77247417776
0.77085753152
0.77177736904
0.7704760152
0.7702925707600001
0.77032922124
0.7702521236400001
0.7709070196400001
0.7703329466
0.77029449056
0.77031089784
0.77028525704
0.77028155552
0.77076932308
0.77038063612
0.77029606864
0.7703478853600001
0.80813216
0.7702522191200001
0.7703402459600001
0.7703329466
0.77022656
0.7703475409999999
0.7702886762400001
0.7703259304000001
0.77027424
0.77032192
0.7717410118
0.770410003
0.7703695999999999
0.78126189524
0.77125175204
0.7703625
0.7703146144
0.77032922124
0.77053094692
0.77022656
0.7703879212
0.77036230868
0.77019722028
0.77034347784
0.7702891542000001
0.77041728
0.77072164784
0.77037688692
0.77026692008
0.7708940799999999
0.7709194722
0.7703290734800001
0.77030742412
0.7702925707600001
0.77026322736
0.971924324516129
0.8459128283870968
0.7703035903600001
0.7703402459600001
0.77028498556
0.7705800441599999
0.77027424
0.7702998800399999
0.77020822084
0.7704539092
0.77028525704
0.7702998800399999
0.77030324764
0.77479188916
0.77070336
0.77032192
0.7029347200000001
0.0064583504799999355
0.60681166168
0.78354628536
0.7836416358399999
0.7837363954000001
0.78408238828
0.78372
0.78364494204
0.8328405870967742
0.78428904672
0.78374026388
0.7835906381200001
0.78369482812
0.7836496538000001
0.78369260296
0.78483248648
0.78372598804
0.7841830034
0.7839002098800001
0.78366902072
0.7836882640399999
0.78501791944
0.7838290858
0.7836958928800001
0.78386458084
0.78368497904
0.78364824624
0.7837304252
0.78374026388
0.7836695182
0.78362420612
0.7836860172000001
0.9679521948387098
0.9998038709677419
0.9871354683870968
0.9638252077419355
1.0
0.7926564916129032
0.7852792937199999
0.78374802644
0.7836076407599999
0.78367561732
0.78365484868
0.7836553255200001
0.78502421756
0.7836811796400001
0.8711168748387097
0.7837057507999999
0.7836109578
0.78403361344
0.7997205435600001
0.7851306922800001
0.78367891264
0.78368169212
0.7835810326
0.78370301032
0.78364824624
0.7836553255200001
0.7850068316
0.7837363954000001
0.7836109578
0.7853130902400001
0.7836804495999999
0.7841046086
0.7837172793599999
0.78365814696
0.7836246400000001
0.9505772361290322
0.7836072306
0.7836080520800001
0.78376190192
0.7836325973600001
0.7836246400000001
0.78361137364
0.78406753352
0.78361385368
0.78352928
0.78589650964
0.78374293984
0.7885723903199999
0.78365862828
0.7836416358399999
0.7835928785599999
0.78367282196
0.7836454054
0.7836208969999999
0.7836741065199999
0.78361179064
0.78360100072
0.78374026388
0.78363126124
0.79622836568
0.78411522304
0.78366192904
0.7835429486
0.7836576670000001
0.7837041018800001
0.78354628536
0.78379837984
0.78369260296
0.7836553255200001
0.78481874624
0.78372598804
0.9038817530000001
0.79500552044
0.7837153492000001
0.78361137364
0.78410033952
0.78372984316
0.7836662124400001
0.78364117824
0.7839630058
0.7836667068
0.78364824624
0.7841936580800001
0.9710274012903226
0.9998728903225806
0.9850262206451612
0.7836723200000001
0.7836746087199999
0.7836529695200001
0.7837232829999999
0.7996466139999999
0.78584088088
0.7837194328000001
0.7848356463599999
0.783784004
0.78364824624
0.78358655092
0.78364587008
0.78408766248
0.7836723200000001
0.78372
0.78358360984
0.86417030812
0.77849271072
0.78366095884
0.78363591852
0.79408251176
0.78455830332
0.7836109578
0.7837095852
0.78357363208
0.7837232829999999
0.78413533292
0.7836416358399999
0.7836893110800001
0.7835939606
0.78372
0.78351561688
0.78379837984
0.78363126124
0.7836543732
0.78365628324
0.7836788159999999
0.7836860172000001
0.78370301032
0.9919833825806452
1.0
0.78366192904
0.78358986636
0.7836700170399999
0.78369260296
0.7836279516000001
0.7836279516000001
0.78364824624
0.78364824624
0.7836832381600001
0.7837384829599999
0.78356398636
0.78356398636
0.78363501752
0.78379579244
0.7836072306
0.9416556238709678
0.78374026388
0.78919168664
0.78415462656
0.78366144324
0.78360432172
0.78360432172
0.78370301032
0.7835632873599999
0.7854532946799999
0.7837539692
0.78359980068
0.7836188641199999
0.7858206952000001
0.9661171232258066
1.0
1.0
0.78357696
0.7836416358399999
0.7836882640399999
0.7836936648
0.78403781672
0.78379837984
0.78359356964
0.7836416358399999
0.7112429487199999
0.007309421935483882
0.5363199362
0.68668390204
0.68668390204
0.6867331866399999
0.6909824000000001
0.6870598978800001
0.68664352
0.68667021296
0.68660342768
0.68663406812
0.6867121911999999
0.6866092110400001
0.6867178882
0.68678656
0.68664352
0.6909395720800001
0.68806423008
0.6876577130399999
0.6868485396
0.6866510838000001
0.6866893804399999
0.68667021296
0.6866225377599999
0.6866339629999999
0.6867139887999999
0.6865691939199999
0.6867374674
0.6865825010000001
0.6866836720399999
0.68674457108
0.68656726908
0.6866912
0.68662449676
0.68665293412
0.6870824212
0.6867598759999999
0.6866339629999999
0.6867677516399999
0.82348956564
0.6996632673600001
0.68657486252
0.6867467254
0.68662816116
0.6866646881999999
0.69489216
0.68742422368
0.68674864812
0.68663582984
0.6866359395199999
0.6866834431600001
0.686620585
0.6867010631999999
0.68667021296
0.68654060316
0.6872452679200001
0.68664923016
0.68664923016
0.6866834431600001
0.68655776448
0.68676994684
0.68664352
0.68664352
0.68660534932
0.6910155693600001
0.6871049085200001
0.68662449676
0.686658631
0.6866149349200001
0.68675025988
0.68667021296
0.68658247724
0.6866339629999999
0.973051384516129
1.0
0.9997732658064516
0.7318456903225805
0.68669326924
0.68661682168
0.68669482932
0.68666837468
0.68663012384
0.6866092110400001
0.6867178882
0.6866891374
0.6867410256400001
0.68664352
0.6866396722399999
0.6866987114
0.68661110332
0.68670468564
0.68670440428
0.68664537916
0.68663979164
0.68674849424
0.68660534932
0.68667408444
0.6866626626800001
0.68656726908
0.68674457108
0.68658630684
0.6866875576
0.68666450644
0.68667783664
0.68668549708
0.6865825010000001
0.68665493804
0.68667021296
0.6866339629999999
0.6866339629999999
0.7837204948387098
0.6867103904
0.68667021296
0.68661487768
0.68776674332
0.98292628204
0.73508242352
0.6865787004799999
0.6866665331199999
0.68666450644
0.68667021296
0.68670649196
0.6865520463200001
0.70555898256
0.68743301668
0.6867307102400001
0.68667817708
0.68664923016
0.68661487768
0.6867524229199999
0.68656913692
0.6867178882
0.68658821648
0.68667796136
0.82349834564
0.69940928136
0.6906503853600001
0.68705161484
0.68663582984
0.68665123172
0.68674457108
0.68659964064
0.68839752348
0.7378277974193549
0.68666837468
0.68667204796
0.68704448448
0.6867331866399999
0.68660155968
0.789858064516129
0.6867005189600001
0.6868518986
0.68660534932
0.68739847696
0.68656155
0.6866893804399999
0.68670829504
0.69483225936
0.68739327412
0.69504256512
0.68660155968
0.68670440428
0.68655766072
0.68672358292
0.6867178882
0.6868132386800001
0.6866604725200001
0.6872960577599999
0.6867100948399999
0.6866626626800001
0.68656340904
0.68673888
0.68661487768
0.68667021296
0.68666081556
0.6866414101999999
0.6867239126
0.6866569483200001
0.6866225377599999
0.68661487768
0.68658820704
0.789246881935484
0.68665493804
0.6907189939199999
0.6869628382399999
0.6867025989600001
0.6867121911999999
0.6866912
0.6865558286
0.6866606436
0.6867121911999999
0.6866129922
0.68662449676
0.68676731268
0.6866359395199999
0.68661682168
0.6866282515200001
0.68667021296
0.6866912
0.6865901180400001
0.62229335464
0.007497915000000067
0.53039441008
0.6837831206451612
0.6830308838709678
0.6825530490322581
0.683048564516129
0.6831499580645162
0.65357936048
0.6808675974193548
0.6822617748387096
0.6839534825806451
0.683372604516129
0.6837316129032259
0.6819889516129033
0.65357127712
0.6815313645161291
0.65352026444
0.6815801264516129
0.6836632464516129
0.6814926651612904
0.6835948941935485
0.6845850922580646
0.682808075483871
0.6832707580645161
0.6818145683870969
0.682894290967742
0.6837999929032258
0.6827757270967741
0.6845006451612904
0.6821066225806451
0.6821253361290323
0.6846534890322581
0.6839701341935485
0.6830131638709677
0.6822432077419355
0.682894290967742
0.6835948941935485
0.6833389690322581
0.6835778006451614
0.6810641225806452
0.6846852180645161
0.6834749406451613
0.6829625806451614
0.6842269541935483
0.6823982677419353
0.6826212703225807
0.6827707329032259
0.6832707580645161
0.6838851483870968
0.6827216870967742
0.6814245161290323
0.6852011574193548
0.6820571367741936
0.6821253361290323
0.6854067587096775
0.682894290967742
0.6816674122580646
0.68421056
0.6821749083870968
0.6830308838709678
0.6835265548387096
0.6823484670967742
0.6850486838709677
0.6828260154838709
0.682894290967742
0.6836971741935484
0.682926955483871
0.6831168077419355
0.68273974
0.6859015296774194
0.6811520554838709
0.6847745548387097
0.6828260154838709
0.6823172303225806
0.6836806625806452
0.6828260154838709
0.6815801264516129
0.6844160290322581
0.6828260154838709
0.6821935483870968
0.6859015296774194
0.6833389690322581
0.6834237109677419
0.6821253361290323
0.6836632464516129
0.6835265548387096
0.6823982677419353
0.6759061090322581
0.6835948941935485
0.6830308838709678
0.6820452819354839
0.6845209193548387
0.682534815483871
0.6823982677419353
0.6840218296774193
0.6820571367741936
0.6835265548387096
0.6837999929032258
0.6824532851612903
0.6834749406451613
0.6828260154838709
0.6833899180645161
0.6842269541935483
0.6827577535483871
0.682808075483871
0.6829625806451614
0.6839018735483872
0.6828211258064517
0.6838168283870968
0.6819700922580645
0.6821935483870968
0.685132650967742
0.68175292
0.6826031103225806
0.6839701341935485
0.6819511909677419
0.9551999999999999
0.8873476916129033
0.6839367941935484
0.6835948941935485
0.6819889516129033
0.6839367941935484
0.684123164516129
0.6816587645161291
0.6823300141935483
0.685269677419355
0.6812882587096775
0.682894290967742
0.6836632464516129
0.6842953567741936
0.6821253361290323
0.6851103767741936
0.6824798748387095
0.6842953567741936
0.6822121470967742
0.6821749083870968
0.6857106051612902
0.682808075483871
0.6826031103225806
0.6837309529032258
0.6828225890322581
0.6832707580645161
0.6837999929032258
0.6835606696774192
0.6835265548387096
0.6837999929032258
0.8439102938399999
0.6847377077419354
0.6832358748387096
0.6824848412903226
0.6828585187096773
0.6845850922580646
0.6819700922580645
0.6849272135483871
0.6811322767741935
0.6767487987096774
0.6843149245161291
0.6814926651612904
0.6826212703225807
0.6852011574193548
0.6811520554838709
0.6832358748387096
0.685132650967742
0.9734523541935485
0.9998493638709677
0.9995267954838709
0.842867970967742
0.683253335483871
0.6826212703225807
0.682926955483871
0.6839367941935484
0.683167530967742
0.65353554048
0.67648994
0.6820383503225806
0.6822121470967742
0.6846534890322581
0.6823300141935483
0.6841097967741936
0.6824848412903226
0.6822492225806451
0.6840238064516129
0.6840901909677419
0.6809478529032259
0.6845530767741935
0.6847060567741936
0.6819207800000001
0.6845691019354839
0.6833389690322581
