None
None
None
None
None
None
None
None
None
None
None
None
None
None
None
None
None
None
None
None
None
None
None
None
None
None
None
None
None
None
None
None
None
None
None
None
None
None
None
None
None
None
None
None
None
None
None
None
None
None
None
None
None
None
None
None
None
None
None
None
None
None
None
None
None
None
None
0.9948482345789671
0.9938000403344631
0.9921696223318577
0.9898423496633768
0.9879574291408062
0.9857958722859621
0.9839416816830635
0.9825891572982073
0.9794998224824667
0.9775129035115242
0.9769769236445427
0.9751563388854265
0.9749288074672222
0.9694793820381165
0.9712257515639067
0.9681050963699818
0.9650713857263327
0.964889956638217
0.9611176569014788
0.9633000306785107
0.9634299017488956
0.9613385088741779
0.9591361004859209
0.9534349478781223
0.9518781043589115
0.9500758107751608
0.9485068134963512
0.9482548162341118
0.9425604436546564
0.9451317097991705
0.9461046196520329
0.9376720525324345
0.9459806066006422
0.9444304034113884
0.9326280262321234
0.933818869292736
0.9320635441690683
0.9258877541869879
0.9267118778079748
0.925190981477499
0.9260790254920721
0.917445708066225
0.9157527685165405
0.9116462245583534
0.9087166469544172
0.9108631163835526
0.8972089737653732
0.9134552571922541
0.910238279029727
0.8958788439631462
0.8883159887045622
0.8981262873858213
0.9009230080991983
0.8948164265602827
0.8931075148284435
0.8884408231824636
0.892897330224514
0.8765574563294649
0.8664776962250471
0.894522225484252
0.8728248607367277
0.86440085247159
0.8637591619044542
0.8729173000901937
0.855839803814888
0.8665784578770399
0.8582058325409889
0.8529799319803715
0.8824744001030922
0.8457992468029261
0.8583582825958729
0.8905054349452257
0.820638095960021
0.8441860359162092
0.8900685459375381
0.8316121716052294
0.8687318451702595
0.8412420656532049
0.8512075319886208
0.8558454122394323
0.8875976726412773
0.81979675963521
0.8357787113636732
0.8275242354720831
0.8398348223417997
0.8834094982594252
0.8569015841931105
0.8129050489515066
0.8071057740598917
0.7944769859313965
0.8583133891224861
0.8435091748833656
0.8111688941717148
0.8426348622888327
0.8250795919448137
0.8123125117272139
0.8081116210669279
0.8217746075242758
0.8359552919864655
0.8398555032908916
0.8215680532157421
0.8159119710326195
0.7933107763528824
0.8246601447463036
0.797692283987999
0.8048498202115297
0.8047371227294207
0.8009805046021938
0.7980733159929514
0.8128061853349209
0.7799320593476295
0.811097364872694
0.729431850835681
0.8166568391025066
0.8008611649274826
0.7602936699986458
0.7793113961815834
0.7771412953734398
0.7743440587073565
0.7765597552061081
0.7712102141231298
0.7815061789005995
0.8033360876142979
0.7745223212987185
0.7400972582399845
0.7948034200817347
0.7858615070581436
0.8014046158641577
0.8210821803659201
0.8060750439763069
0.7499703504145145
0.7784953601658344
0.7983321473002434
0.8068596366792917
0.7161468155682087
0.8015823625028133
0.7567614037543535
0.7270486429333687
0.8237029407173395
0.7390145640820265
0.7455099932849407
0.7290853261947632
0.714920038357377
0.7613498698920012
0.769750939682126
0.7738901693373919
0.7712469194084406
0.8470584154129028
0.731224050745368
0.7559810914099216
0.7272058203816414
0.7335988245904446
0.7918244618922472
0.771593876183033
0.7799184750765562
0.7701164036989212
0.8146242648363113
0.8273732457309961
0.8332189507782459
0.7051734104752541
0.6715344544500113
0.7475261706858873
0.7755685839802027
0.7845160905271769
0.699746947735548
0.743102990090847
0.8289648834615946
0.742779916152358
0.6806600596755743
0.7986029423773289
0.7070633471012115
0.7132762186229229
0.7155040446668863
0.8020147085189819
0.8344630859792233
0.7914920803159475
0.7836715243756771
0.757177023217082
0.8176176510751247
0.7517118416726589
0.7884346190840006
0.7883893493562937
0.7474755942821503
0.7304684612900019
0.8092098888009787
0.789149446412921
0.839861249551177
0.6954284440726042
0.7298893481492996
0.7782002594321966
0.7092358116060495
0.6797187048941851
0.7278071008622646
0.6987583599984646
0.8134361039847136
0.7748586125671864
0.7658950332552195
0.7400373611599207
0.6902958303689957
0.7841157987713814
0.7546296939253807
0.7594982776790857
0.6521637141704559
0.8067534286528826
0.6374785974621773
0.7427751794457436
0.6889377366751432
0.7547816019505262
0.8586457073688507
0.7056497316807508
0.7316314950585365
0.7130662780255079
0.8228217456489801
0.7574372366070747
0.7038089167326689
0.7911718003451824
0.7275229319930077
0.6724430657923222
0.7508676312863827
0.7425802238285542
0.8081966917961836
0.7164122723042965
0.6508210301399231
0.7523284275084734
0.67112722620368
0.702063312754035
0.6947434805333614
0.7511954102665186
0.7247495390474796
0.6747810933738947
0.637492710724473
0.8230265360325575
0.7388652618974447
0.7280142325907946
0.7108713611960411
0.7218935042619705
0.742205798625946
0.7380276657640934
0.7560300342738628
0.7060828562825918
0.7090795151889324
0.6770687084645033
0.7709512896835804
0.6683561913669109
0.6658280249685049
0.7061178665608168
0.6563361473381519
0.7842837851494551
0.8135553635656834
0.6882067583501339
0.7083467915654182
0.8471358604729176
0.651538422331214
0.7266137059777975
0.7911402881145477
0.7676816657185555
0.6004545763134956
0.7485567145049572
0.6747277677059174
0.7656134013086557
0.6556267347186804
0.6755740493535995
0.7718549966812134
0.6160919424146414
0.7765858676284552
0.7107715327292681
0.7377093639224768
0.7023225277662277
0.8561607245355844
0.7655098512768745
0.7410246320068836
0.6724987085908651
0.7341088894754648
0.7201328333467245
0.7614912018179893
0.7049992922693491
0.6845465395599604
0.7384237684309483
0.7041777241975069
0.7725531328469515
0.7648459356278181
0.7081435769796371
0.7278107535094023
0.7374059148132801
0.699519076384604
0.6488285046070814
0.741414399817586
0.719841068610549
0.6324418168514967
0.8007655404508114
0.715024545788765
0.8225798513740301
0.8208400420844555
0.7921307776123285
0.7045272551476955
0.7817150224000216
0.6678413357585669
0.60383041203022
0.7457811832427979
0.7428660597652197
0.7119081635028124
0.617267438210547
0.6781722214072943
0.6960127539932728
0.7541902232915163
0.7281264774501324
0.7372441366314888
0.7679687347263098
0.7107442934066057
0.5940404366701841
0.7733091842383146
0.7242277301847935
0.6898929830640554
0.6818996537476778
0.7164249829947948
0.6541698249056935
0.712641030550003
0.6604450587183237
0.5689830323681235
0.6743838395923376
0.6359580950811505
0.7579674087464809
0.7585099805146456
0.6881620837375522
0.570823285728693
0.8196557480841875
0.6622923770919442
0.6798643562942743
0.6622540019452572
0.6683827992528677
0.7581020463258028
0.7059428654611111
0.7239116039127111
0.7090238304808736
0.6774347964674234
0.5997019112110138
0.7585896495729685
0.7016317844390869
0.6443430762737989
0.6924519864842296
0.7240408603101969
0.7001124396920204
0.5984522234648466
0.6082084802910686
0.8267090488225222
0.6316404296085238
0.6788068413734436
0.7090839482843876
0.7165372036397457
0.6328159086406231
0.6148588694632053
0.7259580958634615
0.658131348900497
0.650134832598269
0.7012122254818678
0.5776176489889622
0.5902403062209487
0.6806574445217848
0.5917126033455133
0.6214189976453781
0.6761769903823733
0.6296855118125677
0.6988190207630396
0.736460629850626
0.6824933439493179
0.6213805247098207
0.7257040236145258
0.6046258518472314
0.640824181959033
0.6478929594159126
0.520363780669868
0.6451411712914705
0.6049303198233247
0.7263510171324015
0.7100393641740084
0.5915941363200545
0.6382556036114693
0.6089079240337014
0.6850205678492785
0.6451521757990122
0.6478287037461996
0.603968390263617
0.7196431048214436
0.7244740184396505
0.5809099599719048
0.6848842296749353
0.6249395878985524
0.5817812783643603
0.7712249308824539
0.6664665192365646
0.6195182679221034
0.5885029286146164
0.6002362184226513
0.6824073046445847
0.5900617251172662
0.7706791833043098
0.6249651173129678
0.718958780169487
0.7460953667759895
0.8137176223099232
0.7437288016080856
0.7014651745557785
0.5767357368022203
0.6559061510488391
0.7721986044198275
0.6223161211237311
0.787033699452877
0.7813371568918228
0.6488048434257507
0.6521106418222189
0.6743431882932782
0.6896080952137709
0.6895694024860859
0.6926089096814394
0.6351321469992399
0.7236980618909001
0.7355146938934922
0.6375727700069547
0.5469229528680444
0.5772989299148321
0.7957665640860796
0.6694610733538866
0.7008033283054829
0.6818458680063486
0.8394490703940392
0.5927553148940206
0.7818147968500853
0.6090642130002379
0.6956121968105435
0.7581654042005539
0.6684166016057134
0.6379689136520028
0.659233458340168
0.6123838974162936
0.7280164565891027
0.8461812827736139
0.7650545034557581
0.7393030002713203
0.6276878444477916
0.6804530955851078
0.7389187049120665
0.8169674836099148
0.6548621729016304
0.6368600903078914
0.7044708402827382
0.7230825293809175
0.63358114939183
0.6672881506383419
0.7485724221915007
0.49270579032599926
0.5929817100986838
0.6395368352532387
0.7756185103207827
0.7171056848019361
0.719534644857049
0.5888893641531467
0.6706277998164296
0.6426135608926415
0.8210463207215071
0.656432768329978
0.685219332575798
0.6817787578329444
0.7298879865556955
0.6679261717945337
0.8606805205345154
0.801947332918644
0.8308561109006405
0.6903195399791002
0.6956546455621719
0.752318724989891
0.750574667006731
0.7144259475171566
0.843458017334342
0.6784697771072388
0.7242318810895085
0.7718155514448881
0.7626663502305746
0.7409247606992722
0.6939002592116594
0.6375457532703876
0.7620705906301737
0.708981417119503
0.7058003433048725
0.597173135727644
0.6143208611756563
0.5985198020935059
0.6543150888755918
0.6575486995279789
0.5737344529479742
0.6252786591649055
0.6870302017778158
0.7179636228829622
0.7734341602772474
0.7182007310912013
0.6613312447443604
0.6929668691009283
0.661364559084177
0.7286709006875753
0.6715000551193953
0.7379682194441557
0.6914303749799728
0.7663430739194155
0.6886493777856231
0.7738201320171356
0.7368971630930901
0.7653399538248777
0.7256460394710302
0.757048862054944
0.6941172741353512
0.8489284347742796
0.6817125771194696
0.6637837626039982
0.7258483190089464
0.6794438771903515
0.7422609534114599
0.7328456342220306
0.6523857126012444
0.6790393963456154
0.7298796735703945
0.7170353569090366
0.7289546001702547
0.6966550815850496
0.6573116621002555
0.7547075040638447
0.7856375258415937
0.7403455935418606
0.6908912714570761
0.7755156792700291
0.7462432198226452
0.7190266810357571
0.6482585649937391
0.6341767534613609
0.6853403337299824
0.6402241112664342
0.5608213311061263
0.7201145105063915
0.6200086930766702
0.660774196498096
0.7922012489289045
0.7394007928669453
0.733330812305212
0.6639882326126099
0.780528312548995
0.680031867697835
0.7609877791255713
0.71974884159863
0.6719418363645673
0.7736322786659002
0.7121189944446087
0.7220793478190899
0.7860668748617172
0.766965551301837
0.7554654087871313
0.7165137752890587
0.7574896831065416
0.7002447005361319
0.708079082891345
0.7129787113517523
0.7406634725630283
0.6844357326626778
0.6966023910790682
0.6663183625787497
0.7258458640426397
0.7545923832803965
0.7752386536449194
0.8133674468845129
0.744944129139185
0.7797369137406349
0.6874715927988291
0.6172717660665512
0.7198834288865328
0.8440750278532505
0.7732099499553442
0.7411532793194056
0.7414283566176891
0.6798684857785702
0.828625874593854
0.7566796094179153
0.7420734595507383
0.7711248863488436
0.8284817934036255
0.8191706482321024
0.785277433693409
0.75976986810565
0.7289043124765158
0.6920174546539783
0.7043655533343554
0.7490445766597986
0.8032740969210863
0.7561393566429615
0.7299991007894278
0.7387610971927643
0.6239977385848761
0.8321712110191584
0.831114050000906
0.7599106710404158
0.8264355268329382
0.7221058793365955
0.7276485208421946
0.6718027424067259
0.8347211852669716
0.669835988432169
0.7523620277643204
0.8021300155669451
0.7755200862884521
0.6844285354018211
0.6607728730887175
0.809032941237092
0.8132178243249655
0.7442378886044025
0.6965736858546734
0.6424281802028418
0.7213579565286636
0.801429707556963
0.7163622956722975
0.7426797039806843
0.6543213594704866
0.7816578354686499
0.7293099090456963
0.8101977854967117
0.7443011626601219
0.7572982851415873
0.767014479264617
0.812947878614068
0.6679033562541008
0.7006437107920647
0.7347395308315754
0.8089266773313284
0.6091399155557156
0.6638012062758207
0.7850857898592949
0.7179161868989468
0.6780103873461485
0.7568653486669064
0.8294286951422691
0.7080474495887756
0.7431849837303162
0.7479754835367203
0.7306964229792356
0.6225935481488705
0.736834242939949
0.7977058626711369
0.6990097668021917
0.7346409577876329
0.7804130483418703
0.8116710036993027
0.7614602670073509
0.7922470383346081
0.7761069945991039
0.6806923002004623
0.7866469603031874
0.8544526696205139
0.7298116181045771
0.7407749053090811
0.7377125136554241
0.7107346542179585
0.7349695935845375
0.8233620077371597
0.7171787302941084
0.7505757082253695
0.6951201967895031
0.8082487694919109
0.7790287863463163
0.7641700580716133
0.8069939557462931
0.703979479148984
0.7838306967169046
0.6922846641391516
0.8281163759529591
0.650207482278347
0.7078104820102453
0.8224608805030584
0.7384860496968031
0.7816075384616852
0.7559757884591818
0.786201223731041
0.7479633763432503
0.7599640004336834
0.778788547962904
0.7908329721540213
0.7498912084847689
0.7216518223285675
0.7202304974198341
0.7816257998347282
0.8049443513154984
0.6728997733443975
0.7267823815345764
0.7423038743436337
0.7793486211448908
0.8647706583142281
0.6802994944155216
0.8236453831195831
0.820106990635395
0.7197892125695944
0.7726888936012983
0.7810950092971325
0.7849813941866159
0.8131763283163309
0.8050470426678658
0.7337991483509541
0.7235566452145576
0.7256295718252659
0.6828163955360651
0.6745304148644209
0.8240659851580858
0.7242466975003481
0.7185106258839369
0.7263688705861568
0.8468074351549149
0.7780036702752113
0.7799626421183348
0.7252046205103397
0.7966120913624763
0.7909751757979393
0.826866565272212
0.8140040580183268
0.8042458109557629
0.7657105457037687
0.8144234344363213
0.7399435508996248
0.7426705304533243
0.7193909883499146
0.7741789985448122
0.7592386100441217
0.739190237596631
0.7682255674153566
0.7619579713791609
0.730916440486908
0.7525258976966143
0.8190209213644266
0.8467147126793861
0.7667112704366446
0.6946196630597115
0.8470426239073277
0.705103924497962
0.7716710399836302
0.8147851042449474
0.7773837391287088
0.7227387186139822
0.8443978521972895
0.8591436240822077
0.684419272467494
0.813409173861146
0.8389348797500134
0.6632520761340857
0.843380818143487
0.7986546847969294
0.7438487038016319
0.7965860292315483
0.7343035452067852
0.7812613472342491
0.7760963812470436
0.6926853079348803
0.7581921182572842
0.7596715502440929
0.8230528868734837
0.7069172542542219
0.7636021114885807
0.7319038044661283
0.7392273489385843
0.747187415137887
0.7226607240736485
0.7633324693888426
0.84898860193789
0.808660602197051
0.6790548879653215
0.8445383794605732
0.6696293298155069
0.7151718456298113
0.7479765973985195
0.8037580903619528
0.8119444902986288
0.7865882348269224
0.8562380652874708
0.7658228278160095
0.7886192239820957
0.7968496307730675
0.7621198631823063
0.7370205838233232
0.7491553891450167
0.7001719884574413
0.7867982909083366
0.7745851185172796
0.8693614564836025
0.8050315827131271
0.797351211309433
0.7556716408580542
0.8466758858412504
0.7546614874154329
0.7685247827321291
0.7676356714218855
0.8526876848191023
0.8391034062951803
0.8351327758282423
0.7943569254130125
0.6960995197296143
0.8501696940511465
0.8790439162403345
0.8147001713514328
0.7606982942670584
0.8113895021378994
0.7288633193820715
0.7442395314574242
0.7495150938630104
0.8383047357201576
0.7854893244802952
0.7936691660434008
0.8050936292856932
0.738708121702075
0.6934888623654842
0.830151978880167
0.802758963778615
0.8319897148758173
0.8364778067916632
0.7647157777100801
0.7808178886771202
0.6867257840931416
0.7923720050603151
0.7339303325861692
0.7946280166506767
0.7793468423187733
0.7416455168277025
0.8363691996783018
0.8166813813149929
0.7911396138370037
0.7757862228900194
0.8081166706979275
0.7789112403988838
0.7653571348637342
0.7830134946852922
0.7861201018095016
0.9080347400158644
0.7649847362190485
0.7924917079508305
0.8270794507116079
0.7766341436654329
0.8823180682957172
0.8454839810729027
0.8128923457115889
0.7362442575395107
0.7679682690650225
0.8521732166409492
0.8175473622977734
0.8573183156549931
0.7734693102538586
0.8136139828711748
0.7910659722983837
0.7077947426587343
0.792255824431777
0.7938281614333391
0.8577645756304264
0.7361176367849112
0.7977697309106588
0.8237206786870956
0.8333097249269485
0.7929929904639721
0.7626458071172237
0.7870471719652414
0.8885206934064627
0.7677655797451735
0.7483425568789244
0.823748143389821
0.801726071164012
0.8262325115501881
0.752076480537653
0.8136410135775805
0.8344368543475866
0.8193699903786182
0.8476250153034925
0.7960494142025709
0.8060592003166676
0.7587182633578777
0.7907411735504866
0.8402845095843077
0.8153646495193243
0.7413764148950577
0.8124388698488474
0.7682063709944487
0.8307474981993437
0.7989556565880775
0.7609706036746502
0.8026436064392328
0.7851696144789457
0.7983867041766644
0.872426051646471
0.8482558336108923
0.7462293934077024
0.7561961449682713
0.8428329974412918
0.8489266093820333
0.8058820944279432
0.7638413645327091
0.7751680910587311
0.8572048153728247
0.8555463049560785
0.7611574772745371
0.8720386903733015
0.7682082578539848
0.7385314181447029
0.7877900246530771
0.7737071271985769
0.8186396267265081
0.8150675930082798
0.7985455766320229
0.8408870492130518
0.7728052698075771
0.7983122002333403
0.7441148068755865
0.8411795794963837
0.8467536102980375
0.8000470139086246
0.7971676420420408
0.7970129624009132
0.829076012596488
0.8490488361567259
0.7779594007879496
0.7768923994153738
0.767780564725399
0.8237767498940229
0.7942457254976034
0.8921511825174093
0.8373541869223118
0.8646330237388611
0.9074803218245506
0.762065265327692
0.7881444524973631
0.8729076348245144
0.856361510232091
0.7560476716607809
0.8020627200603485
0.8299710135906935
0.8069950696080923
0.8405162766575813
0.8356525115668774
0.8360565435141325
0.7707622889429331
0.7810203246772289
0.8402007836848497
0.8706834223121405
0.816211886703968
0.8272124156355858
0.8136039301753044
0.887954868376255
0.8866487611085176
0.8263275250792503
0.8344906400889158
0.7829516492784023
0.7901684176176786
0.8983468320220709
0.8810009807348251
0.7826473228633404
0.8959295582026243
0.7783860079944134
0.8250763285905123
0.8840078189969063
0.8038615807890892
0.8222637344151735
0.8411343488842249
0.7905428092926741
0.8012555968016386
0.8494049068540335
0.7791477423161268
0.8243759367614985
0.8455891162157059
0.8364115413278341
0.8706871382892132
0.869235523045063
0.8275542799383402
0.8376716878265142
0.8737603835761547
0.8520485498011112
0.7950852736830711
0.7936491072177887
0.8275236561894417
0.836208650842309
0.8213087078183889
0.7997440882027149
0.8569438122212887
0.791712149977684
0.8748307153582573
0.8646839465945959
0.8267021309584379
0.8475244883447886
0.8858035393059254
0.8861159905791283
0.8066340666264296
0.8750461284071207
0.7865827158093452
0.8267374504357576
0.7996946945786476
0.8265691380947828
0.8438848443329334
0.828916510567069
0.8537121471017599
0.8355205096304417
0.8843300957232714
0.7857226468622684
0.8335377350449562
0.8438015468418598
0.9074089098721743
0.8363661617040634
0.7810883559286594
0.7937120907008648
0.8265375774353743
0.833282383158803
0.807403951883316
0.8044730797410011
0.9000538866966963
0.8593884501606226
0.8554442189633846
0.8152151219546795
0.8675714619457722
0.8284760192036629
0.8408429585397243
0.813973231241107
0.8198251780122519
0.81418995000422
0.7924745213240385
0.8489007726311684
0.8958439715206623
0.855123832821846
0.8229214530438185
0.8092280197888613
0.8627577554434538
0.7871645521372557
0.8945334255695343
0.872863532975316
0.8062618691474199
0.7921047434210777
0.8206274025142193
0.806280180811882
0.7911011204123497
0.8580780271440744
0.8361081536859274
0.8423216994851828
0.7842998597770929
0.8538983091711998
0.8478944543749094
0.8634064756333828
0.8915179260075092
0.8567636478692293
0.8004145324230194
0.8218853902071714
0.8295781575143337
0.8488326780498028
0.8538588602095842
0.8451432771980762
0.8674186877906322
0.8274178951978683
0.8709016721695662
0.8564577084034681
0.8215640261769295
0.8738606944680214
0.8057574089616537
0.7946700323373079
0.8223956041038036
0.8235524091869593
0.8484802860766649
0.91131173633039
0.8385783601552248
0.8822336979210377
0.8823824152350426
0.8682636525481939
0.8618205059319735
0.787239495664835
0.8176419772207737
0.7891800291836262
0.849311726167798
0.8342862296849489
0.8923811223357916
0.8487461023032665
0.8568743057549
0.825754689052701
0.8535844162106514
0.8286242038011551
0.8879897464066744
0.8593024015426636
0.797038720920682
0.8430190104991198
0.8237243387848139
0.8813784215599298
0.7922251168638468
0.8951631523668766
0.8103875033557415
0.8363004717975855
0.8536298405379057
0.8496858794242144
0.8409240059554577
0.8207330219447613
0.8252748567610979
0.818722065538168
0.8063685875386
0.819249490275979
0.8108789902180433
0.8611206710338593
0.8336902316659689
0.7939026802778244
0.849786514416337
0.8747875690460205
0.8347927313297987
0.8521640319377184
0.8373271822929382
0.825040752068162
0.8383412975817919
0.8766307774931192
0.8588499668985605
0.8315569888800383
0.8607640210539103
0.7793380729854107
0.8477664571255445
0.866470580920577
0.9020143523812294
0.8583085555583239
0.8574400916695595
0.8442825619131327
0.8728440888226032
0.8432057872414589
0.8324411567300558
0.8389031775295734
0.8560754600912333
0.8742603864520788
0.8639303967356682
0.8749673422425985
0.8844358157366514
0.8535241540521383
0.8538126386702061
0.84233283624053
0.8344256151467562
0.9013957753777504
0.8194901682436466
0.8782268576323986
0.8648081626743078
0.9033178444951773
0.9018419291824102
0.8978677820414305
0.9152959771454334
0.8660807460546494
0.8236666880548
0.8798133917152882
0.8624707069247961
0.8188862893730402
0.8277853988111019
0.8845561482012272
0.8815162628889084
0.8719875644892454
0.8629557993263006
0.849790932610631
0.838859498500824
0.830915754660964
0.8501434363424778
0.8784750085324049
0.8348710462450981
0.822240523993969
0.8507266342639923
0.8174277693033218
0.8495801147073507
0.7899801936000586
0.8724976722151041
0.8966120313853025
0.8457379303872585
0.8739289119839668
0.8539656102657318
0.88388417288661
0.8689110558480024
0.8605661187320948
0.8687884211540222
0.8918199110776186
0.8301275428384542
0.875025849789381
0.8803956210613251
0.8883714210242033
0.8182108905166388
0.8499142583459616
0.8377840742468834
0.8428822048008442
0.8215588852763176
0.840666189789772
0.8822521902620792
0.8307189755141735
0.9129776787012815
0.8405261524021626
0.8402825947850943
0.874547678977251
0.8500440660864115
0.8858231604099274
0.8461654745042324
0.8494612164795399
0.854846902191639
0.8640883434563875
0.804194301366806
0.8745577819645405
0.8918242119252682
0.8576107025146484
0.8657102547585964
0.8281784635037184
0.8476131297647953
0.9008423890918493
0.84662383235991
0.8432508483529091
0.8468522392213345
0.8982288055121899
0.8271226901561022
0.8504285681992769
0.8850369676947594
0.8155092764645815
0.8658037483692169
0.8511633519083261
0.8931469935923815
0.860068790614605
0.8924186080694199
0.8994645178318024
0.8480602502822876
0.867301020771265
0.9166500866413116
0.8288481514900923
0.8967629820108414
0.8693101294338703
0.8080401606857777
0.9181460104882717
0.8969728499650955
0.8143844660371542
0.8539597969502211
0.8774660341441631
0.8725312575697899
0.8486199900507927
0.8205193802714348
0.8414382431656122
0.8703314866870642
0.8693286180496216
0.8137112241238356
0.8951868545264006
0.857183963060379
0.8525354061275721
0.8967749401926994
0.8810744117945433
0.8191663958132267
0.8271659426391125
0.8741987515240908
0.8756481353193521
0.8495793007314205
0.8540425021201372
0.8724520970135927
0.8857179451733828
0.8432988803833723
0.9064384140074253
0.8757876958698034
0.8917429801076651
0.833179384469986
0.887141628190875
0.8962031174451113
0.8403014987707138
0.8734500594437122
0.8547536134719849
0.9220461249351501
0.8362529296427965
0.8498547617346048
0.8327069282531738
0.902894850820303
0.8467635568231344
0.8668089471757412
0.8962888885289431
0.8950872868299484
0.8525490444153547
0.8417687136679888
0.8918641936033964
0.8936841022223234
0.9011728893965483
0.8778176233172417
0.8659147005528212
0.8949840534478426
0.8925466667860746
0.8599262982606888
0.8112454488873482
0.8406083919107914
0.8519124574959278
0.8491722606122494
0.8448198586702347
0.8624757844954729
0.8384183123707771
0.8289291616529226
0.8955977335572243
0.9001483228057623
0.8715516459196806
0.8908902332186699
0.882594196125865
0.9194906000047922
0.8528566416352987
0.8542599622160196
0.8347389306873083
0.8839546926319599
0.8438188266009092
0.8662812765687704
0.8755388427525759
0.9180747959762812
0.8587028589099646
0.9119244273751974
0.8450138084590435
0.8843987416476011
0.8883306216448545
0.8972993288189173
0.8545520752668381
0.8910474516451359
0.8731444124132395
0.8991381600499153
0.9217778071761131
0.8922927565872669
0.9160233475267887
0.8960510212928057
0.8719404432922602
0.8568144533783197
0.8649671413004398
0.883971156552434
0.865946177393198
0.8852363172918558
0.8817587289959192
0.8927043173462152
0.8891343846917152
0.8625795003026724
0.8935505151748657
0.8871783073991537
0.8121363762766123
0.8845447394996881
0.8783239182084799
0.9086129497736692
0.8629032783210278
0.8964918125420809
0.911621917039156
0.9093410689383745
0.8640653528273106
0.8822430577129126
0.8475188463926315
0.8825027458369732
0.8722009044140577
0.8336017392575741
0.8784899469465017
0.8618035595864058
0.8976032976061106
0.8585435841232538
0.952908955514431
0.8885111678391695
0.8720712251961231
0.916164742782712
0.8937663733959198
0.9125858619809151
0.8658979684114456
0.934034176170826
0.895790359005332
0.89909977465868
0.859798964112997
0.8355410788208246
0.8776724822819233
0.8695570789277554
0.8644722253084183
0.8977269921451807
0.8644931390881538
0.8626103289425373
0.8396198786795139
0.906196104362607
0.8277933709323406
0.8717386517673731
0.8737870119512081
0.866446953266859
0.9042392931878567
0.8133553080260754
0.8342689517885447
0.9363650437444448
0.8819932322949171
0.9089980274438858
0.8707386571913958
0.9361003711819649
0.8879906255751848
0.8719826657325029
0.8513425700366497
0.8598086722195148
0.904896816238761
0.8887565992772579
0.8258780725300312
0.93110809661448
0.8944750931113958
0.8707667831331491
0.8916188906878233
0.8277406319975853
0.9086438380181789
0.8851554598659277
0.8485587202012539
0.9204213172197342
0.8563938718289137
0.9218281731009483
0.9103915356099606
0.9044878911226988
0.8616819810122252
0.8760874383151531
0.8524919115006924
0.8655595611780882
0.872103925794363
0.8888977002352476
0.8937536124140024
0.8700851835310459
0.8702112641185522
0.8842499945312738
0.8615577556192875
0.8509923052042723
0.8698472157120705
0.9161083865910769
0.8827139437198639
0.8997408263385296
0.8967099133878946
0.8746905811131
0.8929626476019621
0.8921001069247723
0.904743105173111
0.8721185363829136
0.881807804107666
0.882847310975194
0.8740647155791521
0.8845667038112879
0.8781212754547596
0.8560251519083977
0.835684385150671
0.890581302344799
0.8991307038813829
0.8725644778460264
0.8593207225203514
0.9060189872980118
0.9492723420262337
0.9071910288184881
0.8948224931955338
0.9183889795094728
0.8483934961259365
0.8801653292030096
0.8911277465522289
0.9147871527820826
0.8990024961531162
0.9016369171440601
0.9244762193411589
0.9054630361497402
0.8832521643489599
0.8756400160491467
0.8817023783922195
0.8815811239182949
0.8956679292023182
0.9120105300098658
0.9166073482483625
0.9084017239511013
0.8690681867301464
0.9069328475743532
0.8733419366180897
0.8916782047599554
0.8940509129315615
0.8837454691529274
0.873436514288187
0.8972950652241707
0.8786721061915159
0.9066307041794062
0.8683359883725643
0.8848742619156837
0.839924156665802
0.867169389501214
0.8796217776834965
0.9386670235544443
0.8978814780712128
0.881473122164607
0.8972110729664564
0.9477229621261358
0.8743818458169699
0.880465604364872
0.8787687141448259
0.8459868039935827
0.9145739637315273
0.8942830730229616
0.8574146293103695
0.881388345733285
0.8669474963098764
0.8991645816713572
0.8675287179648876
0.8963746502995491
0.8845326881855726
0.8703777212649584
0.905171362683177
0.8872727360576391
0.889400489628315
0.8953611683100462
0.8933519218116999
0.8751799669116735
0.8984223529696465
0.9242129158228636
0.9181117303669453
0.8702768962830305
0.9149287473410368
0.8945125322788954
0.9146244805306196
0.8789486587047577
0.884711217135191
0.9224463775753975
0.8412457760423422
0.9201127663254738
0.905833300203085
0.9089559484273195
0.8558343574404716
0.8705619424581528
0.9304597452282906
0.9060155097395182
0.9166218135505915
0.8855094742029905
0.9102688953280449
0.8985237143933773
0.9094397928565741
0.8964101169258356
0.8822207916527987
0.90998874604702
0.9107197392731905
0.9091098513454199
0.9166493024677038
0.8551418650895357
0.8698180485516787
0.8682069610804319
0.9295933526009321
0.8722671996802092
0.9275009520351887
0.9022119157016277
0.8997527472674847
0.9025200270116329
0.9175096619874239
0.9018288273364305
0.874145744368434
0.8837979938834906
0.8803691808134317
0.8726932033896446
0.9108156524598598
0.9046603217720985
0.8817868120968342
0.908205671235919
0.9178623091429472
0.9159693457186222
0.9049027524888515
0.8954035192728043
0.8879450187087059
0.8727385047823191
0.9019002430140972
0.9041692316532135
0.927009105682373
0.9099496975541115
0.9126638192683458
0.9200683385133743
0.8779442999511957
0.8841503858566284
0.9003720786422491
0.8795890659093857
0.8974567390978336
0.8743708897382021
0.9156360495835543
0.9139933008700609
0.9203973729163408
0.8836621008813381
0.9197847507894039
0.8994298242032528
0.8876066021621227
0.8716940954327583
0.9098764788359404
0.9030777141451836
0.8991893138736486
0.9036258701235056
0.9285790622234344
0.9054127726703882
0.8805143889039755
0.8944268096238375
0.8867357447743416
0.8839639239013195
0.8990519810467958
0.9439237248152494
0.9191722013056278
0.9075417704880238
0.8980462718755007
0.9089841432869434
0.9103937577456236
0.877690339460969
0.8727803491055965
0.886672729626298
0.9124258849769831
0.8978554159402847
0.8927462492138147
0.9049437306821346
0.8927386738359928
0.874289445579052
0.908269502222538
0.9350217487663031
0.8739920277148485
0.8742083888500929
0.888487309217453
0.903760889545083
0.8723530881106853
0.9024493061006069
0.8831917606294155
0.9103434290736914
0.941651526838541
0.8871365375816822
0.8899005372077227
0.8982136845588684
0.8977962508797646
0.8773316275328398
0.8967641294002533
0.886768963187933
0.872433464974165
0.9028122499585152
0.9004203211516142
0.8664521649479866
0.8893489129841328
0.8918561562895775
0.8949268870055676
0.8877424877136946
0.9090548045933247
0.9033508878201246
0.8714274764060974
0.9047407321631908
0.8869796935468912
0.9109242726117373
0.9249134622514248
0.8906825259327888
0.8875170256942511
0.8878115098923445
0.9152998272329569
0.8965219110250473
0.8850089851766825
0.9021787587553263
0.9416441097855568
0.8969337958842516
0.8912619072943926
0.9068829156458378
0.8814053367823362
0.9139863792806864
0.9238275662064552
0.9076426047831774
0.8728320300579071
0.9128242209553719
0.9356109891086817
0.8996912445873022
0.8952478729188442
0.8771542981266975
0.9100528731942177
0.8823648784309626
0.8688260223716497
0.904671024531126
0.9041425045579672
0.9018216729164124
0.9017593543976545
0.8676093071699142
0.9292319975793362
0.8767245523631573
0.9073824267834425
0.9224231205880642
0.8987231068313122
0.8776790723204613
0.8778580874204636
0.9245877489447594
0.884260393679142
0.9128298740833998
0.8894764799624681
0.8753990903496742
0.9037745017558336
0.9204036854207516
0.9105829577893019
0.8878768943250179
0.9097314067184925
0.8804179430007935
0.9303645547479391
0.9160090554505587
0.9150947108864784
0.9125281311571598
0.9218556489795446
0.9023791290819645
0.9078575987368822
0.928316893056035
0.9106393605470657
0.9156705252826214
0.9294843301177025
0.8508149590343237
0.9248568918555975
0.8849939443171024
0.8682528845965862
0.8866913821548223
0.9303156044334173
0.9053151160478592
0.921497056260705
0.901830879971385
0.9117711111903191
0.905021246522665
0.8817615509033203
0.9397209715098143
0.9105363469570875
0.8618665654212236
0.9209705125540495
0.887356873601675
0.928283579647541
0.9053398538380861
0.9306000154465437
0.878667751327157
0.9360851738601923
0.898501256480813
0.9150500278919935
0.8946542628109455
0.905574468895793
0.8883092384785414
0.8758137244731188
0.9081114120781422
0.8798710182309151
0.8875674214214087
0.8931950125843287
0.8933059852570295
0.8950107265263796
0.889208635315299
0.8718388192355633
0.8846130724996328
0.9000661801546812
0.8628745581954718
0.8941095937043428
0.8952381294220686
0.9111760184168816
0.9105571955442429
0.8897768910974264
0.9177414253354073
0.8915648981928825
0.9188912101089954
0.9211833607405424
0.9130376130342484
0.8688272554427385
0.9168802164494991
0.8786533121019602
0.9241528008133173
0.8809742107987404
0.9205794632434845
0.9079914670437574
0.9174901451915503
0.9091222900897264
0.9214873239398003
0.8681093826889992
0.8723599426448345
0.881558122113347
0.9017075709998608
0.9067799504846334
0.872868400067091
0.8819898422807455
0.9085982199758291
0.9286050051450729
0.8700207974761724
0.9114112537354231
0.9249720145016909
0.8934962656348944
0.8884095400571823
0.9208118598908186
0.9059127885848284
0.9147082082927227
0.8878413029015064
0.8794089965522289
0.9082827251404524
0.9000609833747149
0.9030045289546251
0.9121129065752029
0.8883035723119974
0.900529321283102
0.9472082573920488
0.9061361066997051
0.8773721437901258
0.9003818053752184
0.9223799500614405
0.9218032136559486
0.9028361514210701
0.8764372132718563
0.9012152329087257
0.9354740995913744
0.890913026407361
0.8822355903685093
0.8629768043756485
0.903994107618928
0.8589544091373682
0.8925104010850191
0.8783120792359114
0.8830395247787237
0.893527626991272
0.8969485331326723
0.9195190351456404
0.8888292629271746
0.8835104089230299
0.8962431252002716
0.8612945601344109
0.8863191157579422
0.9430373404175043
0.8855400960892439
0.8966630212962627
0.8799000736325979
0.883999977260828
0.9340453073382378
0.898070951923728
0.8991551026701927
0.9139021448791027
0.9038766007870436
0.8746556509286165
0.9626274891197681
0.9229422323405743
0.9084307104349136
0.8966667484492064
0.8990656808018684
0.9204680528491735
0.9076615385711193
0.9018423110246658
0.8702514711767435
0.9319299347698689
0.943514047190547
0.9534455090761185
0.9069126471877098
0.8588210623711348
0.8833903558552265
0.9188450146466494
0.8997041825205088
0.9270228985697031
0.9052164405584335
0.9226366598159075
0.9118377808481455
0.9062583595514297
0.9120911043137312
0.9393955394625664
0.9070351608097553
0.9062794782221317
0.898856932297349
0.9028168935328722
0.8939272854477167
0.8670143149793148
0.9038548488169909
0.9011591672897339
0.9231032133102417
0.9034547153860331
0.8805945925414562
0.8766620587557554
0.890963414683938
0.8987186849117279
0.8844572212547064
0.870763760060072
0.907405661419034
0.9212998747825623
0.9132366739213467
0.9047134034335613
0.9033674392849207
0.8836078867316246
0.9112758804112673
0.9266374353319407
0.8708747439086437
0.8825797941535711
0.8681870512664318
0.8730355892330408
0.8553682509809732
0.9362071491777897
0.8767930921167135
0.9503944981843233
0.9204013422131538
0.8861638382077217
0.9276609364897013
0.936165813356638
0.9064397402107716
0.9356321822851896
0.8913581147789955
0.9192279148846865
0.9212365001440048
0.8755137957632542
0.875565255060792
0.9074524901807308
0.8962508011609316
0.8446039333939552
0.912965064868331
0.9061195272952318
0.9196336027234793
0.9456145651638508
0.9023165181279182
0.8625106997787952
0.8637036625295877
0.9215029049664736
0.8828539121896029
0.8874015510082245
0.8479475863277912
0.8933403436094522
0.9292683005332947
0.8926368094980717
0.920677937567234
0.9146817475557327
0.9014601074159145
0.9268556088209152
0.8876458182930946
0.861555403098464
0.8765474762767553
0.9153946973383427
0.9027910698205233
0.9317697044461966
0.9169783145189285
0.9251624718308449
0.9060535207390785
0.8840672709047794
0.8866283986717463
0.9039708524942398
0.9140622541308403
0.8983298894017935
0.9304123353213072
0.9014188833534718
0.949407309293747
0.9019641559571028
0.9336084872484207
0.9106625057756901
0.9033671487122774
0.8933703415095806
0.8980062827467918
0.9201175644993782
0.9116622358560562
0.9204910583794117
0.8947526775300503
0.8824007883667946
0.9078303873538971
0.9225479979068041
0.9277980122715235
0.8778216727077961
0.8876147009432316
0.9261826742440462
0.9244028739631176
0.8924241438508034
0.9086139257997274
0.8898012395948172
0.9063744768500328
0.9200141429901123
0.8497136551886797
0.9390463605523109
0.896587310358882
0.8984728883951902
0.9116461705416441
0.9232074655592442
0.9024743605405092
0.907607963308692
0.9352600369602442
0.9146334286779165
0.9155691172927618
0.8906688112765551
0.9060005266219378
0.9273664131760597
0.9105519838631153
0.8836922086775303
0.8771328069269657
0.8927833531051874
0.9124126322567463
0.9016165360808372
0.9217202235013247
0.9034663774073124
0.9107271190732718
0.9117508139461279
0.8767130952328444
0.9118063524365425
0.8980201985687017
0.8953697495162487
0.8667224086821079
0.904375983402133
0.8736392501741648
0.9000091794878244
0.894575122743845
0.90501350723207
0.9133921302855015
0.8724590037018061
0.9023702256381512
0.9266399145126343
0.9002832937985659
0.8853991832584143
0.9270153492689133
0.9046651162207127
0.8731713183224201
0.8649208527058363
0.8720109537243843
0.9017443582415581
0.9199957139790058
0.9009105712175369
0.9029383882880211
0.8881798945367336
0.8999061305075884
0.9003021344542503
0.9300220422446728
0.8892543260008097
0.8801814056932926
0.9387804381549358
0.9064579326659441
0.9145501311868429
0.8876460120081902
0.9311328697949648
0.9314927961677313
0.908031515777111
0.8709817118942738
0.9180988762527704
0.8888226449489594
0.8948697056621313
0.8831490948796272
0.88804741948843
0.9150332231074572
0.8943285178393126
0.9036649223417044
0.9044453706592321
0.8752808384597301
0.9021778795868158
0.9003906603902578
0.9222179893404245
0.913629962131381
0.8836636636406183
0.8883626982569695
0.8908387590199709
0.9145487751811743
0.8951425589621067
0.9018139317631721
0.8948465157300234
0.8951833080500364
0.8857416938990355
0.9233133345842361
0.904951673001051
0.9150519222021103
0.8953965026885271
0.9051985312253237
0.9210621751844883
0.8832497131079435
0.8906995374709368
0.8881908394396305
0.9228497054427862
0.902520852163434
0.8726344350725412
0.9153346139937639
0.8929845783859491
0.9315483029931784
0.8838467691093683
0.9014435540884733
0.9231136534363031
0.9217218607664108
0.9023555815219879
0.8688332382589579
0.9231730420142412
0.9020600579679012
0.9077228810638189
0.8752101976424456
0.8955655787140131
0.9240234475582838
0.8904314488172531
0.9001562744379044
0.8977706227451563
0.9068691842257977
0.927510853856802
0.8934662602841854
0.9114307295531034
0.9320053588598967
0.9187298398464918
0.9130801372230053
0.8996117785573006
0.8953670840710402
0.9452169146388769
0.917837917804718
0.914723003283143
0.8652423620223999
0.9214424695819616
0.9086835216730833
0.9059013221412897
0.8748363386839628
0.8689085431396961
0.8918240778148174
0.8893819581717253
0.909294843673706
0.9110515173524618
0.9053114596754313
0.9412445686757565
0.9381774868816137
0.912929967045784
0.9280091598629951
0.923356369137764
0.9143522921949625
0.8915078993886709
0.905954135581851
0.9160899501293898
0.9001192525029182
0.9259243626147509
0.9001237191259861
0.8850067965686321
0.9357697330415249
0.9154458176344633
0.9023093357682228
0.910419775173068
0.9139757230877876
0.8743283096700907
0.9179242793470621
0.8759115021675825
0.9215045068413019
0.893053887411952
0.9100288711488247
0.9160947781056166
0.9073116630315781
0.9056035298854113
0.9227026086300611
0.8993558902293444
0.9162568971514702
0.9004011731594801
0.8986941128969193
0.9201997965574265
0.9194925837218761
0.9324696958065033
0.9258691444993019
0.9141236990690231
0.9259887021034956
0.9148638416081667
0.9041418991982937
0.9285807590931654
0.9068038519471884
0.9052214082330465
0.8972365390509367
0.8897622991353273
0.9095864295959473
0.9277134444564581
0.9240761883556843
0.8981025163084269
0.901249909773469
0.8847968205809593
0.9355430994182825
0.9130033366382122
0.9379459079355001
0.8940969537943602
0.9109240286052227
0.9166216105222702
0.9389439672231674
0.9385438412427902
0.9208610709756613
0.8974546436220407
0.9365956820547581
0.9407882131636143
0.9047318994998932
0.9092649202793837
0.9197988733649254
0.9114348478615284
0.9071050323545933
0.922932954505086
0.917163135483861
0.9042848292738199
0.9027788992971182
0.9008884783834219
0.9264762811362743
0.9094260968267918
0.9154817834496498
0.9207778126001358
0.918543353676796
0.9293192923069
0.9316886682063341
0.9222174640744925
0.8953750636428595
0.9054085090756416
0.925912369042635
0.9238267950713634
0.9416108373552561
0.9182997532188892
0.9417027682065964
0.9114156179130077
0.9099858496338129
0.9242866951972246
0.9021180272102356
0.9084672722965479
0.9126560445874929
0.8989187572151423
0.9347290825098753
0.9158763736486435
0.9199890177696943
0.9069376811385155
0.9182688407599926
0.8940752577036619
0.9112173411995173
0.9010269660502672
0.8898553531616926
0.9127165917307138
0.9193232618272305
0.9318388141691685
0.9228164125233889
0.9360907264053822
0.9285861700773239
0.9356754552572966
0.9182012472301722
0.939785685390234
0.9101916663348675
0.9207088127732277
0.8902290593832731
0.9316131882369518
0.9223300237208605
0.9345961194485426
0.9069976229220629
0.9201129991561174
0.9142650682479143
0.9232714213430882
0.908257020637393
0.9074339419603348
0.9272180814296007
0.9091771263629198
0.9535094238817692
0.9357861746102571
0.8790575861930847
0.9119455758482218
0.9140333104878664
0.9062439724802971
0.9099983498454094
0.9051377754658461
0.9028579741716385
0.9203359391540289
0.9191421177238226
0.9444362539798021
0.9181323684751987
0.92536854557693
0.9168794546276331
0.8843678440898657
0.9130980931222439
0.9169525820761919
0.9484628960490227
0.9331352263689041
0.9294618219137192
0.8803790602833033
0.9004252105951309
0.9321274627000093
0.9230552539229393
0.9092340115457773
0.9207158703356981
0.9008443001657724
0.9234490841627121
0.9167240522801876
0.9258757513016462
0.9029955938458443
0.9350756444036961
0.930562449619174
0.8902008142322302
0.9252517111599445
0.897449666634202
0.9196299314498901
0.9130484163761139
0.9025959968566895
0.9389302656054497
0.9110936876386404
0.8950960002839565
0.9492833223193884
0.9115843307226896
0.9218737091869116
0.933838477358222
0.9116674195975065
0.9097238909453154
0.9252268169075251
0.9180296547710896
0.9037915877997875
0.895281383767724
0.9217154569923878
0.904163958504796
0.9160680584609509
0.8956361096352339
0.9231608286499977
0.9060613084584475
0.9322327878326178
0.88350485637784
0.9119145851582289
0.9348482228815556
0.9186530206352472
0.9245431069284678
0.9124807436019182
0.9099542684853077
0.8992767855525017
0.9326009582728148
0.9332181997597218
0.923491420224309
0.8884554337710142
0.9213953372091055
0.9348906017839909
0.9032459631562233
0.9148876797407866
0.9086026903241873
0.9521914701908827
0.9033253863453865
0.9192560743540525
0.9070565328001976
0.907098788768053
0.922514334321022
0.9124349895864725
0.9291422702372074
0.9056534059345722
0.9359649494290352
0.927332317456603
0.8981204126030207
0.9293397683650255
0.9250176753848791
0.9398634657263756
0.9177627172321081
0.9356188718229532
0.9009426459670067
0.9018910601735115
0.9067966621369123
0.8854102324694395
0.9331909492611885
0.9017079528421164
0.9215920902788639
0.9135310780256987
0.9112902209162712
0.9200024548918009
0.9160736333578825
0.9182012379169464
0.917243855074048
0.902692336589098
0.9041254725307226
0.8943749610334635
0.8982752375304699
0.9137380626052618
0.9309426546096802
0.90334845893085
0.9420847613364458
0.9145375695079565
0.9177750740200281
0.881692199036479
0.9036115612834692
0.8926418852061033
0.9359991829842329
0.9349968358874321
0.9031256232410669
0.9113945607095957
0.9415469747036695
0.9073017183691263
0.8925641775131226
0.9473137930035591
0.920294526964426
0.9174505434930325
0.9243222214281559
0.9310306124389172
0.9008415024727583
0.927690451964736
0.8942859154194593
0.9065490383654833
0.9118354208767414
0.9015005361288786
0.8865729104727507
0.9149736110121012
0.9158417824655771
0.9359237048774958
0.8801708128303289
0.9062904752790928
0.9305583331733942
0.9315138552337885
0.9070718213915825
0.8991719242185354
0.9155538640916348
0.9139573946595192
0.9412443228065968
0.9165315814316273
0.943089934065938
0.9417674001306295
0.8906968403607607
0.9295082222670317
0.9295325614511967
0.8775970917195082
0.9126153979450464
0.9371283799409866
0.9253035448491573
0.9356384705752134
0.9457083512097597
0.9261291474103928
0.9144063405692577
0.9288941789418459
0.9106445889919996
0.8896392118185759
0.9281449355185032
0.940276836976409
0.9266025107353926
0.9422625843435526
0.9015611652284861
0.9235838949680328
0.9145590979605913
0.9150641765445471
0.8992884941399097
0.9291609171777964
0.9335323143750429
0.9204531293362379
0.9279871340841055
0.9515900518745184
0.9213510453701019
0.9313666205853224
0.9074288588017225
0.9527138378471136
0.9298019073903561
0.9098348766565323
0.9222828689962626
0.9071112349629402
0.9367142431437969
0.9235870987176895
0.8962432239204645
0.8977697640657425
0.9330258816480637
0.9098344072699547
0.9507289323955774
0.9013822972774506
0.9086872320622206
0.9208536446094513
0.9461193047463894
0.942966690286994
0.921112522482872
0.9149188864976168
0.9157687574625015
0.9095739461481571
0.9395299982279539
0.9059554077684879
0.9297939464449883
0.915242712944746
0.9304170534014702
0.9126597754657269
0.928298132494092
0.9112616404891014
0.9292460903525352
0.9399275220930576
0.9069363623857498
0.9306062273681164
0.9213737118989229
0.909800861030817
0.9350403565913439
0.9156669229269028
0.8967534173280001
0.8953241221606731
0.894387423992157
0.9249233677983284
0.9084721710532904
0.9293659385293722
0.9446445610374212
0.9305075239390135
0.9258131496608257
0.8816340789198875
0.8971141278743744
0.9251958839595318
0.9482343960553408
0.9225070904940367
0.9043190591037273
0.9221467934548855
0.9120661858469248
0.9198727905750275
0.9402171671390533
0.9216789342463017
0.9039054438471794
0.9210620056837797
0.9377761520445347
0.9023661520332098
0.9115026202052832
0.9410957340151072
0.9188958425074816
0.958300044760108
0.9187117964029312
0.9056139104068279
0.9099030997604132
0.8873138278722763
0.9169357065111399
0.924184400588274
0.9174885712563992
0.9401921853423119
0.9609370585530996
0.9315341636538506
0.9156281258910894
0.9002631437033415
0.9073996711522341
0.9176363367587328
0.9267281331121922
0.9316709600389004
0.9233793895691633
0.9203791152685881
0.9129856079816818
0.945242578163743
0.9632792416960001
0.9252217374742031
0.9124450366944075
0.9370486550033092
0.9270924087613821
0.9349095523357391
0.8941159918904305
0.9205641951411963
0.9048713482916355
0.9095130413770676
0.9399384595453739
0.9169144667685032
0.9263367634266615
0.912128197029233
0.9092847462743521
0.8956055026501417
0.9235740471631289
0.9264213405549526
0.9169933740049601
0.9066532142460346
0.9227890633046627
0.9224159196019173
0.9408070333302021
0.9081892892718315
0.936598164960742
0.9475792944431305
0.9277384392917156
0.9135737661272287
0.9437448550015688
0.9261223487555981
0.9357378426939249
0.9065306317061186
0.9177967235445976
0.9523519836366177
0.9032487273216248
0.9152162335813046
0.9492709301412106
0.9387562293559313
0.9261904358863831
0.9104379992932081
0.9078684598207474
0.958702964708209
0.9196592234075069
0.909841600805521
0.8957451600581408
0.9001715369522572
0.9153294451534748
0.9198179543018341
0.9242723379284143
0.9336450751870871
0.9070866648107767
0.9209899436682463
0.9291327353566885
0.9102077782154083
0.9383451249450445
0.9404550194740295
0.9023570567369461
0.921450600028038
0.9066284168511629
0.9129177965223789
0.9271400719881058
0.9158038925379515
0.9009869620203972
0.939251558855176
0.9143125079572201
0.9351932015269995
0.9384665936231613
0.9361554030328989
0.9498215280473232
0.9094749521464109
0.9351530205458403
0.9441220741719007
0.9199904166162014
0.9369281698018312
0.9118932764977217
0.9269252959638834
0.9022451527416706
0.9092953391373158
0.9308264013379812
0.9092951286584139
0.9184574689716101
0.9230058919638395
0.9108060616999865
0.9247813820838928
0.924716031178832
0.92453333735466
0.9461372587829828
0.9203656893223524
0.9328950066119432
0.9243975784629583
0.9466311670839787
0.922524331137538
0.9290975444018841
0.9010818395763636
0.9182695709168911
0.9276448506861925
0.9185285624116659
0.9021209850907326
0.9311573058366776
0.9432389680296183
0.9668304640799761
0.940004063770175
0.918912848457694
0.9092164542526007
0.9266282990574837
0.9197165202349424
0.9023665431886911
0.9399444535374641
0.9207072723656893
0.9147054795175791
0.9352496601641178
0.9214734490960836
0.9161162916570902
0.9207822699099779
0.9279936980456114
0.9357747919857502
0.9039777424186468
0.9167596846818924
0.9374660588800907
0.9269732907414436
0.9308645389974117
0.9421623516827822
0.9281032085418701
0.925361730158329
0.9138011373579502
0.9298369139432907
0.8969500530511141
0.9360321443527937
0.9250731859356165
0.9347853101789951
0.9175260458141565
0.9334699586033821
0.9376670718193054
0.9321091398596764
0.9627469927072525
0.9380354713648558
0.9270756002515554
0.9111798871308565
0.9248683992773294
0.9145277719944715
0.9192332681268454
0.9042180739343166
0.9282746929675341
0.9344577584415674
0.9412672314792871
0.9372209142893553
0.9283776823431253
0.9232921954244375
0.9338369723409414
0.9156311862170696
0.9071274921298027
0.9094120431691408
0.9260670244693756
0.947042616084218
0.9489512238651514
0.9169227704405785
0.9357396196573973
0.9359943140298128
0.9187829177826643
0.9143280368298292
0.9316599369049072
0.9265752024948597
0.9372391067445278
0.9136688392609358
0.9234322383999825
0.9146324321627617
0.9223403949290514
0.9268498197197914
0.916001882404089
0.9200524240732193
0.916570520028472
0.9254909045994282
0.9328444059938192
0.9246989395469427
0.9244187343865633
0.9127056710422039
0.9391266666352749
0.9122074898332357
0.9252541251480579
0.9352266974747181
0.9190727770328522
0.9152738992124796
0.9242563918232918
0.9184097796678543
0.9492659103125334
0.943108968436718
0.9467798825353384
0.9410240333527327
0.9305987004190683
0.9242672380059958
0.9191715270280838
0.923420675098896
0.9199896510690451
0.9376057907938957
0.9200731664896011
0.917216220870614
0.9105260688811541
0.9441709723323584
0.9248866345733404
0.9189946409314871
0.9396687280386686
0.933766309171915
0.9363580364733934
0.9393850341439247
0.923789631575346
0.9241286851465702
0.924931813031435
0.9265430420637131
0.9316606223583221
0.9325793571770191
0.9200609158724546
0.9500879365950823
0.9556921813637018
0.9270360041409731
0.9097745269536972
0.947405805811286
0.9444809295237064
0.931152718141675
0.9300973434001207
0.9105245098471642
0.9274506289511919
0.9573748987168074
0.9341842103749514
0.911054952070117
0.918951103463769
0.9241096135228872
0.9190583843737841
0.937889089807868
0.9264300223439932
0.9165657386183739
0.934012733399868
0.9298871476203203
0.9498446770012379
0.9141317382454872
0.9235919825732708
0.9395182244479656
0.9284341335296631
0.9365109521895647
0.930017925798893
0.9215969406068325
0.9377237111330032
0.942495932802558
0.9415620360523462
0.933803578838706
0.9424730259925127
0.9089223071932793
0.9158765338361263
0.9399811141192913
0.926617257297039
0.9478453677147627
0.9398673139512539
0.9390939753502607
0.9311117772012949
0.9174571987241507
0.9343667440116405
0.9053774401545525
0.9410685505717993
0.934993002563715
0.9449837598949671
0.9123031739145517
0.9280624818056822
0.935011800378561
0.9237782694399357
0.9316875729709864
0.9131169263273478
0.9444586504250765
0.9337948616594076
0.9257727060467005
0.9218580797314644
0.9339936748147011
0.9496999885886908
0.916166365146637
0.9190469477325678
0.9127833135426044
0.9314922876656055
0.9408246651291847
0.9364478457719088
0.9347332324832678
0.9284664653241634
0.9198189433664083
0.9191812556236982
0.9518063478171825
0.9525102563202381
0.9593199025839567
0.9326069876551628
0.9246795978397131
0.9475519564002752
0.9258654583245516
0.9213872738182545
0.9281931389123201
0.933743366971612
0.925211938098073
0.919251911342144
0.947585066780448
0.9218701515346766
0.9282082356512547
0.9418233055621386
0.937667727470398
0.9335610307753086
0.9230826087296009
0.9140921104699373
0.9437544196844101
0.9188810344785452
0.9262019768357277
0.9319794625043869
0.9250935856252909
0.9197811242192984
0.9188254680484533
0.9188175331801176
0.9376946091651917
0.9106954857707024
0.9210935104638338
0.9407545030117035
0.9349512606859207
0.955183282494545
0.9175429847091436
0.9234828073531389
0.9225625358521938
0.9206660911440849
0.9398833028972149
0.9460469074547291
0.907131053507328
0.9333085156977177
0.9233335759490728
0.9193545021116734
0.9430709145963192
0.9399729669094086
0.9291012696921825
0.9311582464724779
0.9132186621427536
0.9237013887614012
0.9394647311419249
0.9194947257637978
0.9084138795733452
0.924985732883215
0.917464530095458
0.9233373571187258
0.9286471772938967
0.9278785474598408
0.9313371814787388
0.9354639798402786
0.9173032511025667
0.9296973422169685
0.9285898245871067
0.9138175565749407
0.933456165716052
0.9462086334824562
0.9112316016107798
0.9094848521053791
0.9302110858261585
0.9365558736026287
0.9356220997869968
0.9244559053331614
0.9288513790816069
0.9089864566922188
0.9306547846645117
0.9303803518414497
0.921455442905426
0.9213327523320913
0.9463224187493324
0.9409481883049011
0.927509656175971
0.9470241907984018
0.9364631418138742
0.9452134855091572
0.937068609520793
0.9309062417596579
0.9420682452619076
0.9328734278678894
0.920679310336709
0.9122392181307077
0.925239808857441
0.9521567989140749
0.9648214429616928
0.9349182117730379
0.948674900457263
0.9216187093406916
0.9418074190616608
0.9147078730165958
0.9269556328654289
0.9359170515090227
0.9260875843465328
0.921989805996418
0.9316409062594175
0.9121208786964417
0.9335033465176821
0.9338031336665154
0.9372657909989357
0.9261559825390577
0.9696564376354218
0.9358119424432516
0.9295835196971893
0.9286963380873203
0.916381161659956
0.9473365768790245
0.9273831024765968
0.9262801390141249
0.9170593675225973
0.9352120850235224
0.9555958993732929
0.9237698130309582
0.9295209124684334
0.9172239899635315
0.9415845386683941
0.9353168122470379
0.915137130767107
0.9347243942320347
0.9322217125445604
0.9371314086019993
0.9436157885938883
0.9372519310563803
0.9490514788776636
0.9411250799894333
0.9295655302703381
0.9257110934704542
0.9421296007931232
0.9271318446844816
0.9253056850284338
0.9316446892917156
0.9507596772164106
0.9371974673122168
0.9475043788552284
0.933083537966013
0.9352727457880974
0.9322248045355082
0.9383596535772085
0.9300111252814531
0.9333602283149958
0.9278128053992987
0.9287073500454426
0.940335163846612
0.9359690770506859
0.9531567487865686
0.9514102153480053
0.9116849042475224
0.9393314607441425
0.9144485630095005
0.9317137952893972
0.9236969538033009
0.9336605686694384
0.9388848636299372
0.9375661909580231
0.912923876196146
0.9644262157380581
0.9303554687649012
0.9425255078822374
0.9539085812866688
0.9622482508420944
0.9290389362722635
0.9225665628910065
0.9313894994556904
0.9439937211573124
0.9101877063512802
0.9200685918331146
0.9422550443559885
0.9419020991772413
0.9354646950960159
0.9364406354725361
0.9437075294554234
0.9106813967227936
0.9414123501628637
0.9311806913465261
0.920395877212286
0.9321324229240417
0.9482744671404362
0.935606749728322
0.9519620761275291
0.9390022847801447
0.9425758738070726
0.9187483601272106
0.9443784113973379
0.958103260025382
0.9477568380534649
0.9200799949467182
