None
None
None
None
None
None
None
None
None
None
None
None
None
None
None
None
None
None
None
None
None
None
None
None
None
None
None
None
None
None
None
None
None
None
None
3948.228515625
3937.774658203125
3989.4697265625
3791.212890625
4009.4814453125
3584.2744140625
3712.39404296875
3690.171630859375
3632.13330078125
3690.8984375
3882.773193359375
3782.061279296875
3780.9287109375
4086.54931640625
3817.6435546875
3992.27294921875
3717.751708984375
3841.640380859375
3556.971435546875
3732.95263671875
3799.06640625
3719.18798828125
3398.73388671875
3469.046142578125
3681.605224609375
3829.5458984375
3768.316162109375
4125.3984375
3463.17041015625
3872.7822265625
3308.25048828125
3564.6962890625
3631.637939453125
3504.190185546875
3239.36572265625
3423.283203125
3617.749755859375
3759.696044921875
3596.385986328125
3877.0751953125
3589.0478515625
3236.5341796875
3334.187744140625
3330.439697265625
3587.770263671875
3222.92236328125
3651.434814453125
3486.244140625
3487.003662109375
3474.1044921875
3214.51220703125
3390.44970703125
3295.429931640625
3301.557861328125
3383.9853515625
3236.53076171875
3396.411376953125
2963.14453125
3080.8134765625
3226.64453125
3235.5947265625
2970.2177734375
3100.248779296875
2811.546142578125
3505.101318359375
3148.43505859375
3050.818359375
3225.094970703125
3065.267578125
3134.57666015625
3038.1181640625
2855.548095703125
3177.0341796875
3044.14892578125
2954.5546875
2749.80126953125
2988.3115234375
2756.5078125
2961.47607421875
2899.097412109375
2600.71630859375
2749.524658203125
2746.894287109375
3087.60595703125
2708.716796875
2749.45654296875
2686.07080078125
2944.86181640625
2653.56494140625
2592.9306640625
2648.256103515625
2694.3193359375
2770.360595703125
2819.46044921875
2274.049560546875
2577.615478515625
2416.1982421875
2442.386962890625
2497.55859375
2392.021484375
2624.198974609375
2422.5283203125
2455.949462890625
2593.7705078125
2014.2940673828125
2500.10205078125
2122.23291015625
2213.673828125
2420.185546875
2491.52001953125
2630.89599609375
2487.8486328125
2480.28076171875
2129.668212890625
2121.833984375
2452.232666015625
2406.9716796875
2462.02392578125
2423.57080078125
2531.44140625
2235.19384765625
2467.81884765625
2502.09326171875
2123.460693359375
2336.734375
2214.6552734375
2230.33251953125
2350.20849609375
2579.579833984375
2369.830810546875
2284.685546875
2285.513427734375
2246.96337890625
2193.54345703125
2078.858642578125
2396.867919921875
2245.884033203125
2016.604736328125
2336.04296875
2312.640869140625
2374.81201171875
2027.97314453125
1916.714111328125
2042.1873779296875
2179.74072265625
2314.47216796875
2271.96630859375
2403.580810546875
2080.35107421875
2049.3251953125
2195.5126953125
2060.601806640625
2204.15283203125
2032.79736328125
1942.162109375
2118.62158203125
2169.64453125
2174.1796875
2094.884033203125
2045.536376953125
2144.615966796875
2167.35546875
1982.919677734375
2184.291015625
2374.1494140625
2090.94091796875
2301.489013671875
2041.2073974609375
1950.3935546875
2159.550537109375
1952.287841796875
2270.61669921875
2140.5068359375
2007.9599609375
2285.24853515625
1936.09130859375
2246.01806640625
2065.4580078125
2113.1240234375
1817.635498046875
2085.585693359375
2050.08154296875
1869.403564453125
2131.460205078125
2244.350830078125
2006.65185546875
1975.1796875
2033.8055419921875
1916.368896484375
1990.2677001953125
1879.8416748046875
2045.9365234375
1946.4813232421875
2423.81689453125
2082.77099609375
2155.01025390625
1985.6221923828125
2186.23388671875
2062.43896484375
1940.8782958984375
1919.3951416015625
1928.457763671875
1955.8604736328125
1962.80078125
1838.941162109375
1881.687744140625
2311.4130859375
2010.4697265625
2060.6943359375
1758.76611328125
2170.226806640625
1930.9404296875
1911.359619140625
2285.070068359375
1916.6005859375
2042.5126953125
2194.071533203125
1809.177001953125
2004.539794921875
1989.335205078125
1854.436767578125
2041.77197265625
1823.9443359375
1771.048583984375
1988.527587890625
1905.423828125
1975.19384765625
2063.068603515625
1893.3057861328125
1748.58740234375
1801.78662109375
1743.0682373046875
1742.0335693359375
2308.2080078125
2123.253173828125
1968.458251953125
2066.687255859375
2090.05078125
2226.060302734375
1722.4139404296875
1943.40966796875
1684.109130859375
1969.74169921875
1887.04345703125
1955.5655517578125
1828.755859375
1609.19482421875
1719.149169921875
2109.6220703125
2124.88525390625
1749.284423828125
1760.29150390625
1955.59765625
1763.562744140625
1642.7005615234375
1749.50048828125
1705.05322265625
1797.29443359375
1837.895751953125
1978.614013671875
1991.5130615234375
1889.3577880859375
1863.1207275390625
1865.367919921875
1658.592041015625
1848.878662109375
1829.3857421875
1871.305419921875
1893.72314453125
1860.2548828125
2165.366455078125
1908.1834716796875
1988.104248046875
2267.683837890625
1753.594482421875
1661.86962890625
1839.513671875
1961.2105712890625
1775.5469970703125
1831.005615234375
2022.864013671875
1877.1025390625
2034.6978759765625
1814.9071044921875
1703.2176513671875
1810.955078125
2045.5980224609375
1500.47998046875
1981.0469970703125
2033.15380859375
1867.978759765625
1871.629150390625
1950.716064453125
1949.67236328125
2183.9892578125
1818.4671630859375
1718.64013671875
1956.87890625
1938.579345703125
1472.714599609375
1633.6494140625
1996.943603515625
1757.236572265625
1795.64892578125
1593.4259033203125
2048.790283203125
2057.498046875
2024.485107421875
1899.094970703125
1910.080322265625
1797.4501953125
2061.67431640625
1883.50146484375
1879.7730712890625
1845.079345703125
1888.314697265625
1745.62109375
1955.6519775390625
1723.8680419921875
1774.9111328125
1921.80322265625
1882.184814453125
1702.7010498046875
1812.783447265625
1598.3349609375
2027.4129638671875
1872.74169921875
1672.40576171875
1625.44482421875
2011.2369384765625
1969.21044921875
1753.172607421875
1652.967529296875
1978.2982177734375
1537.3043212890625
1810.481201171875
1753.997802734375
1875.195068359375
1794.9183349609375
1655.355712890625
1611.8927001953125
1977.9859619140625
1763.770263671875
1980.0762939453125
1784.4302978515625
1779.33935546875
1783.0526123046875
2117.9453125
1868.9259033203125
1700.802001953125
1873.73291015625
1722.1494140625
1623.5933837890625
1796.9400634765625
2029.045654296875
1815.329833984375
1729.070556640625
1674.6798095703125
1744.61376953125
1861.88134765625
1867.5087890625
1579.36767578125
1834.41259765625
1641.105712890625
1893.01806640625
1736.9002685546875
1725.554443359375
1891.77294921875
1894.4940185546875
1991.869873046875
1673.9898681640625
1826.6915283203125
1633.24267578125
1684.6007080078125
1897.805908203125
1757.9677734375
1613.38427734375
1791.698486328125
1995.06005859375
1516.288818359375
2038.6900634765625
1710.295166015625
1964.512939453125
1835.9654541015625
1564.0924072265625
1976.04931640625
1756.1937255859375
1759.504638671875
1754.6593017578125
1788.8486328125
1559.04443359375
1910.5498046875
1540.08935546875
1663.9898681640625
1904.466064453125
1745.0084228515625
1677.7568359375
1696.7939453125
1684.45703125
1959.66015625
1775.728759765625
1765.7275390625
1959.5262451171875
1671.4033203125
1779.483642578125
1637.242431640625
1716.340087890625
1541.2283935546875
1973.85498046875
1706.146484375
1931.848876953125
1833.0859375
1767.031982421875
1735.99267578125
1784.91748046875
1727.143310546875
1748.4853515625
1805.580322265625
1466.749267578125
1543.038330078125
1637.693115234375
1936.1279296875
1601.996826171875
1619.04638671875
1690.671630859375
1786.512939453125
1500.7281494140625
1666.877197265625
1869.5062255859375
1652.1943359375
1636.01953125
1682.8951416015625
1567.5543212890625
1631.4954833984375
1594.22265625
1593.6036376953125
1413.8759765625
1803.7327880859375
1710.90234375
1680.7353515625
1603.580322265625
1649.6943359375
1648.1728515625
1733.574951171875
1914.758056640625
1641.08154296875
1689.076904296875
1881.71240234375
1760.5330810546875
1441.170166015625
1642.58740234375
1795.77294921875
2105.46923828125
1766.180908203125
1771.120849609375
1758.4630126953125
1528.496826171875
1959.12841796875
1677.2469482421875
1630.8499755859375
1714.2884521484375
1533.38818359375
1603.634765625
1528.9697265625
1814.053955078125
1632.0535888671875
1795.595458984375
1511.21826171875
1723.941162109375
1507.027099609375
1596.1326904296875
1787.724609375
1459.8892822265625
1707.05029296875
1699.959228515625
1582.239990234375
1718.5084228515625
1527.17822265625
1798.168212890625
1893.656982421875
1625.1158447265625
1781.5770263671875
1393.44189453125
1703.02001953125
1817.590576171875
1600.1639404296875
1858.0478515625
1724.575439453125
1623.89697265625
1492.4180908203125
1633.9307861328125
1506.66552734375
1754.4814453125
1576.7689208984375
1761.45947265625
1710.828857421875
1395.521728515625
1507.085693359375
1712.724365234375
1544.376708984375
1545.33203125
1480.5440673828125
2055.406005859375
1714.733642578125
1850.82666015625
1591.270263671875
1712.85205078125
1511.3663330078125
1406.58740234375
1598.939208984375
1485.6455078125
1761.521240234375
1918.4427490234375
1506.04296875
1562.3402099609375
1616.074951171875
1609.93017578125
1491.201171875
1587.94580078125
1540.14111328125
1453.285888671875
1680.234375
1599.916015625
1573.7222900390625
1733.96240234375
1768.483154296875
1448.330078125
1550.50830078125
1487.025390625
1806.600830078125
1425.220458984375
1606.37109375
1487.962890625
1478.428955078125
1799.083251953125
1554.9239501953125
1738.00439453125
1602.321533203125
1871.232666015625
1596.196533203125
1524.13818359375
1501.006103515625
1874.0810546875
1644.6556396484375
1538.131103515625
1563.87255859375
1695.806640625
1495.3355712890625
1433.313232421875
1569.27685546875
1718.44140625
1601.0904541015625
1624.587158203125
1688.73388671875
1491.513916015625
1672.6690673828125
1448.29638671875
1660.9959716796875
1609.15380859375
1704.93212890625
1467.4232177734375
1747.9510498046875
1555.9462890625
1565.369384765625
1586.92041015625
1462.2738037109375
1652.4383544921875
1513.441162109375
1661.15185546875
1472.291015625
1639.94091796875
1542.77392578125
1589.803466796875
1629.9036865234375
1521.66650390625
1560.042724609375
1570.5018310546875
1747.939208984375
1404.284912109375
1554.483154296875
1732.6776123046875
1287.14111328125
1629.5067138671875
1647.1142578125
1610.239501953125
1676.0380859375
1486.622802734375
1483.786865234375
1436.603759765625
1486.5361328125
1500.833740234375
1490.908935546875
1696.6636962890625
1551.02294921875
1596.97998046875
1522.3531494140625
1685.8388671875
1548.291748046875
1685.2349853515625
1479.097900390625
1719.717041015625
1417.875
1740.9278564453125
1613.887451171875
1550.62109375
1749.973388671875
1374.4833984375
1505.8802490234375
1439.4512939453125
1640.2490234375
1503.212890625
1586.019287109375
1671.28271484375
1538.9244384765625
1583.5755615234375
1530.8927001953125
1727.513427734375
1461.14501953125
1489.33154296875
1612.253662109375
1440.6671142578125
1617.04345703125
1563.2701416015625
1502.0775146484375
1660.7332763671875
1307.0343017578125
1318.7596435546875
1594.755859375
1406.4232177734375
1497.184326171875
1721.6064453125
1473.23583984375
1421.682373046875
1691.30810546875
1565.599853515625
1346.76025390625
1441.545654296875
1561.4224853515625
1664.3203125
1668.01904296875
1426.767333984375
1508.938232421875
1204.2664794921875
1507.197021484375
1791.518798828125
1466.7296142578125
1668.1591796875
1520.6243896484375
1457.7274169921875
1542.2994384765625
1698.64892578125
1515.088134765625
1546.395263671875
1415.656982421875
1507.1136474609375
1741.3818359375
1486.8314208984375
1734.582275390625
1698.123046875
1483.260498046875
1437.849365234375
1464.978515625
1567.5120849609375
1551.445068359375
1594.0576171875
1679.112548828125
1523.3275146484375
1445.44384765625
1612.1092529296875
1492.82177734375
1674.8841552734375
1722.7039794921875
1403.87158203125
1447.6900634765625
1632.7105712890625
1354.371337890625
1490.4556884765625
1588.3009033203125
1627.458740234375
1562.046142578125
1618.37841796875
1570.372802734375
1506.224609375
1429.2486572265625
1618.600830078125
1495.9339599609375
1531.21728515625
1477.91015625
1447.0045166015625
1562.547607421875
1639.514404296875
1523.87353515625
1505.3564453125
1420.7841796875
1539.280517578125
1548.357177734375
1565.457763671875
1449.076904296875
1465.33203125
1377.69287109375
1495.552001953125
1787.3037109375
1598.168212890625
1488.471923828125
1373.975830078125
1455.5888671875
1499.43212890625
1505.4830322265625
1433.8232421875
1588.330810546875
1572.36376953125
1424.715576171875
1293.582275390625
1545.6707763671875
1482.981689453125
1481.5079345703125
1497.5537109375
1521.5020751953125
1594.4940185546875
1559.232177734375
1453.232421875
1715.517578125
1412.591552734375
1510.031982421875
1459.6624755859375
1616.02001953125
1378.242431640625
1463.22412109375
1468.62939453125
1625.966796875
1465.26171875
1490.0604248046875
1517.701171875
1533.6826171875
1365.309326171875
1607.420166015625
1376.70361328125
1511.382080078125
1528.2457275390625
1475.086669921875
1632.5693359375
1588.045166015625
1545.970458984375
1409.2587890625
1386.6351318359375
1541.404052734375
1770.178955078125
1478.76904296875
1616.620361328125
1531.02294921875
1626.6402587890625
1457.974609375
1581.59130859375
1551.11572265625
1523.03955078125
1399.51904296875
1369.636474609375
1546.864501953125
1763.331787109375
1555.02587890625
1296.784912109375
1430.7608642578125
1357.95556640625
1419.288330078125
1323.988525390625
1181.482421875
1458.315185546875
1613.947998046875
1432.953369140625
1425.929931640625
1428.617431640625
1413.6025390625
1474.9835205078125
1417.887451171875
1465.3092041015625
1549.4873046875
1271.06298828125
1576.2469482421875
1387.63671875
1290.99462890625
1521.1240234375
1670.212890625
1341.25830078125
1386.459228515625
1539.654052734375
1528.725830078125
1221.349609375
1362.71533203125
1404.654296875
1356.17822265625
1415.1949462890625
1317.1240234375
1232.325439453125
1484.68701171875
1392.602783203125
1435.99560546875
1457.9163818359375
1674.39892578125
1777.766845703125
1531.4901123046875
1446.1033935546875
1471.6328125
1367.668701171875
1474.757568359375
1583.441650390625
1477.47509765625
1374.4393310546875
1471.08154296875
1526.36865234375
1395.637451171875
1536.811279296875
1531.96533203125
1486.2103271484375
1377.759765625
1538.74951171875
1415.589111328125
1404.6031494140625
1449.4677734375
1344.0416259765625
1494.10693359375
1584.0445556640625
1547.6243896484375
1462.134521484375
1187.0257568359375
1671.29736328125
1355.155517578125
1293.060791015625
1514.2076416015625
1472.2655029296875
1733.0054931640625
1643.4439697265625
1385.6875
1352.50341796875
1648.449462890625
1446.160400390625
1360.483642578125
1487.723876953125
1476.9559326171875
1416.8802490234375
1243.1495361328125
1763.8878173828125
1633.006103515625
1579.2705078125
1716.009521484375
1538.45361328125
1350.1402587890625
1668.17822265625
1479.1953125
1363.3751220703125
1346.0909423828125
1428.18408203125
1593.33740234375
1279.8721923828125
1300.562255859375
1524.56982421875
1477.985107421875
1458.1556396484375
1504.007568359375
1316.2806396484375
1409.0380859375
1739.007080078125
1477.640380859375
1327.970947265625
1377.99169921875
1317.2259521484375
1616.2237548828125
1258.437744140625
1501.7618408203125
1671.9798583984375
1411.4107666015625
1409.839111328125
1438.08984375
1377.939697265625
1303.1312255859375
1491.9188232421875
1654.61669921875
1540.85107421875
1550.8267822265625
1513.578857421875
1492.5234375
1423.34765625
1400.7958984375
1222.0374755859375
1392.8739013671875
1681.7215576171875
1398.898193359375
1163.172607421875
1528.31494140625
1582.447265625
1401.0621337890625
1294.225830078125
1570.43896484375
1260.65380859375
1362.036865234375
1421.595703125
1208.4295654296875
1462.74560546875
1284.7462158203125
1468.5908203125
1466.7381591796875
1485.065185546875
1528.8819580078125
1409.2783203125
1442.455810546875
1320.25927734375
1462.487548828125
1385.6068115234375
1610.9114990234375
1344.4677734375
1459.3729248046875
1444.748779296875
1363.375732421875
1297.7442626953125
1583.085693359375
1564.337890625
1630.175048828125
1459.53564453125
1343.3538818359375
1576.279296875
1327.760009765625
1609.5093994140625
1447.4957275390625
1375.502685546875
1475.8521728515625
1530.234619140625
1489.0992431640625
1385.421630859375
1506.1134033203125
1569.38134765625
1536.0823974609375
1274.3865966796875
1541.92041015625
1489.9483642578125
1437.411865234375
1392.5498046875
1437.032470703125
1365.3145751953125
1149.30126953125
1220.08740234375
1532.1092529296875
1230.95947265625
1603.6065673828125
1279.3685302734375
1535.4036865234375
1190.39794921875
1546.6488037109375
1375.4365234375
1545.5479736328125
1391.027099609375
1603.220947265625
1344.301025390625
1474.8961181640625
1205.5843505859375
1259.177001953125
1196.337646484375
1397.792236328125
1507.0264892578125
1549.116943359375
1350.9295654296875
1409.706787109375
1370.3387451171875
1265.224609375
1725.0439453125
1564.5447998046875
1279.294189453125
1569.875244140625
1321.626220703125
1253.05224609375
1328.2288818359375
1368.1566162109375
1285.626953125
1399.620361328125
1599.496826171875
1720.626708984375
1346.8603515625
1274.485595703125
1444.9989013671875
1489.6019287109375
1380.360107421875
1361.12353515625
1269.57080078125
1683.9049072265625
1523.1729736328125
1490.81787109375
1402.33837890625
1247.2740478515625
1519.903076171875
1294.188720703125
1411.243408203125
1381.732421875
1366.925537109375
1466.0799560546875
1417.0262451171875
1156.4925537109375
1277.502197265625
1373.983642578125
1482.1983642578125
1338.9146728515625
1323.7274169921875
1513.1549072265625
1235.385009765625
1370.074462890625
1430.305908203125
1219.38134765625
1387.3681640625
1174.224365234375
1572.14794921875
1381.001953125
1473.229736328125
1247.0711669921875
1456.104736328125
1374.376708984375
1208.6978759765625
1258.5174560546875
1373.16552734375
1257.983642578125
1419.4102783203125
1438.7958984375
1414.7327880859375
1702.3934326171875
1370.5830078125
1473.845947265625
1396.83544921875
1561.731201171875
1197.4310302734375
1249.9906005859375
1437.5115966796875
1608.5501708984375
1274.881103515625
1429.966064453125
1468.852783203125
1425.96435546875
1398.8311767578125
1144.9722900390625
1399.1082763671875
1042.2896728515625
1234.798583984375
1290.6370849609375
1232.736328125
1462.457763671875
1295.889892578125
1413.1617431640625
1162.547119140625
1415.0927734375
1211.891845703125
1225.429443359375
1030.9766845703125
1364.8818359375
1338.618896484375
1239.9658203125
1154.4656982421875
1536.7703857421875
1337.38330078125
1240.088623046875
1377.190185546875
1437.295166015625
1508.182373046875
1307.47265625
1168.4678955078125
1233.31982421875
1666.2845458984375
1465.439208984375
1416.287353515625
1254.8782958984375
1095.390380859375
1530.75439453125
1192.901123046875
1275.486572265625
1441.73095703125
1160.702880859375
1427.497314453125
950.87451171875
1391.868408203125
1287.91357421875
1180.728515625
1341.4652099609375
1250.6964111328125
1316.687255859375
1342.17919921875
1639.2943115234375
1199.794677734375
1416.1689453125
1113.5673828125
1385.5361328125
1682.8818359375
1249.017578125
1319.248046875
1225.884033203125
1050.035400390625
1361.162841796875
1405.364990234375
1173.66357421875
1441.4970703125
1407.31298828125
1329.8505859375
1219.6470947265625
1256.15234375
1305.277587890625
1252.402587890625
1230.2645263671875
1344.742919921875
1341.95166015625
1337.716064453125
1424.758544921875
1310.0330810546875
1357.4595947265625
1190.973876953125
1297.3197021484375
1203.962646484375
1188.085205078125
1062.91015625
1151.8519287109375
1159.4677734375
1320.393798828125
1206.47509765625
1149.491943359375
1389.7696533203125
1124.6881103515625
1315.379150390625
1381.375244140625
1068.3056640625
1307.7601318359375
1038.71826171875
1269.915283203125
1246.57470703125
1410.452392578125
1119.014404296875
1220.816650390625
1454.187255859375
1178.24462890625
1290.2451171875
1656.577392578125
1319.91943359375
1438.76416015625
1006.2810668945312
1317.246826171875
1517.5966796875
1211.19873046875
1216.0467529296875
1224.494384765625
1445.687255859375
930.4613037109375
1096.62451171875
1236.728271484375
1266.751708984375
1464.1317138671875
1213.134765625
1159.80712890625
1161.4732666015625
1403.34423828125
1314.089599609375
1465.4586181640625
1544.4451904296875
1034.5909423828125
1086.7275390625
1049.96240234375
1260.373779296875
1314.763671875
1169.6689453125
1111.541748046875
1209.19091796875
1161.08935546875
1381.427734375
1337.248291015625
1230.227783203125
1157.0262451171875
1231.259765625
1496.184326171875
1437.366943359375
1163.336181640625
1321.1282958984375
1336.1302490234375
1093.47265625
1122.4072265625
1245.4229736328125
1229.64013671875
1060.0784912109375
1303.63720703125
1526.341552734375
1184.370849609375
1525.3896484375
1073.2840576171875
1217.79736328125
1043.327880859375
1021.7852172851562
1318.1842041015625
1184.168212890625
1243.427978515625
1097.98046875
1097.0570068359375
1057.14501953125
1014.4754638671875
1284.782470703125
1143.3411865234375
1153.2265625
1357.34033203125
1152.007568359375
965.9894409179688
1438.4727783203125
969.5220947265625
972.0906982421875
1376.829833984375
1123.6485595703125
1125.830810546875
1190.247314453125
1074.73681640625
1030.563232421875
1124.64208984375
1224.50341796875
1349.2535400390625
1138.6011962890625
1132.2420654296875
1272.810546875
1130.4951171875
1425.026123046875
885.6725463867188
1013.5015869140625
867.373046875
1158.734619140625
1122.99267578125
1001.8314208984375
1139.5389404296875
1140.21142578125
1116.08837890625
1195.0753173828125
988.9417724609375
1217.0574951171875
1552.3902587890625
1494.025146484375
1152.990478515625
877.5645751953125
1187.470947265625
1098.7197265625
1148.2933349609375
1112.4403076171875
1112.185302734375
966.9559326171875
1100.6658935546875
1208.8704833984375
1199.046630859375
1095.2257080078125
928.43896484375
1258.328857421875
1000.899169921875
1312.2857666015625
1008.2133178710938
979.6195068359375
1052.6859130859375
1072.33935546875
1226.986083984375
830.706787109375
867.441650390625
1249.974609375
998.7669677734375
1244.082763671875
991.5633544921875
1148.7535400390625
1049.5433349609375
992.92724609375
1219.567138671875
1118.639404296875
1076.663818359375
1020.434326171875
1137.983642578125
1410.8389892578125
1224.69677734375
1284.747802734375
1102.679931640625
1173.5738525390625
1072.8428955078125
1462.132568359375
945.5594482421875
1140.9493408203125
1235.09130859375
1074.45361328125
909.0480346679688
1167.5848388671875
1263.3006591796875
1057.86083984375
913.5512084960938
1015.624755859375
1204.248046875
1368.337646484375
1175.91552734375
1061.5762939453125
920.86962890625
1404.1744384765625
1190.468994140625
1023.1083984375
1216.1568603515625
1013.5458374023438
1284.884521484375
1052.669921875
1157.8685302734375
989.5796508789062
1012.8292846679688
1084.5361328125
1070.89599609375
951.4083862304688
1059.5751953125
973.0342407226562
1021.0242919921875
1212.0966796875
1056.53271484375
868.8233642578125
999.7573852539062
1038.157470703125
1145.753662109375
1085.4775390625
926.0448608398438
1091.9095458984375
912.558837890625
985.8557739257812
1037.741943359375
1255.0672607421875
1099.867919921875
864.09912109375
972.2491455078125
1275.902099609375
1057.5577392578125
1013.9698486328125
1009.238525390625
943.4729614257812
942.3863525390625
952.5035400390625
1117.107421875
1036.5869140625
1122.443359375
1153.251220703125
1049.905517578125
1127.03955078125
1001.2091064453125
1186.7030029296875
1008.3189086914062
1129.218505859375
884.0134887695312
1000.0711669921875
1138.9508056640625
1092.16162109375
855.9403076171875
979.429931640625
895.4722900390625
1247.0306396484375
908.1048583984375
980.4696044921875
948.3333129882812
1061.3388671875
1000.3525390625
896.3699951171875
945.4439086914062
1106.2093505859375
854.948486328125
919.1314697265625
855.40673828125
1099.659912109375
1379.97265625
1082.3062744140625
1061.67822265625
817.365478515625
1165.48095703125
1327.0123291015625
965.8952026367188
853.3114013671875
1302.673828125
1116.52734375
1000.7977905273438
1166.155517578125
1124.8543701171875
1193.8330078125
1120.2701416015625
1045.324462890625
1075.168701171875
890.414306640625
748.6519775390625
992.063720703125
1280.71142578125
1020.790283203125
1158.63720703125
1034.8531494140625
1018.7166748046875
1068.647216796875
1184.4853515625
898.7899169921875
1034.98681640625
961.1792602539062
1040.24072265625
913.828125
986.6217041015625
892.3900146484375
1002.827392578125
1205.5648193359375
1044.066162109375
974.01953125
1154.8414306640625
1209.7490234375
1121.2335205078125
1020.95703125
936.3980712890625
1166.7718505859375
1045.826171875
950.4732666015625
1060.4871826171875
1103.925048828125
1170.1180419921875
934.580078125
731.693603515625
982.642822265625
1152.1455078125
1140.5819091796875
911.2322387695312
1001.5836181640625
988.6871337890625
963.5206909179688
931.5634765625
1044.4710693359375
993.4910888671875
908.3690185546875
889.5057983398438
1003.787353515625
1173.5716552734375
909.404052734375
879.4676513671875
909.4368896484375
1049.052490234375
876.7554321289062
958.3823852539062
974.7763671875
786.005859375
953.6951293945312
1253.3968505859375
899.991943359375
1118.4990234375
1080.87744140625
1109.9002685546875
1026.7943115234375
989.4747924804688
1152.620361328125
962.63525390625
978.5621337890625
971.80029296875
937.8153686523438
841.6378173828125
1069.537109375
647.75439453125
839.0987548828125
1019.666015625
902.7861328125
956.9971923828125
1064.464599609375
1047.778564453125
844.3037109375
1114.9736328125
702.0108032226562
825.3280029296875
905.1990356445312
750.992431640625
1034.58349609375
956.2254028320312
986.7767944335938
952.587646484375
899.8745727539062
950.618408203125
965.9740600585938
1044.756591796875
858.9675903320312
927.4373779296875
1154.0196533203125
907.069580078125
923.2450561523438
936.88671875
958.5509033203125
1058.2335205078125
875.3831787109375
904.4596557617188
1083.603271484375
931.2097778320312
888.9873046875
940.874267578125
1019.6005859375
847.2086791992188
759.5162963867188
1027.200927734375
865.8628540039062
867.2218017578125
705.3833618164062
1157.186279296875
958.2178344726562
822.9612426757812
988.142578125
843.3114624023438
969.190673828125
743.98583984375
985.2005615234375
955.3076782226562
807.3948974609375
891.946533203125
800.4563598632812
983.0973510742188
754.7479248046875
775.1019897460938
1153.582275390625
872.3162841796875
932.3748779296875
1206.448486328125
751.3935546875
842.8358154296875
835.326171875
983.3818969726562
1004.807861328125
869.8236083984375
922.5047607421875
908.208984375
847.6318969726562
693.9285888671875
809.6314697265625
974.9702758789062
714.1823120117188
810.1661376953125
793.2374877929688
981.6343383789062
860.6605224609375
774.451171875
845.2086181640625
832.0948486328125
773.5038452148438
938.998046875
862.5518188476562
843.168701171875
785.02099609375
948.33154296875
689.347412109375
816.8094482421875
1005.6030883789062
801.083740234375
779.6668090820312
850.1566772460938
783.2875366210938
1077.5478515625
958.8353271484375
754.6669921875
898.3931274414062
793.690673828125
859.186279296875
708.1295166015625
833.3931884765625
948.5164794921875
967.3306884765625
880.7752685546875
741.2984008789062
808.355712890625
904.3531494140625
874.0492553710938
1017.5565795898438
747.1722412109375
955.8406982421875
774.4990234375
946.2761840820312
693.3931884765625
1069.6820068359375
814.9321899414062
783.9026489257812
754.1743774414062
790.6500244140625
906.5511474609375
745.5262451171875
735.045654296875
768.2962646484375
858.8704223632812
809.969482421875
1058.682861328125
738.457763671875
896.3887939453125
709.44140625
593.4597778320312
929.6893920898438
750.7471313476562
682.7412719726562
705.8462524414062
735.10791015625
714.110107421875
807.87451171875
742.85400390625
879.4727783203125
670.8170166015625
692.5753173828125
605.6951904296875
995.511962890625
683.5931396484375
796.3021240234375
608.984619140625
922.8419189453125
705.1695556640625
811.8457641601562
728.5926513671875
731.395263671875
1005.179443359375
751.2724609375
680.9715576171875
1173.4095458984375
834.1910400390625
769.015380859375
773.4381103515625
1039.2406005859375
691.7547607421875
952.1179809570312
752.588134765625
1037.3763427734375
957.406982421875
826.9024047851562
926.266845703125
672.8711547851562
936.1740112304688
774.715576171875
747.744384765625
922.8700561523438
669.3093872070312
778.758056640625
776.92822265625
854.79931640625
957.4267578125
644.7802734375
761.7738037109375
799.5449829101562
671.6917724609375
861.4652709960938
577.522216796875
806.5439453125
853.07568359375
705.2352294921875
702.4677734375
649.3565673828125
817.5694580078125
813.3311767578125
1001.789794921875
839.03076171875
826.3720703125
1052.2628173828125
911.0869750976562
834.7965087890625
936.0536499023438
806.84912109375
816.4887084960938
1080.8009033203125
627.70458984375
749.9113159179688
751.2338256835938
670.9075317382812
684.065185546875
784.2783203125
788.4262084960938
852.32666015625
798.4382934570312
688.4498901367188
881.9092407226562
706.4064331054688
733.812744140625
629.9926147460938
812.5464477539062
717.8799438476562
751.441162109375
862.63720703125
710.0421142578125
665.2547607421875
733.591064453125
739.1533203125
573.6661987304688
860.5940551757812
839.6351318359375
731.730224609375
779.412109375
623.027099609375
583.4307861328125
887.8660888671875
906.5623779296875
639.0072021484375
662.8363647460938
993.881103515625
568.5323486328125
815.799072265625
1056.8582763671875
743.1378173828125
840.2904052734375
810.4052124023438
792.60888671875
1021.5672607421875
701.8074340820312
834.2618408203125
705.9545288085938
795.8993530273438
642.348388671875
846.4969482421875
693.5369873046875
847.2924194335938
826.4888916015625
766.4995727539062
853.0233154296875
710.923583984375
731.0979614257812
711.9215087890625
835.1434326171875
694.1319580078125
766.6536865234375
812.513671875
736.4700927734375
664.4412841796875
828.702392578125
724.7453002929688
735.5208740234375
620.5466918945312
749.0474853515625
800.1157836914062
631.2091064453125
809.1201171875
706.0684814453125
786.08056640625
775.67529296875
644.1224365234375
1042.9990234375
569.2813110351562
795.2892456054688
874.224609375
882.7325439453125
757.3551025390625
836.1464233398438
891.6821899414062
668.3507080078125
943.81298828125
846.0303955078125
696.2479248046875
1001.5132446289062
825.202880859375
856.1912841796875
754.290771484375
792.55859375
868.8546752929688
849.503173828125
736.36767578125
1053.3067626953125
808.5396118164062
643.4451904296875
926.134765625
791.1070556640625
721.2559814453125
698.2042236328125
763.251953125
714.9266357421875
963.6842041015625
857.9649047851562
727.9152221679688
714.9805908203125
941.305419921875
867.8665771484375
773.0103759765625
617.7899169921875
672.9403686523438
909.1412353515625
701.7159423828125
635.0126342773438
647.1552734375
659.439453125
675.4169311523438
735.0425415039062
865.6199340820312
587.5919189453125
907.0073852539062
771.2803955078125
806.6348876953125
877.8858032226562
749.9576416015625
783.6552734375
770.9859619140625
907.7908935546875
627.1593017578125
791.41455078125
727.2779541015625
618.1207275390625
787.3383178710938
786.1557006835938
804.8590087890625
879.0440673828125
759.1737060546875
793.2230834960938
653.2276000976562
919.6341552734375
845.8126220703125
826.8451538085938
838.973388671875
779.567138671875
947.3485717773438
649.2613525390625
856.3929443359375
701.6627197265625
817.355712890625
795.835205078125
792.8516845703125
779.2978515625
987.9580078125
779.3714599609375
731.9741821289062
690.1912231445312
727.036376953125
810.2742919921875
696.0074462890625
713.1214599609375
794.5565185546875
729.5307006835938
803.57861328125
808.1171875
672.6842041015625
741.3297119140625
791.422607421875
760.530517578125
881.444580078125
742.4571533203125
850.3443603515625
600.2872314453125
787.288818359375
620.694580078125
831.857666015625
735.627197265625
842.571533203125
729.4114379882812
842.0247192382812
814.6798095703125
636.062255859375
678.52490234375
725.7645263671875
771.13427734375
704.1676025390625
675.8726806640625
635.3218383789062
796.666259765625
701.8641967773438
634.8238525390625
749.3946533203125
768.9865112304688
778.2877197265625
863.5955810546875
898.087646484375
641.781982421875
700.9647216796875
570.22802734375
857.6405029296875
835.9034423828125
732.9177856445312
836.77783203125
566.531982421875
831.9910888671875
806.6065673828125
736.1019287109375
719.3477783203125
739.50927734375
652.880615234375
877.4437866210938
570.089599609375
764.976806640625
787.7363891601562
587.0087280273438
951.7459716796875
637.84130859375
740.806640625
713.3182373046875
579.2491455078125
744.5250244140625
607.8492431640625
618.8057861328125
688.1268310546875
805.0083618164062
785.7987670898438
756.999267578125
852.2901611328125
723.5164794921875
781.3751831054688
760.3287353515625
890.017822265625
733.663330078125
926.1275024414062
850.0264282226562
759.34375
844.1353759765625
794.39111328125
729.3365478515625
629.5655517578125
848.2794189453125
622.5336303710938
658.88623046875
753.503662109375
821.9503173828125
674.18212890625
636.3890991210938
772.7894287109375
843.525146484375
686.39697265625
1052.57763671875
795.8817749023438
567.10546875
635.2711181640625
935.8721923828125
704.5520629882812
948.5599365234375
741.053466796875
879.583740234375
882.2716064453125
727.2835083007812
831.913818359375
804.120849609375
791.5299072265625
632.2102661132812
691.795166015625
847.5980224609375
802.2393188476562
712.7844848632812
704.7991943359375
727.5960693359375
860.3518676757812
753.7906494140625
742.467041015625
627.0128173828125
712.80078125
649.9356079101562
638.329833984375
867.1758422851562
622.0216064453125
729.3311767578125
758.2637939453125
830.4044189453125
811.7879028320312
796.0664672851562
709.6505126953125
805.728759765625
715.2254638671875
626.8153076171875
754.701416015625
980.0283203125
789.0100708007812
652.703369140625
894.0941162109375
728.2244873046875
653.5283203125
761.849365234375
958.1212768554688
894.28857421875
805.7269897460938
564.388916015625
777.9658203125
881.6392822265625
772.1033935546875
1008.33544921875
771.8955688476562
1046.33642578125
652.6373291015625
648.4150390625
659.8427734375
827.688232421875
733.9868774414062
561.8365478515625
686.8017578125
931.63671875
728.5909423828125
743.7352905273438
771.9290161132812
695.93017578125
706.5508422851562
836.5379638671875
610.831787109375
687.0535888671875
1019.4945068359375
837.606201171875
643.7608642578125
717.84716796875
753.46826171875
900.2260131835938
796.795166015625
737.0462646484375
728.5897216796875
720.2772827148438
728.9208374023438
922.9939575195312
809.055419921875
797.0177612304688
675.1480712890625
851.4498291015625
797.7654418945312
786.3009033203125
767.0341796875
659.2454223632812
806.1273193359375
689.5532836914062
972.59228515625
740.5145263671875
674.4752197265625
707.2645874023438
866.5914306640625
730.901123046875
803.9628295898438
558.7893676757812
767.4056396484375
795.0281982421875
606.403076171875
812.7882690429688
839.15673828125
774.9605712890625
829.27490234375
833.58642578125
718.8065185546875
769.9327392578125
693.3228759765625
1080.4844970703125
623.58154296875
689.770751953125
983.8178100585938
914.8805541992188
746.3655395507812
796.3663330078125
762.0791015625
947.144775390625
709.67138671875
762.8575439453125
834.8501586914062
840.7787475585938
667.3456420898438
956.923095703125
597.38037109375
790.5016479492188
715.6905517578125
695.59912109375
948.0655517578125
748.1864624023438
722.0537109375
700.7401733398438
674.6939697265625
614.248779296875
975.2902221679688
789.1005249023438
775.0037841796875
721.6397705078125
675.9229736328125
864.0344848632812
896.8133544921875
742.1912841796875
624.001953125
810.5732421875
691.53759765625
667.9981079101562
899.5888671875
743.347900390625
786.705322265625
767.1044921875
815.5159912109375
722.0078125
788.4488525390625
987.1884155273438
736.3175048828125
1011.47216796875
826.8863525390625
681.604248046875
754.856201171875
755.3025512695312
611.279541015625
667.3887939453125
779.8271484375
842.1880493164062
917.3856811523438
704.5222778320312
681.0345458984375
736.734130859375
876.3599853515625
890.9359130859375
846.1575927734375
760.4681396484375
700.7141723632812
895.0078125
658.556884765625
693.8955078125
679.0009155273438
881.062744140625
568.0924072265625
749.7215576171875
783.040771484375
619.533447265625
755.2526245117188
697.62353515625
613.583740234375
1014.6619262695312
878.58349609375
833.0504150390625
624.623779296875
857.6268310546875
835.6834716796875
735.1956787109375
747.176025390625
733.3184204101562
962.6152954101562
680.0203857421875
948.3628540039062
761.6001586914062
753.578369140625
688.8262939453125
726.5892944335938
734.0878295898438
681.005126953125
865.454345703125
639.8310546875
698.3004760742188
744.87841796875
985.8785400390625
923.1221923828125
586.697021484375
807.2030639648438
902.3382568359375
772.4354248046875
874.1282958984375
937.135498046875
806.6278686523438
677.5660400390625
644.4124755859375
697.0271606445312
781.2868041992188
626.3546142578125
793.2241821289062
658.3385009765625
954.464111328125
796.2097778320312
723.8017578125
650.538818359375
794.42626953125
848.0962524414062
691.0028076171875
740.8880004882812
577.4373779296875
905.7340087890625
717.2529296875
774.865234375
755.625
783.5162963867188
804.4288330078125
577.0028076171875
673.240478515625
823.1810302734375
837.8948974609375
901.439208984375
920.2310791015625
961.6304931640625
932.6808471679688
781.8001708984375
808.6465454101562
722.8316650390625
889.290283203125
903.7184448242188
760.5367431640625
848.4378662109375
989.07177734375
852.6227416992188
915.3992309570312
769.7916259765625
933.7278442382812
609.712158203125
951.9258422851562
792.2940673828125
717.4803466796875
828.190673828125
751.458251953125
763.5671997070312
856.29833984375
624.7159423828125
712.303955078125
850.4649658203125
899.2313232421875
916.7669067382812
762.8367919921875
603.0433959960938
939.2272338867188
842.331298828125
967.867431640625
980.919921875
675.637939453125
650.4169921875
773.8302001953125
848.0525512695312
754.9066162109375
840.539794921875
738.5087890625
889.323974609375
833.0570678710938
924.849853515625
1011.080322265625
725.5177001953125
835.4962158203125
671.947265625
922.81298828125
723.6331176757812
952.9793701171875
665.562255859375
838.4927368164062
772.58203125
767.514892578125
776.72314453125
774.507080078125
913.588623046875
826.0330810546875
684.042724609375
978.4326171875
705.5928955078125
895.7708740234375
643.2350463867188
1014.38623046875
828.4244995117188
984.2713623046875
713.1871337890625
858.7255249023438
717.5391845703125
958.3076171875
809.76123046875
644.2557373046875
764.4317626953125
663.4673461914062
651.790771484375
983.8513793945312
804.468994140625
841.6222534179688
757.5181884765625
857.0781860351562
684.4691162109375
740.3552856445312
720.9593505859375
871.1865234375
741.4732666015625
974.6553344726562
674.2418212890625
868.3779296875
768.6052856445312
711.8276977539062
820.6119384765625
888.39794921875
663.6485595703125
812.2493286132812
748.755615234375
673.5429077148438
685.79296875
668.2642822265625
829.3350219726562
870.4367065429688
686.5241088867188
763.4326171875
809.95458984375
744.5172729492188
767.4557495117188
670.4950561523438
605.6566162109375
611.3662109375
745.218994140625
699.7028198242188
683.64990234375
902.2470703125
734.4973754882812
830.2177734375
876.4991455078125
886.028564453125
909.133544921875
710.4558715820312
877.6536865234375
769.18896484375
883.4654541015625
798.6421508789062
838.4237060546875
585.0454711914062
823.929931640625
774.8649291992188
689.598388671875
785.8143310546875
654.6361083984375
805.3953247070312
744.546142578125
763.344970703125
594.7081909179688
741.1224365234375
715.1439208984375
763.2797241210938
631.5174560546875
648.2398681640625
916.476318359375
860.9197998046875
986.74072265625
675.8134765625
758.9083251953125
836.5595703125
994.4710693359375
838.594970703125
754.9139404296875
642.8049926757812
743.5043334960938
806.4047241210938
803.0552978515625
703.5123291015625
761.0891723632812
703.4434814453125
917.4275512695312
616.4772338867188
890.0654907226562
735.4853515625
760.3162231445312
773.5439453125
804.4898681640625
749.8572998046875
842.1240844726562
689.84814453125
712.570068359375
679.7835693359375
773.5955200195312
749.79833984375
569.1514892578125
787.2164306640625
794.1285400390625
830.2357177734375
559.7804565429688
1000.0546875
724.8121948242188
666.3203735351562
714.99951171875
685.6310424804688
678.1307373046875
703.9268798828125
656.4803466796875
743.4197998046875
779.6934204101562
646.6373901367188
675.3477783203125
750.6302490234375
767.8982543945312
749.1510009765625
620.51953125
756.9368896484375
624.6304931640625
567.31201171875
619.1240234375
766.7124633789062
653.8585205078125
840.5477294921875
848.3733520507812
851.4823608398438
570.3596801757812
750.4681396484375
744.94384765625
802.280029296875
698.77197265625
742.9986572265625
845.0838623046875
653.1104125976562
723.372314453125
789.0297241210938
769.6116943359375
628.48876953125
786.46875
689.7373046875
861.9328002929688
656.3875732421875
657.1356201171875
712.9869995117188
921.5922241210938
814.744384765625
827.2779541015625
852.8558349609375
708.5994873046875
679.2219848632812
687.70361328125
738.545166015625
839.3956909179688
639.451416015625
570.60595703125
546.9574584960938
670.6356811523438
954.95166015625
850.7921752929688
670.701416015625
750.7122802734375
757.3013916015625
753.3986206054688
764.243408203125
744.2196044921875
784.3267822265625
800.8270263671875
822.127197265625
699.3622436523438
751.4400024414062
708.7514038085938
810.3018188476562
831.7310180664062
790.3690185546875
711.7254028320312
756.1895751953125
800.8141479492188
699.86376953125
731.19580078125
606.1453857421875
695.4156494140625
683.193603515625
750.8990478515625
779.2614135742188
729.412353515625
780.7803344726562
705.6637573242188
716.0802001953125
809.7471923828125
640.9585571289062
806.9644775390625
863.0372924804688
719.1317138671875
631.8585205078125
715.7390747070312
640.40283203125
942.5104370117188
758.374755859375
714.826416015625
859.03515625
687.9794311523438
790.5350341796875
638.18798828125
552.7709350585938
723.1963500976562
866.3739013671875
621.7601318359375
707.356689453125
631.236083984375
686.1580200195312
729.8487548828125
782.46142578125
844.503662109375
740.459228515625
634.43408203125
766.3668212890625
791.680908203125
735.8096923828125
744.1497192382812
710.2972412109375
851.48486328125
717.7584228515625
768.2130737304688
619.6517333984375
911.1779174804688
665.1845092773438
669.4925537109375
682.9205322265625
846.958740234375
774.42529296875
630.4403076171875
636.1463623046875
781.9357299804688
739.0213623046875
819.0267333984375
623.5449829101562
675.9772338867188
747.7850952148438
782.6326293945312
857.7845458984375
646.638671875
596.1355590820312
829.6447143554688
708.7498168945312
855.81591796875
725.901123046875
650.787353515625
746.2205810546875
641.1177368164062
632.5421142578125
618.409912109375
793.81103515625
761.905029296875
781.481689453125
626.30029296875
615.8502807617188
700.4028930664062
682.8911743164062
645.811279296875
732.30419921875
618.7430419921875
872.4246826171875
744.344482421875
851.4000854492188
729.4906005859375
788.2191162109375
687.44189453125
635.5201416015625
589.380126953125
672.2713623046875
755.179443359375
715.3228149414062
703.5001220703125
683.0894775390625
777.4592895507812
654.8764038085938
617.7777099609375
641.2290649414062
581.1668090820312
763.946044921875
740.0804443359375
736.0472412109375
791.202880859375
657.8350830078125
710.6285400390625
689.01953125
779.30908203125
821.4911499023438
663.8765258789062
665.8466796875
775.733642578125
656.3604736328125
709.2598876953125
725.9569091796875
686.4119262695312
545.2064819335938
545.3963623046875
735.98193359375
627.09814453125
792.1455078125
720.2686767578125
646.2278442382812
691.520263671875
610.963134765625
547.110595703125
785.7373046875
700.5287475585938
687.172119140625
748.807861328125
626.3255615234375
774.739501953125
767.4579467773438
763.5260009765625
579.0496826171875
630.6065673828125
623.7243041992188
585.4169921875
810.6102905273438
632.6777954101562
668.8289794921875
618.08935546875
658.8885498046875
718.4578857421875
850.5490112304688
661.5523681640625
682.5751342773438
653.8301391601562
793.7273559570312
740.9900512695312
721.424560546875
732.69140625
751.1886596679688
756.65234375
735.7689208984375
555.515380859375
834.1539916992188
672.583251953125
838.5748291015625
644.0595703125
628.0762939453125
644.4757080078125
544.810546875
717.515380859375
624.5950317382812
609.0599365234375
764.5184326171875
724.5750122070312
813.5778198242188
744.638916015625
836.644287109375
629.5408325195312
704.2349243164062
711.4302978515625
585.7006225585938
575.3906860351562
648.4589233398438
644.9501953125
693.9755859375
768.1630249023438
623.975830078125
752.3234252929688
802.80029296875
719.3253173828125
741.4508666992188
651.1277465820312
624.9478149414062
615.40966796875
770.169921875
613.8252563476562
716.0806884765625
704.3929443359375
668.544677734375
613.2354736328125
586.1721801757812
672.391357421875
644.4859008789062
734.3746948242188
754.0908203125
852.2930908203125
627.97119140625
710.31103515625
671.3138427734375
657.3683471679688
752.4418334960938
721.7542114257812
636.9744873046875
607.5721435546875
658.03515625
706.642578125
706.2830810546875
610.7756958007812
660.256103515625
701.899169921875
605.7838745117188
687.4730224609375
796.5001220703125
686.5697021484375
597.7779541015625
687.49462890625
702.742431640625
750.43359375
640.00341796875
650.02392578125
573.7437744140625
543.4927978515625
669.9071044921875
697.9403076171875
747.0950927734375
677.1419067382812
580.1776123046875
836.259033203125
713.1129150390625
631.2267456054688
802.1046752929688
674.759033203125
620.60693359375
792.6412353515625
736.570556640625
593.3782958984375
740.454833984375
596.3812866210938
690.2958984375
586.977294921875
643.7122802734375
699.447021484375
678.1173095703125
606.799072265625
591.076171875
719.5040283203125
550.3609619140625
632.6339721679688
567.8114013671875
696.0597534179688
541.5833129882812
636.4192504882812
737.38720703125
727.3969116210938
641.3189697265625
728.240478515625
686.739990234375
574.0923461914062
679.6187744140625
621.257080078125
748.9718627929688
667.9645385742188
668.795166015625
698.5657958984375
678.6229248046875
598.63232421875
650.2837524414062
636.7222290039062
587.79443359375
663.9193115234375
607.0381469726562
726.828857421875
630.4806518554688
707.2522583007812
699.2875366210938
768.50146484375
626.347412109375
718.188720703125
673.5325317382812
775.9306640625
668.7732543945312
542.8822631835938
741.338134765625
582.1820678710938
627.653564453125
664.9932250976562
730.9130249023438
636.3140869140625
582.2029418945312
629.83349609375
647.861328125
579.7993774414062
664.5855712890625
833.4764404296875
729.1201171875
587.98046875
632.437255859375
647.9459838867188
602.5801391601562
626.109375
688.531982421875
738.1219482421875
604.5894775390625
563.433837890625
637.82763671875
714.619384765625
641.65869140625
699.7940063476562
572.3685913085938
629.5628662109375
584.421142578125
693.9940185546875
587.4466552734375
620.538818359375
582.1163330078125
589.4833984375
699.80078125
685.1841430664062
692.0941162109375
703.0626831054688
660.768310546875
681.8880615234375
783.550048828125
708.8125610351562
641.5245361328125
608.925537109375
605.6895751953125
868.375244140625
587.9547729492188
631.056640625
702.654296875
603.6864013671875
643.671875
683.3114013671875
592.476318359375
599.1768798828125
582.6355590820312
739.0514526367188
630.8760986328125
538.917236328125
569.2135009765625
659.4166259765625
653.5074462890625
592.3312377929688
618.1668701171875
746.1757202148438
714.2637939453125
617.1392211914062
601.9115600585938
630.1552734375
587.1083374023438
634.1810302734375
661.2635498046875
669.7139282226562
632.884521484375
742.10107421875
739.3778076171875
732.385009765625
705.232421875
717.640869140625
670.9163208007812
680.4796142578125
567.9863891601562
544.1143798828125
695.186279296875
712.531982421875
632.5498657226562
677.6263427734375
795.6218872070312
556.9658203125
766.820556640625
590.43994140625
578.239501953125
744.7501220703125
693.873046875
565.7327880859375
625.366455078125
771.4666748046875
777.314453125
626.1446533203125
597.748046875
742.0789794921875
679.8243408203125
685.8763427734375
739.15234375
580.312744140625
585.0062255859375
641.3709106445312
763.883544921875
587.0902099609375
625.08740234375
667.4632568359375
706.1311645507812
725.0438842773438
725.4766845703125
644.277099609375
644.7611083984375
623.609619140625
817.4102783203125
717.5399169921875
587.295166015625
557.0120849609375
668.0484619140625
611.3050537109375
720.8128662109375
668.6175537109375
698.1522216796875
593.2540283203125
736.750732421875
730.9749755859375
615.5970458984375
722.7117919921875
744.4227905273438
595.5888061523438
675.958740234375
623.0679931640625
670.120361328125
706.92236328125
660.1314697265625
685.2997436523438
574.5765991210938
744.184814453125
620.7138671875
580.87744140625
688.1144409179688
756.15576171875
663.9256591796875
601.7474365234375
615.2142333984375
598.349853515625
573.4678955078125
608.9052734375
712.3242797851562
565.516357421875
562.384521484375
537.732666015625
602.1375732421875
623.2098999023438
701.0711059570312
716.645751953125
646.0322875976562
629.077392578125
598.64404296875
681.7042236328125
579.015869140625
622.656005859375
538.1900024414062
597.9966430664062
782.4903564453125
572.8287353515625
668.1295776367188
808.704345703125
672.4156494140625
594.7215576171875
583.0867309570312
593.7232666015625
673.2938842773438
731.0357055664062
659.541015625
568.6043701171875
755.7125854492188
661.6937255859375
801.9601440429688
608.6424560546875
667.59765625
711.2561645507812
611.1668701171875
573.3055419921875
607.6546630859375
596.7828369140625
755.63818359375
604.4637451171875
647.1721801757812
754.74072265625
609.3782348632812
572.716552734375
614.0780029296875
693.072509765625
607.67919921875
564.216064453125
743.0113525390625
571.0133666992188
756.1483764648438
630.53515625
647.955810546875
628.0023193359375
631.267822265625
537.0452880859375
674.7825927734375
650.5388793945312
691.1072387695312
617.4971923828125
744.2570190429688
637.8834228515625
617.1160278320312
738.6163330078125
575.82177734375
648.293701171875
619.9205322265625
538.5023193359375
686.742919921875
567.194091796875
654.197509765625
559.217041015625
644.337890625
585.337646484375
584.0724487304688
741.0745849609375
712.1146240234375
574.146484375
710.4011840820312
645.4508666992188
558.927734375
714.8130493164062
654.4266967773438
559.5676879882812
742.676025390625
646.9315795898438
589.31884765625
623.8184814453125
584.5189208984375
647.517333984375
642.72900390625
638.3675537109375
541.9527587890625
736.92236328125
705.1824951171875
736.4755249023438
610.9134521484375
617.7691650390625
747.2290649414062
736.6031494140625
664.5988159179688
685.8529052734375
600.4011840820312
762.4782104492188
564.5156860351562
689.702392578125
757.244384765625
697.680908203125
732.2628173828125
740.0391845703125
741.6179809570312
582.7664184570312
637.55517578125
711.1443481445312
573.2802734375
563.3672485351562
722.003662109375
574.68408203125
612.1348266601562
621.8077392578125
761.8197021484375
707.7945556640625
691.28173828125
589.5526123046875
792.4283447265625
551.1652221679688
656.759521484375
603.4049072265625
658.396728515625
661.6832275390625
691.8908081054688
665.4290771484375
628.729736328125
687.0255737304688
611.4713134765625
642.60791015625
577.7239990234375
