0
0
26573
28775
28885
25985
29912
29337
32066
31140
27419
28892
29930
24949
30459
27491
28309
27458
26867
31849
29329
29335
27424
24130
25527
29722
28921
30548
26001
31281
26356
30616
30412
29763
25468
30671
29295
26772
29563
28220
30105
28333
31337
28952
27783
30571
27511
29182
30201
27013
28926
29508
31143
28100
31699
26043
27312
26863
29165
27996
29812
28537
27334
26301
25652
27466
26859
27231
28237
29789
28237
31845
28407
28307
31843
28166
27465
27047
30482
31171
27577
29007
25859
31707
26042
30333
32917
25820
28731
32897
31250
25551
27236
32471
26805
27115
34567
29329
27557
27702
27326
30439
28481
30030
33421
27309
28405
30720
37779
29072
40487
31032
30668
26079
26251
28480
32058
29324
29398
28447
28918
25723
26305
29473
27395
32175
31875
29534
42089
41377
27166
38943
31654
40457
28855
27449
29354
28366
27772
29371
31290
28155
31007
43552
29265
25317
42296
30631
28876
28761
27263
30543
33109
28288
29892
31998
27287
41940
29866
39074
28456
41982
28374
27000
26275
26074
42302
41894
42911
29801
26529
27201
28172
26210
42250
26930
45229
29532
44154
29644
26924
29866
23732
44637
28447
27882
29318
26815
43895
26762
28977
28920
29315
27809
44076
27543
27623
28513
29130
38295
36676
43393
45144
29626
28620
25902
29920
44633
30399
30402
28984
27620
45838
28537
31649
29717
31259
29008
28285
28900
45982
29463
41161
27606
27265
44936
26865
45662
26496
24489
29732
30241
28353
26318
31405
27127
27178
29133
45441
44245
29183
28092
28352
27322
24671
24735
42918
41769
31440
28974
30950
41654
29187
42941
28777
30541
28995
30478
28114
25418
31108
43709
45561
27442
40823
27900
45973
30104
29685
28078
30094
26893
43050
30106
27283
30149
31564
29564
33155
30780
28992
46494
30564
30627
29739
30589
27929
27513
26327
25843
26521
29607
44348
27394
29475
44358
29745
26467
31574
29518
28437
29644
29126
27676
46672
30889
27392
46402
45023
32031
26910
41653
28700
28115
29942
44731
46075
26762
42179
28471
27557
45832
29613
44351
31034
32546
27541
28597
28169
29644
24697
29824
30692
32273
30070
48067
26334
46332
30126
31952
31931
29879
29822
30413
29211
28880
45412
29141
27768
46378
46694
47179
47359
33267
30790
46153
34764
29196
29977
26224
29024
30377
27232
44835
44942
31349
27905
31215
27295
48011
29510
30269
28500
31265
27257
28615
29370
28398
32617
31164
30063
27824
47198
30839
27265
45783
30640
30638
30156
43863
29837
31182
28317
46270
28642
29717
44980
45200
29774
28622
38877
33778
44837
26264
28335
45742
28279
28217
26560
48176
27554
28752
30250
29473
29291
29355
30453
31831
29187
28445
28252
29235
27189
46043
45862
26061
26998
29118
31468
25396
29516
44997
45451
45720
45111
27950
45175
29395
46727
30493
26212
31638
28479
43797
44926
29310
28252
30022
45331
44740
45774
30398
26940
29485
46717
29333
48506
27049
29174
27560
43849
28498
32340
28571
47221
27193
27259
26878
47714
47224
46627
28123
29357
30987
45138
45156
33813
28447
27838
45789
27697
27104
27473
26556
45922
45033
32242
28617
31856
31658
26534
48978
44625
28194
29767
30403
28324
28699
27894
47515
44408
45916
27076
32045
45434
45306
46162
29177
26905
43907
28459
46381
26853
30512
45870
29991
46990
47208
28592
48943
29422
28106
44793
26875
46831
28247
29002
44692
30450
29087
26940
25407
30950
46041
27971
47841
30170
44447
27293
48285
29778
46751
26403
25421
25013
47362
27764
25984
28851
49370
28253
26500
27871
27364
31538
26744
28149
29532
29642
25691
46117
45194
46185
46406
30055
44701
30970
26357
28450
29875
25431
28683
48035
30920
26977
25885
29159
29757
45668
32622
46333
42504
29268
30080
27638
28085
27571
43621
28978
29252
28935
27030
24172
46133
45381
46110
32808
30160
30588
45705
31779
47957
32178
45348
46337
46494
26056
27999
28339
27495
46038
27892
26313
46415
30310
46906
46022
25883
47650
27610
46259
29705
30071
47200
25535
28687
44773
46880
27822
47301
46774
46941
46783
27785
29353
28332
26244
44842
44433
30204
46552
26247
29211
27026
45939
44847
30231
45643
29307
43311
30558
29946
27949
24728
25154
45490
44286
27765
46156
31985
46243
45722
26898
24228
24292
46512
45877
46723
30785
28275
45867
30918
44938
28923
25724
45232
46367
47244
47201
26156
26807
28706
25735
47375
44693
26047
25305
43416
26436
40811
25853
25136
41614
28308
22643
44370
25338
43190
27669
26965
41453
43695
44993
28110
45618
27465
44229
32824
26647
28564
25257
46470
45570
46796
32250
26331
40606
26486
44904
25815
42317
24181
43244
44635
45519
45832
30948
44604
27871
28352
30095
46056
29816
26404
43275
30996
26859
44927
45176
45408
24214
25645
24117
46710
29834
44402
44107
27111
28551
23358
26130
26832
27325
27500
43210
45538
46573
47097
29877
44196
26783
44272
25582
26849
27432
27614
28652
27631
23777
45658
45487
45455
45495
45551
28611
26548
29395
43305
29032
22864
28335
46862
45307
46028
29261
45790
45515
45959
25691
45416
44938
25666
28857
27075
46416
46621
47214
47312
31100
24627
26318
44074
49618
47859
46285
45122
45181
28908
46084
46306
44556
44626
44923
45258
27349
45569
31084
23886
25902
26596
25120
46606
25652
26411
24754
45861
42617
26811
26919
48122
28415
46464
25058
26249
26001
45353
31199
25188
48088
45850
44588
25652
26874
47952
45036
45120
23440
27087
44780
45657
42787
26914
45399
42583
42987
45040
28941
22752
43748
44836
45299
24572
26631
27243
43761
43881
28350
47033
28235
26980
24953
27605
48041
46294
45250
26966
43997
43783
45254
45915
29320
46346
24509
46356
29034
46369
25330
42939
46174
44884
27086
45828
26545
24668
24956
47870
46846
45798
28944
47529
28373
24741
42027
45635
45068
44911
45321
29754
25502
47723
46200
45253
26951
43961
26450
43905
27368
45091
24852
45803
45096
44323
44378
44966
45744
25289
48571
27268
44582
28340
46348
46756
23719
45929
26753
46673
45991
27627
27040
25329
25486
44442
47304
45421
45477
45655
24038
26106
44641
44808
26570
46379
46114
45610
26554
46457
43383
43625
43808
44190
44925
27501
40962
39860
27091
26520
30880
23235
25706
22889
24572
26247
45466
27198
45698
27980
46125
25981
45752
46693
45617
44725
45618
28623
42340
46577
29932
23085
25878
43646
27007
45093
27570
25250
45312
44026
45206
45383
46426
28046
23786
46557
46415
49809
47462
45664
26785
46536
44476
27500
45330
26240
47911
45648
24406
48716
45231
27620
46984
44377
44410
44454
26371
28129
47132
44881
44999
43249
27920
46103
44352
44598
44317
44466
45149
24524
46424
26233
26297
47743
44960
44979
45147
45789
46095
46092
26113
25633
44634
23117
25038
24708
26068
25488
47221
29020
48437
44697
44786
25100
28643
44620
42927
44476
44724
45722
46031
46255
46295
46206
27624
27877
25251
46490
43684
26527
44629
28728
44076
44789
45204
44906
46208
46338
29719
25083
45930
45397
45404
45500
27488
47213
44238
45518
45622
26605
29743
44561
25997
27864
44959
43600
45160
25428
44549
24925
40866
44495
26184
45950
28298
41704
28300
45873
45299
46771
46550
29122
47866
28054
29251
47197
45615
27401
47509
28256
44845
44922
45260
45171
45834
45446
25163
45268
44179
27826
46297
45281
45440
45280
26341
44512
45416
45337
25159
25985
26327
46646
44742
44802
27547
47934
28004
22800
45165
43964
45314
44542
27234
25512
45472
43491
44403
44484
26381
43454
42841
28311
41858
42526
29733
25099
44654
25377
25047
47632
44566
44722
44997
26339
47165
45129
25155
25489
44429
43885
45526
46231
46669
46609
46514
46516
26366
46378
44404
26142
44949
42979
33575
43594
43700
46167
46234
46437
39719
46937
27156
45513
44352
44619
45332
45375
45122
45040
45087
44901
45604
45919
25656
44419
44313
44595
45519
46306
46201
26301
45983
42879
45019
45856
45917
45797
45796
45847
45874
45630
28258
45438
43045
45685
45327
28158
46592
39183
44701
45334
45444
45795
45946
45950
45993
45921
28354
46142
42368
45330
45216
25771
43991
43566
44981
44490
44036
44957
44822
45058
45323
45579
45602
45928
45823
45948
27825
38651
44703
42334
42311
45569
45069
35926
27219
35274
45007
32836
35653
44289
44218
41537
45847
46268
45906
45919
45814
45752
35822
40698
33883
42412
32191
42892
30089
41732
38614
41679
42529
44625
34971
43402
46489
44435
42053
34299
42840
33362
39946
40778
45577
43398
34655
42575
42849
44427
43666
34660
41225
36345
42105
42840
44548
43484
36104
39472
40627
44422
32648
42192
41466
32953
42093
46066
41923
42689
45974
34175
39245
43798
43662
42995
45444
33767
38874
43661
42532
33470
44532
44715
33576
37007
45184
33242
42611
44448
43236
34055
36898
43094
42283
43206
44006
43572
34094
41744
42187
42358
43227
44237
44304
44156
44283
44075
44238
44279
44480
32986
39353
31940
23440
37484
42652
30763
43971
45235
42616
43377
44328
44789
35724
41780
41826
42106
43042
45695
43951
45823
44114
50593
44982
41665
43063
42698
42610
42682
42022
42008
42073
41935
42600
42745
42565
41867
39340
41982
39394
39465
26130
39195
41391
35822
39130
43887
44732
44742
44144
44615
44381
22385
37987
40745
40367
43679
44222
25507
34617
42156
41949
42577
44524
44342
44088
44162
44380
44745
44658
44805
44843
44649
44452
44617
44442
44478
44657
44180
44069
44853
45040
45164
43625
43775
43625
42622
42153
42048
40078
41545
40965
40941
42607
42751
40699
42054
43187
42427
42558
43676
25133
43753
43440
42988
41407
27993
41944
41414
41964
41261
42746
42230
43594
43471
45848
45750
45756
46085
45613
45550
45757
45716
44551
43124
43392
45181
45659
45719
46393
45631
45683
45215
44503
44152
44798
44078
25645
41289
43216
30041
44116
28827
42521
26317
41548
42723
45378
45397
45346
29240
42048
25664
43053
22120
46171
44691
45682
25484
43055
34769
43826
23833
41838
40960
44788
44059
42392
43634
43636
45169
42881
45652
45729
45531
42323
42222
42035
41987
28076
40496
40991
41031
41888
41776
43200
43635
43819
43486
26428
43400
44805
44335
45147
45153
46243
24771
40990
44311
43529
44877
44636
44429
44054
43444
44282
26002
41218
40985
41665
45100
44966
45161
44488
44448
45047
45057
44977
44827
44104
43907
44472
50483
30314
41910
43790
44806
45183
45429
24339
37536
43650
41932
42674
43485
44460
44477
44014
43343
42625
43881
46118
46168
45710
45867
46197
46223
45411
45677
45463
44488
44150
27264
42988
41896
43496
43316
44820
45148
28865
39985
39030
44564
44209
44340
44519
44690
44691
23863
42770
41919
44623
44070
46087
46718
46573
46909
46314
47072
46759
46723
47138
47118
46977
47047
47725
46972
46513
45871
46897
47242
46108
46634
46489
45454
45017
45641
44955
44695
46791
46912
26285
43680
43678
44570
41861
41834
42506
43272
42911
42887
43050
23949
43808
44505
44314
43546
44534
45254
45153
45077
46567
46189
46060
45675
45811
45701
45813
45495
46223
45992
45945
45725
45798
26095
44115
42642
46923
45095
45726
46196
45721
27003
41859
41225
44335
41979
43561
42679
44230
43108
42445
43157
43138
43779
44192
45055
44932
46119
25436
41370
44113
23834
43804
24111
43731
45151
42867
42197
44026
24983
40980
44452
45364
44065
43888
44621
46213
45119
44360
44516
27197
41084
26032
41250
44221
42574
42831
26413
42594
44490
44624
42497
24580
41868
40888
45304
43549
45579
45611
45297
45430
45151
46263
45939
46055
45543
26942
43829
45532
45373
42375
43761
27851
26871
41147
23882
40191
42742
42884
42442
39423
42680
50458
47795
44768
45405
45936
25685
42379
42268
44140
42974
44041
44049
44107
43907
43823
44838
44648
44637
45489
46419
45970
46218
45734
45866
45709
24647
44554
43779
44574
25103
25223
43518
44614
45829
45377
27418
43595
46115
46549
44818
45506
46234
25704
43437
43414
45028
44932
46119
46481
46719
45769
45867
44912
45587
45787
45949
45568
46190
46019
45217
45472
45497
44859
45384
45446
45356
45286
44005
43884
27163
43710
42193
47132
46846
46925
47083
25556
43439
46253
46112
46149
47305
46868
46640
46793
47222
47061
47073
46973
47049
47343
46939
47059
46857
47019
47393
47433
47501
47578
47628
47577
47466
47567
26473
42921
45529
46427
27642
42285
44314
46818
46569
47045
47286
46828
47484
27252
43768
45915
25876
43611
45233
46246
46266
47154
47104
46741
46672
22120
41608
44516
46060
46857
47786
46967
28017
43121
46254
46941
25089
46774
44375
46369
46750
47137
47049
46990
46750
46970
46273
46175
46838
47014
47021
47540
47579
47602
47380
47458
47045
46022
46917
46161
47601
47306
26631
47430
26422
46845
21792
23467
44738
45434
47317
46534
48172
24968
45991
44329
46215
46265
47347
25308
46146
46352
47238
47307
48053
48530
48022
48068
48303
28663
46800
23778
47257
44452
47041
24514
44753
46415
50274
31209
46171
24104
45508
43876
48740
48552
47778
47384
30103
45025
46886
48047
48358
48435
28844
47618
44257
48576
47402
49164
48439
48719
26594
46947
45241
26496
47218
24694
45176
46993
47568
48156
48149
47978
48380
48469
48681
48828
48518
48511
48242
48229
48056
48005
28720
44176
47406
48017
47638
48509
26792
45735
43726
48317
24632
47517
43331
47878
48070
25144
46114
43530
48305
48040
48014
48227
48300
47989
48703
48769
28694
28842
43601
45005
26542
45720
44910
48320
25097
44983
46610
48140
47465
48227
30357
44117
26122
45676
44085
47953
44792
48799
47775
48593
48647
48395
48105
48000
48804
48845
48139
48602
48726
48768
48761
48498
48168
48100
48276
48208
48564
48342
30120
41594
43751
48150
48283
48754
48764
47096
46809
48185
26165
42633
44222
45977
48316
48686
24931
23875
45945
45333
47268
24404
43814
45838
46572
46807
47913
48310
48092
47887
48267
47913
48580
48583
48637
23894
44844
45349
48458
48566
24994
24890
42075
46221
48117
48584
48279
48589
48064
48314
48201
48601
48240
48354
48140
47974
29984
45947
25966
47076
45332
46916
48029
44144
48608
47611
23618
26420
44758
44394
46374
48231
48181
48752
25241
46845
44264
48721
48193
49024
48499
48760
48409
48733
48279
46993
48870
50577
49582
46526
48469
48742
48872
48908
48843
48907
49048
49212
49277
48916
27385
45898
46312
49055
48820
26213
45755
45902
48220
48195
48978
48611
48949
48830
48519
48701
48784
48863
49051
49030
48797
26093
45554
45284
47944
47026
48349
49124
49028
48929
48872
48776
48851
48862
48891
48952
48596
48880
48895
49032
48893
48846
48817
48852
48859
49134
48965
48976
49057
48931
48755
27459
46267
44342
48481
48511
48684
25560
44577
44939
48247
49053
48450
48136
47943
48298
48532
48558
48518
48860
48832
48949
49005
49143
48543
47687
48553
47968
48504
47742
49357
48475
48541
48286
49091
48863
48079
49072
49177
49116
49125
49269
48432
48906
48983
48937
48788
48727
48398
24983
44407
46510
48680
48404
48857
48713
48191
48915
48685
46140
27778
47060
43967
46294
48506
48269
48609
48712
48739
48518
48571
48777
48807
48547
48641
48844
48828
48663
48931
48848
48873
48811
49023
48773
48942
48770
48954
48726
48660
48580
48460
48420
48553
48502
48526
26997
48342
45298
48636
48780
48619
48931
49090
25366
43992
45484
48918
48900
48989
48431
48612
24726
46240
44889
48523
48493
48347
48392
48435
26093
24760
44033
44919
48393
49018
49030
48848
48636
48699
48445
48183
48135
48334
48576
48656
25396
47380
46292
50515
49531
45897
48384
48411
47199
47222
26499
25496
24947
42922
43139
46507
47977
47742
47443
47555
47865
48150
48128
48954
48842
49148
27347
44735
44462
49054
27290
46234
45715
49031
31252
47425
45905
49206
48798
48965
48568
48806
48415
48348
48529
48587
48537
48479
48193
48047
29147
44970
43616
48039
25626
44246
44536
47997
48488
48236
48712
48492
48776
28943
44991
45255
48834
48804
28739
46288
46151
49220
48930
48834
28057
28179
45590
46215
47665
48601
26669
45134
46690
47310
46675
48832
48548
48280
48259
48309
48211
48590
48828
29067
44826
45426
48487
48640
27972
47433
47062
48259
47987
48572
48538
48522
48480
48464
48402
26953
46042
45740
49147
49251
49294
47705
30032
45166
46990
48422
47339
48090
48118
48833
48340
48836
48577
48625
48767
48926
49055
49304
49155
49099
48940
48963
48857
48574
48651
48892
48533
48959
49187
49299
49338
49095
48698
48489
48204
48656
28440
46577
45257
48965
45172
30337
48086
47592
49065
48600
49316
49264
49162
48965
48985
48468
49055
48957
49125
49233
49235
49236
49273
49311
49269
49301
25800
47130
44430
48760
48726
48951
49024
49035
49062
48900
48702
48522
48697
48898
48550
48601
48677
48730
32285
46733
46952
49182
48980
48910
49315
49187
27881
46911
50217
49744
43801
49379
47976
49402
49289
28558
45990
29873
46613
45194
47943
48814
49384
49156
49291
49185
49342
49562
49363
49294
49456
49416
49404
28448
46949
44778
49154
49548
49168
49117
48992
49231
49259
49366
49354
49260
49436
49481
49487
49477
49430
49410
49590
26760
45520
28731
46296
45425
49201
48858
49255
26247
46317
45456
48458
48547
48379
48364
49082
48587
49059
49194
49255
49142
49086
48967
48354
48436
48238
48410
48453
48418
48703
48640
48647
49101
49118
49088
49013
49419
49297
49385
49354
28232
45817
29129
46350
45435
48123
48605
48896
48960
48966
49026
49056
49132
49155
49198
25206
46215
46534
48785
49369
49199
49362
49457
49393
49186
48933
48724
48715
48834
48891
49109
48943
48106
48494
48516
48483
48038
48403
48945
49507
49399
49566
49669
49693
49588
49547
49223
49286
49192
49146
48604
48642
48604
48382
48586
48604
27498
46383
45339
46581
48204
48070
48359
48219
48442
48463
48589
48619
48897
48889
48931
48768
49296
49226
48915
48710
48859
48930
48813
48787
48912
48827
48434
36283
43421
45938
47212
46231
36211
29909
37140
34181
39422
43490
46792
46519
48285
48971
49009
48532
48768
48743
48954
48819
48427
48331
48856
48816
49112
49217
49310
38016
42015
46360
36776
42062
48092
37308
27214
36742
42157
45871
46976
47849
47936
47936
47820
47885
48001
47813
47986
47773
48307
48481
37550
44636
47747
47698
45895
47826
47994
47887
48224
48207
48272
48177
47943
37598
39345
46039
45936
46691
48309
47527
47432
47316
47500
47445
47369
47218
46997
47559
47894
47894
47251
36194
37875
42993
46524
34921
40556
45626
45614
34672
40415
46091
46196
46272
48165
47953
47973
47703
36189
32651
38259
43330
45729
35807
42585
43543
46740
47285
47810
37507
42945
43186
47449
47813
47856
48162
36526
39414
45436
46657
45203
47129
47536
46755
47690
47713
47856
47765
47247
47374
47507
36042
44281
45352
45641
45092
47993
47685
36290
43967
47478
35641
41619
48098
36619
29984
37811
42088
30166
41932
41988
42671
46726
48148
48086
48071
48060
46627
46672
47906
47937
47465
47479
46122
28642
40564
42814
43322
45291
48506
46584
45674
48109
48022
48340
47739
27010
44221
45145
45792
45400
48666
48072
47076
46896
35455
44162
45264
44952
35818
45828
46770
47283
47430
47456
47596
47534
47315
47463
29107
47034
28668
46586
26277
37929
42349
42431
47839
46002
45846
46078
45945
46452
46226
28781
41987
41510
46659
46229
45182
