None
None
None
None
None
None
None
None
None
None
None
None
None
None
None
None
None
None
None
None
None
None
None
None
None
None
None
None
None
None
None
None
None
None
None
2258978.5
2247226.5
2216629.5
2111755.25
2141538.0
1851642.5
1794231.375
1697818.0
1661665.875
1479487.625
1486304.375
1380760.5
1303590.375
1203730.25
1088074.875
1140667.25
921884.625
872259.125
810210.5
747508.25
789736.75
674659.0
526597.4375
558629.75
537906.375
522802.28125
460011.96875
427903.4375
359202.84375
361220.5
331515.71875
328645.1875
343180.53125
276997.71875
269378.875
297180.25
259265.171875
300275.65625
232932.765625
307863.8125
296791.125
188244.109375
237105.75
214767.75
210640.0
163428.3125
190859.375
196693.453125
211032.03125
246468.140625
172532.21875
201970.5625
167305.46875
182815.40625
201626.1875
150974.78125
171184.125
121940.546875
184588.96875
154140.25
168453.4375
153305.65625
137549.359375
108196.9375
174370.296875
131423.703125
162157.140625
182241.15625
113761.34375
133400.53125
120368.484375
116035.84375
158663.265625
146585.09375
146562.015625
124851.4375
125609.5390625
103931.859375
119038.390625
164921.75
104009.078125
110327.9296875
100867.53125
118386.640625
108065.015625
132323.609375
109956.46875
117920.375
99300.5625
97260.46875
94692.71875
100457.09375
111924.4453125
108036.2890625
72610.171875
88843.0078125
84801.8203125
95971.78125
83057.6015625
82837.921875
100001.7421875
75743.265625
92321.546875
114673.375
69566.28125
74798.53125
65817.3671875
82071.3984375
84720.875
83226.6875
82149.9140625
91977.1015625
87697.578125
70461.71875
63749.88671875
77575.5625
80784.875
96419.8828125
77143.3828125
89981.1875
70584.8125
92191.15625
82935.0390625
67033.4921875
71053.4765625
63283.34375
61089.37109375
62409.44921875
83560.6484375
64862.49609375
63376.38671875
66959.6875
66016.734375
68218.171875
67941.328125
76668.5703125
65901.328125
55270.82421875
64648.78515625
62748.9453125
82499.125
49859.76953125
52291.58984375
61275.36328125
70010.9375
62365.74609375
60420.09765625
77963.2421875
57511.7578125
49553.9609375
56823.32421875
56363.625
65955.25
49754.60546875
52748.7109375
60841.234375
61594.421875
52184.0078125
48177.859375
56324.9453125
73817.0625
76477.984375
55066.16015625
51922.28125
79697.59375
61880.53125
66131.2265625
49285.2578125
57822.4765625
59244.5859375
54139.578125
56786.90625
64083.7421875
41951.390625
57363.84375
46200.98046875
57045.6328125
51224.61328125
48620.0546875
40939.4609375
45680.75
46173.8828125
41827.6328125
44723.125
53831.859375
39859.58984375
35590.328125
40213.140625
39157.58984375
39658.8125
48174.98828125
42844.7265625
46984.8984375
66719.0234375
40994.046875
42553.7421875
37323.24609375
50351.3984375
38542.296875
38679.7421875
53189.5234375
44423.421875
45005.14453125
40318.6328125
35606.5625
33738.8046875
51230.484375
37984.234375
50683.5390625
29807.171875
58127.3125
43703.8125
30941.056640625
47696.9609375
42869.34375
43655.81640625
37920.27734375
43661.4140625
47737.8828125
35287.796875
31170.751953125
51461.77734375
28438.41015625
33031.625
33419.59375
34228.5234375
42848.59375
37357.8125
38353.67578125
26364.43359375
45685.45703125
35600.59375
41818.078125
50677.296875
45600.265625
39146.109375
36642.3984375
58380.03125
35787.59375
38942.76171875
34682.828125
33035.46875
40530.984375
32287.23046875
40004.640625
28537.98046875
34157.5390625
32444.6484375
55842.8359375
55434.0078125
38122.4453125
30477.296875
40300.0703125
41681.08984375
27687.46875
46404.015625
29262.044921875
29844.279296875
37886.7578125
49090.359375
33715.421875
38173.5703125
27827.1796875
29370.435546875
30464.94140625
41013.265625
39324.046875
31658.416015625
29974.60546875
28956.7890625
39941.7421875
34779.76171875
41535.34375
36752.65625
28899.32421875
32494.60546875
30503.8828125
40138.1875
30199.97265625
34260.453125
39154.8046875
32530.916015625
47811.203125
29739.4375
42244.7890625
48888.85546875
47802.9375
26962.314453125
38858.98046875
31940.591796875
25495.654296875
30129.96484375
37326.8515625
39905.98046875
44577.34375
35082.6953125
31109.345703125
39231.1953125
34023.2265625
28897.99609375
24926.46484375
30089.533203125
34384.71875
27720.41015625
32858.40625
31538.75
35154.28125
32982.609375
39840.16015625
41908.61328125
37177.1875
34253.0703125
42801.2734375
36665.8515625
26864.66015625
45666.5546875
30448.740234375
34363.578125
39916.046875
36937.2890625
53502.5703125
34762.2109375
25463.029296875
31014.421875
30007.1015625
45289.8984375
36587.3984375
25857.4453125
32303.240234375
33076.828125
31440.6015625
33595.65625
25533.5546875
36072.83203125
23689.72265625
33648.765625
37450.98828125
38380.5703125
30067.1484375
34714.75390625
30099.46484375
48109.859375
34047.9296875
37168.640625
36760.48828125
34619.82421875
39449.078125
36554.5703125
28937.513671875
26625.89453125
32776.328125
32059.95703125
27953.873046875
30141.2265625
46466.5546875
41087.375
28783.13671875
41951.91015625
31549.185546875
49397.3828125
33602.2890625
23799.78125
30814.52734375
29179.625
26573.38671875
34134.79296875
31957.50390625
32772.70703125
33353.08984375
44091.9140625
29857.97265625
42510.3984375
31816.62890625
29909.7109375
38618.6015625
32572.6640625
33723.1015625
27177.078125
34715.80078125
26839.087890625
45988.7265625
35999.47265625
38919.87109375
40227.90625
28983.2578125
37633.73046875
29671.6875
32502.982421875
34998.60546875
32412.822265625
26190.380859375
29253.931640625
25701.265625
36508.8671875
43296.984375
28294.001953125
33270.87890625
27139.787109375
26882.96484375
28787.625
27676.83203125
31958.185546875
35447.7421875
34869.546875
36599.31640625
24636.00390625
30514.505859375
23086.966796875
35152.3359375
26226.234375
37121.21875
37592.30078125
26361.943359375
31627.27734375
29549.12109375
29463.1953125
41433.55859375
30717.21875
26650.30859375
22099.681640625
33388.73828125
32532.58984375
20850.96484375
24354.1015625
30976.02734375
28142.763671875
30368.62109375
24750.20703125
47686.7421875
29128.12109375
26807.62109375
26951.54296875
23660.099609375
26880.00390625
32835.765625
26277.15625
19966.587890625
31025.421875
27199.88671875
30433.2109375
29284.119140625
25300.71875
26582.546875
35040.6875
34393.7578125
31862.091796875
32268.02734375
27611.05078125
40897.8828125
28907.5
33951.48828125
26822.689453125
37843.08984375
27494.4296875
28785.55859375
37187.578125
23986.23828125
52864.125
25177.72265625
25864.8984375
38073.11328125
28612.3671875
25675.390625
27309.11328125
29916.373046875
25921.033203125
29538.32421875
24914.06640625
36444.07421875
29760.59375
37733.40234375
33109.6484375
31727.755859375
27479.0859375
26617.1796875
29116.576171875
26301.36328125
33222.92578125
35385.328125
28819.400390625
25803.01171875
39046.40234375
25415.64453125
27348.55078125
30423.884765625
28741.6640625
37369.6171875
39248.9921875
27454.578125
27281.765625
40889.6640625
22248.23046875
28353.89453125
28971.66015625
27590.91015625
32155.33203125
25673.46875
35127.8671875
29983.421875
24654.34375
22609.931640625
28704.1015625
29343.16796875
27934.802734375
28392.283203125
27421.875
31810.8515625
26813.73046875
29277.533203125
23591.40234375
24528.642578125
24329.18359375
24712.9375
22008.34765625
34193.6484375
23607.12109375
35236.234375
31577.087890625
26872.076171875
30177.5390625
27753.78515625
24642.50390625
26097.392578125
27969.294921875
27260.54296875
24776.310546875
20306.1640625
33964.859375
33831.05859375
30734.8984375
29205.951171875
26861.83203125
29418.875
29235.978515625
28583.80078125
32167.8046875
30331.060546875
32140.50390625
24526.75390625
30678.625
31153.26171875
33040.640625
35214.765625
30845.48046875
30083.515625
28530.9140625
28855.01171875
33002.765625
24384.849609375
28401.00390625
27014.240234375
25665.37109375
26759.90234375
35486.7734375
32582.95703125
42460.73828125
24371.5625
34124.05859375
26901.24609375
51045.265625
35840.6953125
27840.96484375
31386.09375
24232.01171875
30855.78125
25198.96484375
26256.0078125
23452.7265625
32703.96484375
26936.73046875
26840.69921875
38233.19921875
40327.3046875
33343.70703125
29000.1328125
29645.30859375
45326.87890625
36766.4765625
29827.87890625
35055.5078125
41868.0
27626.1640625
33674.34375
39261.25
31751.814453125
34407.6640625
31870.51171875
28347.921875
36471.21484375
35020.70703125
32680.13671875
27422.62890625
29287.5234375
28723.173828125
30381.177734375
26515.69921875
35856.5234375
31238.9921875
31850.392578125
26382.099609375
28501.595703125
27971.765625
24138.3671875
30593.23828125
25273.4921875
33988.80078125
32480.30078125
27907.4375
36807.4453125
24631.328125
28009.224609375
31817.791015625
27519.35546875
24269.76171875
28617.642578125
26036.37890625
29396.7265625
29642.86328125
21846.021484375
33737.7109375
23428.61328125
40681.4375
27231.9609375
31573.99609375
36955.890625
29242.74609375
25314.05078125
32180.80078125
24233.916015625
21299.517578125
26732.2734375
30485.328125
24721.5859375
26280.1328125
29555.7734375
34721.484375
23890.09375
22675.177734375
23300.705078125
37856.2265625
23511.40234375
29420.591796875
23351.75390625
30585.71875
32990.64453125
31075.21875
39221.234375
29384.615234375
32560.26171875
28486.2890625
39928.2109375
26949.40234375
25057.314453125
28575.51171875
25714.9296875
25840.271484375
21130.328125
27788.83984375
34167.5859375
39059.046875
27396.95703125
24735.109375
30077.130859375
24253.58203125
23165.28125
28634.44140625
22670.53125
28305.11328125
30919.8046875
37863.328125
24760.599609375
40493.21875
25719.318359375
32323.34765625
22663.806640625
28142.986328125
21311.037109375
37842.23046875
35451.3203125
26689.31640625
26990.38671875
40557.9140625
26587.025390625
34826.59375
26985.625
28604.98046875
27340.86328125
28693.94921875
32237.640625
26705.255859375
28728.330078125
38200.60546875
22188.25
21903.4375
26557.962890625
28193.017578125
33275.875
29573.53515625
41559.53515625
26185.36328125
24028.201171875
36719.9453125
28663.04296875
25140.21484375
56065.1796875
52365.046875
27388.26953125
27659.55859375
26612.771484375
31100.9921875
32517.08984375
25938.400390625
29278.953125
29696.59375
27944.380859375
27761.419921875
31829.8046875
39630.7890625
37937.2109375
35406.46875
31925.54296875
29240.73828125
42498.671875
42900.859375
33139.71875
30314.3359375
28598.48828125
41574.1328125
28700.125
28914.65234375
35929.3359375
22188.9375
29078.091796875
24795.7421875
33783.07421875
25607.638671875
23863.828125
31026.16015625
30282.423828125
26981.462890625
33255.7421875
40884.10546875
26882.65234375
37827.27734375
28754.630859375
33039.4609375
39775.078125
28865.611328125
29485.515625
38772.74609375
32885.171875
46563.14453125
29948.21484375
42358.19921875
34352.046875
29781.81640625
22977.97265625
37736.96875
31673.94921875
51927.1875
29785.88671875
28919.265625
26173.25
28370.853515625
21594.625
18603.490234375
41842.859375
26524.98828125
27085.3203125
36497.3671875
25384.720703125
40468.12890625
30230.521484375
22168.70703125
23086.533203125
23304.67578125
24833.7734375
40987.7265625
23352.625
28258.61328125
39773.1328125
22898.296875
24108.3671875
33818.48046875
24943.38671875
45206.8671875
38743.02734375
37790.91015625
32689.677734375
58767.046875
26895.703125
25185.0390625
22439.28125
26023.43359375
49920.8359375
27830.166015625
21901.99609375
51208.8671875
32288.37109375
25815.568359375
29049.3671875
26106.759765625
25854.771484375
38746.37890625
31636.4296875
29484.861328125
25381.140625
30785.25390625
40091.41796875
20266.421875
37326.375
32960.27734375
24190.09375
28250.80859375
21368.0859375
22413.923828125
21250.9453125
41931.23046875
26106.26171875
32634.21875
27415.201171875
25526.55859375
28932.666015625
17206.693359375
42476.8046875
22423.03125
24425.69140625
34647.04296875
35064.2421875
29329.8359375
34881.1171875
31204.34765625
30542.30859375
26072.626953125
40803.9140625
30391.4375
41131.54296875
49183.87109375
33110.5859375
22032.43359375
42196.7734375
40749.36328125
42904.59375
35633.17578125
50355.59375
23403.09765625
38510.1015625
47892.3828125
29306.607421875
23505.2265625
28319.962890625
34298.10546875
33795.75390625
28319.564453125
24612.71484375
32364.970703125
45349.2421875
32400.796875
27499.328125
21103.861328125
53366.109375
48992.0390625
32550.646484375
32361.18359375
52759.6171875
45120.453125
30920.40625
36296.2734375
43411.01171875
22556.2734375
26275.74609375
24052.974609375
28778.109375
20059.666015625
34170.93359375
42285.49609375
37456.06640625
29190.3515625
32075.59375
75411.1171875
38615.9921875
21125.2265625
28849.75
25660.13671875
29697.34765625
34071.65234375
23155.39453125
40777.640625
22789.498046875
27304.65625
43709.36328125
36050.5625
51120.64453125
26694.3671875
30621.28125
22085.10546875
37039.25
49223.890625
43717.1484375
21041.115234375
20027.90234375
29539.0859375
47265.796875
29154.541015625
37347.5078125
31756.306640625
40382.65625
37328.19921875
32735.392578125
38708.61328125
28281.58984375
33574.1015625
31130.6875
39189.4375
31110.2578125
31917.056640625
49027.44921875
43418.28515625
46081.0234375
41164.55859375
46027.65625
29520.755859375
22260.75
32046.0625
32587.021484375
31872.681640625
32626.65625
35057.45703125
33088.49609375
38255.2734375
57715.0703125
31759.40625
40080.2734375
28578.6875
45792.3984375
22639.837890625
34057.375
23440.4453125
25956.63671875
38375.09375
30014.5078125
30930.71484375
25782.2578125
23807.57421875
25320.06640625
46202.9609375
25552.939453125
40346.2734375
26562.82421875
53357.3046875
40471.078125
36860.6015625
23017.078125
22207.857421875
25669.22265625
24668.72265625
43024.703125
29012.26953125
56939.90234375
43946.8046875
24772.453125
23450.89453125
37732.97265625
40502.44921875
31503.86328125
40746.1328125
27595.029296875
22345.953125
39850.5859375
30542.68359375
36383.4375
49474.9140625
53272.5390625
40961.28515625
29931.39453125
28756.173828125
32669.794921875
23375.80078125
40556.94921875
28893.56640625
26396.72265625
41548.31640625
40201.859375
36197.546875
21906.328125
37212.875
33598.015625
24388.375
26007.921875
63706.4921875
24549.97265625
31194.015625
25203.02734375
26542.69140625
28504.890625
48654.61328125
26998.794921875
27173.111328125
32825.546875
26578.208984375
17261.58984375
29066.75
36867.015625
38105.22265625
29819.27734375
27972.384765625
36744.8359375
31147.326171875
29627.72265625
28663.640625
36911.1171875
32285.634765625
30092.908203125
30833.734375
27881.75390625
28722.037109375
27015.064453125
31372.7109375
24566.345703125
35937.1171875
32418.62890625
56236.4609375
33908.3203125
65902.765625
23401.4609375
32647.27734375
26298.5
38216.07421875
30849.453125
33906.54296875
27181.2578125
36457.7265625
38545.78515625
35976.84765625
39877.53125
18856.49609375
28371.087890625
26176.556640625
55096.43359375
36484.765625
28438.70703125
23276.74609375
45822.6328125
28327.634765625
21852.84375
22113.859375
19678.751953125
31118.625
25012.939453125
25658.724609375
34498.6015625
53361.609375
25088.8828125
36678.7890625
26508.28125
29731.513671875
22582.4765625
42060.83203125
18814.296875
54151.84765625
34684.8359375
29036.994140625
38460.23828125
22858.482421875
26670.783203125
36365.359375
22432.1875
39144.8984375
54316.15625
28856.689453125
27263.47265625
19482.015625
31032.357421875
26123.07421875
34292.1640625
26364.03515625
33167.23828125
48398.84765625
25519.150390625
39755.57421875
25389.3046875
41184.55859375
25156.19140625
55653.71875
31633.390625
20577.4609375
35246.6328125
24743.7734375
33827.6015625
21510.255859375
52325.8671875
25814.37109375
27016.53515625
49820.125
32767.34765625
33763.75
47623.359375
25331.71875
15455.900390625
33254.484375
18922.806640625
33854.4296875
47006.234375
36828.015625
20765.26171875
40775.43359375
28444.5078125
20196.1875
22082.126953125
23037.2265625
16528.50390625
24152.4140625
21289.82421875
27442.2421875
27702.640625
25752.09765625
19498.41015625
16376.7041015625
22623.931640625
22166.07421875
34068.7421875
43318.234375
45453.7421875
28512.30859375
34060.0546875
26714.8515625
24183.53125
20979.14453125
30473.70703125
24162.046875
27513.28125
36417.640625
26172.13671875
28137.22265625
23199.30078125
47873.21875
38052.24609375
33006.65234375
33528.5078125
36731.34375
28755.5078125
14861.2353515625
27421.45703125
23479.484375
22482.89453125
49971.6171875
56063.80859375
29355.625
32245.8203125
46765.08203125
21233.00390625
32939.015625
30377.74609375
27917.560546875
23801.8828125
31011.01171875
24613.65234375
29273.404296875
22519.78515625
51658.2265625
32311.271484375
25141.34375
29255.921875
27413.51171875
57963.328125
38737.53515625
25525.119140625
25679.0859375
44024.96484375
49802.01171875
60980.3515625
26455.78125
23328.572265625
24648.83984375
33048.9375
30624.080078125
21280.501953125
30770.5625
44019.7109375
38906.421875
54180.19921875
41959.63671875
37496.375
20605.20703125
25458.40234375
48237.2890625
23787.158203125
33161.30078125
15563.4609375
33507.171875
25005.3515625
23259.375
28956.0703125
27244.517578125
38973.53515625
34429.33984375
25829.62890625
37163.3984375
32683.443359375
18255.33984375
19291.591796875
31863.5234375
35639.09375
25812.728515625
29010.22265625
26885.18359375
20549.0859375
27776.96875
23412.486328125
40223.4375
28926.81640625
21859.037109375
23220.982421875
26735.423828125
38825.28125
18732.9453125
34972.37890625
18446.71484375
23986.66015625
19863.51953125
27760.806640625
28511.21875
47210.5703125
39203.33203125
24008.43359375
18106.39453125
28436.140625
51157.5
29247.43359375
17839.8828125
21303.208984375
53851.45703125
34598.203125
29074.7265625
45165.421875
31478.994140625
21587.34765625
33311.7265625
25348.5390625
25032.765625
44192.2421875
17306.36328125
23074.14453125
23232.181640625
28813.673828125
25942.98046875
17475.24609375
23217.318359375
22842.10546875
32785.2734375
10302.2119140625
18975.3671875
37758.69140625
23663.625
21821.8359375
28655.70703125
34337.0859375
22055.873046875
20445.55078125
25371.83203125
23857.763671875
27316.251953125
18374.79296875
35033.5390625
37366.1171875
19859.03515625
23059.59765625
21275.736328125
19329.49609375
38456.1484375
22190.9296875
28150.033203125
23329.205078125
18263.314453125
26956.8828125
29336.92578125
31585.09765625
34503.6953125
24223.48046875
17602.08984375
27529.50390625
23363.685546875
45620.11328125
27362.9921875
21046.9765625
20554.349609375
39078.890625
16465.62890625
18226.34375
31693.22265625
27832.12109375
20751.548828125
20907.140625
29248.130859375
21294.16015625
38944.79296875
30148.853515625
18657.09375
19092.1640625
17503.12109375
38492.921875
29906.546875
21667.970703125
28140.947265625
24623.8203125
20973.78125
25928.98828125
37870.640625
24886.91015625
15027.044921875
26404.13671875
13031.681640625
26352.109375
25205.111328125
30498.005859375
17544.1171875
18269.6796875
14126.6357421875
46212.72265625
41458.1484375
13652.4833984375
17316.4453125
16981.4609375
16651.99609375
18972.599609375
24203.45703125
42640.2421875
28005.2890625
26565.55859375
26606.55859375
22541.33984375
30879.19140625
24019.28515625
14376.796875
19580.662109375
28711.66796875
17392.056640625
18193.921875
19385.90625
21684.814453125
28825.572265625
27806.22265625
44535.4609375
18312.9375
28710.951171875
15842.666015625
19889.93359375
34726.2578125
17343.9140625
15508.2294921875
23258.40234375
13338.4150390625
12778.060546875
10853.564453125
31722.1171875
21467.333984375
16719.2265625
23908.146484375
16901.171875
16151.41796875
20813.962890625
15967.40625
15986.5625
32740.4296875
27400.5625
20760.728515625
22275.82421875
15156.533203125
22574.654296875
20588.296875
18234.2734375
29851.037109375
28476.298828125
17151.04296875
15217.673828125
26906.3515625
19923.521484375
27152.02734375
25269.1640625
18924.88671875
20084.072265625
15650.654296875
16654.666015625
19358.580078125
25034.744140625
19565.3125
11880.001953125
18700.283203125
13564.685546875
20354.232421875
20030.125
24267.4609375
17856.595703125
25095.98828125
28851.501953125
17826.859375
17203.8984375
19286.013671875
21708.359375
19546.2109375
12584.01171875
16479.01171875
18171.6171875
18318.103515625
13412.501953125
6822.64453125
13799.205078125
19335.64453125
29797.939453125
15864.2001953125
26988.62109375
22010.140625
28067.16015625
19452.73046875
19803.609375
12651.71875
14815.22265625
17248.57421875
21071.20703125
12141.564453125
30572.966796875
15425.8046875
21464.02734375
24639.923828125
16843.384765625
19637.869140625
21880.7109375
17771.27734375
17284.693359375
20005.76953125
9458.6533203125
18053.4921875
18490.1875
24781.48828125
17218.36328125
25689.0546875
20532.3984375
24503.58984375
15754.830078125
20940.7109375
11130.939453125
10823.068359375
19003.869140625
16032.2646484375
22336.1953125
16434.72265625
14383.962890625
27836.88671875
15749.4912109375
23793.470703125
20222.23828125
31525.6015625
7172.8564453125
19681.9296875
10880.18359375
12699.9326171875
19614.330078125
17257.712890625
21763.15234375
21736.53125
14547.2275390625
22607.390625
21897.875
19712.8046875
11991.544921875
19025.326171875
23233.91015625
29198.048828125
12328.533203125
14854.4599609375
23692.068359375
36362.2890625
20660.126953125
11814.7626953125
20087.76953125
10789.03515625
21127.58203125
23884.28515625
21576.189453125
11007.3623046875
11692.2001953125
21624.453125
14220.572265625
20458.29296875
8130.548828125
18013.861328125
15218.2255859375
24059.69921875
14900.943359375
25138.02734375
17557.9140625
18092.51953125
15624.9482421875
16570.267578125
11056.1396484375
13509.5732421875
17787.28125
27410.462890625
8444.1962890625
12282.017578125
19363.640625
13063.4404296875
14231.376953125
25043.7890625
16233.4462890625
17619.13671875
13421.84375
23432.80078125
17041.376953125
15917.6142578125
26031.548828125
16978.22265625
14634.1640625
11500.931640625
10909.9794921875
17696.3203125
13408.18359375
12015.365234375
8219.806640625
25565.47265625
14564.587890625
12063.18359375
20635.109375
16123.474609375
14495.044921875
14621.98046875
13331.4775390625
15546.57421875
11807.9814453125
14118.8759765625
9260.10546875
14039.169921875
31406.326171875
9882.208984375
9483.5556640625
15130.91015625
15880.8359375
24606.771484375
13843.173828125
18500.357421875
13694.7958984375
14240.74609375
10557.4384765625
14290.09765625
17832.703125
20023.482421875
18801.91015625
27023.2734375
12883.4833984375
22886.46484375
12733.865234375
13495.8955078125
23038.91015625
7066.296875
18366.12890625
11002.2666015625
12899.494140625
14635.12890625
19660.46484375
15570.904296875
16497.28515625
17059.53125
12752.2568359375
19501.587890625
21595.96484375
9675.92578125
13110.349609375
13251.68359375
14122.6025390625
24108.109375
18618.96484375
23911.396484375
5923.96484375
5592.32373046875
19994.751953125
9928.5751953125
19870.09375
12101.630859375
17898.423828125
18695.9296875
11286.4912109375
8293.17578125
21088.14453125
6342.3017578125
15536.7890625
5490.06494140625
27098.865234375
13957.7109375
12860.919921875
10003.091796875
17671.216796875
12369.4296875
11894.748046875
7890.763671875
12995.708984375
17000.1171875
14962.2939453125
9343.2255859375
23360.9765625
10630.22265625
21106.828125
9060.443359375
22992.13671875
29047.560546875
15243.91796875
19541.80859375
41507.7578125
19663.66015625
13223.9775390625
25296.123046875
10941.5078125
28888.1171875
25604.0078125
18924.404296875
10255.7646484375
12493.1015625
13297.05859375
21826.80859375
11234.423828125
16496.4296875
8489.357421875
10107.296875
13051.03125
13472.775390625
16150.439453125
5112.2978515625
17663.83203125
29068.427734375
6779.546875
7110.29296875
15043.806640625
15432.4208984375
22926.044921875
25106.970703125
14122.208984375
10645.552734375
29649.09765625
19134.861328125
9050.361328125
13849.42578125
27585.626953125
18326.1484375
37937.5546875
4473.88232421875
9159.1865234375
7984.25390625
11495.072265625
12959.859375
18884.76953125
18412.125
18283.97265625
27275.505859375
12417.98046875
11352.619140625
12333.75
33520.28515625
8270.30859375
20596.78125
12321.7216796875
13755.298828125
13199.5234375
7876.21923828125
12363.2138671875
7971.75537109375
10340.626953125
5403.77490234375
11438.78515625
14052.6572265625
14965.1865234375
14610.5283203125
5013.513671875
11975.76171875
16432.1484375
28654.24609375
6724.9677734375
17181.87109375
30925.6171875
10722.6064453125
18186.17578125
25475.94921875
9069.173828125
26812.17578125
8934.72265625
9979.0712890625
34526.8671875
7425.54150390625
26139.48828125
12320.123046875
10868.3515625
10415.3408203125
23260.427734375
7510.271484375
16996.08984375
20464.15625
7941.765625
20432.39453125
8166.2998046875
19401.84765625
7026.2734375
12324.9580078125
15234.1162109375
14107.16796875
21533.15625
11082.375
10343.818359375
14790.1884765625
12625.55859375
9108.68359375
10174.15234375
16512.296875
11938.9052734375
10420.875
12139.357421875
7547.56201171875
31206.068359375
9415.666015625
10856.611328125
13049.57421875
9672.625
15594.69140625
25662.529296875
20064.373046875
16705.21875
12041.9453125
19147.673828125
14848.1748046875
23804.4296875
36531.87890625
10645.51953125
34190.6328125
28091.677734375
33240.13671875
10238.28125
18050.68359375
25593.0390625
10849.2421875
11234.9638671875
23895.57421875
8732.2490234375
6524.76123046875
11123.7958984375
12994.94921875
13208.4814453125
13104.7548828125
16631.68359375
11719.58203125
22452.8828125
14013.650390625
16485.296875
14895.1142578125
18429.1328125
23101.2109375
15465.0625
5391.43701171875
13989.62109375
26726.583984375
10066.580078125
10934.857421875
14041.9609375
16940.126953125
8257.654296875
18772.900390625
15523.3359375
6433.056640625
17240.732421875
31088.546875
10953.333984375
38713.0703125
10841.59375
12328.615234375
15787.9609375
13796.28515625
12170.279296875
17734.8046875
9327.259765625
29766.24609375
15307.078125
20419.970703125
15716.7109375
26348.931640625
14865.212890625
10147.67578125
4835.33642578125
14501.1494140625
23389.390625
17791.3203125
20816.490234375
11864.177734375
22583.021484375
5603.2490234375
12069.8642578125
6595.25390625
11780.619140625
13777.966796875
10120.3447265625
9082.712890625
29831.390625
7123.9775390625
13829.43359375
12191.1025390625
14575.0205078125
17236.35546875
18271.849609375
5914.3193359375
15450.015625
17951.16015625
11330.19140625
12491.03125
14861.54296875
18274.2734375
9931.955078125
21302.5703125
20788.58203125
25674.767578125
21983.5703125
5593.7734375
20751.720703125
9478.833984375
13731.046875
9243.2109375
28880.80859375
14075.35546875
21306.69140625
17251.095703125
7361.21240234375
14667.9921875
10632.947265625
10531.0625
8859.6904296875
10663.1513671875
14233.9765625
16611.2734375
25610.1328125
11634.349609375
15192.4990234375
42900.91015625
14997.3994140625
17035.7578125
24639.58203125
6055.041015625
9705.3505859375
10770.474609375
27791.46875
21450.876953125
15606.1787109375
20698.34375
4191.072265625
18076.203125
16515.86328125
14552.1787109375
8917.71875
12005.05859375
8267.880859375
14230.056640625
4412.6865234375
22854.037109375
19608.98046875
3808.506103515625
21910.4453125
7063.4921875
16962.880859375
24854.21484375
10922.931640625
22226.43359375
6899.1005859375
5723.5263671875
8621.728515625
18618.916015625
15060.3798828125
11002.6796875
16258.298828125
11828.50390625
13533.966796875
17000.71875
16287.3564453125
9550.404296875
23862.279296875
20846.68359375
12286.392578125
17694.30078125
16013.1962890625
12576.59765625
5843.2587890625
13104.6845703125
5721.029296875
6504.4375
28157.177734375
23412.658203125
7517.84423828125
8134.2998046875
17755.60546875
18663.98828125
14066.806640625
26295.85546875
12837.078125
3600.945068359375
4662.0478515625
23210.49609375
6441.5693359375
24650.26953125
9096.55859375
29321.7109375
10283.62109375
14852.501953125
14983.150390625
10482.162109375
8221.6025390625
6294.009765625
10891.20703125
15424.7421875
23652.76171875
10192.390625
7966.919921875
28259.22265625
14258.47265625
8202.9921875
25686.490234375
9209.4521484375
12574.513671875
14858.0771484375
8305.640625
30914.076171875
7569.36279296875
14548.5234375
17276.259765625
7441.8720703125
11617.203125
22062.173828125
8370.8984375
17600.33984375
11453.8046875
6400.30078125
15425.3818359375
17858.267578125
14337.1171875
6203.3759765625
10757.7666015625
15923.53125
7142.01171875
10051.310546875
29614.943359375
15011.24609375
24682.61328125
3554.755859375
11277.1806640625
19611.072265625
28508.0390625
26758.43359375
12731.869140625
26881.3984375
20975.8125
9866.9892578125
20766.232421875
20605.47265625
13180.5283203125
7364.26123046875
13072.20703125
22549.3828125
11453.052734375
17036.11328125
15547.28515625
26099.7265625
9601.90625
8162.93359375
25718.205078125
9093.24609375
23754.765625
15151.0625
18859.197265625
7735.470703125
18418.697265625
11921.0703125
16155.255859375
12581.0625
10497.623046875
7625.8740234375
12580.916015625
28546.390625
13664.3134765625
11324.9638671875
10019.43359375
17215.462890625
13597.611328125
20659.73828125
12116.712890625
7223.09033203125
11807.9482421875
20780.904296875
23833.14453125
24312.859375
11663.6259765625
7915.81396484375
29227.302734375
12309.9931640625
10914.423828125
3512.41259765625
20320.4765625
13679.80078125
7126.693359375
13381.7705078125
27012.296875
9694.8310546875
14516.4140625
30508.47265625
29534.27734375
37929.8203125
8425.7998046875
33953.265625
8417.1982421875
12452.1123046875
42880.5
19778.876953125
18529.32421875
26879.31640625
14442.0966796875
32684.279296875
16793.8984375
15863.287109375
16501.0859375
18951.08984375
11552.142578125
31190.85546875
18488.556640625
34104.99609375
21265.2109375
7784.0283203125
30876.53515625
10756.2734375
7631.779296875
33700.01171875
30709.67578125
20440.76953125
27024.15625
26628.818359375
31219.681640625
15248.69921875
13660.6689453125
15828.5908203125
26127.09375
23925.94921875
7794.28759765625
18075.005859375
26953.650390625
11420.5625
19906.3203125
27954.53125
18511.01171875
9996.154296875
25474.8203125
7077.791015625
14098.443359375
27529.353515625
9457.970703125
28534.98046875
14305.658203125
11041.033203125
9331.0673828125
19664.037109375
6243.970703125
9737.7138671875
19663.25390625
26839.087890625
22136.27734375
8057.5947265625
10010.423828125
22836.689453125
22758.8671875
22626.705078125
31674.3515625
10206.95703125
7773.24462890625
20416.005859375
10824.3857421875
12967.146484375
16309.1865234375
29701.162109375
10743.130859375
21532.248046875
20922.6875
7996.00390625
17248.28515625
11857.17578125
10496.5078125
28108.482421875
17871.068359375
13404.49609375
5718.4404296875
10336.291015625
16025.0908203125
15752.2578125
14060.8984375
17046.810546875
20533.62109375
7833.44140625
16335.548828125
15336.1640625
25857.470703125
5671.15087890625
14353.6259765625
10315.525390625
12013.564453125
18945.5625
5825.8154296875
11582.01171875
11087.62890625
19467.990234375
17333.00390625
9550.28515625
18290.0546875
35207.70703125
29182.13671875
34071.41796875
35178.5
27711.171875
20737.275390625
6979.46044921875
13512.46875
18370.33203125
6145.568359375
10247.849609375
9302.7744140625
29294.04296875
17577.32421875
16676.64453125
7033.09375
14884.376953125
16742.91796875
9638.03515625
24991.916015625
3301.3447265625
22400.943359375
8426.21484375
29602.0625
21440.84375
24288.05859375
19622.3828125
7326.294921875
7438.5263671875
19400.904296875
14496.806640625
20499.59375
18328.34375
26878.6640625
25871.2109375
9122.0625
16694.4140625
8904.5419921875
25188.93359375
19351.7109375
13113.896484375
28696.796875
40717.2578125
21970.955078125
39061.68359375
10983.509765625
18762.845703125
7478.06787109375
35229.4375
16481.38671875
12264.466796875
17645.845703125
17352.65234375
12613.49609375
18186.814453125
11508.51171875
11102.900390625
32309.037109375
21802.98828125
14123.921875
15892.2275390625
13611.701171875
21824.560546875
15587.85546875
14279.4365234375
31358.546875
16462.36328125
23001.39453125
9904.78515625
20715.73828125
11871.2890625
21988.859375
15053.7109375
22422.544921875
16892.359375
18097.591796875
21890.708984375
6505.7802734375
28701.48046875
4669.384765625
17236.017578125
9205.34375
20406.40625
12765.462890625
23196.123046875
15568.96875
8869.6005859375
26607.90625
11239.3203125
23203.61328125
17715.041015625
7555.037109375
20554.69140625
6539.8916015625
23304.07421875
11831.642578125
31468.939453125
35370.25
15072.29296875
7586.8017578125
10365.4140625
11250.90625
28167.115234375
12109.1728515625
4209.76171875
15157.37890625
20115.607421875
8617.10546875
31788.53125
9993.21484375
10446.953125
10554.17578125
14436.2197265625
9328.4072265625
10486.283203125
10782.6728515625
24955.208984375
13338.7412109375
25826.8515625
9610.5859375
9771.48046875
7677.6962890625
7959.06640625
14254.3388671875
18846.77734375
4642.51220703125
11882.54296875
8696.2421875
9750.90625
5745.19775390625
6609.4404296875
13063.23046875
12611.0
5761.0361328125
12349.6181640625
12378.142578125
10487.201171875
9457.212890625
6592.810546875
4901.20849609375
23840.962890625
11824.193359375
7325.84619140625
7032.8974609375
12397.6796875
12445.8046875
14381.4150390625
13896.658203125
17044.591796875
24497.150390625
12785.3857421875
10723.095703125
12415.15625
15342.2470703125
8874.439453125
13796.34765625
8152.568359375
20178.798828125
11940.44140625
7077.8447265625
7306.6103515625
17225.048828125
8850.931640625
16631.5625
10742.45703125
15602.654296875
12328.484375
9978.994140625
14779.03125
9788.8330078125
8865.1611328125
20749.03125
8194.669921875
16765.30859375
16329.65234375
10247.59765625
13538.7041015625
17855.154296875
22006.4453125
10945.9267578125
7718.42431640625
7501.0810546875
8219.98046875
16204.1982421875
23886.27734375
15845.240234375
6980.728515625
12716.60546875
9347.4296875
14083.6220703125
14964.3525390625
7822.91943359375
9921.744140625
11596.68359375
23856.22265625
8295.0595703125
8597.564453125
8483.2607421875
13626.7265625
8411.08203125
6312.6640625
10216.40234375
10125.43359375
10606.119140625
15905.703125
6387.4931640625
17299.9375
39194.171875
11318.2548828125
12540.771484375
9316.0625
10441.349609375
7011.02197265625
13380.185546875
10880.0859375
22206.369140625
19226.349609375
4824.548828125
11519.88671875
8806.724609375
11017.26953125
6672.544921875
10242.7021484375
8680.4697265625
3212.1142578125
5839.8916015625
8930.4169921875
7266.2158203125
11661.337890625
12267.7734375
20539.904296875
5451.71044921875
14961.060546875
20606.529296875
11178.1142578125
12202.4658203125
7606.455078125
12699.79296875
6057.01220703125
6541.77685546875
9082.689453125
23971.1875
5440.7080078125
26833.392578125
24243.5234375
19320.07421875
6793.4599609375
12028.21484375
11547.9599609375
23690.22265625
12356.16015625
24234.927734375
11491.169921875
8528.947265625
11704.677734375
7642.7578125
17921.16015625
17026.81640625
6252.57080078125
4807.41552734375
3254.78076171875
24143.091796875
31547.140625
16868.41015625
8162.94921875
32668.83984375
21904.048828125
12702.9248046875
24856.67578125
18576.94921875
16333.5693359375
23924.845703125
26207.3515625
21923.1328125
12974.115234375
10225.0576171875
28648.44140625
30207.6171875
21679.55078125
10432.3310546875
20342.3125
17364.478515625
18254.6328125
21864.02734375
8158.083984375
22469.673828125
7298.15869140625
17965.669921875
26168.84375
9485.8203125
18116.9296875
6606.38671875
15625.2587890625
10124.005859375
12828.8037109375
16666.376953125
19839.716796875
14836.625
5741.154296875
9407.818359375
5074.3681640625
23975.4296875
13091.390625
11803.15625
16976.0859375
10260.15625
10910.25390625
6436.91748046875
3122.36572265625
29723.712890625
19686.18359375
7368.0361328125
10333.279296875
10244.353515625
10819.609375
8463.853515625
9601.0478515625
20936.79296875
11535.810546875
11529.115234375
10303.78515625
14398.515625
9516.544921875
8056.9638671875
13383.833984375
12299.1875
19583.794921875
14361.515625
4934.349609375
11386.72265625
8919.296875
9267.353515625
10239.1953125
10799.21484375
12760.51171875
6182.220703125
18387.05078125
15787.45703125
16027.005859375
17665.4921875
5549.12353515625
8895.4365234375
13189.1806640625
9543.3310546875
22958.2265625
3570.9296875
8298.7265625
25469.4140625
8134.2265625
10884.7333984375
6885.8759765625
11148.4150390625
11164.306640625
5383.65625
8033.12353515625
13144.748046875
10743.865234375
6907.0166015625
7423.458984375
6532.5654296875
9184.4111328125
11239.7294921875
6575.75244140625
6188.82568359375
10999.6455078125
5408.9267578125
24315.1640625
18001.87109375
18071.609375
9374.2001953125
10383.970703125
12038.1552734375
5883.0966796875
6261.130859375
10735.1962890625
8813.0126953125
6323.21337890625
10748.0078125
7320.1357421875
7293.14208984375
4067.076171875
4782.33447265625
5783.77490234375
8643.296875
9431.876953125
7284.8232421875
12137.35546875
7069.2080078125
6583.1142578125
7199.8583984375
6160.57421875
8578.84765625
9073.505859375
6459.1083984375
17576.443359375
9304.65625
18653.32421875
10650.6953125
15309.458984375
7971.48828125
4348.6298828125
4446.36328125
8503.00390625
18611.37109375
9300.283203125
8251.08203125
12150.9521484375
9712.9384765625
9040.5703125
3523.00537109375
13592.548828125
9401.1298828125
15017.84765625
11233.037109375
7310.2119140625
16407.68359375
13721.291015625
13327.2578125
4148.8369140625
5095.7958984375
7339.03759765625
4973.12841796875
8485.5341796875
5265.6572265625
6263.2607421875
9074.91015625
4671.81494140625
5884.61474609375
9190.546875
17917.45703125
8416.99609375
9754.99609375
11982.4775390625
17038.283203125
16340.626953125
7390.26953125
8180.02001953125
20798.431640625
8203.951171875
6904.6884765625
10065.1943359375
11630.044921875
9969.59375
4879.19482421875
4315.1015625
6699.603515625
3032.949462890625
7564.423828125
5279.47509765625
8814.083984375
12115.380859375
5954.1689453125
21264.796875
7911.18408203125
10438.3623046875
4410.92236328125
6477.826171875
6021.6787109375
5301.96142578125
3948.752197265625
5871.69921875
5233.255859375
8948.259765625
11422.5302734375
15208.7783203125
7166.0869140625
9086.693359375
6655.015625
7091.75390625
5210.9365234375
21801.2265625
5313.61669921875
8815.6669921875
4785.37109375
10780.43359375
6712.52783203125
6436.791015625
3836.0419921875
4112.8349609375
5939.07421875
16288.8779296875
6851.55224609375
11136.89453125
8433.4453125
5226.119140625
7501.80322265625
17495.888671875
9007.0
9671.9912109375
5061.0185546875
5360.21826171875
4312.66162109375
11115.8662109375
12192.1748046875
7308.3544921875
6233.94189453125
5097.2412109375
7039.10986328125
3440.8173828125
5024.42578125
12425.7587890625
6559.5595703125
4823.26513671875
11675.18359375
8370.384765625
8228.13671875
5713.48974609375
4952.38671875
3494.603515625
4635.34228515625
4746.73828125
7893.49755859375
7655.89453125
7855.1689453125
8340.453125
14438.87109375
5977.21435546875
11228.337890625
9292.3125
4431.6982421875
3901.27880859375
7455.25
7221.75146484375
4293.4921875
7494.0625
8883.3193359375
10441.8076171875
4479.56982421875
7427.38427734375
6352.64453125
5640.64453125
3639.951171875
8715.0732421875
6369.62109375
3972.634765625
6164.8212890625
2964.947265625
5415.2333984375
2967.34716796875
5510.3857421875
11456.859375
6350.3447265625
4474.42236328125
8233.70703125
10538.291015625
3418.236328125
14988.443359375
7647.43115234375
8570.9609375
6151.9208984375
7563.77880859375
5678.2353515625
5519.9833984375
8524.2724609375
5647.91796875
9322.9912109375
4671.59375
5748.16796875
8084.431640625
5307.8583984375
5224.6240234375
6326.4423828125
9480.748046875
8735.283203125
4522.072265625
4788.15478515625
4948.392578125
7486.150390625
6917.9794921875
2901.357177734375
11173.0693359375
3961.875
5063.134765625
5240.244140625
8378.8056640625
5064.3603515625
3931.695068359375
4644.00048828125
5490.9677734375
4577.58447265625
7848.2998046875
12026.2578125
7261.81640625
7540.81787109375
4625.9560546875
9060.8486328125
4683.296875
7599.642578125
9991.173828125
10617.9384765625
5298.423828125
9148.94921875
5066.4375
9993.138671875
5521.6376953125
5840.6259765625
3539.0654296875
5469.7265625
3360.941162109375
14102.568359375
4703.90283203125
4690.66748046875
3654.36376953125
8375.21484375
4436.50244140625
8093.6328125
7427.5244140625
6925.97412109375
5396.529296875
6237.7529296875
9501.1044921875
6767.923828125
6261.16357421875
5216.8544921875
3784.2451171875
9465.90625
6942.27001953125
10181.59765625
6639.40576171875
3743.0791015625
4222.4873046875
5573.9306640625
2852.8251953125
4530.6640625
3796.136962890625
6343.8974609375
4814.306640625
2856.14013671875
3694.422607421875
4757.8876953125
5927.3759765625
4355.98583984375
4047.2705078125
7376.69287109375
7341.87451171875
3727.60888671875
6052.8310546875
4760.30859375
5761.8740234375
4427.34814453125
7547.8193359375
5046.703125
7268.4375
9729.7763671875
13952.515625
6590.990234375
7187.87646484375
7428.06103515625
6447.8994140625
8754.6171875
2820.39013671875
3212.64404296875
6041.248046875
15714.11328125
4984.1083984375
8501.6435546875
13889.73828125
3448.78369140625
7359.5400390625
3752.8115234375
3584.080078125
8517.181640625
6913.5263671875
2848.18798828125
6601.4560546875
7353.26953125
8984.544921875
4777.625
3871.163818359375
6760.01611328125
7829.9423828125
11207.6630859375
6890.79833984375
3667.88720703125
4127.68701171875
7504.0693359375
7821.63427734375
3815.1494140625
4435.16796875
4742.44091796875
9061.44921875
7627.6142578125
10076.755859375
4981.8525390625
4989.12841796875
4645.9853515625
9466.787109375
6264.45849609375
5682.88671875
2847.936279296875
5567.83837890625
7587.64990234375
12417.3876953125
9283.3623046875
9283.9765625
4343.76708984375
8338.6904296875
7820.009765625
3980.67529296875
13366.79296875
9515.955078125
3890.311279296875
6206.1923828125
10052.52734375
5331.0400390625
5742.01171875
5936.5986328125
6618.50390625
3568.21484375
14716.1787109375
7769.103515625
3836.6689453125
5214.099609375
8663.51953125
5569.5986328125
4154.9873046875
5278.5517578125
6008.630859375
3211.7080078125
4879.5810546875
11414.7841796875
2794.436767578125
2787.488037109375
2829.5517578125
4495.859375
6242.296875
5623.17919921875
10430.0283203125
5476.6005859375
7326.8720703125
4598.1962890625
7084.54248046875
7942.4169921875
4881.15625
4313.0078125
3853.736328125
11281.189453125
3205.30859375
9289.9921875
6932.0341796875
5506.9794921875
3988.9404296875
3845.05078125
4338.43115234375
9860.677734375
6788.826171875
4960.7265625
3730.479248046875
7287.248046875
5428.32568359375
8121.16845703125
5512.6025390625
4739.9404296875
5424.75
4535.744140625
3598.52197265625
4074.560302734375
4519.43994140625
6311.2060546875
5370.3466796875
6217.4013671875
6706.2265625
4582.25439453125
2794.156005859375
4599.4453125
10133.17578125
4748.6611328125
3845.50341796875
6027.74853515625
3092.76953125
5632.86669921875
9182.025390625
8324.5244140625
4123.0234375
4264.99560546875
2778.091064453125
4979.107421875
6438.7880859375
6975.322265625
4351.90625
7657.3173828125
3988.99609375
6409.9150390625
8849.1328125
3425.261962890625
4059.29833984375
4154.6845703125
2773.99560546875
5075.80078125
4132.9228515625
5713.91455078125
2763.47509765625
4586.03662109375
3927.7841796875
4472.912109375
7159.6630859375
6294.4482421875
3374.691650390625
11170.2890625
3996.0322265625
3827.35498046875
6714.69873046875
5528.09765625
3479.4912109375
6815.6171875
4835.560546875
8304.439453125
8622.0439453125
3590.255859375
5678.99072265625
6145.22900390625
4303.2861328125
2989.69140625
6278.861328125
9319.037109375
6327.5849609375
4462.76806640625
4397.4462890625
10988.8603515625
8212.3369140625
5973.0400390625
7003.9423828125
3507.584228515625
7491.57275390625
3988.10400390625
7079.4619140625
11200.953125
5477.62939453125
7869.69091796875
7940.59033203125
6755.04931640625
3046.9052734375
4475.44140625
10630.29296875
3444.33056640625
3503.835205078125
6327.8994140625
3176.042724609375
4279.8125
4275.2265625
7471.1689453125
5952.123046875
6790.8017578125
3945.53857421875
7428.18017578125
4361.5126953125
4761.7177734375
4986.3310546875
5386.3212890625
5249.23876953125
5198.56494140625
5533.884765625
4038.1689453125
6085.2294921875
3305.8251953125
6273.14306640625
4001.07373046875
