None
None
None
None
None
None
None
None
None
None
None
None
None
None
None
None
None
None
None
None
None
None
None
None
None
None
None
None
None
None
None
None
None
None
None
None
None
None
None
None
None
None
None
None
None
None
None
None
None
None
None
None
None
None
None
None
None
None
None
None
None
None
None
None
None
None
None
1.0399755835533142
0.9874061197042465
1.0060128569602966
0.9631647169589996
1.003706842660904
1.0200751721858978
1.043078675866127
1.094154104590416
1.023295059800148
0.9488923251628876
0.8681712448596954
0.9333268105983734
1.0089539885520935
0.9315446317195892
0.9280452728271484
0.9351307898759842
0.8651550859212875
0.9342648088932037
0.7939040213823318
0.8803712874650955
0.7257674783468246
0.7710227072238922
0.7602010518312454
0.7374106645584106
0.7566232085227966
0.6762926280498505
0.6600671857595444
0.6471307277679443
0.63680300116539
0.7389265447854996
0.6958371698856354
0.6498275399208069
0.6979898661375046
0.660667672753334
0.6638229042291641
0.673553928732872
0.6790042221546173
0.6464187800884247
0.6840166747570038
0.6357292830944061
0.6652232110500336
0.6431406289339066
0.6729165613651276
0.6458445340394974
0.6591210216283798
0.6605710238218307
0.6344836503267288
0.662505716085434
0.6577953994274139
0.6738194525241852
0.6079346537590027
0.6280969530344009
0.6572208851575851
0.611240342259407
0.6460337489843369
0.6098372638225555
0.621592789888382
0.633806973695755
0.6311815977096558
0.6225276291370392
0.6357421576976776
0.6056316494941711
0.6567973345518112
0.6238207370042801
0.6848161220550537
0.6409612596035004
0.621254026889801
0.6434202194213867
0.6256967931985855
0.6371636092662811
0.6093781739473343
0.5967238992452621
0.6132866144180298
0.6104111075401306
0.6092877984046936
0.6243993043899536
0.6216452121734619
0.6332667171955109
0.6354350596666336
0.5690436512231827
0.6106478571891785
0.6129423677921295
0.5773491114377975
0.6324491202831268
0.6213619560003281
0.6303438693284988
0.6051233559846878
0.6388359814882278
0.6127209961414337
0.6176744252443314
0.6290798038244247
0.5998361110687256
0.6026885807514191
0.5979707986116409
0.5768402516841888
0.5915235728025436
0.5812432318925858
0.5976865440607071
0.5698434114456177
0.603419303894043
0.571869820356369
0.5626593381166458
0.5802767127752304
0.586054116487503
0.6053843200206757
0.5885591059923172
0.5870673507452011
0.5883759707212448
0.5831968486309052
0.5703653991222382
0.5722468048334122
0.5782921463251114
0.5722105950117111
0.5883168429136276
0.5591095834970474
0.5605334788560867
0.5767550766468048
0.588392898440361
0.5574412494897842
0.5910435169935226
0.5251036435365677
0.5831454992294312
0.5660631209611893
0.547105461359024
0.5529478937387466
0.5160717740654945
0.5815118998289108
0.5767286717891693
0.5965246558189392
0.5699269622564316
0.5612141042947769
0.555786058306694
0.5710080713033676
0.5302372574806213
0.5687116980552673
0.5404497385025024
0.5655392855405807
0.5439109057188034
0.5316191613674164
0.5522887855768204
0.5778210163116455
0.5564418435096741
0.5403969138860703
0.5239526927471161
0.5403856709599495
0.5489005744457245
0.5420661717653275
0.5560867488384247
0.5038156658411026
0.5299618989229202
0.531557708978653
0.5554642230272293
0.5381954610347748
0.5123104006052017
0.5357442051172256
0.5071301758289337
0.5298914760351181
0.5320214778184891
0.5018282979726791
0.5342981517314911
0.5310486555099487
0.5076390877366066
0.5088170319795609
0.5314920246601105
0.5279023498296738
0.502859964966774
0.4841908738017082
0.5155140608549118
0.5258521288633347
0.5010171234607697
0.49395449459552765
0.5165838897228241
0.5104079693555832
0.5231096893548965
0.5033070743083954
0.5202430337667465
0.4868197739124298
0.47344547510147095
0.4988132417201996
0.4879263564944267
0.49067143350839615
0.4637985900044441
0.49301011115312576
0.488291397690773
0.49120743572711945
0.479055717587471
0.48279424011707306
0.4677002504467964
0.49292100965976715
0.4687584266066551
0.45330847799777985
0.47012489289045334
0.4809751808643341
0.4807053208351135
0.4761190563440323
0.4499335214495659
0.4657711386680603
0.45707812160253525
0.47215636074543
0.4652874767780304
0.44104962795972824
0.4593181163072586
0.47187428921461105
0.4673737958073616
0.46354223042726517
0.45535916835069656
0.44254448264837265
0.4565671607851982
0.46766672283411026
0.4511631280183792
0.4490177780389786
0.4462466463446617
0.45872385054826736
0.4222531169652939
0.4163246676325798
0.45225103944540024
0.4571354612708092
0.448501318693161
0.4452478215098381
0.44211260974407196
0.421893909573555
0.45530419796705246
0.44237154722213745
0.436322346329689
0.4598787948489189
0.43500643968582153
0.4346403405070305
0.42633137106895447
0.42841196060180664
0.44112714380025864
0.4399426430463791
0.42360367625951767
0.41840435564517975
0.3999079018831253
0.4289102256298065
0.40444888174533844
0.4289860278367996
0.4275190159678459
0.39171353727579117
0.4007868394255638
0.39454563707113266
0.44244665652513504
0.4053628221154213
0.35003019124269485
0.4036508947610855
0.3900391757488251
0.4090268015861511
0.39689089357852936
0.4193119630217552
0.3918308615684509
0.4122484028339386
0.41564343124628067
0.4103459268808365
0.40569429844617844
0.3901868313550949
0.40552351623773575
0.380452498793602
0.3752477467060089
0.41919146478176117
0.3750717043876648
0.3935698866844177
0.4103490486741066
0.3913154676556587
0.4144015312194824
0.40052101761102676
0.39781946688890457
0.388958215713501
0.4285212755203247
0.36985400319099426
0.39767923951148987
0.3402160108089447
0.3857078179717064
0.38035058230161667
0.3859708234667778
0.39676404744386673
0.39159156382083893
0.3535599559545517
0.40420815348625183
0.35636405646800995
0.39808841794729233
0.3941248655319214
0.3742712438106537
0.3928217515349388
0.40680327266454697
0.39377596229314804
0.366254024207592
0.39649513363838196
0.3622967153787613
0.40668199211359024
0.4054911732673645
0.366267554461956
0.4012787863612175
0.38089169561862946
0.3713388666510582
0.3601023107767105
0.35749930143356323
0.3483472317457199
0.41640084236860275
0.38425977528095245
0.37560785561800003
0.3629816323518753
0.37903325259685516
0.376242071390152
0.39726633578538895
0.3527645096182823
0.3864750266075134
0.37691763043403625
0.3584803342819214
0.35661979764699936
0.3759136348962784
0.3663700595498085
0.3813783824443817
0.3582432195544243
0.3678383007645607
0.39489884674549103
0.3403724506497383
0.3652213215827942
0.4016050547361374
0.38329485803842545
0.35120636224746704
0.36673353612422943
0.3792639821767807
0.3479391559958458
0.37932462245225906
0.40126997232437134
0.35143109411001205
0.332771360874176
0.3197859823703766
0.3738168403506279
0.3302363157272339
0.35932884365320206
0.35866882652044296
0.3731081858277321
0.32633019983768463
0.35724106431007385
0.40413326025009155
0.32666048407554626
0.3510911166667938
0.3532369062304497
0.39570870250463486
0.33186276257038116
0.3709369897842407
0.34519391506910324
0.475178524851799
0.3545870706439018
0.4025335982441902
0.35000916570425034
0.3627655431628227
0.3063488006591797
0.429430216550827
0.3313568904995918
0.3185589611530304
0.3665038123726845
0.3353588283061981
0.3496193513274193
0.37293174862861633
0.3189798966050148
0.4147017002105713
0.35624173283576965
0.39661430567502975
0.30545901507139206
0.365780308842659
0.318385012447834
0.32928161323070526
0.32033973187208176
0.4280327707529068
0.3458136171102524
0.3380756452679634
0.3253331184387207
0.3485599085688591
0.41773584485054016
0.40704283118247986
0.4067162871360779
0.3014819398522377
0.3608330488204956
0.3709472417831421
0.4111889898777008
0.3527587205171585
0.3889347165822983
0.33138537406921387
0.46645214408636093
0.45964422821998596
0.41315193474292755
0.3808913081884384
0.39594782143831253
0.4423489421606064
0.4112117737531662
0.3538692072033882
0.407635360956192
0.303660586476326
0.3466764837503433
0.3479953333735466
0.35877466201782227
0.35344071686267853
0.3245517835021019
0.4609380215406418
0.34275607019662857
0.3303748592734337
0.35293813794851303
0.3577919602394104
0.39259079843759537
0.37771958857774734
0.3800305426120758
0.44039350003004074
0.3240564316511154
0.40618692338466644
0.4487169086933136
0.4934988468885422
0.46141037344932556
0.4267413839697838
0.3794752508401871
0.3841945081949234
0.32105160132050514
0.38494181632995605
0.4363519102334976
0.3513789102435112
0.3698640391230583
0.46085095405578613
0.4567187577486038
0.3630465641617775
0.3646126091480255
0.3040432743728161
0.3654629960656166
0.3824894651770592
0.3946743495762348
0.4585038349032402
0.35060153901576996
0.4031621515750885
0.39729800820350647
0.4209786504507065
0.3863079100847244
0.29330533742904663
0.37911561131477356
0.4174078181385994
0.366769902408123
0.3444882407784462
0.40746214240789413
0.29229462146759033
0.3401601165533066
0.3458291217684746
0.44458844512701035
0.3377033472061157
0.30382122099399567
0.43150537461042404
0.43635690212249756
0.3502679467201233
0.43046171963214874
0.33695532381534576
0.3399159759283066
0.3432956412434578
0.33726509660482407
0.42107466608285904
0.4363907650113106
0.3812256082892418
0.5147160440683365
0.33969178050756454
0.5201386511325836
0.3869514912366867
0.2968164011836052
0.3755796253681183
0.41801275312900543
0.3491274416446686
0.3108825050294399
0.46398697793483734
0.41229458153247833
0.319985032081604
0.36817213147878647
0.3879449963569641
0.36298397928476334
0.39199747890233994
0.4608924761414528
0.3850778639316559
0.4250161424279213
0.4089076817035675
0.3469710573554039
0.45314817130565643
0.43186649680137634
0.44054073095321655
0.46230310946702957
0.3936239816248417
0.3808639422059059
0.4002857655286789
0.40073366463184357
0.3477674350142479
0.35502324253320694
0.2928891070187092
0.47599393874406815
0.42190445587038994
0.3636431097984314
0.4576546624302864
0.3299124985933304
0.36583783477544785
0.3111546114087105
0.30584313720464706
0.32943306118249893
0.4260364770889282
0.35576754808425903
0.2998454421758652
0.476329792290926
0.3340309336781502
0.3167027533054352
0.40668220818042755
0.32607291638851166
0.48354747146368027
0.37497760355472565
0.33987048268318176
0.3261679783463478
0.3126906603574753
0.27957265824079514
0.3346751108765602
0.3766593933105469
0.36448540538549423
0.32544615119695663
0.346332386136055
0.33943213149905205
0.4219522625207901
0.3350260853767395
0.30584876984357834
0.3240356743335724
0.4058978706598282
0.35824425518512726
0.5006469190120697
0.4362430274486542
0.2734815143048763
0.24576206877827644
0.3069485127925873
0.3412977382540703
0.30663636326789856
0.39780838787555695
0.31670305877923965
0.3058403953909874
0.314867228269577
0.41973935067653656
0.32127053290605545
0.38384469598531723
0.3588498905301094
0.40477705001831055
0.43200232833623886
0.36222629994153976
0.3921530917286873
0.404971718788147
0.33857955783605576
0.2960444279015064
0.2474731132388115
0.26490630581974983
0.2515418641269207
0.3332570903003216
0.2879031412303448
0.31766461580991745
0.2403227612376213
0.25356557220220566
0.3106759190559387
0.2543993555009365
0.3474302515387535
0.3984754979610443
0.2843388803303242
0.3689594492316246
0.3887975476682186
0.38894426077604294
0.37434033304452896
0.3903919644653797
0.3839386776089668
0.3222384974360466
0.33834271878004074
0.2653045989573002
0.2448861189186573
0.4214513376355171
0.2866504266858101
0.37703870981931686
0.37400177866220474
0.26673850044608116
0.35920676589012146
0.3244750611484051
0.29682524502277374
0.30173372849822044
0.3412623926997185
0.3279350474476814
0.3222051188349724
0.31709977984428406
0.2748910039663315
0.40074509382247925
0.35516444593667984
0.3769868388772011
0.32343224436044693
0.31662797555327415
0.29235657677054405
0.30550168827176094
0.3427940830588341
0.42161843925714493
0.26573242247104645
0.306221142411232
0.2559344880282879
0.3655092976987362
0.3491116538643837
0.4240016043186188
0.28262762166559696
0.2971041202545166
0.38114146143198013
0.32261931151151657
0.24241453781723976
0.218107920140028
0.2917591705918312
0.278384767472744
0.2731929160654545
0.4065856263041496
0.2728295847773552
0.2688545659184456
0.3331577256321907
0.34514281898736954
0.3562404178082943
0.32182005047798157
0.38472195714712143
0.2908932715654373
0.25855399668216705
0.33796706050634384
0.22168391942977905
0.3463319391012192
0.33117590099573135
0.2706525921821594
0.34632130712270737
0.2790732905268669
0.32135241478681564
0.27208463847637177
0.2926137074828148
0.24698593467473984
0.2096184343099594
0.30153829976916313
0.39643310010433197
0.24314738437533379
0.32918470725417137
0.23143631592392921
0.39429693669080734
0.21017427742481232
0.34293216466903687
0.2545672655105591
0.3275943398475647
0.24102585762739182
0.2783964052796364
0.3131432756781578
0.2597273699939251
0.36593611910939217
0.31561097502708435
0.3288877531886101
0.25252431258559227
0.29304302111268044
0.3898756429553032
0.19225377216935158
0.27439556270837784
0.3035000450909138
0.26584767550230026
0.21669750660657883
0.3364207111299038
0.2741550952196121
0.23884833231568336
0.19842754676938057
0.30349450185894966
0.25664592161774635
0.23898931220173836
0.2860981449484825
0.2303572241216898
0.27196990326046944
0.30319375544786453
0.29129892587661743
0.30893533676862717
0.2327457182109356
0.1989457607269287
0.3139529377222061
0.3236277848482132
0.2792232856154442
0.3008689284324646
0.3313632905483246
0.31032767333090305
0.25604774057865143
0.30161529779434204
0.284846905618906
0.16607677191495895
0.20452570170164108
0.3329484313726425
0.2632765881717205
0.25071926414966583
0.37690798193216324
0.2983902581036091
0.2670707739889622
0.24851162731647491
0.2905461899936199
0.18058747798204422
0.286841556429863
0.2657332830131054
0.13725221529603004
0.20477673411369324
0.30406928434967995
0.25038813054561615
0.2973437234759331
0.23110921308398247
0.3171443045139313
0.2703835442662239
0.3921716809272766
0.3873138651251793
0.16515497118234634
0.24952970445156097
0.2492578625679016
0.38502881675958633
0.21772246435284615
0.30975349992513657
0.23230459541082382
0.27707564458251
0.3011264279484749
0.25068029575049877
0.26232200860977173
0.2741689309477806
0.3183314874768257
0.2790162265300751
0.1318723652511835
0.2117309868335724
0.24076687917113304
0.20216339267790318
0.2606573738157749
0.204240083694458
0.2979356236755848
0.2857557497918606
0.1714970376342535
0.27748117223381996
0.22796637937426567
0.19632036797702312
0.2821751981973648
0.2257457673549652
0.2722935974597931
0.26878952980041504
0.2456415630877018
0.28656765073537827
0.24866622686386108
0.2656302861869335
0.2804580722004175
0.21447837352752686
0.1631191223859787
0.280797079205513
0.20023387297987938
0.27777523174881935
0.18936160951852798
0.30845629423856735
0.13522453233599663
0.1835852973163128
0.27312272787094116
0.2367306724190712
0.21726737543940544
0.31677593290805817
0.25550485774874687
0.3236885331571102
0.23884970135986805
0.17872828990221024
0.16434521041810513
0.304901547729969
0.21262836083769798
0.2787014879286289
0.3363891839981079
0.35487786680459976
0.19855754356831312
0.18359636329114437
0.14857695624232292
0.20846156403422356
0.16804627142846584
0.23849071562290192
0.20361820049583912
0.1810508668422699
0.1694492269307375
0.3299873471260071
0.25646305829286575
0.21059548668563366
0.2451724335551262
0.16395328380167484
0.3195050060749054
0.2769404388964176
0.21905596554279327
0.25273776426911354
0.22830450534820557
0.3107553645968437
0.23820817843079567
0.2158439327031374
0.1634917724877596
0.19088541716337204
0.26173678785562515
0.2765640988945961
0.19083603285253048
0.25686516612768173
0.35256773978471756
0.17967695370316505
0.2467258684337139
0.18455004878342152
0.24831346049904823
0.2097262181341648
0.14695850759744644
0.23595653474330902
0.1571151688694954
0.20601991564035416
0.2295364774763584
0.16063674166798592
0.15319866500794888
0.23256028443574905
0.17451470717787743
0.1881110593676567
0.19277437031269073
0.2921125143766403
0.26766323298215866
0.16993491165339947
0.21771567687392235
0.17318272218108177
0.2830895408987999
0.2461572103202343
0.22103070095181465
0.20890836417675018
0.2001264151185751
0.15531928092241287
0.14035060070455074
0.19533275812864304
0.20771173760294914
0.16448424756526947
0.21960617043077946
0.20270350575447083
0.30607035011053085
0.24048040807247162
0.3462628796696663
0.2526994086802006
0.24268120527267456
0.19915257953107357
0.23905714601278305
0.22676319256424904
0.1860043741762638
0.31426114216446877
0.18366172350943089
0.23769428580999374
0.1885889284312725
0.17120083421468735
0.2621566392481327
0.17629104480147362
0.22618168219923973
0.2925439551472664
0.14567898400127888
0.19488450326025486
0.14357498474419117
0.20182672142982483
0.21521183103322983
0.26155561208724976
0.220190504565835
0.12958847731351852
0.2513872943818569
0.19576416537165642
0.27625617012381554
0.19030465185642242
0.23331021144986153
0.2479228749871254
0.25355687737464905
0.2065730281174183
0.10765807144343853
0.20517979562282562
0.1724279783666134
0.14855505898594856
0.18626724556088448
0.20946879871189594
0.21783340349793434
0.12728234753012657
0.10683749243617058
0.15256614983081818
0.12648173235356808
0.2365603931248188
0.13660877011716366
0.20458336360752583
0.21604620665311813
0.21935194917023182
0.13050156086683273
0.2579728476703167
0.22280088439583778
0.1361778974533081
0.11989668384194374
0.1654588971287012
0.19622207060456276
0.17836083471775055
0.1749405823647976
0.17309726402163506
0.18150491453707218
0.17860129103064537
0.2592010051012039
0.24375957250595093
0.1791440285742283
0.1965118609368801
0.1555774938315153
0.10125871002674103
0.1802542619407177
0.1677636168897152
0.20485864020884037
0.17923426255583763
0.17415139079093933
0.1535250786691904
0.15399276092648506
0.17791637033224106
0.15875322371721268
0.1373244822025299
0.1223046276718378
0.20270569622516632
0.13138699904084206
0.2145456150174141
0.1588689386844635
0.20948484539985657
0.1482948660850525
0.16235890239477158
0.1976715885102749
0.2108666356652975
0.16656282544136047
0.16689133271574974
0.1962805800139904
0.14463632367551327
0.18689164891839027
0.1977195106446743
0.15369854122400284
0.1730405017733574
0.1129036508500576
0.15075965598225594
0.1336462814360857
0.24152301251888275
0.1535307615995407
0.21065423637628555
0.27259131520986557
0.25471848249435425
0.14426969550549984
0.2501794882118702
0.22006697580218315
0.24756351113319397
0.1535324603319168
0.2284726444631815
0.16283285431563854
0.1980176130309701
0.17028951086103916
0.2710154727101326
0.09608529694378376
0.19624904543161392
0.32466928474605083
0.21616822853684425
0.11588991992175579
0.3207783717662096
0.1743323989212513
0.21253614872694016
0.232760239392519
0.2580473758280277
0.19213591143488884
0.1242925301194191
0.13676652126014233
0.12531153485178947
0.12483055330812931
0.1262082476168871
0.2609551213681698
0.1236913613975048
0.2660165950655937
0.2251223437488079
0.18956772238016129
0.2935057822614908
0.2102811075747013
0.18321776948869228
0.27191052585840225
0.16489745676517487
0.21344157494604588
0.1856558620929718
0.15121220238506794
0.1616605892777443
0.16430527716875076
0.13232438825070858
0.24867580085992813
0.1410963572561741
0.12946273386478424
0.12840082310140133
0.21304706297814846
0.22058337554335594
0.32868554070591927
0.13664419017732143
0.16689357534050941
0.1636893581598997
0.19298892095685005
0.21190355345606804
0.24513205140829086
0.12577920779585838
0.2625106777995825
0.15583716332912445
0.16017492301762104
0.19805660471320152
0.17404441721737385
0.22128594480454922
0.21271449327468872
0.19962331093847752
0.2296159490942955
0.24632993340492249
0.24480262771248817
0.15291576460003853
0.3180151432752609
0.22127589024603367
0.2636916898190975
0.26127516105771065
0.19389027170836926
0.21219174191355705
0.16900045052170753
0.18109671026468277
0.28509972989559174
0.15399820543825626
0.20928705111145973
0.20806773006916046
0.22458037361502647
0.2669670656323433
0.13999764993786812
0.12249131686985493
0.12813033536076546
0.26126651652157307
0.2156330607831478
0.14841191098093987
0.1422565784305334
0.1641398686915636
0.1265268288552761
0.19602376595139503
0.18666699901223183
0.11489873938262463
0.19280142523348331
0.29765593260526657
0.09464194998145103
0.1509902235120535
0.13250296004116535
0.17305074259638786
0.24097339063882828
0.24606112763285637
0.1707038376480341
0.3369322493672371
0.26946573704481125
0.1371147595345974
0.12862394750118256
0.2475476935505867
0.16534877195954323
0.24821626022458076
0.1881224885582924
0.17416416853666306
0.18013025913387537
0.13717380166053772
0.13186191581189632
0.30154044181108475
0.10257787257432938
0.2199174202978611
0.21245967969298363
0.2027108259499073
0.19432399421930313
0.17585644125938416
0.1241016834974289
0.1700299233198166
0.21045957133173943
0.34463931620121
0.17688585072755814
0.23405465111136436
0.2394971065223217
0.19768820703029633
0.2746734004467726
0.20354503765702248
0.2965613529086113
0.26949217915534973
0.1521727778017521
0.15511909127235413
0.2536612041294575
0.18616585806012154
0.19561242312192917
0.21747657656669617
0.08509331662207842
0.19775531627237797
0.2099236659705639
0.2611423581838608
0.16919448412954807
0.1415429376065731
0.11054521799087524
0.15841739624738693
0.2801858112215996
0.22978194057941437
0.28582537919282913
0.17311539314687252
0.2653888501226902
0.2200271673500538
0.19366082549095154
0.13953466154634953
0.15554036386311054
0.17180305160582066
0.23929020762443542
0.14482012577354908
0.16049735061824322
0.2573377713561058
0.17654219642281532
0.2643787954002619
0.13283865712583065
0.21021534409374
0.17206915840506554
0.2851635366678238
0.19562937319278717
0.1923262868076563
0.16231673024594784
0.15606864914298058
0.18632356822490692
0.23242964129894972
0.16107511706650257
0.17351983487606049
0.14761407300829887
0.2581617645919323
0.18938123434782028
0.14207534864544868
0.13509065471589565
0.31524935364723206
0.12770381197333336
0.1714645940810442
0.1904040053486824
0.11996252089738846
0.13446884788572788
0.08431682921946049
0.16058136336505413
0.1297543216496706
0.1813381314277649
0.08030599541962147
0.16958367824554443
0.15831775218248367
0.13087711483240128
0.08330368995666504
0.15965132415294647
0.12484429776668549
0.13336266949772835
0.1779234316200018
0.21832147240638733
0.15656479448080063
0.16964521817862988
0.21508903335779905
0.1699255295097828
0.25069907680153847
0.2291196584701538
0.17791380267590284
0.2258238811045885
0.1627982947975397
0.1602556873112917
0.17380748316645622
0.09645872563123703
0.17222633957862854
0.16571578197181225
0.30345382913947105
0.19374525919556618
0.10389783140271902
0.07224359177052975
0.26594502478837967
0.10569112561643124
0.149723993614316
0.17315293662250042
0.1543498309329152
0.2500407863408327
0.11611275374889374
0.10512427426874638
0.27510271593928337
0.13041790388524532
0.1674005687236786
0.1557760313153267
0.15375247411429882
0.22244185209274292
0.17825673520565033
0.15152825880795717
0.2303638458251953
0.0999104930087924
0.0906954575330019
0.13144800905138254
0.1675313487648964
0.18629193305969238
0.21789469197392464
0.18686833046376705
0.16347367130219936
0.25995631143450737
0.12705818377435207
0.12705206964164972
0.21254032105207443
0.10033830162137747
0.07977093569934368
0.1400491800159216
0.15284917503595352
0.27573084086179733
0.1776117943227291
0.310822706669569
0.12901651859283447
0.21174796018749475
0.08933993335813284
0.20494513772428036
0.17984312027692795
0.28235260117799044
0.16755826584994793
0.14078668132424355
0.1800038404762745
0.09972729813307524
0.18977691605687141
0.158763918094337
0.18230380304157734
0.20140446349978447
0.10504504293203354
0.22184498608112335
0.13710132241249084
0.17136120796203613
0.20295093581080437
0.05919243115931749
0.17451115511357784
0.19874463975429535
0.22354116663336754
0.13395356386899948
0.10512923542410135
0.1300766682252288
0.24140435457229614
0.11758439615368843
0.0985984280705452
0.17371023446321487
0.1181471198797226
0.1602080501616001
0.2695520259439945
0.1267317933961749
0.12336231954395771
0.10005353949964046
0.1577814295887947
0.07026318926364183
0.12706883065402508
0.0697588250041008
0.14738599304109812
0.11563364043831825
0.1224847212433815
0.1779224406927824
0.2739817276597023
0.1451383028179407
0.2335496600717306
0.1730405930429697
0.24097059667110443
0.18639477528631687
0.15738385915756226
0.2344352975487709
0.20187742542475462
0.21979804150760174
0.2202736809849739
0.08933907561004162
0.31883788108825684
0.14343994297087193
0.2245139740407467
0.11434190534055233
0.14054805785417557
0.23051459155976772
0.15166191384196281
0.18651403114199638
0.15625550597906113
0.17222012300044298
0.15261485055088997
0.14136253856122494
0.1442026700824499
0.18286125734448433
0.05478192586451769
0.13817916437983513
0.1735309325158596
0.07726135663688183
0.13219628855586052
0.07333826646208763
0.09810442244634032
0.10334575083106756
0.23965214658528566
0.20066098123788834
0.09751638676971197
0.13185282982885838
0.11683206632733345
0.09435609262436628
0.17065961565822363
0.13463450502604246
0.1005250085145235
0.10594833455979824
0.14556391723453999
0.1096043111756444
0.18122978135943413
0.1896247724071145
0.1204931316897273
0.09665028378367424
0.2421703189611435
0.07680184673517942
0.13376853428781033
0.09088394790887833
0.12819012254476547
0.05293876677751541
0.24413619935512543
0.16731700394302607
0.17918112128973007
0.14400100987404585
0.13800713047385216
0.07453867048025131
0.18384278193116188
0.10250539984554052
0.15294042136520147
0.1541198268532753
0.20397273916751146
0.08572973776608706
0.06359536480158567
0.2850089594721794
0.16852018609642982
0.11913919448852539
0.12005771044641733
0.18028917908668518
0.09501452185213566
0.08880412206053734
0.1655940879136324
0.12851844727993011
0.18926698435097933
0.04734374210238457
0.1883092075586319
0.22456786781549454
0.14418611861765385
0.18260123580694199
0.1606566719710827
0.14300870988518
0.21163254603743553
0.18221847247332335
0.18045471142977476
0.11260435450822115
0.17962587345391512
0.19505106657743454
0.1021967139095068
0.22911391220986843
0.1283186785876751
0.05571380537003279
0.15540771931409836
0.20251958910375834
0.22831571474671364
0.1295427968725562
0.08739804569631815
0.20503407530486584
0.16128536965698004
0.19074147194623947
0.22212687134742737
0.14541979739442468
0.1719031734392047
0.21143867447972298
0.13878641184419394
0.06939348019659519
0.1662745289504528
0.10461014974862337
0.1827160958200693
0.1508631519973278
0.1342563983052969
0.08896875008940697
0.18403902370482683
0.08590662945061922
0.14688296988606453
0.1341665294021368
0.1747771091759205
0.13814036920666695
0.10576937720179558
0.1099811140447855
0.22225776687264442
0.154426708817482
0.0737207061611116
0.14698858419433236
0.18333113938570023
0.15064013097435236
0.17105735652148724
0.05370615841820836
0.13146475004032254
0.08112822473049164
0.12217331444844604
0.1027200510725379
0.1301393574103713
0.0784077774733305
0.048689981922507286
0.14039847627282143
0.19032273069024086
0.1013682633638382
0.11190173961222172
0.15285110473632812
0.20165110006928444
0.1402974482625723
0.17921262606978416
0.1734415227547288
0.1126701757311821
0.10000035911798477
0.18389727547764778
0.2781101390719414
0.13177154771983624
0.11241202615201473
0.1311017908155918
0.2118457742035389
0.09379622619599104
0.1985556986182928
0.15305051766335964
0.08720249123871326
0.1453862451016903
0.142118314281106
0.08264023624360561
0.08200280461460352
0.15543764270842075
0.19655223190784454
0.13958657905459404
0.11310332221910357
0.10446145525202155
0.09740414563566446
0.1228139204904437
0.16109111160039902
0.1095766881480813
0.10781344771385193
0.1455269679427147
0.10822862572968006
0.1272687204182148
0.10172612499445677
0.11687231436371803
0.10480675334110856
0.09596116375178099
0.15074549335986376
0.07747847400605679
0.05837230244651437
0.15684213675558567
0.12072190269827843
0.08660485781729221
0.09639493841677904
0.08601577021181583
0.06931088492274284
0.0929326331242919
0.05992599297314882
0.187073209322989
0.15484247542917728
0.1559303244575858
0.13573353923857212
0.10035979887470603
0.14361607655882835
0.06814962811768055
0.11791439354419708
0.08542571775615215
0.1463456219062209
0.05012688226997852
0.11216267943382263
0.0801211902871728
0.189744608476758
0.09364630840718746
0.1286387350410223
0.09100408107042313
0.10267920605838299
0.12781020998954773
0.06151258572936058
0.09018809720873833
0.09719119220972061
0.18751704692840576
0.06166118569672108
0.045203379355371
0.0793224941007793
0.11695215851068497
0.09656264074146748
0.19497784227132797
0.09100671578198671
0.08724488597363234
0.0964541994035244
0.08881086623296142
0.08403456024825573
0.14813751075416803
0.16298965737223625
0.09651401080191135
0.03439914621412754
0.07405173033475876
0.05673550069332123
0.12028170377016068
0.10747503861784935
0.10875623859465122
0.12136716488748789
0.09796806611120701
0.0657810065895319
0.1350516863167286
0.07980490289628506
0.07376918289810419
0.16439954657107592
0.0684292046353221
0.10151647590100765
0.15100355632603168
0.07909005507826805
0.05052770581096411
0.14561784639954567
0.1609412170946598
0.12328199762851
0.14118818007409573
0.13327769469469786
0.20887935161590576
0.12118941731750965
0.1213669627904892
0.17085453076288104
0.12298267614096403
0.17150959093123674
0.14884371869266033
0.08969046175479889
0.10902477614581585
0.11034187115728855
0.09672032669186592
0.13433427596464753
0.05562735954299569
0.11207817029207945
0.06837370432913303
0.1784482393413782
0.056943188421428204
0.17858955636620522
0.12267235293984413
0.06650335155427456
0.11825800687074661
0.15055577736347914
0.10476135741919279
0.09553915541619062
0.08024760242551565
0.16667754761874676
0.06635198835283518
0.04347947612404823
0.09199706371873617
0.21205756813287735
0.0817119050770998
0.10855239443480968
0.11391719710081816
0.12958095781505108
0.18853679951280355
0.08147633913904428
0.08858642261475325
0.0679381126537919
0.11230727704241872
0.11825951421633363
0.08753582555800676
0.14991164859384298
0.0385456345975399
0.0769068356603384
0.10919321980327368
0.07307133078575134
0.06650505308061838
0.07769139297306538
0.17577627673745155
0.05292558018118143
0.06410409370437264
0.1502259150147438
0.1120603266172111
0.11110063828527927
0.15502939512953162
0.16054889559745789
0.09297236707061529
0.09173393622040749
0.0796989998780191
0.06109525077044964
0.06684760190546513
0.08657230483368039
0.1483457386493683
0.10228240210562944
0.15230058133602142
0.11852461285889149
0.09788344521075487
0.078811876475811
0.13734139874577522
0.0955123333260417
0.043176173232495785
0.09572793915867805
0.11747766472399235
0.07160528376698494
0.08516436628997326
0.09430442843586206
0.07643818156793714
0.18363096099346876
0.09674684703350067
0.11409193836152554
0.0683244401589036
0.08223828161135316
0.07371275220066309
0.10728562623262405
0.09051837772130966
0.08209211938083172
0.09104011952877045
0.16823981702327728
0.11560064926743507
0.2143268808722496
0.08321567624807358
0.06616828590631485
0.13665376231074333
0.12502537574619055
0.050732710398733616
0.06831958657130599
0.04705534968525171
0.07912892336025834
0.09654767252504826
0.0890394002199173
0.15089632757008076
0.09278313629329205
0.08927847724407911
0.10520326904952526
0.07840617001056671
0.14975525438785553
0.12258287146687508
0.09390290919691324
0.11619700957089663
0.07577560748904943
0.1005458440631628
0.12891953438520432
0.08200226910412312
0.10986656881868839
0.14244102500379086
0.13299592677503824
0.11342460103332996
0.10012118704617023
0.037608363665640354
0.07990082912147045
0.1441730298101902
0.07334025297313929
0.1152441743761301
0.13865965977311134
0.03848269768059254
0.1276199808344245
0.12077462859451771
0.04973185248672962
0.05303964763879776
0.08246563654392958
0.05336579633876681
0.08065926283597946
0.06178967608138919
0.08873843308538198
0.06797483190894127
0.053077985998243093
0.09480673866346478
0.0888459850102663
0.11988692916929722
0.06015362869948149
0.13168898224830627
0.09851284231990576
0.12000920530408621
0.09155172808095813
0.10161519516259432
0.1173114962875843
0.07768349954858422
0.08581133559346199
0.1152408616617322
0.07739708619192243
0.10229922272264957
0.028203051071614027
0.1087612695991993
0.1002097837626934
0.1247401162981987
0.07186637166887522
0.03486683778464794
0.12985534220933914
0.08471034467220306
0.08674627868458629
0.05743520334362984
0.08104020077735186
0.10407100338488817
0.08780939131975174
0.05639266408979893
0.0917153269983828
0.05971676483750343
0.0327859572134912
0.06634785328060389
0.05777169391512871
0.13127299770712852
0.07296852953732014
0.03352042706683278
0.06069237180054188
0.05961559107527137
0.12800565967336297
0.08987588062882423
0.08453271351754665
0.07894268073141575
0.15856997296214104
0.0993376518599689
0.0783964330330491
0.05155585566535592
0.10451025143265724
0.07874708902090788
0.10323202796280384
0.14500166848301888
0.12522973539307714
0.05894114729017019
0.10439491085708141
0.07586020044982433
0.07312155142426491
0.08139185886830091
0.05457566026598215
0.08090540068224072
0.06073984783142805
0.06291390676051378
0.034972250927239656
0.09392189420759678
0.07501493394374847
0.15723477210849524
0.027769267559051514
0.041750682052224874
0.10489091649651527
0.07355459593236446
0.06429132726043463
0.0637197163887322
0.06673137377947569
0.09012753795832396
0.11879746336489916
0.042932643089443445
0.08718321053311229
0.0810306454077363
0.06151764001697302
0.09217626601457596
0.11341747362166643
0.09296137187629938
0.051891678012907505
0.05195718910545111
0.10684081446379423
0.04670393466949463
0.05431801825761795
0.10407812334597111
0.10220116376876831
0.1087194480933249
0.07047866517677903
0.06053123623132706
0.06626438768580556
0.07596926297992468
0.11339663434773684
0.06530620530247688
0.09337934153154492
0.10925570223480463
0.12426304584369063
0.10510160773992538
0.07185262534767389
0.08232602709904313
0.03621063148602843
0.15901564061641693
0.07385615911334753
0.08815933344885707
0.021852588281035423
0.058991641737520695
0.05974171916022897
0.09190822020173073
0.10499468073248863
0.08417246211320162
0.07846536207944155
0.05601875623688102
0.11417871527373791
0.09903892688453197
0.035629402846097946
0.07601524703204632
0.025985273998230696
0.13464175257831812
0.0925826421007514
0.06787588354200125
0.09048572927713394
0.09058892913162708
0.08768373494967818
0.09376625902950764
0.07839191937819123
0.06104015465825796
0.12399733252823353
0.09002723032608628
0.0659203459508717
0.0846355501562357
0.04717307025566697
0.08845420461148024
0.08093415154144168
0.0557591849938035
0.06564739067107439
0.050378997810184956
0.10963995102792978
0.06674228049814701
0.08643773104995489
0.08782659657299519
0.0643526054918766
0.04528682492673397
0.10168509557843208
0.041569395922124386
0.040978105273097754
0.09996324079111218
0.09663097932934761
0.06855515670031309
0.04225466214120388
0.04876651056110859
0.10219767596572638
0.041012623347342014
0.06947237905114889
0.10659950179979205
0.0699520674534142
0.11264609917998314
0.05532935028895736
0.0568850114941597
0.10369949042797089
0.06396062951534986
0.07817034656181931
0.06958852987736464
0.0926350224763155
0.08048816304653883
0.1083444207906723
0.09332378767430782
0.024016186594963074
0.05133984610438347
0.07492443453520536
0.049826779402792454
0.10846103727817535
0.07437072787433863
0.07699116412550211
0.04766185116022825
0.07131766015663743
0.07811922300606966
0.09708160907030106
0.08333584014326334
0.10908623225986958
0.10315655823796988
0.10761623457074165
0.10523666068911552
0.06687800120562315
0.06436651200056076
0.07421626802533865
0.05937392544001341
0.10884428024291992
0.041881376411765814
0.12894831225275993
0.07584168016910553
0.12832776084542274
0.10968431085348129
0.08254333585500717
0.09402055758982897
0.039356798864901066
0.10171079449355602
0.10970818810164928
0.049305159132927656
0.09912315104156733
0.11709088273346424
0.08342537097632885
0.07841765601187944
0.053867907263338566
0.05676927883177996
0.0607197773642838
0.0875702416524291
0.05985399801284075
0.087130525149405
0.06274858629330993
0.08802866516634822
0.11558664217591286
0.06013917736709118
0.08605801593512297
0.1208420810289681
0.0838337920140475
0.07093459833413363
0.08342399634420872
0.05871074926108122
0.05853857612237334
0.04659260855987668
0.06746389949694276
0.05801522172987461
0.03541434509679675
0.08762708073481917
0.07657132390886545
0.06525107752531767
0.07732668798416853
0.08713212423026562
0.10976449679583311
0.126643730327487
0.10239616129547358
0.06502522062510252
0.06893481034785509
0.10343277081847191
0.09429815132170916
0.04016146343201399
0.052720454055815935
0.09136500395834446
0.08842627611011267
0.12176556419581175
0.11212763376533985
0.052789850160479546
0.09659266099333763
0.053559191059321165
0.06949450727552176
0.127224775031209
0.07822101190686226
0.07458637561649084
0.10712902434170246
0.06016870681196451
0.07814493495970964
0.06289550941437483
0.06305383983999491
0.06449838634580374
0.12351510673761368
0.08379978034645319
0.07239882368594408
0.08004071889445186
0.11214576661586761
0.10267156735062599
0.05971934786066413
0.06837373785674572
0.05492117442190647
0.08728545345366001
0.0995413102209568
0.11552291363477707
0.06393170449882746
0.11618268582969904
0.048696608282625675
0.02265325328335166
0.08345380192622542
0.05603574775159359
0.0570780192501843
0.07335233874619007
0.10616680514067411
0.06329761445522308
0.10368053615093231
0.07471905741840601
0.05031220568343997
0.05586263723671436
0.05342475697398186
0.04577447799965739
0.0474820276722312
0.06418714812025428
0.06090113753452897
0.03754192916676402
0.10014249477535486
0.04459282476454973
0.08348764106631279
0.0702654542401433
0.08750115614384413
0.04048414155840874
0.10306018404662609
0.10915935691446066
0.0277377269230783
0.0718486700206995
0.04470816208049655
0.0568181574344635
0.027623295318335295
0.08604455552995205
0.08651523478329182
0.054844549391418695
0.06366397580131888
0.0698884716257453
0.0325417360290885
0.034163619158789515
0.054982077330350876
0.05090510006994009
0.06876973994076252
0.055600591003894806
0.06580405682325363
0.05951373791322112
0.03531187865883112
0.06660446058958769
0.059897222090512514
0.04378016060218215
0.03599511831998825
0.06615579128265381
0.08538279123604298
0.041531823109835386
0.08203692641109228
0.07785499421879649
0.022544870153069496
0.04029433848336339
0.04489440890029073
0.046203960198909044
0.0797508005052805
0.031136950943619013
0.036358410492539406
0.04040364874526858
0.055041623301804066
0.052008834667503834
0.04284318187274039
0.04714366793632507
0.03214679937809706
0.07093486096709967
0.06610858254134655
0.03766354685649276
0.05229754000902176
0.04207847500219941
0.04089349182322621
0.06498518120497465
0.03855958394706249
0.057077222503721714
0.050715358927845955
0.06236803252249956
0.03249528585001826
0.028681137599051
0.03818346466869116
0.04702947800979018
0.034758977591991425
0.06988002080470324
0.051863047294318676
0.04141546133905649
0.03785248566418886
0.03567376360297203
0.042444358579814434
0.0659273061901331
0.050786081701517105
0.03326562466099858
0.03450925531797111
0.05759890703484416
0.0535361310467124
0.056934830732643604
0.04871628154069185
0.0560936932452023
0.04807805269956589
0.025916354265064
0.04674518667161465
0.03402280481532216
0.04022638639435172
0.042036747094243765
0.023534100968390703
0.030259246472269297
0.037546530831605196
0.0382221220061183
0.036663374630734324
0.06558731105178595
0.04058755747973919
0.04099732497707009
0.041850457433611155
0.044642968103289604
0.040663039311766624
0.031949666794389486
0.038592001888900995
0.032813451718539
0.05701653379946947
0.02765131089836359
0.04428102122619748
0.03761161770671606
0.04903286462649703
0.030005743727087975
0.033651137724518776
0.06658060429617763
0.05154350120574236
0.04599437629804015
0.06662398856133223
0.03500363091006875
0.05014850525185466
0.028197864070534706
0.07628029352054
0.03440862242132425
0.06177353486418724
0.06424932554364204
0.029030740726739168
0.049799061845988035
0.03324155043810606
0.03900409769266844
0.028144176583737135
0.03077771235257387
0.03938265796750784
0.028258695732802153
0.0204783882945776
0.03867232892662287
0.04877891670912504
0.06167954858392477
0.09225281793624163
0.06531089637428522
0.057746848091483116
0.02425559237599373
0.093006806448102
0.04702156409621239
0.03602717351168394
0.05292356200516224
0.04684275295585394
0.047713758423924446
0.026597794145345688
0.04227070603519678
0.08578657079488039
0.04112339485436678
0.06781852478161454
0.029695728793740273
0.09148972947150469
0.03368047159165144
0.028055046685039997
0.060786297544837
0.023484037723392248
0.03603137377649546
0.08951612887904048
0.09135250607505441
0.06324671301990747
0.042089125607162714
0.0701825711876154
0.028774828650057316
0.0414847731590271
0.03863731725141406
0.030216466169804335
0.06089769210666418
0.04641994787380099
0.05823457892984152
0.06140572763979435
0.12796031404286623
0.06550719495862722
0.0797558119520545
0.11583087500184774
0.0585804539732635
0.08577210269868374
0.03795125288888812
0.07276396825909615
0.07971851900219917
0.12046438734978437
0.08073355723172426
0.03524310374632478
0.0324361533857882
0.0838223765604198
0.03986417315900326
0.052281794138252735
0.08620664197951555
0.03838726272806525
0.08287518750876188
0.03368075471371412
0.1639503575861454
0.05031437613070011
0.11260554101318121
0.1297983154654503
0.17627335153520107
0.09645909070968628
0.09093159437179565
0.15311848931014538
0.07730379793792963
0.0835551149211824
0.051453256979584694
0.06156771723181009
0.06526152044534683
0.08557874895632267
0.10901973256841302
0.11611161893233657
0.03234317526221275
0.08587630884721875
0.1505932379513979
0.033603197894990444
0.059107115026563406
0.0865316754207015
0.09020464634522796
0.08785388618707657
0.09153201105073094
0.07906261505559087
0.09087269846349955
0.16402170853689313
0.05488125421106815
0.05187546508386731
0.10404345486313105
0.11524402722716331
0.034832942532375455
0.10538547206670046
0.23245690949261189
0.12289121001958847
0.13269913010299206
0.06531856395304203
0.08805287210270762
0.06364439288154244
0.09982145670801401
0.08677242044359446
0.061886115930974483
0.06749597378075123
0.07413946185261011
0.08141136076301336
0.09490219736471772
0.04845583066344261
0.1097454484552145
0.15955854579806328
0.08965225610882044
0.02843717602081597
0.11143104452639818
0.11461562849581242
0.11189848743379116
0.04491389822214842
0.058593204244971275
0.05737109761685133
0.07940764166414738
0.04276750236749649
0.056584298610687256
0.056139652617275715
0.1328535322099924
0.05163697246462107
0.11076041404157877
0.05039219278842211
0.053883785381913185
0.04598619323223829
0.107012246735394
0.0636387811973691
0.13443718757480383
0.1079405676573515
0.1449184101074934
0.09813491022214293
0.09037814848124981
0.08997939573600888
0.11565150693058968
0.07325907191261649
0.13044898584485054
0.07368793664500117
0.07945346366614103
0.11175948567688465
0.03154341131448746
0.08818319998681545
0.08329125214368105
0.07260815240442753
0.1751637877896428
0.049802254885435104
0.06151773361489177
0.06094243377447128
0.0362599166110158
0.11545882979407907
0.05158557603135705
0.09223700501024723
0.11260081455111504
0.08121313992887735
0.09381932858377695
0.07841640338301659
0.08865330973640084
0.10246202349662781
0.05908214161172509
0.03377032978460193
0.14481093361973763
0.029718863777816296
0.09415043937042356
0.0583777129650116
0.10677279345691204
0.10944037046283484
0.09860272984951735
0.05748164537362754
0.0654555931687355
0.0249082762748003
0.09336575213819742
0.06085747014731169
0.06375651620328426
0.13268016651272774
0.09564726054668427
0.0687070470303297
0.12059382162988186
0.03589986125007272
0.06810254137963057
0.06911125918850303
0.05812801653519273
0.10344346519559622
0.12313687056303024
0.04950470384210348
0.19714864902198315
0.09153359942138195
0.10504814889281988
0.11589362611994147
0.07836394850164652
0.10657853446900845
0.0754429460503161
0.0892710043117404
0.16597479116171598
0.053403252735733986
0.13245464209467173
0.13218620046973228
0.08867800701409578
0.06890140287578106
0.03596955584362149
0.18843785300850868
0.09104005806148052
0.06661986373364925
0.08383122459053993
0.1100059594027698
0.1765779498964548
0.04678718466311693
0.12983468268066645
0.0862348023802042
0.03290950134396553
0.09907013084739447
0.08857734128832817
0.11037286091595888
0.05507109081372619
0.08404118660837412
0.09960994869470596
0.10349180269986391
0.08137194579467177
0.09116288833320141
0.11088927462697029
0.1022739177569747
0.05831316765397787
0.04479290032759309
0.1031774329021573
0.0782797783613205
0.08827999606728554
0.12214706279337406
0.06357081839814782
0.13598333485424519
0.12336236424744129
0.07259339280426502
0.08379984833300114
0.0673621091991663
0.09734410513192415
0.07608110923320055
0.07475270889699459
0.08370622433722019
0.08033465780317783
0.11197613412514329
0.1723056361079216
0.06281896028667688
0.04005103325471282
0.12795746140182018
0.05548492539674044
0.12435879651457071
0.05844921013340354
0.07147895963862538
0.10316675156354904
0.06770128477364779
0.14020386338233948
0.12193934991955757
0.07175398478284478
0.09045511856675148
0.08662483002990484
0.06578352116048336
0.15836432203650475
0.07884949445724487
0.07936855219304562
0.13125153817236423
0.06489060632884502
0.057907701935619116
0.09131361544132233
0.058999400585889816
0.061996296513825655
0.04608236951753497
0.08488823380321264
0.0436180392280221
0.08695073053240776
0.10064378660172224
0.15434664115309715
0.1638310020789504
0.10980738047510386
0.08963918872177601
0.074657142162323
0.08702265098690987
0.11734882416203618
0.13371356530115008
0.09159206785261631
0.03874777723103762
0.044067734852433205
0.06332218088209629
0.04641225188970566
0.06374269351363182
0.06564425863325596
0.07327059283852577
0.0852477578446269
0.05604084022343159
0.10495910188183188
0.05315407272428274
0.08913721330463886
0.09805797319859266
0.07595143583603203
0.12091264501214027
0.09040583577007055
0.04891503229737282
0.1269116848707199
0.07175118383020163
0.0642077000811696
0.1639751959592104
0.07694956846535206
0.06458086520433426
0.07154454849660397
0.07130353711545467
0.110128378495574
0.056147404946386814
0.06942680478096008
0.14221799932420254
0.07603640388697386
0.11317721568048
0.11891851015388966
0.07028762437403202
0.05462339613586664
0.14741023443639278
0.11061343178153038
0.07359691243618727
0.0684897881001234
0.08489309437572956
0.10679677315056324
0.05284095602110028
0.08516255440190434
0.06428430555388331
0.08255296107381582
0.07823722995817661
0.11480382550507784
0.08030775422230363
0.07549129985272884
0.06965784775093198
0.0681915944442153
0.07988444343209267
0.03940131049603224
0.08387293945997953
0.07782343123108149
0.07426506234332919
0.09369463752955198
0.07891199411824346
0.12678428180515766
0.07904823590070009
0.09528747107833624
0.10019662138074636
0.06656514760106802
0.10288752149790525
0.09076699148863554
0.0925423763692379
0.03692710353061557
0.08470186311751604
0.13433057442307472
0.09138342179358006
0.06171269342303276
0.041105793323367834
0.1726958528161049
0.05103476718068123
0.09218812733888626
0.06817102059721947
0.12342600524425507
0.08444247767329216
0.06268730480223894
0.11168707255274057
0.08779025822877884
0.12020208686590195
0.11541958339512348
0.09670409746468067
0.0971987433731556
0.05961106903851032
0.04935382679104805
0.03155725263059139
0.09800862520933151
0.10003820806741714
0.08109074924141169
0.12070354633033276
0.09768104273825884
0.0905297975987196
0.03429172933101654
0.0783101487904787
0.0415777126327157
0.04737720359116793
0.07545886188745499
0.1279229260981083
0.09776269644498825
0.09249119414016604
0.0770152946934104
0.05575630068778992
0.05338217271491885
0.08598779700696468
0.11654726974666119
0.06476765032857656
0.11465505789965391
0.06459093187004328
0.0801036674529314
0.10317363403737545
0.1339412541128695
0.07243610825389624
0.10462218523025513
0.1207943418994546
0.07204404892399907
0.13541307486593723
0.07744852779433131
0.08180175861343741
0.07083192933350801
0.09214053675532341
0.07758541032671928
0.08897280227392912
0.0866272421553731
0.09313185280188918
0.07280143443495035
0.059076531790196896
0.06991785578429699
0.10461379121989012
0.16415430326014757
0.0455634156242013
0.10548734292387962
0.0581120946444571
0.11673506908118725
0.13321292027831078
0.08806479256600142
0.11645187437534332
0.12301579490303993
0.07327979989349842
0.09950820216909051
0.05065644532442093
0.09146934188902378
0.06086045363917947
0.10388211719691753
0.06221673171967268
0.13153577875345945
0.11929151229560375
0.059739597141742706
0.13351451326161623
0.08915278594940901
0.10112868994474411
0.08450263366103172
0.07252294942736626
0.12168380245566368
0.14296568930149078
0.170146856456995
0.13284161686897278
0.04924763040617108
0.04761065822094679
0.08734851609915495
0.11789055448025465
0.08461185498163104
0.12697612773627043
0.14202665071934462
0.10289233829826117
0.05969509994611144
0.10642280243337154
0.09695844957605004
0.1386743988841772
0.09738629311323166
0.10219744220376015
0.14574660919606686
0.10037888493388891
0.11992458207532763
0.10868902038782835
0.10576043277978897
0.1338470745831728
0.14305139519274235
0.1147149633616209
0.08919222932308912
0.07661235192790627
0.10669966833665967
0.13674281351268291
0.1081235446035862
0.10344130732119083
0.08728032279759645
0.13434291817247868
0.11525706294924021
0.10089079849421978
0.17551747523248196
0.07391564920544624
0.11432152288034558
0.12965615838766098
0.09208955569192767
0.11639118194580078
0.09267028095200658
0.1666965577751398
0.09033609740436077
0.08478188794106245
0.07301633013412356
0.08272816799581051
0.10970540065318346
0.12656193459406495
0.09957625158131123
0.10663070110604167
0.09143373277038336
0.1308036930859089
0.0877692075446248
0.09331239480525255
0.08654808532446623
0.12644090317189693
0.10147758387029171
0.0869354335591197
0.17990832030773163
0.15171512961387634
0.12358721764758229
0.08542669378221035
0.16644530929625034
0.09449395630508661
0.03321608994156122
0.16836745105683804
0.06656071823090315
0.07840511668473482
0.06867000833153725
0.19955169968307018
0.13063963130116463
0.1806942280381918
0.09661871939897537
0.16795427538454533
0.11497245635837317
0.14120568335056305
0.08347310032695532
0.15915172919631004
0.1240901555866003
0.15882335416972637
0.1207108274102211
0.09117931500077248
0.13282691687345505
0.14374750945717096
0.13870300445705652
0.2224815934896469
0.09722329676151276
0.0860616029240191
0.11597044253721833
0.07870538718998432
0.08289136923849583
0.11300069559365511
0.14249557442963123
0.10535749606788158
0.08627386391162872
0.0982814198359847
0.0874461131170392
0.09620185196399689
0.10939757525920868
0.09430759400129318
0.09813726041465998
0.11039270646870136
0.10956236813217402
0.07265674136579037
0.16899867728352547
0.131874009501189
0.06732802744954824
0.08362671360373497
0.10200522094964981
0.07792284619063139
0.06958521716296673
0.09177300985902548
0.10751272179186344
0.10683828499168158
0.09168322198092937
0.16497189924120903
0.08839853713288903
0.1172063760459423
0.12370127346366644
0.07437844341620803
0.12176612624898553
0.09938636608421803
0.05833153985440731
0.03683997364714742
0.12701310776174068
0.04381525935605168
0.04078104440122843
0.05648188479244709
0.08331137942150235
0.09294252097606659
0.08217403199523687
0.08130250498652458
0.15142984874546528
0.08752968534827232
0.06960044149309397
0.08377032447606325
0.09467605501413345
0.03684701956808567
0.15177234634757042
0.12460439465939999
0.08616265561431646
0.10282043414190412
0.11989716999232769
0.05365654546767473
0.13934900984168053
0.08921508304774761
0.11955459788441658
0.051871408708393574
0.06537431664764881
0.06397423334419727
0.14212736673653126
0.05535720242187381
0.12583030574023724
0.03517268504947424
0.07233541086316109
0.06281854957342148
0.0994116859510541
0.08268618257716298
0.04498967248946428
0.11995690781623125
0.06038546096533537
0.10227129561826587
0.08671979326754808
0.05289965309202671
0.10307676810771227
0.09645295981317759
0.13939960673451424
0.061999107245355844
0.03827500203624368
0.09275075001642108
0.06148781254887581
0.062477083411067724
0.07060418743640184
0.09352612495422363
0.11115526128560305
0.0428542559966445
0.08835885999724269
0.08327748673036695
0.06245802249759436
0.10654012439772487
0.048704680521041155
0.06611659191548824
0.05877316137775779
0.04831140534952283
0.1171705424785614
0.10218609310686588
0.054672407917678356
0.13212955836206675
0.025177139788866043
0.05709892464801669
0.08928712550550699
0.05337387230247259
0.08222099300473928
0.07935371994972229
0.07730614021420479
0.056602954398840666
0.06631546653807163
0.1384683158248663
0.09546703845262527
0.11495004408061504
0.09815067006275058
0.06792579125612974
0.09576092753559351
0.04500859975814819
0.08894115220755339
0.06337154563516378
0.03126588370651007
0.06603814847767353
0.11938351858407259
0.04415530199185014
0.1333639919757843
0.17984387651085854
0.07416173117235303
0.05170049425214529
0.07204861007630825
0.08390472596511245
0.07054642820730805
0.039206604938954115
0.07789578102529049
0.04573967261239886
0.06976671377196908
0.04007357079535723
0.07038586912676692
0.057340594474226236
0.05262817954644561
0.0766036156564951
0.10950228851288557
0.06129901297390461
0.0816417490132153
0.03329212358221412
0.03345640120096505
0.06285679014399648
0.03206224599853158
0.1057136096060276
0.0984328892081976
0.06368868984282017
0.029145771404728293
0.05396989709697664
0.09475063346326351
0.09809228498488665
0.08088759891688824
0.0740575110539794
0.019972363952547312
0.06711424514651299
0.054209708236157894
0.08602846413850784
0.06200234265998006
0.09597953595221043
0.06887549627572298
0.027947284281253815
0.04552210075780749
0.08963937219232321
0.11700844299048185
0.15049134753644466
0.10408797301352024
0.13898825040087104
0.03586306842043996
0.07761587854474783
0.10672987997531891
0.08698791777715087
0.08764080936089158
0.0843682810664177
0.07606293633580208
0.09417437668889761
0.055712958332151175
0.06314620282500982
0.07580291060730815
0.042610741686075926
0.09245498478412628
0.05008070869371295
0.057441036216914654
0.07898850226774812
0.10180309554561973
0.09732620371505618
0.08823368139564991
0.13105345144867897
0.05098591651767492
0.07287206593900919
0.08601288357749581
0.059720590244978666
0.0552472248673439
0.07233864348381758
0.060155405197292566
0.06687043467536569
0.06629265286028385
0.1416368531063199
0.06293417233973742
0.056711872573941946
0.048634531907737255
0.06770344125106931
0.12450955249369144
0.06260928604751825
0.09360917937010527
0.051469000056385994
0.03826924180611968
0.06357374601066113
0.06264657014980912
0.11824319697916508
0.07917202264070511
0.06183279724791646
0.05118357762694359
0.05623884731903672
0.04094020929187536
0.051309950184077024
0.06554646790027618
0.09533938579261303
0.048658310901373625
0.06553404498845339
0.07083490584045649
0.07176944753155112
0.08064315468072891
0.09313970641233027
0.10624730726704001
0.056275526992976665
0.107445253059268
0.08319247141480446
0.043463459238409996
0.08652876457199454
0.12606284581124783
0.10291814524680376
0.053058556746691465
0.07033521914854646
0.034433573950082064
0.021084145409986377
0.026922216173261404
0.04609779827296734
0.09474031021818519
0.04205349553376436
0.0950215058401227
0.07150098029524088
0.06419831421226263
0.05064513720571995
0.08084655227139592
0.0445444080978632
0.06588640389963984
0.08362198248505592
0.05897598946467042
0.08278549090027809
0.023681783117353916
0.09419035585597157
0.06952480133622885
0.05173010611906648
0.07881451351568103
0.05995078175328672
0.10213257884606719
0.06028470117598772
0.055434548296034336
0.12264674482867122
0.0904961982741952
0.08398614497855306
0.0791449910029769
0.060245538130402565
0.10394317097961903
0.04508482199162245
0.0950773460790515
0.05020814063027501
0.02858066838234663
0.07071736548095942
0.048576424829661846
0.04385551391169429
0.046849922742694616
0.07687802519649267
0.1328780259937048
0.06817996129393578
0.08164742030203342
0.08860101969912648
0.08237193198874593
0.053889799397438765
0.0883883386850357
0.08517146576195955
0.05188903817906976
0.04971558693796396
0.017733767395839095
0.08804155117832124
0.02933269669301808
0.04790049325674772
0.08059281203895807
0.09490048233419657
0.07629497116431594
0.027338162064552307
0.07382543152198195
0.08623630739748478
0.025871572783216834
0.07376962737180293
0.017758395057171583
0.0434039318934083
0.04676469974219799
0.03778000897727907
0.06686624232679605
0.07156293466687202
0.02918617450632155
0.049247002229094505
0.07762013515457511
0.04999313876032829
0.07305212854407728
0.10390475951135159
0.046999673591926694
0.060730776749551296
0.07017220836132765
0.09588976250961423
0.04831476183608174
0.07505291374400258
0.10926224291324615
0.05793356616050005
0.08793835528194904
0.04109065467491746
0.08088600402697921
0.06389002129435539
0.11313636437989771
0.030679640360176563
0.03322796477004886
0.1671813167631626
0.07925022067502141
0.08159353397786617
0.027103603817522526
0.06911609973758459
0.06008296785876155
0.0687427669763565
0.03671100037172437
0.08266189927235246
0.05196667253039777
0.04500232823193073
0.09883196512237191
0.026629138737916946
0.05004388769157231
0.0699061444029212
0.04418174223974347
0.0514886574819684
0.04444244131445885
0.03970034187659621
0.046373681630939245
0.03059707721695304
0.0653778244741261
0.05796491354703903
0.055357538629323244
0.027834031730890274
0.0398458659183234
0.06811714451760054
0.02200260735116899
0.08878144342452288
0.03671546932309866
0.02683855197392404
0.017063521081581712
0.021933031734079123
0.08306330814957619
0.06231129076331854
0.03976330137811601
0.0419627798255533
0.028203515335917473
0.10269354237243533
0.024264431791380048
0.06426046974956989
0.06778774037957191
0.08635295322164893
0.052622041665017605
0.06004724372178316
0.06637169467285275
0.02076907269656658
0.025493234861642122
0.04767100978642702
0.03474633954465389
0.018328927690163255
0.06330040190368891
0.04419608460739255
0.11017905361950397
0.030524203553795815
0.025950791547074914
0.062257010489702225
0.021179237635806203
0.02910578460432589
0.073872494045645
0.03317998768761754
0.025307711213827133
0.020655228290706873
0.05406913626939058
0.023242658702656627
0.029113515745848417
0.019795925822108984
0.07955932524055243
