None
None
None
None
None
None
None
None
None
None
None
None
None
None
None
None
None
None
None
None
None
None
None
None
None
None
None
None
None
None
None
None
None
None
None
None
None
None
None
None
None
None
None
None
None
None
None
None
None
None
None
None
None
None
None
None
None
None
None
None
None
None
None
None
None
None
None
14.284287452697754
14.2828950881958
14.281611442565918
14.280348777770996
14.279044151306152
14.27771282196045
14.276350975036621
14.274959564208984
14.273540496826172
14.272104263305664
14.270668983459473
14.269255638122559
14.267868041992188
14.266585350036621
14.265439987182617
14.264432907104492
14.263657569885254
14.263127326965332
14.26270580291748
14.262453079223633
14.262276649475098
14.262175559997559
14.262141227722168
14.262198448181152
14.262392044067383
14.26265811920166
14.263038635253906
14.263494491577148
14.26398754119873
14.264552116394043
14.26516056060791
14.26585865020752
14.266603469848633
14.267422676086426
14.268314361572266
14.269269943237305
14.270262718200684
14.27127742767334
14.272329330444336
14.273441314697266
14.274605751037598
14.275823593139648
14.27708911895752
14.278427124023438
14.279841423034668
14.281338691711426
14.282983779907227
14.284748077392578
14.28662395477295
14.288569450378418
14.290520668029785
14.292449951171875
14.294323921203613
14.296171188354492
14.298018455505371
14.299846649169922
14.301694869995117
14.303572654724121
14.305537223815918
14.307604789733887
14.309754371643066
14.311958312988281
14.314203262329102
14.316473007202148
14.318763732910156
14.321061134338379
14.323375701904297
14.325705528259277
14.328042030334473
14.330378532409668
14.33271598815918
14.335062980651855
14.337401390075684
14.339736938476562
14.342074394226074
14.344396591186523
14.346715927124023
14.349024772644043
14.351310729980469
14.353589057922363
14.355864524841309
14.358134269714355
14.360391616821289
14.362640380859375
14.364863395690918
14.36706829071045
14.369261741638184
14.37143325805664
14.373581886291504
14.375720977783203
14.377845764160156
14.379961013793945
14.382072448730469
14.384161949157715
14.386236190795898
14.388283729553223
14.390331268310547
14.392367362976074
14.394392013549805
14.39640998840332
14.398420333862305
14.400425910949707
14.402438163757324
14.40441608428955
14.406380653381348
14.4083251953125
14.410245895385742
14.412135124206543
14.413970947265625
14.415777206420898
14.417548179626465
14.419260025024414
14.420955657958984
14.422629356384277
14.424297332763672
14.425948143005371
14.427581787109375
14.429195404052734
14.430802345275879
14.432443618774414
14.43409538269043
14.43575668334961
14.437419891357422
14.439075469970703
14.4407320022583
14.442384719848633
14.444005966186523
14.445590019226074
14.447102546691895
14.448590278625488
14.450068473815918
14.451560974121094
14.453021049499512
14.454506874084473
14.456033706665039
14.4575834274292
14.459141731262207
14.460728645324707
14.4623384475708
14.463949203491211
14.46554183959961
14.467107772827148
14.468639373779297
14.470129013061523
14.471561431884766
14.472930908203125
14.474239349365234
14.475502014160156
14.476719856262207
14.477911949157715
14.479057312011719
14.480173110961914
14.481273651123047
14.482368469238281
14.483434677124023
14.484481811523438
14.485513687133789
14.486533164978027
14.487534523010254
14.48852252960205
14.489489555358887
14.490436553955078
14.491357803344727
14.492250442504883
14.493117332458496
14.4939603805542
14.494775772094727
14.495567321777344
14.496334075927734
14.497081756591797
14.497811317443848
14.498530387878418
14.499234199523926
14.499929428100586
14.50062084197998
14.501298904418945
14.501969337463379
14.502634048461914
14.503297805786133
14.50394344329834
14.504587173461914
14.505219459533691
14.505842208862305
14.506462097167969
14.507073402404785
14.507678031921387
14.50827407836914
14.508857727050781
14.509435653686523
14.510003089904785
14.510567665100098
14.511120796203613
14.511663436889648
14.512197494506836
14.51272201538086
14.513248443603516
14.513772010803223
14.514293670654297
14.514820098876953
14.515353202819824
14.515883445739746
14.516411781311035
14.516938209533691
14.517457962036133
14.517962455749512
14.518457412719727
14.518936157226562
14.51940631866455
14.51987075805664
14.520330429077148
14.520787239074707
14.521247863769531
14.52170467376709
14.522162437438965
14.522619247436523
14.523065567016602
14.523508071899414
14.523941993713379
14.524371147155762
14.52479076385498
14.525197982788086
14.52560806274414
14.526008605957031
14.526411056518555
14.526808738708496
14.527204513549805
14.527599334716797
14.527990341186523
14.528374671936035
14.528752326965332
14.529122352600098
14.529489517211914
14.529850006103516
14.530200958251953
14.530546188354492
14.530889511108398
14.531232833862305
14.531571388244629
14.531914710998535
14.532258033752441
14.532597541809082
14.532943725585938
14.53328800201416
14.53361988067627
14.533949851989746
14.534271240234375
14.534590721130371
14.53490161895752
14.5352144241333
14.535526275634766
14.535837173461914
14.53614616394043
14.53645133972168
14.536763191223145
14.537077903747559
14.537394523620605
14.537712097167969
14.53803539276123
14.538357734680176
14.538673400878906
14.538984298706055
14.539289474487305
14.539590835571289
14.53989315032959
14.540201187133789
14.540506362915039
14.540811538696289
14.541116714477539
14.541415214538574
14.541709899902344
14.541997909545898
14.542284965515137
14.542572975158691
14.54284954071045
14.543124198913574
14.543397903442383
14.543671607971191
14.54394245147705
14.544212341308594
14.544483184814453
14.544747352600098
14.545010566711426
14.545269966125488
14.545527458190918
14.545781135559082
14.546026229858398
14.546276092529297
14.546529769897461
14.546782493591309
14.547036170959473
14.547289848327637
14.547545433044434
14.547791481018066
14.54803466796875
14.548274040222168
14.54850959777832
14.548746109008789
14.548985481262207
14.549224853515625
14.549460411071777
14.549703598022461
14.549945831298828
14.550192832946777
14.550435066223145
14.550674438476562
14.550909996032715
14.551146507263184
14.551383018493652
14.551618576049805
14.551850318908691
14.552083015441895
14.552312850952148
14.552536964416504
14.552762985229492
14.552988052368164
14.553217887878418
14.55344295501709
14.553668975830078
14.553894996643066
14.554116249084473
14.554342269897461
14.554571151733398
14.554800987243652
14.555025100708008
14.555251121520996
14.555472373962402
14.555691719055176
14.55591106414795
14.55612564086914
14.556337356567383
14.55654525756836
14.556764602661133
14.556983947753906
14.557201385498047
14.557419776916504
14.557639122009277
14.557857513427734
14.558075904846191
14.5582914352417
14.55850601196289
14.558717727661133
14.558926582336426
14.559131622314453
14.559340476989746
14.559552192687988
14.55976390838623
14.559978485107422
14.560187339782715
14.560395240783691
14.560603141784668
14.560811042785645
14.561016082763672
14.561222076416016
14.561422348022461
14.561617851257324
14.561807632446289
14.562002182006836
14.562196731567383
14.56239128112793
14.562592506408691
14.56279468536377
14.562994956970215
14.563203811645508
14.563411712646484
14.563619613647461
14.563825607299805
14.564030647277832
14.564228057861328
14.56442642211914
14.564623832702637
14.56482219696045
14.56501579284668
14.565211296081543
14.565407752990723
14.565603256225586
14.565794944763184
14.565984725952148
14.56617259979248
14.566360473632812
14.566548347473145
14.566736221313477
14.566922187805176
14.567110061645508
14.56729793548584
14.567481994628906
14.567666053771973
14.567853927612305
14.56804084777832
14.568228721618652
14.568416595458984
14.568603515625
14.568795204162598
14.568982124328613
14.56916618347168
14.569350242614746
14.569538116455078
14.56972599029541
14.569917678833008
14.570103645324707
14.570287704467773
14.570472717285156
14.570652961730957
14.570837020874023
14.57101821899414
14.571198463439941
14.571378707885742
14.57155990600586
14.57174015045166
14.571918487548828
14.57209587097168
14.57226848602295
14.57243824005127
14.572606086730957
14.572775840759277
14.572946548461914
14.573112487792969
14.57327651977539
14.57343578338623
14.573596000671387
14.573756217956543
14.5739164352417
14.574074745178223
14.574238777160645
14.5743989944458
14.57455825805664
14.574714660644531
14.574874877929688
14.575031280517578
14.575187683105469
14.57534122467041
14.575493812561035
14.57564640045166
14.575801849365234
14.575955390930176
14.5761079788208
14.576264381408691
14.576417922973633
14.576566696166992
14.576716423034668
14.576865196228027
14.577018737792969
14.577165603637695
14.577315330505371
14.577460289001465
14.577606201171875
14.57775592803955
14.577901840209961
14.578046798706055
14.578194618225098
14.578343391418457
14.578493118286133
14.578639030456543
14.578783988952637
14.578929901123047
14.579073905944824
14.579216003417969
14.579361915588379
14.579504013061523
14.579643249511719
14.579781532287598
14.57992172241211
14.580056190490723
14.580192565917969
14.580330848693848
14.580467224121094
14.580602645874023
14.580738067626953
14.580873489379883
14.580998420715332
14.581124305725098
14.581249237060547
14.581374168395996
14.581500053405762
14.58162784576416
14.58175277709961
14.581881523132324
14.582011222839355
14.58213996887207
14.582263946533203
14.582388877868652
14.582514762878418
14.582639694213867
14.582764625549316
14.582890510559082
14.583015441894531
14.583141326904297
14.58326530456543
14.583394050598145
14.58352279663086
14.58365535736084
14.583786964416504
14.583919525146484
14.584054946899414
14.584187507629395
14.584320068359375
14.584446907043457
14.584576606750488
14.584701538085938
14.584827423095703
14.584948539733887
14.585070610046387
14.585195541381836
14.585321426391602
14.585442543029785
14.585564613342285
14.585686683654785
14.585810661315918
14.585935592651367
14.586064338684082
14.586194038391113
14.586322784423828
14.586454391479492
14.586583137512207
14.586711883544922
14.586840629577637
14.586968421936035
14.58709716796875
14.587223052978516
14.587345123291016
14.587462425231934
14.587576866149902
14.587695121765137
14.587813377380371
14.587935447692871
14.588064193725586
14.588190078735352
14.588311195373535
14.588433265686035
14.588555335998535
14.588676452636719
14.588798522949219
14.588920593261719
14.589041709899902
14.589167594909668
14.589288711547852
14.589414596557617
14.589543342590332
14.58967113494873
14.589797019958496
14.589925765991211
14.590054512023926
14.590180397033691
14.590304374694824
14.590425491333008
14.590545654296875
14.590662956237793
14.590781211853027
14.590895652770996
14.591011047363281
14.59112548828125
14.591243743896484
14.59135913848877
14.591473579406738
14.591580390930176
14.591686248779297
14.591793060302734
14.591897964477539
14.591999053955078
14.5920991897583
14.59219741821289
14.592294692993164
14.592389106750488
14.592482566833496
14.59257698059082
14.592669486999512
14.592763900756836
14.59286117553711
14.5929594039917
14.593056678771973
14.593154907226562
14.59325122833252
14.593344688415527
14.593439102172852
14.593533515930176
14.593623161315918
14.593717575073242
14.5938081741333
14.59389877319336
14.593992233276367
14.594086647033691
14.594181060791016
14.594274520874023
14.59437084197998
14.59446907043457
14.594566345214844
14.594660758972168
14.594751358032227
14.594841957092285
14.594931602478027
14.595022201538086
14.595112800598145
14.595207214355469
14.595300674438477
14.595391273498535
14.595481872558594
14.595572471618652
14.595663070678711
14.595756530761719
14.595850944519043
14.595941543579102
14.59603500366211
14.596132278442383
14.596229553222656
14.59632396697998
14.596417427062988
14.596511840820312
14.596606254577637
14.596699714660645
14.596790313720703
14.596877098083496
14.596963882446289
14.597047805786133
14.597131729125977
14.597214698791504
14.597301483154297
14.59738826751709
14.597478866577148
14.597565650939941
14.597652435302734
14.597743034362793
14.597831726074219
14.597928047180176
14.59802532196045
14.598123550415039
14.598224639892578
14.5983247756958
14.598429679870605
14.598529815673828
14.598634719848633
14.598739624023438
14.59883975982666
14.5989408493042
14.599045753479004
14.599143028259277
14.59924030303955
14.59933853149414
14.599431991577148
14.599530220031738
14.599630355834961
14.5997314453125
14.599832534790039
14.599932670593262
14.600030899047852
14.600128173828125
14.600225448608398
14.600319862365723
14.60041332244873
14.600510597229004
14.600605010986328
14.600695610046387
14.600786209106445
14.600883483886719
14.600977897644043
14.601068496704102
14.601158142089844
14.601252555847168
14.601339340209961
14.60142993927002
14.601516723632812
14.60159969329834
14.6016845703125
14.601771354675293
14.601858139038086
14.601944923400879
14.602031707763672
14.602118492126465
14.602206230163574
14.602293968200684
14.602376937866211
14.602457046508789
14.602540016174316
14.602624893188477
14.60271167755127
14.602798461914062
14.602885246276855
14.602975845336914
14.603066444396973
14.603157043457031
14.603243827819824
14.603334426879883
14.603421211242676
14.60350513458252
14.603585243225098
14.60366439819336
14.60374927520752
14.603832244873047
14.603912353515625
14.603996276855469
14.604076385498047
14.604159355163574
14.604236602783203
14.604312896728516
14.604390144348145
14.60446548461914
14.60454273223877
14.604619026184082
14.60469913482666
14.604779243469238
14.60485553741455
14.604936599731445
14.605015754699707
14.60509204864502
14.605169296264648
14.605245590209961
14.60532283782959
14.605399131774902
14.605472564697266
14.605545997619629
14.605618476867676
14.605695724487305
14.605772018432617
14.605851173400879
14.605932235717773
14.606008529663086
14.606085777282715
14.606161117553711
14.60623836517334
14.606310844421387
14.60638427734375
14.606460571289062
14.606537818908691
14.606614112854004
14.606691360473633
14.60676383972168
14.606837272644043
14.606913566589355
14.60699462890625
14.607073783874512
14.607154846191406
14.607231140136719
14.607304573059082
14.607377052307129
14.607450485229492
14.607522964477539
14.607596397399902
14.607669830322266
14.607739448547363
14.607809066772461
14.607878684997559
14.607951164245605
14.608024597167969
14.608098983764648
14.608163833618164
14.608233451843262
14.608304023742676
14.608380317687988
14.608457565307617
14.608532905578613
14.608610153198242
14.608686447143555
14.60876750946045
14.608843803405762
14.608919143676758
14.609000205993652
14.60908031463623
14.60915756225586
14.609236717224121
14.60931396484375
14.609390258789062
14.60945987701416
14.609529495239258
14.609599113464355
14.609668731689453
14.609739303588867
14.609807968139648
14.609877586364746
14.60994815826416
14.610016822814941
14.61008358001709
14.610149383544922
14.61021614074707
14.610282897949219
14.610344886779785
14.610407829284668
14.610469818115234
14.610529899597168
14.610591888427734
14.610661506652832
14.61073112487793
14.610803604125977
14.610877990722656
14.610955238342285
14.611027717590332
14.611101150512695
14.611169815063477
14.611239433288574
14.611306190490723
14.611372947692871
14.611438751220703
14.611504554748535
14.611566543579102
14.611629486083984
14.611688613891602
14.611747741699219
14.611806869506836
14.611867904663086
14.611923217773438
14.611978530883789
14.612030982971191
14.612082481384277
14.612139701843262
14.612198829650879
14.612260818481445
14.612323760986328
14.61238956451416
14.612455368041992
14.612525939941406
14.612595558166504
14.612664222717285
14.6127347946167
14.612800598144531
14.61286735534668
14.612930297851562
14.612985610961914
14.613040924072266
14.613093376159668
14.613144874572754
14.613205909729004
14.613265037536621
14.613324165344238
14.613386154174805
14.613451957702637
14.613517761230469
14.613588333129883
14.61365795135498
14.613720893859863
14.613786697387695
14.613852500915527
14.613919258117676
14.613985061645508
14.614051818847656
14.614120483398438
14.614187240600586
14.614250183105469
14.614309310913086
14.614368438720703
14.614423751831055
14.614480972290039
14.614532470703125
14.614583969116211
14.614633560180664
14.614678382873535
14.614724159240723
14.614776611328125
14.614831924438477
14.614887237548828
14.614943504333496
14.614998817443848
14.615055084228516
14.615114212036133
14.6151704788208
14.615221977233887
14.615274429321289
14.615326881408691
14.61538314819336
14.615438461303711
14.615497589111328
14.615556716918945
14.615615844726562
14.61567497253418
14.615734100341797
14.615789413452148
14.615842819213867
14.615894317626953
14.615950584411621
14.616005897521973
14.61606216430664
14.616114616394043
14.61616325378418
14.616209030151367
14.616250038146973
14.616291999816895
14.616333961486816
14.616372108459473
14.616414070129395
14.616453170776367
14.616494178771973
14.61653995513916
14.616584777832031
14.616630554199219
14.616678237915039
14.616731643676758
14.616780281066895
14.616827964782715
14.616873741149902
14.616915702819824
14.616957664489746
14.616995811462402
14.61703109741211
14.61706829071045
14.617107391357422
14.617145538330078
14.617180824279785
14.617212295532227
14.617243766784668
14.617279052734375
14.617308616638184
14.617340087890625
14.617369651794434
14.61739730834961
14.617424964904785
14.617452621459961
14.617487907409668
14.61751937866211
14.617552757263184
14.61758804321289
14.617623329162598
14.617657661437988
14.617692947387695
14.617732048034668
14.617769241333008
14.617804527282715
14.617842674255371
14.617877960205078
14.61791706085205
14.617958068847656
14.618000030517578
14.618038177490234
14.618083000183105
14.618128776550293
14.618169784545898
14.618216514587402
14.618257522583008
14.61829948425293
14.618338584899902
14.618375778198242
14.618410110473633
14.618456840515137
14.618497848510742
14.618535995483398
14.618578910827637
14.618619918823242
14.618661880493164
14.618703842163086
14.618741989135742
14.618780136108398
14.618819236755371
14.618857383728027
14.618894577026367
14.61893367767334
14.618971824645996
14.619010925292969
14.619044303894043
14.61907958984375
14.619118690490723
14.619156837463379
14.619194984436035
14.619233131408691
14.619272232055664
14.619306564331055
14.619341850280762
14.619373321533203
14.619404792785645
14.619436264038086
14.619463920593262
14.619491577148438
14.619519233703613
14.61954402923584
14.619564056396484
14.619589805603027
14.619609832763672
14.619634628295898
14.619658470153809
14.619682312011719
14.619708061218262
14.619735717773438
14.619763374328613
14.619791030883789
14.619818687438965
14.619850158691406
14.619889259338379
14.619924545288086
14.61995792388916
14.619997024536133
14.620035171508789
14.620074272155762
14.620111465454102
14.620146751403809
14.620184898376465
14.620223999023438
14.620259284973145
14.620292663574219
14.620327949523926
14.620362281799316
14.620397567749023
14.620429039001465
14.620460510253906
14.620491981506348
14.620519638061523
14.6205472946167
14.620572090148926
14.620595932006836
14.620621681213379
14.620649337768555
14.62067699432373
14.62070083618164
14.620728492736816
14.620756149291992
14.620783805847168
14.62081241607666
14.620840072631836
14.620867729187012
14.620899200439453
14.620930671691895
14.620962142944336
14.620993614196777
14.621021270751953
14.621049880981445
14.621074676513672
14.621102333068848
14.621129989624023
14.6211576461792
14.621185302734375
14.621209144592285
14.621237754821777
14.621265411376953
14.621293067932129
14.621321678161621
14.621353149414062
14.621384620666504
14.62141227722168
14.621437072753906
14.621460914611816
14.621480941772461
14.621502876281738
14.621527671813965
14.62155532836914
14.62157917022705
14.621603012084961
14.621627807617188
14.621652603149414
14.62167739868164
14.621705055236816
14.621728897094727
14.621756553649902
14.621784210205078
14.62181282043457
14.621837615966797
14.621858596801758
14.621882438659668
14.621910095214844
14.62193489074707
14.621959686279297
14.621984481811523
14.622008323669434
14.622028350830078
14.622050285339355
14.622075080871582
14.622095108032227
14.622116088867188
14.622137069702148
14.62215805053711
14.622176170349121
14.62218952178955
14.622203826904297
14.622220993041992
14.622235298156738
14.622244834899902
14.6222562789917
14.622262954711914
14.622272491455078
14.622283935546875
14.62229061126709
14.622297286987305
14.622307777404785
14.622318267822266
14.622328758239746
14.622343063354492
14.622353553771973
14.622366905212402
14.622377395629883
14.622385025024414
14.62238883972168
14.622394561767578
14.622398376464844
14.62240219116211
14.622406005859375
14.622408866882324
14.62241268157959
14.622419357299805
14.62242603302002
14.62243366241455
14.622440338134766
14.622447967529297
14.622453689575195
14.622461318969727
14.622471809387207
14.622479438781738
14.622485160827637
14.622492790222168
14.622503280639648
14.622512817382812
14.62252426147461
14.622530937194824
14.62253475189209
14.622538566589355
14.622538566589355
14.622541427612305
14.622541427612305
14.622541427612305
14.622541427612305
14.622541427612305
14.622544288635254
14.62254810333252
14.62255573272705
14.622562408447266
14.622570037841797
14.622572898864746
14.622575759887695
14.622579574584961
14.622583389282227
14.622583389282227
14.622587203979492
14.622591018676758
14.622601509094238
14.622611045837402
14.622621536254883
14.622632026672363
14.622642517089844
14.622653007507324
14.622663497924805
14.622673988342285
14.622684478759766
14.622697830200195
14.622712135314941
14.622723579406738
14.622729301452637
14.622740745544434
14.622751235961914
14.622756958007812
14.62276840209961
14.62277889251709
14.622785568237305
14.62279224395752
14.62279987335205
14.622810363769531
14.622819900512695
14.622827529907227
14.622834205627441
14.622841835021973
14.622847557067871
14.622851371765137
14.622855186462402
14.622855186462402
14.622855186462402
14.622855186462402
14.622851371765137
14.622847557067871
14.622844696044922
14.622844696044922
14.622841835021973
14.622834205627441
14.622831344604492
14.622827529907227
14.622827529907227
14.622823715209961
14.622819900512695
14.62281608581543
14.622810363769531
14.622803688049316
14.62279987335205
14.622796058654785
14.622796058654785
14.622796058654785
14.622796058654785
14.622796058654785
14.622796058654785
14.622796058654785
14.622803688049316
14.622810363769531
14.62281608581543
14.622831344604492
14.622844696044922
14.622855186462402
14.622869491577148
14.622882843017578
14.622894287109375
14.622904777526855
14.62291431427002
14.6229248046875
14.622936248779297
14.622941970825195
14.622945785522461
14.622949600219727
14.622949600219727
14.622945785522461
14.622941970825195
14.622936248779297
14.6229248046875
14.62292194366455
14.62292194366455
14.622918128967285
14.62291431427002
14.622906684875488
14.622904777526855
14.622897148132324
14.62289047241211
14.622886657714844
14.622882843017578
14.622879028320312
14.622879028320312
14.622876167297363
14.622869491577148
14.622869491577148
14.622869491577148
14.622873306274414
14.622873306274414
14.622876167297363
14.622879028320312
14.622882843017578
14.622886657714844
14.62289047241211
14.622894287109375
14.622904777526855
14.622910499572754
14.622918128967285
14.62292194366455
14.622928619384766
14.622928619384766
14.622928619384766
14.622932434082031
14.62293815612793
14.622945785522461
14.622949600219727
14.622953414916992
14.622956275939941
14.622960090637207
14.622963905334473
14.622969627380371
14.622981071472168
14.622987747192383
14.622991561889648
14.622991561889648
14.622991561889648
14.622995376586914
14.623001098632812
14.623008728027344
14.62302303314209
14.623032569885254
14.623040199279785
14.623050689697266
14.62306022644043
14.623075485229492
14.623082160949707
14.623088836669922
14.623095512390137
14.623099327087402
14.623103141784668
14.623106956481934
14.623109817504883
14.623109817504883
14.623113632202148
14.623117446899414
14.623117446899414
14.623119354248047
14.623119354248047
14.623123168945312
14.623126983642578
14.623130798339844
14.623130798339844
14.623137474060059
14.623148918151855
14.62315845489502
14.62316608428955
14.6231689453125
14.623172760009766
14.623172760009766
14.623172760009766
14.623176574707031
14.623176574707031
14.62317943572998
14.62318229675293
14.623189926147461
14.623189926147461
14.623193740844727
14.623197555541992
14.623204231262207
14.623208045959473
14.623209953308105
14.623209953308105
14.623209953308105
14.623208045959473
14.623204231262207
14.623197555541992
14.623189926147461
14.62317943572998
14.6231689453125
14.6231689453125
14.62316608428955
14.623162269592285
14.62315845489502
14.623150825500488
14.623141288757324
14.62313461303711
14.623130798339844
14.623126983642578
14.623123168945312
14.623119354248047
14.623123168945312
14.623123168945312
14.623123168945312
14.623119354248047
14.623119354248047
14.623123168945312
14.623126983642578
14.623126983642578
14.623130798339844
14.623130798339844
14.623126983642578
14.623123168945312
14.623117446899414
14.623106956481934
14.623095512390137
14.623085975646973
14.623075485229492
14.623064041137695
14.623058319091797
14.623046875
14.62303638458252
14.623026847839355
14.623016357421875
14.623001098632812
14.622987747192383
14.622973442077637
14.622960090637207
14.622945785522461
14.62293815612793
14.622932434082031
14.622928619384766
14.622928619384766
14.622928619384766
14.622928619384766
14.622928619384766
14.622928619384766
14.622928619384766
14.6229248046875
14.62292194366455
14.62291431427002
14.62290096282959
14.622886657714844
14.622876167297363
14.622865676879883
14.622855186462402
14.622841835021973
14.622823715209961
14.622810363769531
14.622796058654785
14.622782707214355
14.62276840209961
14.622754096984863
14.622743606567383
14.622729301452637
14.622715950012207
14.622705459594727
14.622692108154297
14.622681617736816
14.62267017364502
14.622663497924805
14.622660636901855
14.62265682220459
14.622650146484375
14.622642517089844
14.622632026672363
14.622621536254883
14.622614860534668
14.622614860534668
14.622611045837402
14.622607231140137
14.622603416442871
14.622593879699707
14.622579574584961
14.622562408447266
14.622541427612305
14.62252426147461
14.622507095336914
14.622488975524902
14.622471809387207
14.622453689575195
14.622444152832031
14.622437477111816
14.62242603302002
14.622416496276855
14.622398376464844
14.622377395629883
14.622363090515137
14.622346878051758
14.622325897216797
14.622307777404785
14.622286796569824
14.622268676757812
14.622248649597168
14.622227668762207
14.622203826904297
14.62218189239502
14.622161865234375
14.62214469909668
14.622122764587402
14.622098922729492
14.622075080871582
14.622050285339355
14.622028350830078
14.622008323669434
14.621980667114258
14.621953010559082
14.62192440032959
14.621906280517578
14.621886253356934
14.621865272521973
14.621850967407227
14.621837615966797
14.621819496154785
14.62180233001709
14.621781349182129
14.621764183044434
14.621747016906738
14.621722221374512
14.62169361114502
14.621663093566895
14.621631622314453
14.621603012084961
14.621575355529785
14.62154769897461
14.6215238571167
14.621499061584473
14.621471405029297
14.621443748474121
14.621418952941895
14.621390342712402
14.621359825134277
14.621328353881836
14.621296882629395
14.621262550354004
14.621227264404297
14.621192932128906
14.621153831481934
14.621115684509277
14.62108039855957
14.62104606628418
14.621007919311523
14.62096881866455
14.620927810668945
14.620889663696289
14.620850563049316
14.620808601379395
14.620767593383789
14.62072467803955
14.620683670043945
14.620645523071289
14.620610237121582
14.62057876586914
14.6205472946167
14.620523452758789
14.620491981506348
14.620460510253906
14.620429039001465
14.620397567749023
14.620362281799316
14.62032413482666
14.62028694152832
14.620241165161133
14.620196342468262
14.620149612426758
14.620098114013672
14.620046615600586
14.619985580444336
14.619924545288086
14.619853973388672
14.619780540466309
14.619717597961426
14.619648933410645
14.61956787109375
14.619487762451172
14.619414329528809
14.619341850280762
14.619264602661133
14.61917781829834
14.619087219238281
14.618988990783691
14.618891716003418
14.61878776550293
14.618681907653809
14.61856746673584
14.618456840515137
14.618334770202637
14.618208885192871
14.61807632446289
14.617944717407227
14.61780071258545
14.617650985717773
14.617493629455566
14.617340087890625
14.617180824279785
14.617016792297363
14.616846084594727
14.616671562194824
14.616504669189453
14.616347312927246
14.616201400756836
14.616037368774414
14.615874290466309
14.615710258483887
14.615549087524414
14.615375518798828
14.615208625793457
14.615052223205566
14.61490535736084
14.614755630493164
14.614556312561035
14.614351272583008
14.614128112792969
14.613866806030273
14.613598823547363
14.613285064697266
14.612915992736816
14.612510681152344
14.612027168273926
14.611536026000977
14.611030578613281
14.610413551330566
14.609689712524414
14.608899116516113
14.607895851135254
14.606858253479004
14.605834007263184
14.6048002243042
14.603508949279785
14.602094650268555
14.600611686706543
14.59909439086914
14.597611427307129
14.596519470214844
14.595840454101562
14.59536361694336
14.594987869262695
14.594664573669434
14.594451904296875
14.594350814819336
14.594340324401855
14.594368934631348
14.594428062438965
14.594514846801758
14.594688415527344
14.594852447509766
14.59511661529541
14.595345497131348
14.59553337097168
14.595732688903809
14.595888137817383
14.596041679382324
14.596240043640137
14.596539497375488
14.597137451171875
14.598018646240234
14.599042892456055
14.600138664245605
14.600946426391602
14.601621627807617
14.602018356323242
14.602168083190918
14.602185249328613
14.602471351623535
14.603254318237305
14.604151725769043
14.605154991149902
14.606247901916504
14.607415199279785
14.608439445495605
14.60918140411377
14.609665870666504
14.609922409057617
14.610090255737305
14.610201835632324
14.61046314239502
14.610979080200195
14.611856460571289
14.613072395324707
14.614497184753418
14.616177558898926
14.617895126342773
14.619645118713379
14.621520042419434
14.62340259552002
14.625275611877441
14.626911163330078
14.628229141235352
14.629281997680664
14.630207061767578
14.630879402160645
14.631430625915527
14.631909370422363
14.632777214050293
14.633750915527344
14.63477611541748
14.635886192321777
14.6370267868042
14.63813304901123
14.639110565185547
14.639863967895508
14.640565872192383
14.64120864868164
14.641826629638672
14.642691612243652
14.643691062927246
14.644765853881836
14.64588737487793
14.647035598754883
14.648183822631836
14.649393081665039
14.650758743286133
14.652057647705078
14.653249740600586
14.654272079467773
14.655285835266113
14.656285285949707
14.657281875610352
14.65847396850586
14.65967845916748
14.660905838012695
14.662137031555176
14.663629531860352
14.665209770202637
14.66664981842041
14.667844772338867
14.669002532958984
14.6699857711792
14.67101764678955
14.672375679016113
14.673806190490723
14.675355911254883
14.676860809326172
14.678583145141602
14.680359840393066
14.681995391845703
14.683714866638184
14.685489654541016
14.687411308288574
14.689231872558594
14.690959930419922
14.69267463684082
14.694490432739258
14.696283340454102
14.698179244995117
14.700078964233398
14.701887130737305
14.703531265258789
14.705066680908203
14.706459045410156
14.707742691040039
14.708928108215332
14.710041999816895
14.711102485656738
14.71205997467041
14.713150978088379
14.714255332946777
14.715424537658691
14.716609954833984
14.717869758605957
14.719125747680664
14.720367431640625
14.721634864807129
14.722813606262207
14.723934173583984
14.725005149841309
14.726103782653809
14.727213859558105
14.728316307067871
14.729424476623535
14.730594635009766
14.731712341308594
14.732894897460938
14.734002113342285
14.735032081604004
14.735986709594727
14.736973762512207
14.737913131713867
14.738825798034668
14.739659309387207
14.740399360656738
14.741240501403809
14.742076873779297
14.742927551269531
14.743792533874512
14.744694709777832
14.745697975158691
14.746624946594238
14.747493743896484
14.748331069946289
14.74909782409668
14.749812126159668
14.750496864318848
14.751158714294434
14.75187873840332
14.752596855163574
14.75329303741455
14.75391960144043
14.754510879516602
14.755196571350098
14.755860328674316
14.756470680236816
14.757050514221191
14.75770378112793
14.7583589553833
14.759049415588379
14.759737968444824
14.760432243347168
14.76121997833252
14.762089729309082
14.762898445129395
14.763689994812012
14.764567375183105
14.765419006347656
14.76630973815918
14.767155647277832
14.768052101135254
14.768954277038574
14.769824028015137
14.770708084106445
14.771567344665527
14.772358894348145
14.773098945617676
14.773881912231445
14.77470588684082
14.775484085083008
14.776220321655273
14.776928901672363
14.777643203735352
14.778432846069336
14.779236793518066
14.77995491027832
14.780611038208008
14.781291007995605
14.781913757324219
14.782503128051758
14.783045768737793
14.783560752868652
14.784049987792969
14.78460693359375
14.785192489624023
14.78575325012207
14.786418914794922
14.787088394165039
14.787816047668457
14.788524627685547
14.789203643798828
14.789835929870605
14.790438652038574
14.791083335876465
14.7919340133667
14.792854309082031
14.793851852416992
14.794854164123535
14.795894622802734
14.796899795532227
14.797941207885742
14.798904418945312
14.799860000610352
14.800848007202148
14.801932334899902
14.803120613098145
14.804219245910645
14.805221557617188
14.80610466003418
14.806926727294922
14.807721138000488
14.808423042297363
14.80911922454834
14.809775352478027
14.810383796691895
14.811089515686035
14.811904907226562
14.81273078918457
14.813529014587402
14.814285278320312
14.815048217773438
14.815932273864746
14.81686019897461
14.817740440368652
14.818587303161621
14.81938362121582
14.82015323638916
14.820901870727539
14.821682929992676
14.822461128234863
14.823152542114258
14.823782920837402
14.824397087097168
14.824997901916504
14.825571060180664
14.826114654541016
14.826560974121094
14.82691764831543
14.827249526977539
14.827547073364258
14.827882766723633
14.828179359436035
14.828445434570312
14.828717231750488
14.829081535339355
14.829523086547852
14.830095291137695
14.830647468566895
14.831262588500977
14.831864356994629
14.832436561584473
14.832982063293457
14.83348274230957
14.834013938903809
14.834502220153809
14.835092544555664
14.835796356201172
14.836429595947266
14.837056159973145
14.83781623840332
14.838520050048828
14.839218139648438
14.840109825134277
14.84091854095459
14.841877937316895
14.842812538146973
14.84367561340332
14.8446626663208
14.845813751220703
14.846941947937012
14.848075866699219
14.849127769470215
14.850143432617188
14.851028442382812
14.852008819580078
14.85291576385498
14.853800773620605
14.854707717895508
14.855582237243652
14.856389999389648
14.857254981994629
14.857966423034668
14.858624458312988
14.859251976013184
14.859925270080566
14.86069393157959
14.861437797546387
14.862136840820312
14.862805366516113
14.863469123840332
14.86438274383545
14.86533260345459
14.86635684967041
14.867416381835938
14.868735313415527
14.870266914367676
14.871805191040039
14.873486518859863
14.875138282775879
14.877043724060059
14.879199981689453
14.881388664245605
14.883492469787598
14.885470390319824
14.887447357177734
14.889239311218262
14.890993118286133
14.892707824707031
14.894363403320312
14.896294593811035
14.898244857788086
14.900092124938965
14.901878356933594
14.903573036193848
14.905180931091309
14.906722068786621
14.908371925354004
14.909899711608887
14.911328315734863
14.9126615524292
14.913899421691895
14.915059089660645
14.91623592376709
14.917765617370605
14.919180870056152
14.920482635498047
14.921682357788086
14.922784805297852
14.923812866210938
14.924773216247559
14.9257173538208
14.926830291748047
14.927855491638184
14.928826332092285
14.92973804473877
14.93059253692627
14.931450843811035
14.932339668273926
14.933248519897461
14.934120178222656
14.934900283813477
14.93557357788086
14.936150550842285
14.936653137207031
14.937097549438477
14.937506675720215
14.937891960144043
14.938247680664062
14.93857192993164
14.938871383666992
14.939156532287598
14.939434051513672
14.939961433410645
14.940573692321777
14.941171646118164
14.94182014465332
14.942482948303223
14.943135261535645
14.943804740905762
14.944514274597168
14.94538402557373
14.946256637573242
14.947100639343262
14.948138236999512
14.949217796325684
14.950226783752441
14.95125675201416
14.95244026184082
14.953592300415039
14.954675674438477
14.955802917480469
14.957000732421875
14.958216667175293
14.959465026855469
14.96079158782959
14.962115287780762
14.963457107543945
14.964770317077637
14.966068267822266
14.967302322387695
14.96850872039795
14.969733238220215
14.971025466918945
14.972299575805664
14.973616600036621
14.974966049194336
14.976265907287598
14.977507591247559
14.978683471679688
14.979875564575195
14.980976104736328
14.982015609741211
14.98299789428711
14.983904838562012
14.98473834991455
14.985506057739258
14.986220359802246
14.986885070800781
14.987531661987305
14.988138198852539
14.988728523254395
14.98932933807373
14.989990234375
14.990704536437988
14.991398811340332
14.992074012756348
14.99276351928711
14.993439674377441
14.99407958984375
14.994690895080566
14.995381355285645
14.996095657348633
14.996776580810547
14.9974365234375
14.998102188110352
14.998804092407227
14.999483108520508
15.000179290771484
15.000833511352539
15.001495361328125
15.002182006835938
15.002880096435547
15.003548622131348
15.00427532196045
15.005033493041992
15.005752563476562
15.0064115524292
15.007105827331543
15.007766723632812
15.00838565826416
15.00895881652832
15.009480476379395
15.009960174560547
15.010408401489258
15.010883331298828
15.011317253112793
15.011728286743164
15.012104034423828
15.012479782104492
15.01285171508789
15.013328552246094
15.01378345489502
15.014266014099121
15.014802932739258
15.015308380126953
15.015787124633789
15.01629638671875
15.016854286193848
15.017435073852539
15.017996788024902
15.018534660339355
15.019103050231934
15.01963996887207
15.020174026489258
15.020700454711914
15.0212984085083
15.021943092346191
15.022584915161133
15.023307800292969
15.023988723754883
15.024697303771973
15.025384902954102
15.026062965393066
15.026690483093262
15.027276992797852
15.027872085571289
15.028423309326172
15.028968811035156
15.02960205078125
15.030232429504395
15.030838966369629
15.031451225280762
15.032129287719727
15.032852172851562
15.0336332321167
15.034415245056152
15.035228729248047
15.03600025177002
15.036774635314941
15.037527084350586
15.038230895996094
15.038867950439453
15.039495468139648
15.040170669555664
15.040815353393555
15.041446685791016
15.042035102844238
15.04260540008545
15.043157577514648
15.043691635131836
15.044198036193848
15.044681549072266
15.045141220092773
15.045571327209473
15.046102523803711
15.046722412109375
15.04732894897461
15.047900199890137
15.0485200881958
15.04918098449707
15.04979419708252
15.05037784576416
15.050999641418457
15.05158805847168
15.052176475524902
15.052764892578125
15.053346633911133
15.053945541381836
15.054595947265625
15.055191993713379
15.055809020996094
15.056368827819824
15.056940078735352
15.057557106018066
15.058145523071289
15.058734893798828
15.0593843460083
15.060091972351074
15.060856819152832
15.06167984008789
15.062516212463379
15.06326961517334
15.064056396484375
15.064804077148438
15.065561294555664
15.066289901733398
15.066954612731934
15.067626953125
15.068233489990234
15.06883716583252
15.069422721862793
15.070051193237305
15.070723533630371
15.071389198303223
15.072010040283203
15.072610855102539
