0
0
22458
17650
19160
19783
16367
21487
17383
21806
21978
20223
18380
14866
12847
19938
24602
18265
18288
21250
18055
18500
19989
18233
22631
20023
18142
18268
16583
19134
15265
17763
21141
30348
98364
35987
19688
20109
18700
18324
23648
24348
20879
18695
20430
19424
20926
25912
17390
21312
24005
18207
21941
23785
21303
21263
21881
23743
22078
20510
20147
22324
23716
21311
22690
23455
19202
16769
18748
28938
98710
36818
18626
22730
16634
25213
17468
20040
19809
17385
16553
17783
22692
23286
20879
22981
18934
21187
18715
22075
17687
18974
17730
20719
21116
25396
17017
23944
19378
20995
19798
21343
24945
18406
19265
31047
98819
43698
23383
23170
21977
23313
23247
24280
21519
17551
18249
30142
22789
21316
21472
25435
26407
27128
22616
23333
23817
21306
23898
21821
23869
32469
27021
20766
25230
23953
25410
25378
35029
28401
27467
34333
98887
43463
23844
23383
24124
25535
26849
35409
26402
32145
29310
32226
29653
28192
28285
22654
23827
36999
22412
26192
24850
36114
34244
28336
26866
24393
27724
29068
30318
31845
34310
33758
30423
35654
32572
35664
98959
52842
35300
36354
42440
32867
34807
31293
31660
37803
33638
39032
36076
35451
35080
33937
32580
37045
39708
37184
34975
39517
37655
39026
31666
36042
36960
33281
34176
36937
32139
32586
37473
38545
41801
42021
99073
62266
49428
35079
41702
37423
43129
41058
44027
40872
44124
41493
43016
39634
44510
45537
46877
45589
39517
39104
47220
43491
46198
44563
44354
36464
47993
43755
55144
39572
47035
46261
45719
47437
53555
43823
99160
61507
50240
46938
48762
38928
43162
46613
43747
42695
44022
55096
51275
53645
49748
48801
42872
44466
45864
50520
43090
53546
47839
50991
48317
42680
47690
41474
45748
44903
49024
53915
51077
49551
49178
56762
99137
70239
53832
51181
54037
50215
50758
49813
55044
46688
47948
54801
49757
51756
58943
60629
54275
53885
53518
51563
52726
59488
55611
50512
50958
54260
57475
54316
53291
57389
55366
58597
51071
59431
55765
54957
99126
65145
49084
46767
45948
54209
44302
50073
46198
51297
41880
47159
47973
49536
43580
46060
47750
48523
45536
47945
54102
54365
49646
44836
52055
51804
49821
52888
51759
48898
45968
50617
55332
50876
45225
49559
98718
66997
46803
43622
40758
42265
42760
44414
47613
42879
48902
42028
41663
46174
43724
47598
46821
46072
39024
49737
38623
47151
41440
47122
43895
45096
41644
46183
44802
42515
42963
42532
39293
46390
46508
47647
98543
62014
36470
32904
35611
34619
29454
27969
33093
38370
34737
35383
36390
38930
34144
35359
36762
37309
33734
34750
35923
32898
37940
36891
30632
39324
35886
37324
36962
38655
35915
30611
38730
33730
31903
37825
98150
61210
41104
34385
38265
37152
37449
36350
39754
37607
42101
39195
38806
38439
38963
38762
39433
38273
40326
38095
42981
35024
44794
40621
39600
41595
42647
40443
36449
37864
46145
44906
45313
42794
43546
38014
97899
66537
38932
35070
43608
47602
43475
39979
39229
43336
38778
40085
33587
38520
45306
43722
42465
40810
38558
39563
43909
41069
41250
46882
48387
40644
40764
44329
47735
44390
38993
39541
39994
46486
40841
42354
97686
73086
44255
46149
47633
51872
51937
45171
46459
41612
46535
48179
36969
48855
46918
42204
46626
50739
45792
48583
57890
49901
44259
44562
48778
50120
45692
48015
45332
50441
47127
43686
47929
50747
52616
51110
97787
83391
59749
64647
61059
61417
60328
59438
59030
61785
55734
62700
57780
60901
60670
65052
59270
63689
60093
58957
65842
61350
57943
57545
59787
63265
53142
59394
57567
60025
60484
56198
61678
64304
55405
65589
98170
75792
64886
59679
57602
65362
65179
64937
60574
67068
58071
59779
62801
65651
62515
62982
61671
61119
59807
60593
59735
65576
60928
57970
63169
66943
65199
66631
66225
60414
68006
65178
66732
73184
64341
67176
97839
78140
60136
61134
59438
62743
61322
55553
60723
62190
61004
62860
61539
56056
55506
57894
51443
57896
61005
57623
57052
57050
57650
53720
63627
55624
54839
63314
58595
61684
59564
58671
61546
60263
64691
62493
97387
77036
54506
63704
58013
54222
63284
54592
57096
62050
62490
57211
54804
55869
57362
57184
50732
58327
56925
59020
63480
63045
57211
55730
54310
53879
56938
60730
63022
55482
52441
57991
60897
55810
56728
55916
97489
78117
59716
60037
65389
62678
66653
61882
58880
61160
57300
59675
61489
64716
53391
59707
62665
56395
64986
62496
58530
57890
61016
56354
60059
57375
66449
61167
63501
68526
62461
68238
59684
62026
65601
60833
96714
80907
64212
60820
62032
59652
65112
63546
60812
64359
63688
64079
60401
65389
63616
64532
63979
64020
64885
59858
61882
56205
64393
58865
64902
56375
60920
63311
65960
67016
62995
65173
65477
67753
61272
63673
96784
81475
66335
70285
69526
68064
66697
72742
73858
68218
70983
69987
70780
72610
66435
62842
65486
64317
68031
62967
69705
68548
66452
70988
67308
64702
61433
69228
71044
67655
70663
68866
65083
67453
68147
65089
97383
75996
59505
65166
67979
64016
68659
67734
61787
60620
60271
63119
63978
63782
69776
64762
68152
68326
68539
67240
68230
66589
68231
64315
65049
67338
68509
69654
64491
62556
70169
63245
67513
58054
63371
61465
96768
80181
65390
58567
69107
60641
68316
65523
65634
63526
65477
67568
67098
68717
63164
58733
59797
66804
66828
62837
58773
60934
64883
66213
64300
65141
67464
69405
60569
59209
60429
67280
63419
70181
63230
63506
97122
85442
69039
65998
69599
73061
68805
71263
68856
72482
70510
69654
66692
62891
69254
66893
69560
65122
69327
71190
67848
65244
66971
70755
68217
67313
69892
67431
67883
69167
60860
68523
68690
68530
77049
69236
96763
78552
58885
54629
54556
58367
61158
52580
54376
53501
56336
57611
55502
59337
56428
59375
53347
58627
60013
61158
58934
53171
57618
59389
57575
55967
55972
56480
60404
63372
57880
58711
62544
60010
57135
67194
96667
78636
48816
53213
55949
54425
52138
50201
53101
57861
50478
53241
54527
55413
54103
57355
48684
50928
49308
49207
50867
53624
51225
50751
54044
49176
51940
53134
59680
53655
54102
49275
47431
54086
56602
56937
96034
73146
45462
50956
50032
46105
57567
48141
52627
48993
47879
44277
53690
50845
46540
51726
51596
50395
45310
53303
49654
49815
43310
57935
50009
50386
49189
51432
43890
47479
46476
47619
58966
54325
48115
53896
95503
82094
59803
52772
52059
59809
63053
56614
61404
65086
60665
62797
60996
61132
61487
61490
60842
63830
62076
59152
57782
60482
64431
64216
63200
64214
60483
62246
58954
60459
67860
66380
58193
57411
62757
58859
96250
79373
56714
56407
56079
61733
63899
58200
55542
52572
55344
50555
53437
54610
52200
55520
57627
52192
54283
56392
55028
59606
60019
56066
56632
56083
56161
53239
59932
59351
56732
47031
52639
54762
53430
52313
96043
87890
73559
77958
75028
77252
72431
74325
72006
74257
75955
69912
75330
76088
70275
71547
71822
80616
74652
76585
75444
74617
74681
71678
72783
74716
78526
75332
69541
75027
71434
71904
79827
72661
74291
74638
96395
86697
75107
77007
74480
78106
72858
73262
75496
71712
72135
80091
76770
72533
71245
73372
70721
72857
71598
72073
73129
70716
71981
72912
72985
69679
77633
78898
70205
72888
70414
75450
77197
72616
73706
78221
96496
85183
74768
70632
67830
70663
69081
70918
67001
73510
64464
70106
72734
69607
69604
73552
71460
67668
71068
71546
70901
67654
62855
71926
73714
70506
67239
69666
70384
73095
71188
70502
71783
72372
65629
66157
95191
85570
69412
67177
67702
70345
73844
70594
70306
69728
73142
68797
70326
67569
67486
64884
65720
68518
69806
66458
71975
70751
71663
67406
69986
73193
72102
74583
68927
68380
69328
64467
65359
71598
72149
70451
95804
85778
75476
74951
71606
70204
68181
67386
68942
72084
68881
67552
69508
68624
69383
70692
65158
69972
70831
68727
67390
68488
64429
64653
65580
67348
72331
72095
70347
70925
70143
71422
71166
68207
70538
74915
96101
87915
72320
77293
78893
75148
75489
74829
76580
71907
72675
73672
72848
73366
70620
75159
76374
72889
74481
75412
78325
73671
73059
71655
70856
75373
74013
74195
73498
70349
72380
67753
71559
75451
74728
74823
96258
87986
70129
73994
74818
72382
70735
77578
77281
74150
74186
76468
74677
77322
76375
74093
77760
73609
73293
73633
76722
70937
77364
75532
74205
73286
73205
76735
72463
78751
74898
73337
73058
72094
77701
74926
96190
88594
73945
72430
74750
78156
77666
79281
76297
76224
76559
78205
76706
75888
78471
74831
74706
78234
76456
76992
74586
78664
79462
79193
76835
75647
75595
80814
73908
73591
78188
76959
76928
72984
81030
76755
95959
83720
71965
70793
70329
74966
70202
69298
72664
74764
73784
74903
73408
77988
75655
69289
69818
71909
72858
77433
67466
70135
72056
69078
70998
72516
70739
70787
67539
72831
71184
71333
72856
72479
71716
71896
94938
87316
76049
75173
71077
72572
75178
75383
74071
76604
76971
76905
79310
74834
68592
71727
76102
74011
74582
75287
75167
77613
74683
76293
74096
73368
74590
76920
74278
72665
73638
74148
74090
75114
72018
73971
95598
85022
68511
57275
58903
63908
56213
64293
61522
62937
64020
62952
64658
58991
61634
63227
64196
59733
61871
58503
61542
63440
57519
59558
60383
60359
65323
63570
66305
61893
62890
60546
55579
58736
59729
62995
94172
85956
60027
57833
63242
60707
61593
62809
65537
64699
58255
65683
57567
60155
58433
61100
63956
62068
62282
56444
56228
55871
66283
55801
59295
66027
66010
59735
60771
61295
60661
57724
61284
59638
63934
58336
94111
87558
62190
64174
60912
62242
63617
63835
59677
64484
61223
65868
60670
64397
65398
63886
65095
62547
64035
54793
60780
64255
61902
63395
57852
64936
64081
63568
61725
60557
66092
60124
60152
59390
61986
93537
93613
84270
65630
64461
61868
61601
62314
62708
64294
61784
62722
64098
67722
63829
65074
65331
59117
63718
67698
61787
62439
62096
66036
64895
64644
64581
65128
66147
62094
63212
63292
63472
62862
65368
64062
92915
93028
90381
77438
77325
77513
80580
79913
79217
78285
79376
77613
78457
80235
72504
75550
77178
74662
76213
76801
78008
78301
77714
75350
75775
76833
75582
75084
75692
77783
79663
79110
77114
78135
81057
78054
95332
95390
89732
76249
76406
76980
72595
77098
78224
79116
74560
75602
74965
75462
75919
75817
76978
76552
77872
78118
77149
77034
77851
79506
77052
76362
75316
78789
74922
75559
78658
75395
74146
74384
76911
76337
95468
90110
78807
75972
77330
80203
77382
78255
77124
77507
77852
80126
78155
74132
81319
78040
81102
73220
79066
78670
76663
79696
77631
76936
77621
78501
77912
77926
74477
78032
73245
76769
76297
83854
78711
77581
95650
88899
75648
74916
77133
74850
78612
74429
74129
73813
76193
80120
76999
78920
74943
75688
72679
77242
78176
74023
73961
75776
72820
78183
75949
76850
77223
74484
77063
78134
71580
75080
75714
78406
74945
75502
95459
88657
74687
67463
70496
65754
70014
68267
69627
72395
74341
71933
68844
62532
72543
70874
70509
66951
66934
70507
74758
70758
66383
67802
70177
75368
66983
70625
66970
73700
71737
68675
69728
71713
68623
67748
93952
89978
74297
72648
71337
66796
74573
76304
75447
73000
74620
73141
77732
74171
74842
70732
69088
74065
75577
72560
71468
73518
74006
77406
74608
73735
74961
76024
75246
73740
74168
72406
75832
75455
76363
74174
95007
89730
75077
73854
72383
71950
73016
68335
71828
74353
75698
71158
76526
69250
76151
72477
77190
75175
70163
76970
77122
76204
74586
72158
70866
72448
73549
71539
73605
73381
73871
71987
76060
75842
71628
72919
94437
89343
75212
75238
77980
76020
73191
75499
72549
75062
71551
77325
74798
75651
74951
72330
70178
75256
75788
72428
77779
73307
75080
76625
77808
76465
79489
72194
74546
78592
74979
75823
75176
74390
72041
76039
94212
92458
79241
78802
79206
79915
79042
80749
77890
79926
81025
79746
80059
80859
80324
79189
81035
81355
78576
81783
81117
81795
83212
80683
77757
79041
82095
82169
79942
78555
77328
83476
82290
80295
80986
80783
95070
91217
79382
73465
76567
78790
79046
82950
78441
78625
75736
73318
77200
76345
79019
79364
78783
80106
79803
80087
76892
78104
75997
76876
76305
77795
79329
77612
79677
75089
76058
80810
76055
79489
78442
80189
95423
90242
80110
77432
77965
76977
76609
79710
80255
77182
75923
77045
76231
79181
80749
78065
74924
77162
76702
81601
78956
77144
75835
77115
77557
78019
79881
81479
82844
76235
78613
75151
80486
78356
79608
79518
94955
91071
79226
76897
79065
74998
79825
79314
75945
76709
76909
78328
75347
78787
79186
74216
74738
75453
78653
79715
79893
76007
74585
78215
77536
73443
77021
76827
77664
78943
76484
77835
74989
75351
77134
76742
94588
90555
72700
69954
70154
69106
69085
71969
68544
72825
74690
73467
68805
72777
70138
70606
73773
69029
67351
68310
72427
73013
68099
75088
70058
70828
70023
71429
72889
71926
67553
72554
73561
70861
68652
71111
93628
91414
69212
65742
71379
71440
68613
70088
74322
70261
68129
70262
71870
70188
67332
68878
72295
68307
69736
70400
69543
67435
70659
70990
69068
70087
69900
72227
71352
71624
70044
71174
70297
69751
72857
68171
92404
91246
60651
63607
55341
57783
58862
59376
62027
58058
65566
60397
60094
58248
59235
53671
59229
60273
56952
60226
55504
64259
61229
55276
63964
60177
58672
60142
58653
64250
58842
57608
58092
62318
63702
57585
90444
90656
65183
66454
65612
63065
66548
61078
69666
63560
69661
60460
63542
62661
64294
62306
67292
65070
58787
68262
66848
67680
67323
59921
68316
67490
69697
65193
65995
67053
64778
67908
66312
66902
63525
60931
91889
91375
73234
73748
69869
69340
72716
70347
68693
73278
69466
69341
67475
68869
72182
74827
70182
70054
74886
71519
73567
72377
70253
74532
71165
73555
77450
71855
71492
75937
70015
71843
77240
67708
77008
74301
93302
93641
76178
74057
77403
78682
80095
78770
77167
77792
79623
75172
80569
80472
76395
78105
76369
79414
80892
72336
76846
78322
77442
76109
79720
80010
76343
78188
78045
76243
79511
75096
80124
80387
77296
80407
93515
93408
79628
78983
78111
80551
79984
79517
78113
80189
79146
83714
79031
80273
81288
79160
78628
80257
81458
80361
78876
76447
77341
79958
80820
78947
78688
79533
79550
79601
78458
83582
80820
80930
81864
78903
93468
93099
76379
75372
77727
78039
76523
76288
76493
76277
73610
74094
75048
77115
77532
77428
75215
79227
74908
79081
71505
74236
77058
78270
77065
75618
77697
73582
72213
78153
76234
74135
73364
76683
77440
75481
92700
93526
77739
77654
77660
74833
76871
75614
74468
76870
75628
75093
80006
75372
77421
78979
77135
77342
73222
77060
77655
77459
75667
72878
77539
75579
78188
74024
72504
79575
76582
78157
80088
77231
75678
73807
93078
91728
75123
76987
74748
74495
76407
74286
74997
76824
78529
76420
75668
74490
77196
74580
75323
77357
78139
76095
76856
74149
76957
78084
78444
76671
77405
78620
76212
77835
77159
75983
72614
75712
75504
75607
91474
94502
78869
82451
80445
80669
78342
80014
78397
79738
82072
78874
80904
83767
79862
82032
79827
80407
77955
81108
81952
80998
81830
79836
80096
80390
80159
77603
76746
77104
81472
84814
79027
81541
82713
81170
93880
94723
78741
79911
78246
80978
78221
85677
78432
77646
77604
78302
77727
80846
81819
78512
79522
79486
79074
77891
81925
74694
78110
79601
79864
76802
79048
76509
75420
79072
77259
80042
80306
80765
79270
80277
92835
92948
65831
69600
70425
68824
69980
72717
68632
73295
69416
72003
67030
65363
70274
69740
73734
65806
65847
68107
68700
73595
69901
71046
67386
70130
68516
70165
70273
68871
67587
69141
73242
68998
69126
68107
88551
92345
64974
65215
60439
63252
64091
64547
69368
66560
66518
65481
65409
65813
67960
65057
65290
64081
67277
64131
65128
66095
61400
66195
65335
65254
67221
66326
66166
67694
68937
65897
64670
67993
67418
65777
87946
93552
70736
69500
71509
68940
73832
69958
73121
70717
67351
73509
71897
73683
72732
68231
73969
71740
65380
71536
71417
65232
69602
68280
68199
72987
70770
73278
68711
69359
66144
67822
68223
69520
69932
72453
89595
93417
71586
70062
69303
63476
72063
74057
68188
67237
66962
65015
66826
66846
63693
65764
70389
67192
70727
66589
68237
67023
71734
70694
66250
60342
63719
64591
66429
69733
72451
63266
64357
63188
65566
65882
89875
95381
79660
78518
78592
77794
73964
73720
79700
77865
71919
71507
79737
76765
74327
76948
77378
83538
77114
75380
79377
79149
79625
74693
79571
81798
72938
75178
78121
77413
75393
80468
79337
78605
73513
73701
90094
94440
78324
77736
77961
76907
77092
77812
77151
77935
77081
78792
76959
80333
76103
81012
75667
75541
79675
72214
79970
77683
72204
78806
81180
76361
76382
75869
80170
78979
76983
79077
77611
75474
78437
77495
91488
95864
83886
82526
85585
81133
83355
82243
80772
80167
83959
85453
83164
83048
82310
83138
80963
82160
81077
82730
81180
82782
82577
81612
83932
84200
82526
82215
81845
80196
82259
82638
82193
82287
81453
84276
92740
95285
82573
80968
79228
80202
81131
82208
80691
82936
78394
82277
81624
81550
79551
79864
79768
83704
79834
80677
81069
80774
80216
80318
83908
80268
81219
82972
81027
81770
80868
80523
83346
79444
77215
80726
92110
95344
83358
84887
81628
81705
84148
81578
83558
80925
79721
83355
83724
83637
83716
80196
85712
85140
83986
83306
83722
84669
84471
83010
84445
83085
85795
83572
82597
83206
81613
83094
83368
81359
81610
84907
91845
95580
80541
81545
79662
77408
81689
79519
78329
77198
80710
76774
76065
81270
80134
81038
78195
76656
79682
82229
75633
77668
76537
76974
74642
79204
76365
76345
79431
78308
75378
77623
79751
78043
77578
75867
91135
95150
82696
80735
82152
83378
80563
84182
82897
82478
82606
80560
82058
82627
81845
82194
83053
82291
80672
78354
80579
81341
79287
80017
82145
81392
81404
81790
80948
79140
79027
76825
81599
82440
84464
80905
90302
96044
82385
82907
83314
83724
83009
82020
81872
83457
83783
80258
81801
82028
82920
83029
82867
83008
79246
82553
83302
82326
82742
79875
81017
82713
84140
79691
82107
83998
80467
81855
82923
81497
77843
79635
90818
96087
79550
80796
79435
80812
80306
81588
82442
79856
79230
82089
77226
79652
77292
81806
80920
80871
80575
80223
80296
79943
79578
80089
80513
79396
79466
81425
79722
79511
81602
80636
81747
81322
79022
79524
89640
96212
82348
79925
80275
80096
82551
79483
79524
81700
80653
79364
79994
80880
81844
79762
81040
78965
81990
80440
81351
79392
79756
79578
81750
82764
79871
80597
81191
81582
80920
80959
80706
81421
79334
78595
89615
95900
76947
77457
79624
80418
79615
80558
79352
80325
78032
79371
76390
76499
80303
79087
78617
77906
81459
80658
81061
79938
79148
76339
80512
77493
76842
79412
78248
76593
77097
77183
73843
77089
75622
78903
90670
95809
77568
76460
74435
73870
77759
74138
74820
73832
69874
71874
76456
76990
