None
None
None
None
None
None
None
None
None
None
None
None
None
None
None
None
None
None
None
None
None
None
None
None
None
None
None
None
None
None
None
None
None
None
None
None
None
None
None
None
None
None
None
None
None
None
None
None
None
None
None
None
None
None
None
None
None
None
None
None
None
None
None
None
None
None
None
2.66425222158432
2.5070666074752808
2.5385459661483765
2.388629376888275
2.437098741531372
2.488423764705658
2.517680525779724
2.6319722533226013
2.41301566362381
2.231154203414917
1.9888280034065247
2.085077852010727
2.2789453268051147
2.0680691599845886
2.008256494998932
2.0283273458480835
1.785987764596939
1.9342674911022186
1.4744485020637512
1.6800367534160614
1.107214778661728
1.240687906742096
1.1341892629861832
0.9025384932756424
0.9520964622497559
0.4614963047206402
0.2530556917190552
-0.030359536409378052
-0.15236394107341766
0.3819366842508316
0.038596563041210175
-0.5521926283836365
-0.20252111554145813
-0.6837571263313293
-0.7158700674772263
-0.39805009216070175
-0.40975555032491684
-0.49782970175147057
-0.14345287531614304
-0.4822380617260933
-0.20569849759340286
-0.2223428525030613
0.2035306692123413
-0.032459016889333725
0.22587407939136028
0.1732301153242588
0.09679675661027431
0.15247249975800514
0.19011961668729782
0.16297875717282295
-0.13539498299360275
0.018589884042739868
0.04268401116132736
-0.3365013860166073
-0.09916305914521217
-0.2393533755093813
-0.16485567390918732
-0.24409085512161255
0.0002901218831539154
-0.4232327565550804
-0.3665354251861572
-0.21823202073574066
0.02480071783065796
-0.20489279553294182
0.19829976558685303
-0.015704602003097534
-0.058088406920433044
-0.006270367652177811
-0.08852241560816765
-0.18225782364606857
-0.23734301701188087
-0.4893197864294052
-0.39681627973914146
-0.3668839931488037
-0.491992712020874
-0.3578145503997803
-0.27644985169172287
-0.14042995497584343
-0.008996561169624329
-0.3466051295399666
-0.18604595586657524
-0.04100869223475456
-0.18066633865237236
0.08129405230283737
-0.14943261444568634
0.15831859409809113
-0.03712906688451767
-0.023034147918224335
-0.2352853287011385
-0.2068338543176651
-0.22905918955802917
-0.5377809107303619
-0.7468191832304001
-0.6769489347934723
-0.6284790113568306
-0.5930108949542046
-0.5271918475627899
-0.354850135743618
-0.31300238519907
-0.18560925871133804
-0.17758707329630852
-0.09590084850788116
-0.23739545419812202
-0.15151717513799667
0.07316816225647926
-0.15910224243998528
-0.1585361771285534
-0.1656433343887329
-0.3769354298710823
-0.37569063901901245
-0.3499992564320564
-0.3103746026754379
-0.5603469461202621
-0.49865514785051346
-0.5227283388376236
-0.3276946134865284
-0.3105596862733364
-0.2845335826277733
-0.46989569440484047
-0.2940089851617813
-0.5193040445446968
-0.17273736745119095
-0.23529228940606117
-0.3934268243610859
-0.29288389533758163
-0.4975042790174484
0.020997295156121254
-0.1313765924423933
0.05289874039590359
-0.2829049490392208
-0.38628147169947624
-0.3968624472618103
-0.5246686115860939
-0.6153794378042221
-0.354676878079772
-0.5440742000937462
-0.5089716129004955
-0.32471948489546776
-0.32340968772768974
-0.3098960407078266
-0.052401505410671234
-0.1263827458024025
-0.13439597561955452
-0.38840731978416443
-0.302624449133873
-0.43856434524059296
-0.42204785346984863
-0.5721549168229103
-0.6848454624414444
-0.266287412494421
-0.43006329238414764
-0.4216006137430668
0.15679796412587166
-0.24334178492426872
-0.12571164965629578
-0.4732323884963989
-0.31249115616083145
-0.4056624621152878
-0.5788290277123451
-0.2708277516067028
-0.14047371968626976
-0.324933972209692
-0.10240324027836323
-0.6051709949970245
-0.4108206331729889
-0.5127988681197166
-0.6883562505245209
-0.5634323507547379
-0.4178311713039875
-0.36458441615104675
-0.25125494599342346
-0.1469597890973091
-0.0645472053438425
-0.30941664054989815
-0.3838859014213085
-0.43218277394771576
-0.33569883182644844
-0.39814696088433266
-0.47482387721538544
-0.6050197537988424
-0.3212781995534897
-0.4655270092189312
-0.1695452183485031
-0.18166077882051468
-0.4058964028954506
-0.17339940555393696
-0.16538121551275253
-0.5904160439968109
-0.36450793594121933
-0.4840879552066326
-0.5763416886329651
-0.36808764934539795
-0.2210497073829174
-0.2541288062930107
-0.27913224697113037
-0.2348727211356163
-0.2631960101425648
-0.2878217063844204
-0.48253001272678375
-0.5580069273710251
-0.4694601595401764
-0.4734225533902645
-0.5654090791940689
-0.3736376166343689
-0.17799589782953262
-0.04204663261771202
-0.26147669926285744
-0.1375838266685605
-0.18251641280949116
-0.5240732058882713
-0.34628254268318415
-0.5388825591653585
-0.485923882573843
-0.10342850536108017
-0.298611618578434
-0.3554904870688915
-0.48838115483522415
-0.3144054338335991
-0.3838082328438759
-0.35164421796798706
-0.1046370193362236
-0.3665800839662552
-0.1750691826455295
-0.3318347707390785
-0.4413787014782429
-0.5611791014671326
-0.50200255215168
-0.34123461693525314
-0.1867868946865201
-0.2672707736492157
-0.2619349844753742
-0.26966142654418945
-0.2878121789544821
-0.3119337931275368
-0.5037249103188515
-0.4986480474472046
-0.5707888007164001
-0.5708079934120178
-0.22750593721866608
-0.38869864493608475
-0.05313090234994888
-0.1908929143100977
-0.3971638195216656
-0.10826149210333824
-0.4108716547489166
-0.20602206513285637
-0.49838806688785553
-0.5113296136260033
-0.42941243946552277
-0.25583689846098423
-0.35893557593226433
-0.39121828973293304
-0.30919775180518627
-0.1486596893519163
-0.22095953486859798
-0.23762889206409454
-0.14050964266061783
-0.1921537071466446
-0.6710761785507202
-0.3750175014138222
-0.6127489432692528
-0.5597380623221397
-0.4255639025941491
-0.4000423774123192
-0.15816175006330013
-0.1304776044562459
-0.12685344740748405
-0.29545844718813896
-0.29654159396886826
-0.42851541191339493
-0.3102227859199047
-0.37328553944826126
-0.5563018321990967
-0.5479717701673508
-0.48090485483407974
-0.5125364139676094
-0.024510587565600872
-0.16150922235101461
-0.014799113385379314
-0.21391838788986206
-0.4408152773976326
-0.2414432242512703
-0.3641074486076832
-0.35810136795043945
-0.5151190906763077
-0.19010098464787006
-0.4028974510729313
-0.08404509350657463
-0.3984891101717949
-0.23965244367718697
-0.19857572205364704
-0.31418128684163094
-0.34912673756480217
-0.16825241781771183
-0.5587261468172073
-0.31098292768001556
-0.29297295957803726
-0.3724981304258108
-0.28352631628513336
-0.4819852188229561
-0.20961707271635532
-0.20848578214645386
-0.24753838777542114
-0.304653437808156
-0.2716783806681633
-0.525809183716774
-0.3618725314736366
-0.2188562136143446
-0.44243528321385384
-0.479510635137558
-0.2075829580426216
-0.3714328929781914
-0.21577823720872402
-0.28579242900013924
-0.4142116904258728
-0.20695871859788895
-0.2573999222368002
-0.28295603208243847
-0.22034277394413948
-0.33059221506118774
-0.4055341128259897
-0.10386286582797766
-0.37518689781427383
-0.3182549625635147
-0.4193986728787422
-0.2866943599656224
-0.1450507426634431
-0.1308970507234335
-0.43894875049591064
-0.2974166292697191
-0.40091363340616226
-0.34164249897003174
-0.47624051198363304
-0.3015730641782284
-0.3471131697297096
-0.44774237275123596
-0.12468281015753746
-0.3796139508485794
-0.12701880373060703
-0.3452316168695688
-0.34511852264404297
-0.21908124536275864
-0.28355488553643227
-0.4893448129296303
-0.2543371468782425
-0.16044604312628508
-0.27214770019054413
-0.2658093199133873
-0.232578968629241
-0.5194941833615303
-0.30803366005420685
-0.40534440241754055
-0.4231351390480995
-0.19788968935608864
-0.2897771969437599
-0.4725423976778984
-0.17426980659365654
-0.46205572225153446
-0.21585418283939362
-0.24030429124832153
-0.028273243457078934
-0.06196663901209831
-0.14268610905855894
-0.3158562686294317
-0.37017474323511124
-0.5348644740879536
-0.3746611773967743
-0.4331234395503998
-0.29522449895739555
-0.3460366167128086
-0.337422959972173
-0.17656975239515305
0.03768315352499485
-0.020569367334246635
0.003288382664322853
0.015045346692204475
-0.1617491403594613
-0.20584142860025167
-0.42768051475286484
-0.4555324837565422
-0.5603947266936302
-0.44650815427303314
-0.2988487593829632
-0.13940363191068172
0.01822267286479473
-0.051253351382911205
-0.06643573194742203
-0.047027481719851494
-0.2591651678085327
-0.30075574293732643
-0.3019063714891672
-0.3433890603482723
-0.30765180848538876
-0.30597904324531555
-0.10771756619215012
-0.3633763315156102
-0.16968951933085918
-0.08569096215069294
-0.16890851501375437
-0.26578584127128124
-0.35186974704265594
-0.4778228625655174
-0.3390639256685972
-0.389457106590271
-0.007613833993673325
-2.4842098355293274e-05
-0.10403183475136757
-0.11347715556621552
-0.3403840847313404
-0.18137137591838837
-0.2383706159889698
-0.2239191448315978
-0.14261270314455032
-0.1922035738825798
-0.35159724578261375
-0.21325469203293324
-0.1151471734046936
-0.23382827453315258
-0.24131373316049576
-0.12989757489413023
-0.24419482424855232
-0.020663054659962654
-0.23898505605757236
-0.3765440955758095
-0.3154425360262394
-0.34629514813423157
-0.26273355539888144
-0.07563824951648712
-0.16707840468734503
-0.18801233172416687
-0.19976651668548584
-0.1483863815665245
-0.3470453843474388
-0.3335038423538208
-0.22709105908870697
-0.15324068441987038
-0.16882598865777254
-0.10004247212782502
-0.27036282140761614
-0.20551102980971336
-0.40757473558187485
-0.20390969514846802
-0.044315618462860584
-0.3525482788681984
-0.3407502546906471
-0.3426855653524399
-0.38106629997491837
0.03183148801326752
-0.00022963294759392738
-0.14730227552354336
-0.15242751687765121
-0.2246552836149931
-0.4142914079129696
-0.33805521205067635
-0.46519046649336815
-0.06465629488229752
-0.24881389550864697
-0.10532006435096264
0.16278877761214972
-0.039415898732841015
-0.2339252419769764
-0.08264490962028503
-0.13886613491922617
-0.5789942890405655
-0.4260709434747696
-0.41120414435863495
-0.2587771341204643
-0.3186486680060625
-0.2935805916786194
-0.11526427790522575
-0.006619993597269058
0.132603676058352
0.08945153094828129
-0.03907128423452377
-0.06538750231266022
-0.4502972140908241
-0.35431329905986786
-0.43433170206844807
-0.2744794338941574
-0.1822592243552208
-0.09739746898412704
-0.039396860636770725
-0.0661038113757968
0.039520878344774246
-0.11093854531645775
-0.21203385014086962
-0.4907896891236305
-0.4881150871515274
-0.3178374879062176
-0.30000828951597214
-0.22307127714157104
-0.13281750679016113
-0.12144468352198601
0.1171250594779849
-0.08676836639642715
-0.36895274743437767
-0.3098258078098297
-0.26147986203432083
-0.40298733301460743
-0.22271482646465302
-0.13903180696070194
-0.034514619037508965
0.023861796129494905
-0.22730820160359144
-0.20948690734803677
0.08356055989861488
-0.17038601823151112
-0.3150599505752325
-0.16141926683485508
-0.3763034790754318
-0.2464723400771618
-0.3088095001876354
-0.18689870461821556
-0.06998068932443857
-0.10725615452975035
-0.1890522688627243
-0.09242206532508135
0.0013197888620197773
-0.09691068530082703
-0.3079718854278326
-0.2779192104935646
-0.3897964283823967
-0.30080122873187065
0.11638278141617775
0.1805720515549183
0.1880644871853292
0.03115800302475691
0.04796498268842697
-0.232192263007164
-0.24553698301315308
-0.18972879275679588
-0.2569832019507885
-0.41950642317533493
-0.17773468606173992
-0.1676265299320221
-0.08386596851050854
-0.10372586641460657
-0.24316121637821198
-0.14196716248989105
-0.25871598720550537
-0.08047000132501125
0.015680313110351562
-0.0836259494535625
0.00404633954167366
-0.17311608232557774
-0.3165038414299488
-0.39766109734773636
-0.35694732517004013
-0.41195274144411087
-0.211125822737813
-0.04849678184837103
-0.11126426421105862
0.06401255168020725
-0.1804333757609129
-0.17495477385818958
-0.0959935151040554
-0.2551803756505251
-0.36930933222174644
-0.2858806923031807
-0.16528397146612406
-0.04893604293465614
0.014354079030454159
0.1352438610047102
0.08153543528169394
0.08515491569414735
-0.10329463332891464
-0.49896101653575897
-0.2842341884970665
-0.42527371644973755
-0.4480486288666725
-0.19230166729539633
-0.20051325485110283
0.04809711128473282
0.07657349109649658
0.18506388366222382
0.11837216094136238
-0.005987584590911865
-0.08556004613637924
-0.2899245582520962
-0.2740307217463851
-0.48743458092212677
-0.3319832365959883
-0.3035903424024582
-0.08488044515252113
-0.07559595070779324
0.05886249430477619
0.15915440837852657
0.0016231266781687737
-0.15631200652569532
0.004517808556556702
-0.1961144059896469
-0.2570180594921112
-0.3290393501520157
-0.3515753820538521
-0.372408390045166
-0.08697948977351189
0.04460001550614834
0.0033640246838331223
0.0167984776198864
-0.019955919589847326
0.024986598640680313
-0.20920292288064957
-0.21208789944648743
-0.2239038310945034
-0.2721211612224579
-0.19109460338950157
-0.02286757156252861
-0.1924519333988428
-0.06935602985322475
0.09058440523222089
0.02715794136747718
-0.12096492946147919
-0.07344983285292983
-0.0783604271709919
-0.30655320920050144
-0.1773694921284914
-0.3031892329454422
-0.2514346353709698
-0.12453617621213198
-0.15101236663758755
-0.032525911927223206
-0.0652586854994297
-0.0038844868540763855
-0.1622309205122292
-0.017488653073087335
-0.021643171086907387
-0.27106296457350254
-0.2423776164650917
-0.15042127622291446
-0.20603678561747074
0.06158840609714389
0.0216521630063653
0.0138478665612638
-0.18150275712832808
-0.040407740511000156
-0.10975453071296215
-0.07274644821882248
-0.16405083052814007
-0.2124648168683052
-0.037022873759269714
-0.027115099132061005
-0.11734893918037415
-0.13889308273792267
-0.09104932565242052
-0.0636540399864316
-0.20101057714782655
0.12457767874002457
-0.03197850566357374
-0.08079470274969935
-0.08378069056198001
-0.17574042454361916
-0.22235025838017464
-0.1728129368275404
-0.13585484959185123
-0.0633718715980649
-0.05270324880257249
-0.06834145216271281
-0.06943688401952386
-0.05043209623545408
-0.07299034111201763
-0.20163199305534363
-0.24383125640451908
-0.19104822911322117
-0.10323279723525047
0.030479776673018932
0.06231126096099615
-0.05421092361211777
-0.15750580839812756
-0.09417775738984346
-0.0680229552090168
-0.20894057303667068
-0.16907845996320248
-0.09337617456912994
-0.050708486000075936
-0.10314713139086962
0.09669817192479968
-0.018050843849778175
-0.23731311410665512
-0.1093697790056467
-0.18412166833877563
-0.2631653882563114
-0.1217742208391428
-0.02832313859835267
-0.018006455386057496
-0.03270729910582304
-0.019304803106933832
-0.18709506280720234
-0.14576447382569313
-0.0006559733301401138
-0.10991579294204712
-0.2851608209311962
-0.20475182263180614
-0.20004357071593404
0.03338668402284384
0.0068110013380646706
0.042956020683050156
-0.05161777324974537
-0.27182772755622864
0.008052719756960869
-0.12537817703559995
-0.17020566668361425
-0.24143829569220543
-0.13049908773973584
-0.04781382577493787
-0.012178391218185425
-0.02139332052320242
-0.05961293401196599
-0.12319591408595443
-0.04459756053984165
-0.20031406357884407
-0.27946487069129944
-0.17897937074303627
0.004882891196757555
0.010892960708588362
-0.04759556986391544
-0.05129306763410568
-0.1721649169921875
-0.14033507741987705
-0.15559588093310595
-0.09538466855883598
0.045420593582093716
-0.08105550147593021
-0.04726418014615774
-0.026029608212411404
-0.19042723067104816
-0.2505376562476158
-0.2937353849411011
-0.18453651666641235
-0.13678315095603466
-0.06633096188306808
0.026326975785195827
0.17170660942792892
0.11416708491742611
0.08205651957541704
0.03890924248844385
-0.21793929859995842
-0.16070049908012152
-0.17734280787408352
-0.17134955525398254
-0.20280567184090614
0.016303311102092266
0.06804263172671199
-0.07071598386391997
0.007839488796889782
-0.03009315300732851
-0.18894896935671568
-0.09278325084596872
-0.12376411259174347
-0.04407837404869497
-0.1114168344065547
-0.08008360909298062
-0.202752148732543
-0.10947332205250859
-0.018184345215559006
-0.04427434876561165
-0.14776994287967682
0.014725829707458615
0.0010050451382994652
-0.02494423883035779
-0.17098797857761383
-0.11286972183734179
-0.14651020616292953
-0.1247711437754333
0.023300278466194868
0.0604192279279232
-0.09048421680927277
-0.006619743071496487
0.007952722255140543
-0.25405721366405487
-0.15384553745388985
-0.3932379186153412
-0.3189027011394501
-0.09319284372031689
-0.1802376601845026
0.08008643193170428
0.11466329731047153
0.13629451720044017
0.1082405149936676
0.12134930258616805
-0.0627021063119173
-0.20697066187858582
-0.142479307949543
-0.16024529584683478
-0.1252668984234333
-0.2530641555786133
-0.001993082230910659
0.09311985224485397
0.14214685186743736
0.04428084520623088
0.01688669971190393
-0.08568358607590199
-0.21989791560918093
-0.17774727568030357
-0.2477898821234703
-0.09508253075182438
-0.06728897197172046
-0.032094995258376
0.006073654745705426
-0.006851335987448692
-0.05618831142783165
-0.06334158685058355
-0.13644104823470116
-0.17042879620566964
-0.04166235728189349
0.030386692378669977
0.0026352819986641407
-0.11445454321801662
-0.14922254718840122
-0.15639906376600266
-0.04110276140272617
-0.07966957660391927
-0.054762132465839386
-0.016949384938925505
-0.10351134557276964
-0.08812042511999607
-0.02098158886656165
-0.08036986412480474
-0.14024772122502327
-0.2171958026010543
-0.057824833085760474
-0.0909767048433423
-0.14016605354845524
-0.09165885369293392
-0.023604465648531914
-0.06509307585656643
-0.17805711552500725
-0.10732033662497997
-0.14425300247967243
0.020791594171896577
0.02515913639217615
0.07969734817743301
0.009052221663296223
-0.1128207677975297
-0.06296129152178764
-0.13952509313821793
-0.24517902731895447
-0.09711513109505177
-0.02664396772161126
-0.029232313856482506
-0.004228919977322221
-0.05433889478445053
-0.19305545650422573
-0.1711994707584381
-0.07901722332462668
-0.09956079721450806
-0.01396836421918124
-0.17231181263923645
0.05156444478780031
0.008536410052329302
0.07282626070082188
0.005463887006044388
-0.05356477294117212
-0.06131187919527292
-0.2055184245109558
-0.18308855965733528
-0.10820310935378075
-0.0179804814979434
-0.09968616254627705
-0.08441928774118423
0.020363824907690287
0.06818475341424346
-0.040140137542039156
-0.017741461866535246
-0.14357916545122862
-0.07996618002653122
-0.12530209869146347
0.010813356144353747
-0.03659276943653822
-0.04986299015581608
-0.08297827001661062
-0.05577989388257265
-0.10398916713893414
-0.10346170980483294
-0.13060639891773462
-0.05853931698948145
-0.03201810154132545
-0.0739198112860322
-0.023577969521284103
-0.07886137324385345
-0.14053866732865572
-0.14380340185016394
-0.14851300418376923
0.0035057952627539635
0.013853910379111767
0.014654649421572685
0.010817933594807982
-0.10428230836987495
-0.17263399437069893
-0.15238428488373756
-0.07830455247312784
-0.09200141951441765
-0.06605180911719799
0.021771769504994154
0.060040855780243874
0.06925223721191287
0.014823933131992817
-0.04677507933229208
-0.2170022763311863
-0.1762528344988823
-0.22615551576018333
-0.1016268995590508
-0.07162398658692837
0.0494820810854435
0.10481354966759682
0.04838151577860117
0.01194302923977375
-0.034337370190769434
-0.09181942790746689
-0.16053838655352592
-0.06054163444787264
-0.09078534506261349
-0.06710609328001738
-0.05262846499681473
-0.05411916016601026
-0.010280977003276348
-0.03927876567468047
-0.09324760595336556
-0.20872653648257256
-0.10761769814416766
-0.08065322204492986
-0.002275051549077034
0.026505909394472837
0.1212844680994749
0.05501893209293485
-0.02719009853899479
-0.14111588522791862
-0.11060188151896
-0.10103350505232811
-0.07001725863665342
-0.09351191902533174
-0.03783581452444196
-0.0577005734667182
-0.037973650731146336
-0.15958111733198166
-0.2118998672813177
-0.112057626247406
0.06951720174401999
-0.0724591463804245
0.11835464835166931
0.06445875065401196
-0.0192105732858181
-0.13383561186492443
-0.10452303849160671
-0.036008465103805065
-0.06629364797845483
-0.08716607885435224
-0.05015991162508726
0.03696666518226266
-0.005890153348445892
-0.02858464140444994
-0.13312364649027586
-0.09120929939672351
-0.019071158254519105
-0.18599986750632524
-0.06459416286088526
-0.0034603101667016745
-0.1446724459528923
-0.021519703324884176
-0.014277709648013115
7.847696542739868e-05
-0.09183481708168983
-0.16458812728524208
-0.16537973284721375
-0.04885133961215615
-0.08511484786868095
-0.04338429309427738
-0.028144390555098653
0.00011273217387497425
-0.06238633533939719
-0.11770904622972012
-0.245517797768116
-0.07649519760161638
-0.09914353583008051
-0.043237128760665655
0.06319776666350663
0.10493580251932144
0.00019012438133358955
-0.009315691888332367
-0.13224553503096104
-0.11213189270347357
-0.13653232902288437
-0.14426567405462265
-0.04198468942195177
-0.04438325436785817
-0.05584088247269392
-0.015353739261627197
-0.08041989686898887
-0.07773105567321181
-0.11121970973908901
-0.05337280058301985
-0.1096949614584446
-0.011014887131750584
-0.1109381914138794
-0.17893205396831036
-0.05350403906777501
-0.05886387079954147
-0.05622430332005024
-0.11734483763575554
-0.18904868140816689
-0.05318131111562252
-0.05046558566391468
0.017884854692965746
-0.018113785656169057
-0.07676835730671883
-0.07098820898681879
-0.05417398037388921
-0.11635040491819382
-0.1768989097326994
-0.04215543624013662
-0.004545792588032782
-0.05873473081737757
-0.09495018050074577
-0.042145051062107086
-0.12408851087093353
-0.03837706381455064
-0.039518716745078564
-0.1728442944586277
-0.22348269820213318
-0.01728391565848142
-0.043785302550531924
-0.0070116964634507895
-0.05091456288937479
-0.17311883717775345
-0.1320068072527647
-0.06365822488442063
-0.2647332213819027
-0.0328269568271935
0.038531563710421324
0.0547008216381073
0.011338373180478811
-0.08915779273957014
-0.2503216117620468
-0.22710482776165009
-0.18206292763352394
-0.1661768276244402
-0.025492666754871607
0.032829617033712566
-0.06318673957139254
-0.006011667661368847
-0.13473095186054707
-0.08541101776063442
-0.16588079929351807
-0.1382962572388351
-0.08993109734728932
0.01643543504178524
-0.0065993377938866615
0.0014065662398934364
-0.02603902854025364
-0.051673118490725756
-0.15712679456919432
-0.21899504028260708
-0.1350976638495922
-0.2730276808142662
-0.06520401872694492
-0.11343829333782196
-0.09382031578570604
0.01945405500009656
-0.03733468055725098
-0.07750628306530416
-0.0246593258343637
-0.12752905720844865
-0.1619377788156271
-0.020687613869085908
-0.16572876181453466
-0.09047162323258817
-0.06456475146114826
0.04820545855909586
0.05948862887453288
0.016547095263376832
-0.11468043364584446
-0.14208909356966615
-0.09265414904803038
-0.1842263713479042
-0.07603480573743582
-0.06643021944910288
-0.12937652692198753
-0.07935941126197577
-0.009715946391224861
0.0398061154410243
-0.06961334636434913
-0.16526825912296772
-0.1117126177996397
-0.1052616429515183
-0.08611055463552475
0.06094598723575473
-0.04874529782682657
0.019952204078435898
-0.04129600152373314
-0.08850833447650075
-0.21230879426002502
-0.16212098486721516
-0.15446005947887897
-0.08743778197094798
0.049832990393042564
-0.05936594493687153
-0.12761275749653578
-0.06411158107221127
-0.03460456081666052
-0.0007498376071453094
-0.10688010230660439
-0.1307575199753046
-0.12451568897813559
-0.08787008048966527
-0.09212576411664486
-0.036595171550288796
-0.06419363990426064
-0.09443874517455697
-0.032948171137832105
-0.10723129659891129
-0.016269594430923462
-0.08449362590909004
-0.10232227295637131
-0.09026320092380047
-0.0008170860819518566
-0.03462868672795594
-0.0749950548633933
-0.0010182242840528488
-0.08001131843775511
-0.1260344460606575
-0.10617825388908386
-0.004243718343786895
-0.06598742213100195
-0.03875801805406809
-0.024025962920859456
-0.058140535838902
-0.14120950270444155
-0.14393621124327183
-0.17101834528148174
-0.05802432307973504
-0.024536008015275
-0.13095338456332684
-0.04926409851759672
-0.10635192785412073
-0.02249327558092773
-0.018567886319942772
-0.03463347163051367
-0.1500232256948948
-0.2439768835902214
-0.1487142015248537
-0.09607898816466331
0.022529555950313807
0.0008034417405724525
0.014563743025064468
0.0009646795224398375
-0.07171258982270956
-0.1572729991748929
-0.2299555353820324
-0.13292822614312172
-0.07880806131288409
-0.07732438866514713
-0.01143525168299675
0.018991700606420636
-0.02640235237777233
-0.1095071027521044
-0.06503423862159252
-0.1474122330546379
-0.13609040156006813
-0.1971105858683586
-0.04040672490373254
0.015301585663110018
-0.019581261090934277
-0.068683214019984
-0.1315817479044199
-0.06081240903586149
-0.12259840033948421
-0.05971760815009475
-0.1331743411719799
-0.02105246391147375
-0.01381045626476407
-0.035288309678435326
-0.0667382488027215
-0.1541922427713871
-0.16867292299866676
-0.14457191340625286
-0.22101393714547157
-0.06401249393820763
-0.1877165399491787
0.026754603954032063
0.04986643558368087
0.05739225260913372
-0.026266226544976234
-0.048675404861569405
-0.26052224822342396
-0.19216910004615784
-0.16248615644872189
-0.15510497242212296
-0.04013916803523898
-0.07356302719563246
0.018647385761141777
-0.007253438932821155
0.024761527543887496
-0.03270116914063692
-0.16965480707585812
-0.11122878082096577
-0.14724915102124214
-0.1283097229897976
0.042239148169755936
0.03615515073761344
-0.03555870137643069
-0.07669269805774093
-0.017392716370522976
-0.09466516226530075
-0.16224728897213936
-0.21064937487244606
-0.13032663613557816
-0.041924238204956055
-0.10540234763175249
-0.006749683991074562
-0.004855903796851635
-0.08433944080024958
-0.012816130998544395
-0.06561930989846587
-0.08686641417443752
-0.12790421210229397
-0.04054983425885439
-0.007267036242410541
-0.03361015999689698
-0.05957324709743261
-0.11834207735955715
-0.16776228323578835
-0.13955192640423775
-0.14157767011784017
-0.03261598665267229
-0.026639494579285383
0.02554256864823401
-0.1583078457042575
-0.11653050221502781
-0.0629190793260932
-0.057355002500116825
-0.0873825941234827
-0.14848719164729118
-0.09385474165901542
0.0040242853574454784
-0.004082824103534222
0.03671623859554529
-0.09792874660342932
-0.12244456633925438
-0.09785098489373922
-0.18179143592715263
-0.11609994573518634
-0.041808138601481915
0.014267152640968561
0.027019772212952375
-0.052460428327322006
-0.08252312242984772
-0.11118056531995535
-0.1314280340448022
-0.044274278450757265
-0.03663846501149237
-0.10774040315300226
-0.007895251153968275
-0.044729089830070734
-0.017250729724764824
-0.0955247338861227
-0.14268446154892445
-0.2458552122116089
-0.17989998310804367
-0.036341167986392975
0.02791296085342765
-0.0041090999729931355
-0.03252654033713043
-0.12198160961270332
-0.11162659898400307
-0.03159555094316602
0.005024970159865916
-0.01568734727334231
-0.10330105200409889
-0.18129800632596016
-0.13143153861165047
-0.04636000678874552
-0.01873539388179779
-0.13447817973792553
-0.009162795497104526
-0.03304008720442653
-0.05084251519292593
-0.11357640754431486
-0.052253886591643095
-0.10714843682944775
-0.0810022191144526
-0.07025386905297637
0.009227843023836613
-0.09630436822772026
-0.04510624846443534
-0.031187187414616346
-0.0968777472153306
-0.09534990275278687
-0.07087352592498064
-0.09822128247469664
-0.010523917153477669
-0.02555752289481461
-0.189113506115973
-0.062010392313823104
-0.06526606762781739
-0.028423958458006382
-0.09235041821375489
-0.08645731536671519
-0.004518857225775719
-0.11208495404571295
-0.0643309811130166
-0.03856978891417384
-0.01682132761925459
-0.1251861285418272
-0.08935627061873674
-0.05947232525795698
-0.16424495168030262
-0.10008455626666546
-0.09847670188173652
-0.08051419723778963
-0.04179939115419984
-0.0031667500734329224
0.0041963327676057816
-0.09414230613037944
-0.15539591759443283
-0.06254360964521766
-0.14136582985520363
0.030594272539019585
0.058284252882003784
0.0053811767138540745
-0.0694462601095438
-0.1279640942811966
-0.060686539858579636
-0.09914327599108219
-0.1633872203528881
-0.06344208819791675
-0.11826844234019518
-0.04066039901226759
-0.008867287542670965
-0.0723936363356188
-0.12272826209664345
-0.10181754967197776
-0.016020404815208167
-0.07499779714271426
-0.010792111977934837
-0.09571464662440121
-0.059521809220314026
-0.0012506458442658186
-0.03934529144316912
-0.12577030714601278
-0.07563435472548008
-0.0021176449954509735
-0.07311993837356567
-0.08839148841798306
-0.0149130136705935
-0.037621266674250364
-0.06315072672441602
-0.1389523260295391
-0.09851084277033806
-0.07684456929564476
-0.025130026508122683
-0.052037953049875796
-0.0631889165379107
-0.07267055567353964
-0.03924076072871685
-0.10416180733591318
-0.07810429343953729
-0.055052334908396006
0.07905381079763174
0.058806135319173336
0.09799025021493435
-0.009043699130415916
-0.026439851615577936
-0.22582468762993813
-0.20664885267615318
-0.24350597709417343
-0.23317766934633255
-0.24121402949094772
-0.08224768098443747
-0.08943218598142266
-0.01728706294670701
0.10171311348676682
0.0820841807872057
0.06024347431957722
-0.04520579241216183
-0.004690859001129866
-0.08313506841659546
-0.13538511469960213
-0.2125852070748806
-0.08573888521641493
-0.14711137674748898
-0.04535320121794939
0.0834476975724101
0.06537584029138088
0.09361444413661957
0.02020596934016794
-0.03394256066530943
-0.16420761868357658
-0.20476312562823296
-0.17918731272220612
-0.11453589051961899
-0.08432790450751781
0.000281074782833457
0.051895949989557266
0.0025510238483548164
0.058116975240409374
-0.04137277323752642
-0.0962129132822156
-0.06033547967672348
-0.0575668616220355
-0.11058583483099937
-0.09364865627139807
-0.016689349431544542
-0.03291134140454233
-0.08067027805373073
-0.05850085197016597
-0.01133565790951252
-0.07802120223641396
-0.04442687751725316
-0.07354022096842527
-0.07914638100191951
-0.027596155647188425
0.025573404622264206
0.009181487374007702
-0.024599779397249222
-0.13591140136122704
-0.16920159757137299
-0.1752401441335678
-0.1223752573132515
-0.01787447021342814
-0.02944526309147477
-0.002988043415825814
-0.0532328977715224
-0.09778941981494427
-0.06858623679727316
-0.027489539701491594
-0.07308058813214302
-0.08504869602620602
-0.0886256992816925
0.03256807290017605
0.05488175805658102
0.08315123431384563
0.057448392268270254
-0.006404183572158217
-0.05762806348502636
-0.12060990370810032
-0.13139451295137405
-0.1392417624592781
-0.05397639982402325
-0.01796119473874569
-0.007874140050262213
-0.0351803544908762
-0.019350386690348387
-0.13501983880996704
-0.10738994739949703
-0.08716278709471226
-0.05392570188269019
-0.023712067399173975
0.008454786147922277
-0.06884355330839753
-0.09004778927192092
-0.05624672840349376
-0.03387847635895014
-0.006267172284424305
-0.047845950815826654
-0.09342217165976763
-0.057439311407506466
-0.040880545042455196
0.0022141668014228344
-0.015569089213386178
-0.019951646914705634
-0.04780440405011177
-0.12757771462202072
-0.1430749874562025
-0.1948606763035059
-0.08634053287096322
-0.07742432784289122
0.06178194470703602
0.08972124196588993
0.10788006335496902
0.07619455736130476
-0.0028272035997360945
-0.009728974429890513
-0.1381295695900917
-0.10426091216504574
-0.20716707035899162
-0.1526808962225914
-0.0807007048279047
-0.06579679413698614
-0.006845429539680481
0.01645549852401018
0.06286885356530547
0.03562042582780123
-0.09223822923377156
-0.047548684757202864
-0.10419419221580029
-0.08192065078765154
-0.023973843548446894
-0.03201977151911706
0.0004435530863702297
-0.03477724269032478
-0.014813010580837727
-0.22223494201898575
-0.1362063055858016
-0.10002902429550886
-0.13354035466909409
-0.11348198540508747
-0.002323914784938097
0.0035447569098323584
0.02267474215477705
-0.011470425117295235
-0.02172749489545822
-0.04251169692724943
-0.054853655397892
-0.15935750026255846
-0.08919180557131767
-0.06757385330274701
0.011030699592083693
0.07024798355996609
0.05417919345200062
0.011386052472516894
-0.061011274345219135
-0.059315554797649384
-0.11807236634194851
-0.07137418910861015
-0.044908336363732815
-0.06331253924872726
0.009036288247443736
-0.03454299923032522
-0.052211976144462824
-0.03234045044519007
-0.04794715018942952
-0.06051500886678696
-0.11847726814448833
-0.00249198148958385
-0.01159847213421017
-0.04006896028295159
-0.10446461942046881
-0.08701207768172026
-0.11289157904684544
-0.06167858000844717
-0.02029880997724831
0.019237137399613857
-0.014630852034315467
-0.06010441854596138
-0.09070059284567833
-0.043416334548965096
-0.08061920292675495
-0.054656664840877056
-0.12234630063176155
-0.024449964053928852
-0.022670527454465628
0.0030062119476497173
-0.11288824118673801
-0.06533271941589192
0.016647526645101607
0.011232424760237336
-0.08675423823297024
-0.050761265214532614
-0.043526383582502604
-0.007282313774339855
-0.011947641149163246
-0.055034704972058535
-0.1600252315402031
-0.21059609949588776
-0.14600178226828575
-0.13834896311163902
-0.06658037565648556
-0.028682825388386846
0.005612098844721913
0.028049209155142307
0.009298699325881898
-0.029172627720981836
-0.09623292926698923
-0.12507187761366367
-0.07507115858606994
-0.07771707978099585
-0.022384861018508673
-0.01781660132110119
0.018017099238932133
-0.007023756857961416
-0.0549548389390111
-0.06559471506625414
-0.09438339248299599
-0.052563201636075974
0.01866250019520521
0.03422846272587776
0.013404147466644645
-0.013494702987372875
-0.10292834974825382
-0.1300966925919056
-0.16125280037522316
-0.06527741067111492
-0.08506891317665577
-0.032122093020007014
0.0313991354778409
0.03517650067806244
0.006433846312575042
-0.0174569645896554
-0.11916717328131199
-0.10257338546216488
-0.15240570716559887
-0.12226117216050625
0.008166336920112371
-0.04757097747642547
-0.05615426390431821
0.03130964084994048
0.027373079559765756
-0.020907535683363676
-0.07155711762607098
-0.076690130867064
-0.10686585679650307
-0.05769067956134677
-0.005070393905043602
-0.00043937982991337776
0.030210444005206227
-0.022521059028804302
-0.06296373903751373
-0.09496033564209938
-0.0457018930464983
-0.046120806597173214
-0.06365611217916012
-0.08601454645395279
-0.04949227347970009
0.017662824830040336
-0.005221522180363536
-0.03130373638123274
-0.09120256453752518
-0.0888265473768115
-0.09520989330485463
-0.07639633677899837
0.018254570895805955
0.0726108718663454
0.1083771102130413
0.04781132657080889
-0.020270949229598045
-0.07025934755802155
-0.11624718457460403
-0.1446308046579361
-0.1641581542789936
-0.0640482846647501
0.019162920769304037
0.04167049564421177
0.025248015066608787
0.01313348626717925
-0.026969570317305624
-0.0646747350692749
-0.12025597505271435
-0.08352755289524794
-0.06892355950549245
-0.04018421936780214
0.024684532429091632
0.022370356367900968
-0.004006154660601169
-0.03885917039588094
-0.04696135548874736
-0.11959388293325901
-0.107255132868886
-0.14079807326197624
-0.1000023428350687
-0.10180691815912724
-0.002048375317826867
0.03439306188374758
0.06402667984366417
0.006210359977558255
-0.01415645144879818
-0.04654370993375778
-0.08045563194900751
-0.15716597065329552
-0.1170871825888753
-0.15223677456378937
-0.12493066675961018
-0.042505993507802486
0.054205792024731636
0.054317822214215994
0.04775504022836685
0.022682313807308674
-0.04886865383014083
-0.06427939049899578
-0.07541686482727528
-0.06273429095745087
-0.053132643923163414
-7.781689055263996e-05
-0.013005974935367703
-0.036987371277064085
-0.1090402714908123
-0.04697958566248417
-0.04582226695492864
-0.10599147155880928
-0.03804793837480247
-0.04180055111646652
-0.02693026710767299
-0.10614647343754768
-0.10756220482289791
-0.07637190632522106
-0.043126212898641825
-0.026632185676135123
-0.031314860039856285
-0.02917139744386077
-0.0832888763397932
-0.09347852319478989
-0.08194668591022491
-0.00535414507612586
-0.003800643142312765
-0.03216161229647696
-0.05109482677653432
-0.07468857988715172
-0.08229060051962733
-0.0674239369109273
0.022686889162287116
0.016326187178492546
-0.010882599977776408
-0.048705405090004206
-0.08331579156219959
-0.1149187758564949
-0.07457860372960567
-0.07399776624515653
-0.016199704259634018
0.06124080717563629
0.025419651996344328
0.017778305802494287
-0.018636616528965533
-0.06416052766144276
-0.1345414835959673
-0.13357656262815
-0.1023543905466795
-0.0192156289704144
-0.03797607542946935
-0.012855088571086526
-0.05921083269640803
-0.05301190912723541
-0.03081000503152609
-0.08142737671732903
-0.08839358203113079
-0.10290652327239513
-0.044603907503187656
-0.024203899316489697
-0.031154533615335822
-0.049509335309267044
-0.11759749054908752
-0.047202848829329014
-0.05472040921449661
-0.022066332632675767
-0.056112810503691435
-0.0320866871625185
-0.04755393881350756
-0.044031137600541115
-0.04175917850807309
-0.13262523338198662
-0.10640593990683556
-0.051071442663669586
-0.02930085244588554
-0.05305037181824446
-0.05230433912947774
-0.053994265384972095
-0.05335910292342305
-0.04979505389928818
-0.03393149864859879
-0.09461993956938386
-0.018823081511072814
-0.03593713685404509
-0.03659740136936307
-0.029336323495954275
-0.06542396638542414
-0.1055099293589592
-0.0748291490599513
-0.03205298352986574
-0.041299109579995275
-0.0650756573304534
-0.02862505428493023
-0.0468413601629436
-0.08070289716124535
-0.08620725385844707
-0.04517350415699184
-0.02974053332582116
-0.03563256608322263
0.002951495349407196
-0.04932486219331622
-0.060467698611319065
-0.09848931431770325
-0.11023517698049545
-0.060959907714277506
-0.016451585455797613
-0.03732081921771169
-0.03959215898066759
-0.059985765255987644
-0.07734542107209563
-0.02176673524081707
-0.029241563752293587
-0.06611179187893867
-0.0920694237574935
-0.03726598480716348
-0.04552090237848461
-0.03590037068352103
-0.04791689245030284
-0.0799094196408987
-0.10692188423126936
-0.11860553175210953
-0.05205097049474716
-0.023279014858417213
-0.021959977922961116
-0.03845026169437915
-0.07093869708478451
-0.08980125188827515
-0.05146334273740649
-0.05367269506677985
-0.050115341786295176
0.002742860815487802
0.008836232125759125
0.0012748779263347387
-0.05690366495400667
-0.0857220720499754
-0.15514446794986725
-0.15432969480752945
-0.09329736046493053
-0.08104286855086684
0.021362961910199374
0.035589500330388546
0.048796096816658974
0.03993178205564618
0.012540823314338923
-0.07228102535009384
-0.09742643125355244
-0.12260227277874947
-0.08282635919749737
-0.028289796318858862
-0.05065063666552305
-0.04318575854995288
-0.019937167409807444
-0.0746842185035348
-0.06457092892378569
-0.06557299569249153
-0.047018412966281176
-0.021805090364068747
-0.062356019392609596
-0.07475743582472205
-0.04375320393592119
-0.09197879582643509
-0.11944902315735817
-0.08501271810382605
-0.0014642218593508005
-0.0009034180548042059
0.00891961227171123
-0.024734733160585165
-0.04074068460613489
-0.09339146036654711
-0.12598899193108082
-0.10144959762692451
-0.09622249379754066
-0.044019659340847284
0.006543080788105726
0.01653094496577978
0.017034676857292652
-0.03498817281797528
-0.08808477222919464
-0.1330823376774788
-0.1046294728294015
-0.05200117314234376
-0.03285579918883741
-0.029571397230029106
-0.02563044335693121
-0.05734635703265667
-0.11384099908173084
-0.10367251001298428
-0.120799470692873
-0.06526537286117673
-0.024822808569297194
-0.0472737867385149
-0.0032900096848607063
-0.02244511165190488
-0.06140218861401081
-0.10161519795656204
-0.14463043585419655
-0.12254584208130836
-0.0829121982678771
-0.030175596941262484
-0.03948687668889761
-0.014954003388993442
-0.016943768598139286
-0.05627133185043931
-0.15439476631581783
-0.158850422129035
-0.09633087646216154
-0.0817254763096571
0.0012315226485952735
0.007517530582845211
0.01705590123310685
-0.05764273600652814
-0.0011004013940691948
-0.05584261054173112
-0.040788159356452525
-0.04044715967029333
-0.07720711454749107
-0.05670942738652229
-0.04541444219648838
-0.004584581591188908
-0.027505008038133383
-0.03019486228004098
-0.11449555866420269
-0.11485135741531849
-0.09224222041666508
-0.07328219059854746
-0.019505617441609502
0.014225048245862126
0.011068448657169938
-0.040354013442993164
-0.06181104201823473
-0.056419807486236095
-0.05306570325046778
-0.04138772073201835
-0.05481399269774556
-0.037742359563708305
-0.05045253783464432
-0.03658996243029833
-0.08185260742902756
-0.11225526966154575
-0.022468307288363576
-0.016626077704131603
-0.028980060014873743
-0.06038512196391821
-0.018737460486590862
-0.10202175751328468
-0.10854495875537395
-0.06395976897329092
-0.015475164982490242
-0.031240392476320267
0.010913990088738501
-0.028863208834081888
-0.0636757593601942
-0.09046304784715176
-0.08464576676487923
-0.04467233270406723
-0.025752977468073368
-0.024184423498809338
-0.02912903344258666
-0.06624100636690855
-0.06506612244993448
-0.043094818480312824
-0.0388015303760767
-0.05905643571168184
-0.034129052772186697
0.04248082125559449
0.04545157216489315
0.013417962763924152
0.005844127386808395
-0.05169077031314373
-0.08413559291511774
-0.10342509672045708
-0.05990367755293846
-0.04891869518905878
-0.0241771568544209
-0.025553133338689804
-0.030967946629971266
-0.05730854161083698
-0.04154893150553107
-0.043156097177416086
-0.030348092084750533
-0.02914841170422733
-0.05596571136265993
-0.055719686672091484
-0.038203137926757336
-0.028422208037227392
-0.021221958566457033
-0.04508709814399481
-0.05843832064419985
-0.055395187344402075
-0.042532339226454496
-0.01098441588692367
-0.01319112052442506
-0.0185787680093199
-0.05023120390251279
-0.07209429703652859
-0.051233671605587006
-0.05470616277307272
-0.01950923673575744
0.017056703800335526
0.004839760949835181
0.0002956466923933476
-0.05208546854555607
-0.06923668459057808
-0.05059376219287515
-0.024718708591535687
-0.027047037379816175
-0.03485827334225178
-0.02788419183343649
-0.04642612161114812
-0.06228009797632694
-0.06684761121869087
-0.039168706163764
-0.013221570523455739
-0.03888436732813716
-0.0278525457251817
-0.04470859281718731
-0.04181681340560317
-0.00661853956989944
-0.03285978687927127
-0.05229180492460728
-0.0466590141877532
-0.027879440691322088
-0.04964987561106682
-0.034839863423258066
-0.016354074236005545
-0.07662813365459442
-0.07698797434568405
-0.07186183333396912
-0.03455268172547221
0.00020024715922772884
0.010881014633923769
-0.012841451040003449
-0.031424964312464
-0.05996950529515743
-0.07286529801785946
-0.059965163469314575
-0.038164129946380854
-0.0012905296171084046
-0.01223717030370608
-0.016476380173116922
-0.04726695455610752
-0.07309616450220346
-0.026545222382992506
-0.05483828252181411
-0.018559914315119386
-0.06408985069720075
-0.015921058598905802
-0.03148214000975713
-0.047519030049443245
-0.03295865887776017
-0.0701647400856018
-0.05064664874225855
-0.020908584585413337
-0.011218849569559097
-0.025698351790197194
-0.04575964482501149
-0.05401572212576866
-0.044207786209881306
-0.013026283122599125
-0.016059361456427723
-0.03993280790746212
-0.07201642403379083
-0.057393734343349934
-0.03802781691774726
-0.007984675379702821
-0.05009731627069414
-0.02093038451857865
-0.028267580084502697
-0.07673011533915997
-0.06223788298666477
-0.04648724617436528
-0.012212712783366442
-0.0013778182910755277
-0.03912630071863532
-0.05573637317866087
-0.04384446144104004
-0.034217586275190115
-0.05996783450245857
-0.013765500858426094
-0.012312239385209978
-0.04874290619045496
-0.027826379518955946
-0.03698515519499779
-0.06511199288070202
-0.05644689127802849
-0.014013416366651654
0.011057546129450202
-0.003573089372366667
-0.03705572709441185
-0.05499158799648285
-0.058516811579465866
-0.042995397467166185
-0.03341885842382908
0.008330093580298126
-0.01640384760685265
-0.055793837644159794
-0.06773138139396906
-0.034228287637233734
-0.016406979179009795
-0.05930080823600292
-0.014997225953266025
-0.04448080621659756
-0.02085982041899115
-0.06342602707445621
-0.06625779625028372
-0.03530696500092745
-0.024870132096111774
-0.039835695177316666
-0.03564904141239822
-0.07288123713806272
-0.02720595826394856
-0.019878778606653214
-0.06624354980885983
-0.04073645640164614
-0.04715458024293184
-0.023307523922994733
-0.06594745954498649
-0.014456364791840315
-0.03855584352277219
-0.03886486333794892
-0.11654078122228384
-0.0696698222309351
-0.05005744192749262
-0.03322697663679719
-0.009036260598804802
-0.027340835891664028
-0.048366304486989975
-0.075095284730196
-0.059511813800781965
-0.04077471327036619
-0.02633256884291768
-0.035968913696706295
-0.029349931050091982
-0.05010939622297883
-0.0749614080414176
-0.04486536607146263
-0.03517093230038881
-0.020136401057243347
-0.02074155124137178
-0.032994482200592756
-0.06090760417282581
-0.054834432899951935
-0.06476843915879726
-0.03744553541764617
0.016325219301506877
-0.009588619461283088
-0.025900033535435796
-0.0883961794897914
-0.06522426195442677
-0.10063723474740982
-0.11411293316632509
-0.0223164192866534
-0.05079442297574133
0.0043610516004264355
0.00816884869709611
-0.011797736980952322
-0.04675849433988333
-0.06639612000435591
-0.06349199265241623
-0.06068827770650387
-0.020466056477744132
-0.012545887264423072
-0.020717972540296614
-0.02705793920904398
-0.061532425694167614
-0.12621100805699825
-0.09876268915832043
-0.0360275418497622
-0.058522045612335205
-0.022729683434590697
0.008697654120624065
0.027473754715174437
0.003344836877658963
-0.04015892732422799
-0.06572200730443001
-0.061605509370565414
-0.05153736565262079
-0.021850527031347156
-0.02101317746564746
-0.01376730715855956
-0.05871041864156723
-0.025824317941442132
-0.03360460791736841
-0.0417358404956758
-0.05975996609777212
-0.049103088676929474
-0.03548897185828537
0.0023672087118029594
-0.035974878119304776
-0.01956615154631436
-0.07861216831952333
-0.08280111476778984
-0.09130101650953293
-0.03303419647272676
-0.07168978545814753
0.0020367044489830732
0.02448056754656136
0.006267820601351559
0.004529596539214253
-0.043692854698747396
-0.06135361082851887
-0.06952891498804092
-0.10690487362444401
-0.01605086331255734
-0.01708928355947137
-0.04480137396603823
-0.022232420975342393
-0.07408828847110271
-0.033760747872292995
-0.03340008808299899
-0.062346200458705425
-0.024141564266756177
-0.019843393238261342
-0.06341448752209544
-0.060095470398664474
-0.03588209114968777
-0.030511517310515046
-0.033934314735233784
-0.0955025777220726
-0.03628136124461889
-0.0392292276956141
-0.011476118874270469
-0.02763198292814195
-0.07555485656484962
-0.07037935173138976
-0.030961455078795552
-0.01595862046815455
-0.0041480615036562085
-0.04783146921545267
-0.041231014765799046
-0.08144623041152954
-0.0788879469037056
-0.05253445915877819
-0.008917812840081751
-0.02631573483813554
0.011825481429696083
0.0037363318260759115
-0.05867029260843992
-0.04930106084793806
-0.0650254178326577
-0.07150166109204292
0.02274168364237994
0.0051671224646270275
0.047085631638765335
-0.015046160435304046
-0.06760324072092772
-0.03261302411556244
-0.06973417475819588
-0.0784259308129549
-0.061314054764807224
-0.05354927689768374
0.024980343412607908
0.07445900235325098
0.08531614392995834
0.04162412974983454
0.0320934122428298
-0.013711837294977158
-0.12344679236412048
-0.11587479710578918
-0.122856255620718
-0.13107945770025253
-0.11597010120749474
-0.10286849364638329
0.013511746656149626
0.03339449455961585
0.03963605361059308
0.03551234398037195
-0.010594075778499246
-0.04738638876006007
-0.07417463324964046
-0.03957503754645586
-0.05143666034564376
-0.035891577834263444
0.01357497472781688
-0.0018966133939102292
-0.00023655034601688385
-0.0692287627607584
-0.07332548033446074
-0.04171056766062975
0.0007856239099055529
-0.0177239493932575
-0.06720653269439936
-0.06471135281026363
-0.06759310513734818
0.009141403483226895
0.0007983859395608306
-0.014128229464404285
-0.027983172331005335
-0.06495283544063568
-0.06253390200436115
-0.07235876191407442
-0.018583268858492374
-0.02417700318619609
-0.016774161718785763
-0.05966400075703859
-0.1036284463480115
-0.09237162210047245
-0.009575608535669744
-0.004297510953620076
-0.03724241931922734
-0.04619064833968878
-0.08667539060115814
-0.04721055831760168
-0.021753212495241314
-0.033416726044379175
-0.0013613193295896053
-0.021610298950690776
-0.069549810141325
-0.03859455604106188
-0.06939422339200974
-0.060756199061870575
-0.027169852517545223
-0.02491856412962079
-0.02447727764956653
-0.04686060780659318
-0.054075114196166396
-0.002958171535283327
-0.018627018318511546
-0.015550893731415272
-0.06480160262435675
-0.07262123934924603
-0.052761814557015896
-0.06245511211454868
-0.006683390587568283
-0.005657113855704665
-0.002056471479590982
-0.047287068562582135
-0.026368831051513553
-0.06406368222087622
-0.06665601953864098
-0.02905779448337853
-0.020050495397299528
-0.047068149666301906
-0.05036003980785608
0.003162286477163434
-0.02220740867778659
-0.03526076581329107
-0.060618272982537746
-0.0436643841676414
-0.07041739299893379
-0.034076692536473274
-0.043317349161952734
-0.04510094737634063
-0.008736678399145603
-0.017959642224013805
-0.01716803153976798
-0.07120779994875193
-0.06748458417132497
-0.02797731989994645
-0.03452665777876973
-0.027649155119434
-0.019427443738095462
-0.03969525871798396
-0.036679916083812714
-0.07347756996750832
-0.09452049247920513
-0.06074110884219408
-0.04712931578978896
-0.015339854173362255
0.02662662835791707
0.0443450219463557
-0.006970470072701573
-0.04737923631910235
-0.09471281617879868
-0.04315101774409413
-0.05586847336962819
-0.011310192057862878
0.04276938270777464
0.03306187177076936
-0.014189428882673383
-0.021913363132625818
-0.06361510744318366
-0.084188062697649
-0.11402119137346745
-0.09966660104691982
-0.05748969502747059
-0.021960291313007474
-0.0025426754727959633
0.010587946511805058
-0.021857131272554398
-0.03744460106827319
-0.061923665925860405
-0.04544782359153032
-0.0564909796230495
-0.024993346072733402
-0.02548155514523387
-0.02330921357497573
-0.05202507320791483
-0.0731111615896225
-0.04437547060661018
-0.029520377051085234
-0.005636951886117458
-0.01842700957786292
-0.03120465250685811
-0.06642641685903072
-0.046578746172599494
-0.06739345379173756
-0.04847755189985037
-0.032327198423445225
-0.03566579846665263
-0.028283403255045414
-0.055373068898916245
-0.0719636045396328
-0.02247876627370715
-0.028356130816973746
-0.01304565608734265
-0.0839227307587862
-0.04822396673262119
-0.041817053221166134
-0.007738918764516711
-0.024878408759832382
-0.0375967831350863
-0.05202152580022812
-0.08475803211331367
-0.06181478314101696
-0.03178658988326788
-0.0419805571436882
-0.016172057832591236
-0.01635989884380251
-0.018982664216309786
-0.045083224307745695
-0.04586251266300678
-0.05191014055162668
-0.01505164778791368
0.0162360027898103
-0.023180371150374413
-0.06279315054416656
-0.07021060772240162
-0.0336056943051517
-0.03756233397871256
-0.009010627283714712
-0.027629403863102198
-0.05395406438037753
-0.07415301911532879
-0.03689469117671251
-0.0099661978892982
0.00794787728227675
-0.030790030024945736
-0.052514650858938694
-0.048006714787334204
-0.04295626422390342
-0.028344738762825727
-0.03398926928639412
-0.04863928630948067
-0.05866069160401821
-0.037904835306108
-0.03907732502557337
-0.004824342904612422
-0.007747456664219499
-0.018094492377713323
-0.05262751132249832
-0.08381548896431923
-0.061418481171131134
-0.040875210892409086
-0.02163523156195879
-0.042677740566432476
-0.03769365604966879
-0.03898697905242443
-0.02308960829395801
-0.029779333621263504
-0.06249292381107807
-0.04045484960079193
-0.035806478932499886
-0.03173896996304393
-0.07550247851759195
0.004179865121841431
-0.014924455434083939
-0.01616832331637852
-0.05750492285005748
-0.03707002731971443
-0.07204303797334433
-0.08150819689035416
-0.06923481356352568
0.007571816386189312
-0.004613371100276709
-0.017332685878500342
-0.03146348334848881
-0.06677754316478968
-0.10191043838858604
-0.07956430036574602
-0.06520131602883339
-0.056571357417851686
0.028809428971726447
0.044053588062524796
0.06527109071612358
0.06396476551890373
0.046006855089217424
-0.003377541434019804
-0.06217665411531925
-0.11652557738125324
-0.11735818907618523
-0.1004781611263752
-0.03632760886102915
0.00657296902500093
0.010453078895807266
-0.007725709583610296
-0.02847032411955297
-0.10618037916719913
-0.11476674117147923
-0.09391545690596104
-0.06270845606923103
-0.042529772501438856
0.00846124324016273
-0.0049020349979400635
0.008286022813990712
-0.03778578294441104
-0.10016291588544846
-0.08453178778290749
-0.09712132532149553
-0.06481128511950374
-0.03838184312917292
0.028571000788360834
0.04026397597044706
0.008021021727472544
-1.0952819138765335e-05
-0.03901817603036761
-0.04939021123573184
-0.09486341662704945
-0.077495651319623
-0.07345140352845192
-0.04699281812645495
-0.00623484276002273
0.01258767326362431
0.01035718573257327
-0.02281628455966711
-0.05883253179490566
-0.09294985421001911
-0.09160163626074791
-0.031142796855419874
-0.052736204117536545
0.016535146220121533
0.017815639730542898
-0.006310000491794199
-0.03698576078750193
-0.04512370703741908
-0.02703153109177947
-0.034275867976248264
-0.06952301878482103
-0.05111432634294033
-0.06652543600648642
-0.04324607038870454
-0.017495586012955755
-0.0012135861907154322
0.013372071087360382
-0.03571095154620707
-0.04002606589347124
-0.035285526886582375
-0.061944461427628994
-0.0590288732200861
-0.059639682061970234
-0.0279958788305521
-0.0659300871193409
-0.09504825994372368
-0.041147610172629356
0.014863845659419894
-0.026631444925442338
0.010909894946962595
-0.008127790875732899
-0.01997758258949034
-0.14034193381667137
-0.09570953622460365
-0.1352254692465067
-0.10470215231180191
-0.07635320164263248
-0.032407648861408234
-0.008634588215500116
-0.02634712541475892
-0.035660045221447945
-0.08655213378369808
-0.08749084919691086
-0.070262317545712
-0.02828383748419583
-0.047876561526209116
0.01019947649911046
0.030116737354546785
-0.003586268052458763
-0.010113136493600905
-0.05665792943909764
-0.07666067872196436
-0.051969424821436405
-0.01645721448585391
-0.03973842319101095
-0.01580046396702528
-0.053254290483891964
-0.03911208128556609
-0.07776554860174656
-0.03927213046699762
-0.0357206710614264
-0.023544735042378306
0.0033886022865772247
-0.04105605708900839
-0.05015130899846554
-0.02599507849663496
-0.041534329298883677
-0.09973512031137943
-0.039695458486676216
-0.04970678500831127
-0.052534230053424835
-0.031264194287359715
-0.024959475733339787
-0.04432196728885174
-0.04633056791499257
-0.04783412325195968
-0.014344165800139308
0.0059729330241680145
0.028451071702875197
0.0037735076621174812
-0.06380312889814377
-0.08152249176055193
-0.044853128027170897
-0.05792903434485197
-0.050278414972126484
0.01345241372473538
0.0354108358733356
0.03973313374444842
-0.00026818038895726204
-0.01633167965337634
-0.04820809327065945
-0.09056646097451448
-0.10432843491435051
-0.07897443138062954
-0.06073370762169361
-0.01567688398063183
0.03520414885133505
0.014838328817859292
0.007358764298260212
-0.03662316268309951
-0.025709749199450016
-0.12526665162295103
-0.11913707852363586
-0.10036602430045605
-0.08391464594751596
-0.06555765122175217
0.018870849278755486
0.0018537396099418402
0.052782220765948296
0.0262571070343256
0.009910764056257904
-0.03061142365913838
-0.0713234543800354
-0.08745094947516918
-0.07876806519925594
-0.10819977521896362
-0.02745083416812122
0.0056716459803283215
-0.0028417506255209446
0.016577974776737392
-0.009716704953461885
-0.039104707073420286
-0.10192500241100788
-0.08892247173935175
-0.08926879987120628
-0.07013116497546434
-0.016157974023371935
-0.0101370750926435
0.022553045768290758
-0.03055613161996007
-0.013492522528395057
-0.03672110149636865
-0.08798139449208975
-0.06259618327021599
-0.05265896953642368
-0.026611807523295283
-0.009908477077260613
-0.007467501098290086
-0.03485810570418835
-0.07153634540736675
-0.05223637167364359
-0.022179449151735753
-0.018714959849603474
-0.025841400492936373
-0.052581142634153366
-0.06200850382447243
-0.0337117132730782
-0.05900241620838642
0.0034479867899790406
0.007952418411150575
-0.012534476118162274
-0.00345748255494982
-0.04662175150588155
-0.060981462709605694
-0.05367772374302149
-0.03080006642267108
-0.029602456837892532
-0.05307973874732852
-0.022485522902570665
-0.047157468274235725
-0.03954716585576534
0.002263992209918797
-0.035844867350533605
-0.045557631412521005
-0.04362849285826087
-0.04623333178460598
-0.04606087878346443
-0.03510861471295357
-0.0034460783936083317
-0.006386318651493639
-0.035792149836197495
-0.06065295170992613
-0.02466936013661325
-0.06463925167918205
0.004537405911833048
0.006737334246281534
-0.007727567455731332
-0.04568251967430115
-0.028638329822570086
-0.04761066474020481
-0.05930245015770197
-0.07311679795384407
-0.02253937255591154
-0.03496199403889477
-0.0008197429124265909
0.0008097385289147496
-0.033014966174960136
-0.03429030580446124
-0.03879534266889095
-0.055266343988478184
-0.032110893400385976
-0.03815545979887247
-0.02790108136832714
-0.01701882854104042
-0.03997889952734113
-0.03053081315010786
-0.04731783550232649
-0.032466966193169355
-0.019443233031779528
-0.019031075993552804
-0.036509431432932615
-0.050202238373458385
-0.0215526451356709
-0.02106766076758504
-0.0570932449772954
-0.026768779149279
-0.03893097548279911
-0.025743390899151564
0.004807382530998439
-0.011512882309034467
-0.006668024230748415
-0.05414082854986191
-0.04534327518194914
-0.04676082357764244
-0.048426618333905935
0.0008129471680149436
0.030660145916044712
0.015135095454752445
-0.007803844986483455
-0.016319262678734958
-0.08297199197113514
-0.11157608218491077
-0.09626252204179764
-0.09114044718444347
-0.06433008890599012
0.003378532361239195
-0.017486575758084655
0.020980464993044734
0.012384320609271526
-0.022949699079617858
-0.04251319449394941
-0.09263605624437332
-0.0795935895293951
-0.06645088363438845
-0.06644479278475046
-0.04628667200449854
0.03222942119464278
0.07138527929782867
0.06494978349655867
0.058961992152035236
0.039755220990628004
-0.0026674726977944374
-0.052751717157661915
-0.06723532918840647
-0.05845059361308813
-0.07353317737579346
-0.04749068710952997
-0.03397352551110089
0.00629959418438375
0.004599463660269976
0.012813891284167767
-0.0016849247040227056
-0.04635706264525652
-0.08528435043990612
-0.04873766889795661
-0.04546221857890487
0.0004134001210331917
0.0022906085359863937
-0.00396966515108943
-0.01311731617897749
-0.07020463049411774
-0.0843719094991684
-0.08172054588794708
-0.060243328101933
-0.0476361894980073
-0.00040466967038810253
0.014344041235744953
0.020113861479330808
0.015511691686697304
-0.0038474227767437696
-0.04825172945857048
-0.054544745944440365
-0.04788544587790966
-0.05612110812216997
-0.030537921469658613
0.012830705265514553
0.023872845340520144
0.02199772302992642
0.008931728778406978
-0.012786100269295275
-0.05532971955835819
-0.10984982922673225
-0.07714834343641996
-0.07658928819000721
-0.03797254431992769
-0.018931245896965265
-0.009657485061325133
-0.01304482389241457
-0.03811883274465799
-0.05561723932623863
-0.02696039294824004
-0.031344997230917215
-0.02161370823159814
-0.0399785959161818
-0.02149373758584261
-0.06094970926642418
-0.029051134828478098
-0.03975972020998597
-0.01221447519492358
0.016688595293089747
0.01509543089196086
0.01568307215347886
-0.01489854441024363
-0.047229306772351265
-0.07022098917514086
-0.07957439869642258
-0.05930574331432581
-0.06859129574149847
-0.006281157024204731
0.005100617301650345
0.011676183436065912
0.010162208927795291
-0.04309473326429725
-0.049263585824519396
-0.033476236276328564
-0.042182267061434686
0.014120966894552112
-0.008042486035265028
0.024323603603988886
-0.0012516456190496683
-0.03967212000861764
-0.04222897067666054
-0.03179465560242534
-0.014100571162998676
-0.05076506733894348
-0.033834497444331646
-0.023023564368486404
-0.06849261187016964
-0.08174402546137571
-0.07239959947764874
-0.029177246615290642
-0.00495512830093503
0.0034496935550123453
0.0005669966340065002
-0.022172811441123486
-0.03433796763420105
-0.06987829692661762
-0.051430827006697655
-0.03831653809174895
-0.009556398959830403
-0.002726730628637597
-0.010983861284330487
-0.017269457457587123
-0.04646534426137805
-0.061335453763604164
-0.04081075266003609
-0.034933934919536114
0.0006875459366710857
-0.009457931097131222
-0.010920705026364885
-0.038080248050391674
-0.04161710850894451
-0.03587240702472627
-0.013655066257342696
-0.0074845136841759086
-0.021708202082663774
-0.05999330151826143
-0.06528547033667564
-0.05450873542577028
-0.036055045668035746
-0.007143140508560464
0.021434959373436868
0.009848931455053389
0.00948822416830808
-0.03626758744940162
-0.06015939824283123
-0.03911797993350774
-0.04605187755078077
0.011599268997088075
0.005710549419745803
0.015135263558477163
0.0027502793818712234
-0.019795117434114218
-0.06271951831877232
-0.10492082312703133
-0.06293053738772869
-0.07088064961135387
-0.04434138163924217
0.0037198448553681374
0.0008351320284418762
0.017887118738144636
0.0017997880931943655
-0.02128766244277358
-0.061661035753786564
-0.061212205328047276
-0.08889998588711023
-0.04302512388676405
-0.03246195416431874
-0.011797262413892895
0.018769672606140375
0.014343007816933095
0.012024707859382033
-0.0001630288315936923
-0.03426782926544547
-0.05168029200285673
-0.0670587494969368
-0.05622526351362467
-0.029926045797765255
-0.010960279498249292
-0.0031559914932586253
-0.015961538185365498
-0.0189396440400742
-0.05561790056526661
-0.03366084909066558
-0.03521456569433212
-0.012800665805116296
-0.004470010520890355
-0.03379264217801392
-0.02210499905049801
-0.03734363941475749
-0.023951012874022126
-0.009491195436567068
-0.025676740857306868
-0.029618736822158098
-0.04265871876850724
-0.0330326734110713
-0.03422869835048914
-0.005333586886990815
-0.007057327660731971
-0.027977519668638706
-0.018013124237768352
-0.026735573541373014
-0.052896350622177124
-0.02886326494626701
-0.02411242900416255
-0.02560390322469175
0.001872853608801961
0.021314261597581208
0.006181353935971856
-0.016455517732538283
-0.04097295366227627
-0.054381596855819225
-0.053956981748342514
-0.04753239266574383
-0.014263581950217485
-0.009078889910597354
-0.011052645742893219
-0.03421312081627548
-0.027321711648255587
-0.033437402453273535
-0.009066604659892619
-0.04024614399531856
