0.96309578737
0.96305814466
0.9928726034300001
1.0
1.0
1.0
1.0
1.0
1.0
1.0
1.0
1.0
1.0
1.0
1.0
1.0
1.0
1.0
1.0
1.0
1.0
1.0
1.0
1.0
1.0
1.0
1.0
1.0
1.0
1.0
1.0
1.0
1.0
0.95057691524
0.02281559943999993
0.9577091865799999
1.0
1.0
1.0
1.0
1.0
1.0
1.0
1.0
1.0
1.0
1.0
1.0
0.99998983288
1.0
0.99998848115
1.0
1.0
1.0
0.99998924774
1.0
1.0
1.0
1.0
1.0
1.0
1.0
1.0
1.0
1.0
1.0
1.0
1.0
1.0
0.9560718610000001
0.013648538879999977
0.95620865091
1.0
1.0
1.0
0.99999921733
1.0
1.0
1.0
1.0
1.0
0.99999840064
1.0
1.0
1.0
1.0
1.0
1.0
1.0
1.0
1.0
1.0
1.0
1.0
1.0
1.0
1.0
1.0
1.0
1.0
0.99999012641
1.0
1.0
0.9999611472
1.0
0.9649490807400001
0.01251867173000006
0.91313818581
1.0
1.0
1.0
1.0
1.0
1.0
1.0
1.0
1.0
1.0
1.0
1.0
1.0
1.0
1.0
1.0
1.0
1.0
1.0
1.0
1.0
1.0
1.0
1.0
1.0
1.0
1.0
1.0
1.0
1.0
0.9999938065599999
1.0
1.0
0.97576932349
0.008405703409999988
0.94282697349
1.0
0.99999863877
1.0
1.0
0.99999355801
0.9999727025699999
1.0
1.0
1.0
1.0
1.0
1.0
1.0
1.0
1.0
1.0
1.0
1.0
1.0
0.99999991968
0.99992555533
1.0
1.0
1.0
0.99999559868
1.0
1.0
1.0
1.0
1.0
1.0
1.0
1.0
0.97287385106
0.006348666870000016
0.8865851298
1.0
0.99997830292
1.0
1.0
0.9986871057900001
0.9981622268799999
1.0
1.0
0.99999952043
0.9902975259400001
1.0
1.0
0.9999968821799999
0.99999696909
1.0
1.0
0.99997851438
1.0
1.0
0.9912629739700001
0.99998259475
0.99998184908
1.0
0.99999378857
0.99996818958
0.99998055028
1.0
0.99998830433
1.0
1.0
0.9999725791899999
1.0
0.9966960497299999
0.98894344993
0.005193828320000029
0.83393130269
0.9999910462699999
0.99994742423
1.0
0.99958238964
1.0
1.0
1.0
0.9999920617400001
0.99998384323
0.99745340398
1.0
0.99995253558
0.99989349895
0.9957928028799999
0.9996824012000001
0.9971044311399999
0.997978125
0.99999568862
0.99991935872
0.99974404798
0.9968196039199999
0.99585553228
0.99974673728
1.0
0.9999209827200001
0.99996593878
0.99999726853
0.9993709942
1.0
0.9987966500500001
0.99691009321
0.9969578557900001
0.98488244458
0.9820999300200001
0.0009068563999999606
0.8431817122299999
1.0
0.9994470705899999
0.99951953609
0.9981814755399999
1.0
0.99936689324
0.99493924025
0.9998714785599999
0.99974203102
0.99156286768
0.99994674153
0.96361628489
0.99796303327
0.9999738843999999
1.0
1.0
0.9999386338599999
0.99716396324
1.0
0.9945806915900001
0.99877766213
0.99984708346
1.0
1.0
0.99982770831
0.99920877981
0.99992603562
0.99996115727
0.9999931200000001
0.99996376307
0.99868214967
0.99997717478
0.99855120192
0.95931408029
0.006211380479999935
0.84654936638
0.9709196920300001
0.99499105037
0.9999208579700001
1.0
1.0
0.99993620758
0.99221322132
0.97833698521
1.0
0.9783515466
1.0
0.9980162848899999
0.99947683402
0.9788698324
0.97751273457
1.0
0.99913488
0.99999640252
1.0
0.98735517861
0.9993549780100001
0.99168636227
0.99702086381
0.99841319472
1.0
0.9959234407700001
1.0
0.98019253046
0.94989521239
0.99344164915
0.99990830831
0.98933312045
0.98830656672
0.9978131945100001
0.012620268050000013
0.8308635178699999
0.99998027397
0.99999687182
1.0
0.99711264735
0.99995982795
1.0
0.99985341317
1.0
0.99997920624
0.99999291824
0.98933963212
0.9999619962
0.9999931200000001
1.0
1.0
1.0
0.9999811999999999
0.99997968609
1.0
0.99993280545
0.9994356328699999
0.99999775978
0.99992763538
1.0
0.9999745701699999
0.99910113795
0.99999112266
1.0
0.9995190561899999
0.99992671267
0.98510027922
0.9998737727899999
1.0
1.0
0.02761906130999996
0.83690383729
0.99998072
1.0
0.9994650100200001
1.0
0.99994473341
0.99993821624
1.0
1.0
1.0
1.0
0.99533841525
0.99995802099
0.99999576085
0.9999242551499999
0.99976664
0.9999851911100001
0.99995736
1.0
0.999988422
0.99997129973
1.0
1.0
0.99838419792
1.0
1.0
1.0
1.0
1.0
1.0
0.99448160175
0.9999857802800001
0.9999672898099999
0.99822449755
0.9979459631700001
0.02818712952999995
0.86655070978
0.99996589246
1.0
1.0
1.0
1.0
1.0
1.0
1.0
1.0
1.0
1.0
1.0
1.0
1.0
1.0
1.0
1.0
1.0
1.0
1.0
1.0
1.0
1.0
0.99997903581
1.0
1.0
1.0
1.0
1.0
1.0
1.0
1.0
1.0
1.0
0.04861869225999995
0.8297635047
1.0
1.0
1.0
0.9999928222500001
1.0
1.0
1.0
1.0
1.0
1.0
0.99997192561
1.0
1.0
1.0
1.0
1.0
1.0
1.0
1.0
1.0
1.0
1.0
1.0
1.0
0.9999886001
0.99999247624
1.0
1.0
1.0
1.0
1.0
1.0
0.9999852445899999
1.0
0.052988359490000005
0.84271050793
1.0
1.0
1.0
1.0
1.0
1.0
1.0
1.0
1.0
1.0
1.0
1.0
1.0
0.99589734973
0.99999680798
1.0
0.9999851911100001
1.0
1.0
1.0
1.0
1.0
1.0
1.0
0.9999904781000001
1.0
1.0
1.0
1.0
1.0
0.99998556331
1.0
0.99999624075
1.0
0.06350104779999995
0.7839743987200001
1.0
1.0
1.0
1.0
0.9999931200000001
1.0
1.0
1.0
1.0
0.9999770423000001
1.0
1.0
0.9999936
1.0
0.99993620758
1.0
0.9999811999999999
0.99996217513
0.99794815923
1.0
1.0
0.99998648541
0.99999568862
1.0
1.0
1.0
0.99999353164
1.0
1.0
1.0
0.9999764870000001
0.99999590608
1.0
0.99997192561
0.06824521078999998
0.7245282771
0.98960608122
0.991821584
0.990641856
0.96825309062
1.0
0.96685334933
0.99454277733
0.93052720168
0.98172819846
0.99501520608
0.98655625125
0.96459594947
0.91589374937
0.96865496
0.98434146827
0.94853014949
0.96699333667
0.9780483999999999
0.94804576
0.9258660017999999
0.96158299749
0.99333826617
0.99751376
0.98910736716
0.97739075318
0.99404504
0.92112545491
0.9730291870300001
0.9697909382500001
0.97316529388
0.96446825952
0.9656382397
0.97528684844
0.8976659934
0.06396039208000003
0.68506094934
0.9170853247799999
0.9295752297200001
0.96453050695
0.96699515709
0.99972697526
0.9064437807000001
0.9976285571400001
0.9999386338599999
0.9657178771
0.95325410822
0.89953835384
0.94143867293
0.99907734079
0.9602412825700001
0.99374691593
0.9819695078
0.98279449322
0.99558861267
0.9129733253300001
0.9551138658399999
0.99720228114
0.97254405427
0.99994475293
0.99928805358
0.9488944327800001
0.9661372146299999
0.97302238731
0.99825877649
0.9272255276599999
0.97029798604
0.9667666031900001
0.8140292
0.92993739374
0.85934405119
0.06329694785999992
0.62505982605
1.0
0.9983401376800001
0.99137723398
0.99999576085
0.9550906290600001
0.9620642999600001
0.98564272117
0.9747682831700001
0.9432031209399999
0.95443488
0.96898391357
0.9862482207100001
0.99775216
0.94717232855
0.97460742227
0.9824291941600001
0.98730554111
0.9900207158600001
0.96099826676
0.9965081786300001
0.98506413283
0.9730120636199999
0.99305266095
0.9889646232599999
0.98717089746
0.9167327798300001
0.99294955135
0.9913608987900001
0.99993071621
0.96475348744
0.9635770023
0.93998237464
0.97761981946
0.9878551344900001
0.08810057417000004
0.74408847012
1.0
0.97208655134
0.99892033627
0.9998997207800001
0.95264439543
0.98634681596
0.9999717515300001
0.99744497608
0.9858872844000001
1.0
0.9999774241999999
0.99709076401
0.9857708675600001
0.99983061837
1.0
0.99993490227
1.0
0.9999220799999999
1.0
0.9999811999999999
1.0
1.0
1.0
0.99996814407
0.99846736
1.0
0.99993617277
0.98724324324
0.9912979444500001
0.99612726727
0.9670082783399999
0.99569771023
1.0
1.0
0.09753991196000003
0.59821097451
0.94530580748
0.96805838011
0.86014768
0.99321064
0.9058425281599999
0.92652206516
0.9872340068000001
0.99010778922
0.9999632990899999
0.96641122807
0.98876936613
0.98268556577
0.9982994722699999
0.99997332798
0.9553772709099999
0.98823765858
0.9650874812400001
0.9929538400200001
0.9879290296700001
0.9507516
0.98272713457
0.99994876808
0.97686455493
0.9486074977500001
0.92053970794
0.9517583325
0.9371591018400001
0.89743974397
0.9348220711699999
0.88741932386
0.98668257319
0.94745973087
0.88640271973
0.98949275217
0.10417641764
0.7849885834199999
0.98716384362
0.9820716656699999
0.99849076433
0.99614368659
0.9683148025999999
0.95526978093
0.986967917
0.9697926668
0.99570684274
0.9633923453600001
0.98150544075
0.9883965126800001
0.94431387139
0.99116791358
0.90093423946
0.96208932271
0.99211670853
0.99997656234
1.0
1.0
0.9273133921400001
0.9853196000000001
0.97640620062
0.9843741139
0.9955788839799999
0.94508449069
0.93987829566
0.90987915878
0.99795702546
0.92815731012
0.92464390439
0.98489554267
0.9519745918000001
0.98308030927
0.11996462415999995
0.61962129761
0.88735977676
0.94469116083
0.93335244951
0.8341626786599999
0.94205885406
0.91238167786
0.83658031378
0.9716633726699999
0.86353167083
0.91797967861
0.8197726307400001
0.85063171586
0.8998651200000001
0.9969643092300001
0.97001796311
0.8915750025
0.9143603200000001
0.98065133167
0.8312586089399999
0.85241991602
0.9498576
0.86860628126
0.87367055306
0.9803059697
0.9226628023200001
0.8907989997
0.99590684494
0.9138153907800001
0.9144195882499999
0.90482545782
0.95618066833
0.88195205768
0.91982953181
0.92459411647
0.11574695149000007
0.77548335401
0.99995591722
1.0
0.93992687269
0.99502611478
0.9999869652100001
0.88961655007
0.9932380209899999
0.99591220096
0.98148388003
0.98954419536
0.97280831667
0.99993952329
0.9979982354100001
0.97666837265
0.9787503001200001
0.9999476389699999
0.97595197751
0.95273040696
0.9071528847100001
0.89066850685
0.87722647
0.9802806257500001
0.94451925615
0.9879557422999999
0.99999433586
0.9776579907799999
0.94523312
0.9991671397199999
1.0
0.99993933347
0.92488493233
0.9974076738600001
0.9794015010499999
0.9969420911
0.11900683122999996
0.70295705629
0.9287743971200001
0.99699572212
0.9470579971900001
0.95668714257
0.90122923708
0.9631048648599999
0.99993232435
0.99617190876
0.99219358064
0.9695737600000001
0.91439792829
0.9671241767100001
0.9320841979
0.9906549274600001
0.9990563939
0.9337203490100001
0.9918212094
0.99979703882
1.0
0.98087110933
0.9919190238
0.96678136373
0.94110255387
0.98311371291
1.0
0.98850224
0.9999811999999999
0.98581942173
0.95392328987
0.9875060987800001
0.9876359635999999
0.89837506224
0.99912169461
0.99993154054
0.11289841352000003
0.64958174095
0.97556985263
0.94165427658
0.96639959972
0.99989313069
0.95229280941
0.92915808683
0.93473677897
0.94092013597
0.97867004388
0.89465752656
0.9951292212299999
0.9776360072
0.9388387586100001
0.9993969921799999
1.0
0.99998848115
1.0
0.81979339387
0.89492052927
0.97386090782
0.99934944
0.97772993631
0.85876270096
0.91879408
0.84600939906
0.8400863199999999
0.9125671421400001
0.99881386218
0.99494048429
0.95287336
0.9933100339100001
0.97505002506
0.8474052000000001
0.8351399260100001
0.11235150160000004
0.71060481378
0.996869408
0.99996862431
0.9949468253200001
0.9967745436400001
0.9999354644799999
0.99995338797
0.99910849386
0.99978555544
1.0
0.9993146626699999
0.9997525105
0.9725708594799999
0.9943394194999999
1.0
0.96627904743
0.9609236784399999
1.0
0.9966621351499999
0.99327817564
0.98640432
0.9999030592899999
0.96015426909
0.9929284928500001
0.9894045795399999
1.0
0.99763807615
0.99997920624
0.99997079124
1.0
0.99992960894
0.99623336006
0.9929880988099999
0.9987835265899999
0.9770457610200001
0.12417716807000004
0.6710416555000001
0.99728542657
1.0
0.99998989474
0.9999388244699999
1.0
1.0
1.0
0.99997129973
1.0
0.99944388194
0.9984998605300001
0.99989952816
1.0
1.0
0.99996840215
0.9991180350900001
0.99954289142
0.9999811999999999
0.9999745701699999
1.0
0.99999054108
1.0
0.99995224478
0.9999679234
0.99361250501
0.99999463839
0.985960044
0.99912786035
1.0
1.0
0.99999775978
1.0
0.99253676647
1.0
0.15295391696000005
0.7179098270500001
0.9999962508699999
0.99999454582
1.0
0.99998384323
1.0
0.9977056770299999
1.0
0.99994214364
1.0
0.99996685061
1.0
1.0
1.0
0.9993735631
0.9939325102900001
0.9999811999999999
0.99991887526
0.99897130252
0.9995759200000001
1.0
1.0
1.0
0.9999374498800001
1.0
1.0
1.0
1.0
0.99975548226
1.0
1.0
0.9999367766499999
1.0
0.9999936
0.999975187
0.16451047848000003
0.7066766849899999
1.0
1.0
0.9999096463
0.99999112266
1.0
0.99993273489
0.9999794624999999
1.0
0.99993815382
1.0
1.0
1.0
1.0
1.0
1.0
0.99998724556
1.0
1.0
1.0
1.0
1.0
0.99992773109
1.0
1.0
0.98572411576
0.9996171131499999
1.0
0.9892938734800001
0.9998206454199999
1.0
1.0
0.99996663333
1.0
1.0
0.16540709367000003
0.66888629474
0.99948011964
0.99995138875
1.0
1.0
0.9736692599200001
1.0
1.0
0.99999888045
0.9999421677100001
1.0
0.99997192561
1.0
1.0
1.0
1.0
0.99999775978
0.9999399740199999
1.0
0.9999673109699999
0.9891392921400001
0.99896351446
1.0
0.99991225962
1.0
0.9999811999999999
1.0
0.99999719326
1.0
0.9999997599000001
0.9999931200000001
1.0
1.0
1.0
1.0
0.17544309135999997
0.51585021532
0.7800685462900001
0.82276656
0.85213593937
0.9935054909800001
1.0
0.95730722928
0.99856455772
0.99755644951
1.0
1.0
0.9999889611
0.99994876808
1.0
1.0
1.0
0.99996528332
0.87020707628
0.92609143428
0.9979676302899999
0.97828926893
0.83775353616
0.82016960706
0.9952209579000001
0.99998848115
1.0
0.9268500751700001
0.9933020298
0.94248245526
0.99880730175
0.97262277466
0.81170026005
0.8762317936399999
0.99602376
0.87043741151
0.17369027780999996
0.52830110123
0.94772098049
0.9038670916299999
0.77753534786
0.92071368
0.91554702649
0.83192680834
0.99520873397
0.97255273164
0.986894664
0.85069879326
0.98544573775
0.93130639448
0.8717783421699999
0.8087610399999999
0.9993423640900001
0.9410675754200001
0.81858944422
0.76410382962
0.79655864271
0.9639958299900001
0.9356883023399999
0.9904846484600001
0.83029917984
0.79770666135
0.8607286946099999
0.93617692462
0.89278488302
0.99204557063
0.81270603327
0.7352836716300001
0.86318440156
0.8279572354599999
0.83893039206
0.8886445266399999
0.14321806941999995
0.56591411273
0.82620578081
0.9277009099100001
0.9925348530299999
1.0
0.94037104108
0.94986054531
0.90020297911
0.98388968
1.0
0.99978868833
0.79018794603
0.8732681931799999
0.99456616308
0.99998041596
0.91313348721
0.94238311831
0.986049965
0.97845560431
0.8695539695300001
0.99245579442
0.9385156462600001
0.9095441599999999
0.88706961899
0.95082866593
0.8803263820899999
0.95177672
0.81956437618
0.8286998195299999
0.90868747376
0.82782721279
0.89512994215
0.9112161332400001
0.9845033006599999
0.9564492701499999
0.17152060836999997
0.58739871174
0.9747711503
0.89527008701
0.96638169282
0.8789547794899999
0.99133926639
0.9697965207
0.9454637173499999
0.90274387084
0.8136913231
0.99185695152
0.90288265653
0.9792809096299999
0.99999302396
0.99999840064
0.9907930751499999
0.97371588523
0.9120160415
0.97981587811
0.9769805058500001
0.9196625850300001
0.9897315265000001
0.90437401243
0.96928046414
0.97077891789
0.90972420274
0.8739358182200001
0.89972308618
0.92900743703
0.9377873837799999
0.9812115768499999
0.99993062657
0.9160368036800001
0.91600039992
0.90440503899
0.16637870613000005
0.62667914809
0.81973037393
0.83627117153
0.90037579504
0.8990444332900001
0.83349437888
0.97516274235
0.8437825645099999
0.96762401124
0.92133304
0.86564847031
0.9897781600000001
0.92878692576
0.96314509332
0.90760579942
0.91953652635
0.9354649651
0.98103369434
0.8787980402
0.9298420242000001
0.9701133433300001
0.98812074118
0.9583502961
0.9871653496
0.9356966400000001
0.9058182326
0.91301944277
0.9200542454199999
0.99963552
0.8472428956599999
0.89176357827
0.98065456726
0.98058374473
0.97380265814
0.8653630573200001
0.16356487588999996
0.47126328
0.8491231523199999
0.96713270208
0.93200040024
0.89396466346
0.88995798319
0.89314014933
0.86415559795
0.9460446041699999
0.939825993
0.9927168987299999
0.9999441452200001
0.9066660785899999
0.92121928386
0.89097500748
0.89096560815
0.99832137848
0.97062905128
1.0
0.9643120016
0.8826327214699999
0.98251804722
1.0
0.9718794005999999
0.88105584364
0.97762955527
0.99863550544
0.90422579484
0.95687588489
0.98182723023
0.99073522202
0.94681257006
0.87089076033
0.9867034813
0.97019552972
0.19192172326999993
0.48318477406
0.9129098117300001
0.87826397509
0.80066688
0.95116660326
0.8678845616099999
0.77001633466
0.7626241382800001
0.7731576423600001
0.93509105089
0.8026610308
0.81250075173
0.80894088403
0.87471270332
0.8096217469499999
0.93470412299
0.97634683798
0.83263667267
0.87843531409
0.86662249325
0.8752005586599999
0.82590582339
0.86027778111
0.8063932638300001
0.8583667795300001
0.81653962264
0.83437715883
0.94792656
0.7571806973699999
0.9771807277100001
0.95873631901
0.90930543565
0.96830093944
0.8817969821099999
0.8650655455499999
0.15726405283999992
0.48401354425
0.9896020706800001
0.83177172649
0.98238034948
0.82350771695
0.8136259974000001
0.80609777245
0.90190532331
0.8051566822999999
0.95355329868
0.81196457417
0.8527917501000001
0.7920119069
0.77981892542
0.8679068876
0.8811502289500001
0.89187682425
0.9245011305699999
0.89236824635
0.9904653534600001
0.84174173165
0.74692026851
0.7433257313999999
0.8260290909100001
0.83729231384
0.97737590047
0.71708515961
0.9746890689100001
0.97570843206
0.79946420249
0.87645124314
0.89828272209
0.9259244195399999
0.8639156761100001
0.8261119038099999
0.17964418437000002
0.54318713588
0.87054916608
0.8710461445900001
0.89321407437
0.8141448289700001
0.8097051369200001
0.8507248426699999
0.8306780902800001
0.72661703066
0.9186487965600001
0.88007835627
0.8803886906
0.8436266346300001
0.7784715583499999
0.8882788800000001
0.8638647123300001
0.80365085222
0.80939440714
0.871057274
0.86195490706
0.8172202181999999
0.8703606557400001
0.9528002404800001
0.84593289447
0.85218583841
0.7844272545100001
0.9566524799999999
0.83559248301
0.8442123914999999
0.83922823058
0.85241811457
0.79664217578
0.8401112848300001
0.9641614510700001
0.8347113652299999
0.16911745727000002
0.442500344
0.84915698204
0.96072832347
0.87356228149
0.92865136481
0.95849141252
0.87228815697
0.9511598002
0.762190499
0.84428524099
0.8440540443
0.7849111422299999
0.8107680143799999
0.96254405762
0.88989734442
0.92660868174
0.9051062911900001
0.9446008800000001
0.8930792776600001
0.8362034658899999
0.77949789958
0.9893795168699999
0.8386529429399999
0.97680385503
0.8632497649800001
0.91457665238
0.7640530289399999
0.8118973458400001
0.8620103614500001
0.83263948892
0.84328835582
0.83373362637
0.7968172
0.9467781468900001
0.97024939012
0.18669746818
0.5817953817
0.97864873775
0.99765447081
0.9999851911100001
1.0
1.0
0.99997192561
1.0
0.9941208483399999
0.9589354864399999
0.99608986147
0.99996398559
0.99994610695
0.99997717478
1.0
0.97923152315
0.99142369289
0.9848215135499999
0.9957743486999999
0.99311942446
0.9712222799
1.0
0.9999249325499999
0.99611653827
0.99997859719
0.9969561501599999
0.9880843238899999
0.9999732959100001
0.9687667900400001
0.97906588024
0.99823831832
0.98363840319
0.99775662096
0.99995802543
0.99996265494
0.24163482428000002
0.54015935057
0.9984494202299999
0.99998583858
0.99997480654
0.99995138875
1.0
0.99998918702
0.99937013792
1.0
1.0
1.0
1.0
1.0
0.99999719326
1.0
1.0
0.99996593878
1.0
1.0
1.0
0.9999870749
1.0
0.9999646435399999
0.9999843231400001
1.0
1.0
0.9999413987100001
1.0
0.99999775978
1.0
0.99198429015
0.99973472083
0.99998848115
1.0
0.9999950270700001
0.24887712828999997
0.53561492823
1.0
1.0
0.99999840064
0.99993815382
1.0
0.9999632990899999
1.0
1.0
1.0
1.0
1.0
0.9999461239199999
1.0
1.0
1.0
1.0
1.0
0.99992908255
1.0
0.99999318774
0.99999318774
1.0
1.0
1.0
0.99994477239
1.0
1.0
1.0
1.0
1.0
0.9999853049799999
0.9999874123100001
0.9778423299400001
0.24673976357000008
0.24673976357000008
0.561651408
0.99167693536
1.0
0.9999679456399999
0.99998831533
0.9999551910400001
0.99965421362
0.9975623170999999
0.9689222766800001
0.9999077076899999
0.9834807381499999
0.99991403368
0.99998648541
0.9767444911000001
0.9765538461500001
0.9992770565400001
0.99996948032
0.95960503698
0.99978242946
0.99997782431
1.0
0.9199475212799999
0.93996369439
0.98816609218
0.99571020734
0.99727964691
0.97521144
0.999305019
0.98123395511
0.99307952
0.99307952
0.99522928293
0.97970562494
0.99541612774
0.25723184481999994
0.25723184481999994
0.3746771813
0.7964273568899999
0.86885336016
0.72161071464
0.802370912
0.72535930546
0.8078556929
0.8507210721099999
0.7211955693
0.7929805986599999
0.8003042871400001
0.83953003009
0.86621804766
0.7494552731599999
0.7509323464700001
0.8327205997
0.84103113245
0.79841264885
0.80864489306
0.7939351933
0.84190199419
0.90994403605
0.7960071841899999
0.92006950241
0.99699450199
0.7863090215
0.89444046289
0.80300820492
0.7317967416300001
0.76033722832
0.95584233693
0.95584233693
0.88310777844
0.8219924618600001
0.19233019404000007
0.19233019404000007
0.5198526084299999
0.85667378486
0.9949355789500001
0.88120563944
0.85736069607
0.9560579547700001
0.99708627217
0.80959751428
0.95946629326
0.99854024988
0.9519679296200001
0.9519679296200001
0.9970325209700001
0.9933298358
0.9933298358
0.80298845497
0.80298845497
0.9046697637200001
0.95035637524
0.95035637524
0.99970953331
1.0
0.92519968032
0.94605964421
0.80349193178
0.9962302654
0.9999512117
0.9999512117
0.78774508746
0.84818413524
0.9756996903399999
0.9756996903399999
0.94778119248
0.9112945919
0.22689694854
0.42093285043000006
0.76187920942
0.97149174878
0.9121114443899999
0.83135474598
0.7523135091900001
0.8955848890700001
0.83846032761
0.8457965728
0.8561318241
0.83633132687
0.7991140495900001
0.8528105769200001
0.83660744596
0.83749813093
0.7838652134799999
0.89748537218
0.83794959398
0.83356522436
0.84649168163
0.74115821135
0.86894651927
0.81456571658
0.84978150925
0.8841971037699999
0.74520538117
0.83677107272
0.7929525521899999
0.82340676948
0.94617994612
0.89673093123
0.9397085725800001
0.82796239248
0.8288075870999999
0.8192003988
0.19798338256999995
0.47438431042999996
0.88129580838
0.8320009614399999
0.87954023904
0.8726051497799999
0.85591755053
0.8468952381
0.83300973275
0.85478145695
0.86402787903
0.7629186355900001
0.76815576424
0.77226342339
0.87344855109
0.8257558867699999
0.88410875723
0.8083083149700001
0.80155420365
0.91324812544
0.8983391304300001
0.8164161280600001
0.8555147541
0.9014020214199999
0.7167837859400001
0.78129193193
0.7457447352600001
0.82548498095
0.88917191438
0.7184874413000001
0.86614871077
0.78363653789
0.83446027287
0.8249144683
0.82374147705
0.89907116946
0.22007969551
0.51144392078
0.87375395353
0.9884906174800001
0.9999375796200001
0.9099895582299999
0.9515910224399999
0.99229323701
0.9277299210200001
0.97715760295
0.93548437156
0.84280377056
0.97309987009
0.9788543131
0.99306696071
0.88458995215
0.9560992378700001
0.93241942834
0.98916304131
0.86743682686
0.84774839744
0.88869974016
0.99748433928
0.96197123192
0.9894130234399999
0.90201392557
0.9833408800000001
0.9999415255899999
1.0
0.97809053136
0.9724276649
0.99365215824
0.98718145089
0.99998882637
1.0
0.99998848115
0.28585671927999995
0.44428072611
0.7369436082
0.8111843387900001
0.8273859126800001
0.7886734065900001
0.8360956635000001
0.79929673674
0.96050008997
0.82213596806
0.78837784
0.80334685371
0.7779196325100001
0.85692141073
0.80228306283
0.95823172303
0.99000151939
0.97342151203
0.84811181165
0.85199752124
0.79686923695
0.85335601196
0.81695647648
0.75825778309
0.80838689184
0.8624118246300001
0.8054953181300001
0.82489735238
0.85528432
0.8066964682300001
0.80340013993
0.80708058747
0.82628976851
0.7764363709000001
0.73265340272
0.7896975005
0.21374504507999997
0.47442085187
0.8786108967299999
0.91620627821
0.96887152715
0.99795202878
0.95660392391
0.90356875564
0.94912527209
0.97365251676
0.96607019365
0.90868090226
0.8920621234899999
0.91258298979
0.94111822364
0.94699604098
0.92124855909
0.9532557981900001
0.93512883903
0.8911095909600001
0.79193409885
0.89506999499
0.96559792104
0.9049012486300001
0.91450012934
0.8695410593999999
0.96557289626
0.92115861517
0.87809563393
0.9112076509299999
0.9405826673400001
0.99997240552
0.81776432562
0.95457978159
0.9542415297300001
0.9993225030099999
0.27766768431000005
0.44768904195000003
0.90262835524
0.93627322558
0.8810911199999999
0.8145338118
0.94398430588
0.8985773245399999
0.87249630889
0.9747088141
0.96281073756
0.8421345578
0.84825038597
0.97235530771
0.81219234316
0.99165421216
0.99288594514
0.83207398659
0.99879987994
0.9437844306600001
0.89542269688
0.8623540983600001
0.94910777867
0.92991828817
0.9187415909800001
0.86277916584
0.7874331226800001
0.87002812844
0.8503370392499999
0.80539650532
0.97269805324
0.8532580054300001
0.9065760800000001
0.8876876509899999
0.94564348956
0.85874237594
0.27349103254999996
0.36624864151000003
0.7819148902199999
0.7862496708600001
0.77960645097
0.99843689223
0.8158278703199999
0.76429382371
0.81742304074
0.88300897076
0.7753490196099999
0.90754154522
0.75057090474
0.7540489918700001
0.71288984812
0.88009580742
0.7532549160700001
0.7573522250999999
0.76623554844
0.75879887798
0.8345075878599999
0.7153914872299999
0.80801830299
0.7785011937
0.91112540811
0.94230192981
0.7027124326499999
0.75996471178
0.7422334432800001
0.7891175988
0.7662708981999999
0.71147138431
0.7557880471699999
0.7454247443400001
0.82431010606
0.7895905046900001
0.24324282909
0.39670088481
0.74475864142
0.78427479269
0.87368669126
0.77528591252
0.7553184948599999
0.7472386140599999
0.70467701516
0.86094241089
0.80809830034
0.7449110266200001
0.78219597048
0.72465382086
0.70794510514
0.7341730366199999
0.71121401822
0.73659643604
0.77424358485
0.68186919393
0.7921137137100001
0.7622703588899999
0.7883803016700001
0.78275271054
0.76921821099
0.76078920971
0.75838043522
0.8768740429799999
0.73488433687
0.75622773547
0.78374048
0.68575741627
0.77552243468
0.77404936987
0.85167290206
0.7428322252199999
0.22670001401
0.40916506907000005
0.8211890963599999
0.94167571885
0.76750544
0.83866615878
0.78947849215
0.7485302120799999
0.82098794844
0.8254215304800001
0.9925589512699999
0.9606915974
0.8680768293900001
0.75682757794
0.73934089409
0.8768516775199999
0.84020493951
0.93210940034
0.84762118678
0.8224840669800001
0.76781429
0.83543752
0.9721215007499999
0.9242499650399999
0.84777689531
0.9799942549399999
0.79488976488
0.89332907985
0.7355498495499999
0.98889113315
0.95079325417
0.8797055366800001
0.8894250299900001
0.82938153383
0.7597205309899999
0.87212096936
0.28377998204999993
0.35823546503
0.85310109671
0.8974669875700001
0.8218637424
0.8383246022999999
0.87142607825
0.8556977065600001
0.93808374325
0.8975911279800001
0.89254652992
0.85623408567
0.85624794247
0.8248520553400001
0.91069512244
0.92560961731
0.9124904466300001
0.94921077844
0.86662089134
0.86016749575
0.8039981588999999
0.82022276862
0.86927684926
0.9296870851700001
0.8629379696199999
0.85947761972
0.8052475933200001
0.83671886717
0.8360203037599999
0.91273874561
0.85114059287
0.9133534576100001
0.99456842944
0.8726857829400001
0.7562676821300001
0.8581903961599999
0.3032520056
0.39384591439999994
0.97972290458
0.91913128687
0.9998950990200001
0.89193387306
0.91493298763
0.99977479699
0.95152245266
0.99759449377
0.9730178907299999
0.99797472297
0.99957181289
0.9375133060099999
0.9853442812900001
0.9780569488799999
0.91500454409
0.93010146029
0.9960927964799999
0.9639095701
0.92040556771
0.9127821704600001
0.99731073039
0.90675321357
0.94964141233
0.9971697243100001
0.88979707473
0.92424493551
0.97874851089
0.96686515513
0.9957759967900001
0.9090517079
0.95784230308
0.97796417374
0.97036159551
0.9899585048999999
0.30241481570000006
0.37559868106
0.97502256072
1.0
0.99006740674
0.95114446889
0.99979371571
0.99994010824
0.89792342468
0.9864804317400001
0.99921272509
1.0
0.9995827482399999
0.99998848115
0.97138334167
0.9984916800000001
1.0
0.99833632719
0.99844647071
1.0
0.99976848823
0.99990357966
0.99999576085
0.99483318359
0.99962666134
0.99996134723
0.94990576
0.96898814119
0.9999811080100001
0.9936248871000001
0.95983090146
0.96049182227
0.99960372708
0.9817948809899999
0.9238398554399999
0.99985470547
0.34889892421999996
0.43879893864999997
0.99994080592
1.0
1.0
0.99997656234
1.0
0.99958905702
0.99316734694
0.99946082608
0.99607486503
0.9944235364499999
1.0
0.99995423085
1.0
0.98511727842
0.9663338358
0.9985935006500001
0.99940170017
0.97904713529
0.99969859352
0.99995983565
0.99727972797
0.99912344
0.9934801074699999
0.9999746733699999
0.99996776967
1.0
1.0
1.0
1.0
0.99997656234
1.0
0.98227457864
0.99579945876
1.0
0.37907834433000004
0.48692568686
0.99897089314
1.0
0.9999480903800001
1.0
1.0
0.9999852445899999
0.9999931200000001
1.0
0.9922332
0.9999514111900001
0.99687858861
0.99873411341
1.0
0.99999170158
0.9999259823600001
1.0
0.9999931200000001
0.99995320468
1.0
0.9999573665200001
0.99996928
1.0
0.9999811999999999
1.0
1.0
1.0
0.9999518766900001
1.0
1.0
1.0
0.9999409953999999
1.0
0.9999699350300001
0.98373456295
0.38830086591
0.35983629674000006
0.9920320845799999
0.91958479896
0.99926143386
0.93391108889
0.9530045395500001
0.9883359138100001
0.99991403368
0.93827289271
0.99792209558
0.99983205346
1.0
0.89525208
0.90945630563
0.9990189962
0.9922209014800001
0.9857966713499999
0.9390118588099999
0.9271173682600001
0.9147745886099999
0.99967457899
1.0
0.94197818182
0.9936439507699999
0.99998244914
1.0
0.99997656234
1.0
1.0
0.99997598394
0.98263332668
0.9864659314199999
1.0
0.9999870749
0.9999374498800001
0.36567823217999995
0.32486062181
0.9062623381800001
0.90073298555
0.8101296281500001
0.7889886867900001
0.8041356
0.83034088827
0.86978995984
0.91656052789
0.8508849281199999
0.89124081796
0.86194517928
0.81243897642
0.93122664
0.8980996107400001
0.85319708204
0.9246200620099999
0.79971694898
0.95253991802
0.89552410625
0.7824829428800001
0.8514358891999999
0.8994169735800001
0.8321662213400001
0.81873194722
0.89848714058
0.8557575976699999
0.8872592592599999
0.9340900330599999
0.7670616026999999
0.91113091384
0.7891477463100001
0.7689958069999999
0.9370551813700001
0.760646817
0.30306800321000005
0.3401435950799999
0.8631970807599999
0.95941076555
0.89468299538
0.8975715914800001
0.9534216264900001
0.99423298639
0.98291370518
0.88951162884
0.83573592078
0.82791704591
0.93364829312
0.93401897927
0.9859795221800001
0.93903317384
0.95478375614
0.95705037924
0.93667647295
0.87134425443
0.95098226837
0.88783379746
0.96176192656
0.81819819168
0.93156791358
0.96904310276
0.9348833200300001
0.99159727346
0.92397293953
0.99528513026
0.90432844879
0.95114888179
0.96520397391
0.99249180328
0.88486654004
0.78978991597
0.38261620799999996
0.38867544891
0.84033426629
0.81292230115
0.86761722832
0.91173167552
0.9036626062600001
0.8570201159799999
0.9626574427700001
0.96869676647
0.83941741657
0.9949747999999999
0.8368090409
0.8885460418700001
0.88395459741
0.94106064
0.96448991504
0.8219164949500001
0.8097240705700001
0.96438359242
0.9813530153
0.84624777522
0.95984579084
0.9004244311399999
0.92513534422
0.91594081184
0.97481856
0.97496943336
0.98025797915
0.95136
0.95741411718
0.9100491550800001
0.99003591381
0.9466461353400001
0.84119060658
0.9808155277599999
0.33999406107
0.30974971852000005
0.87074402321
0.8679552800000001
0.94516328734
0.9960135660899999
0.94563390782
0.99964554634
0.99973789516
0.95798660134
0.99738046883
0.9901326919200001
0.9162600520099999
0.9932583199999999
0.9999198882899999
0.7935204411
0.909568
0.99579306069
0.93217402078
0.99868420842
0.9877366489499999
0.9999952809399999
0.9949913391299999
0.99293278705
0.92613761724
0.95250146381
0.9327550714499999
0.99424036826
0.999975187
0.9449296993999999
0.98442909455
0.87766901929
0.88320096
0.99980681954
0.99996334102
0.99580150015
0.34832675403
0.35783235323
0.91243545482
0.88906456189
0.82962961777
0.8766876449400001
0.87148175197
0.83862946482
0.90374605461
0.8386057165699999
0.81443689845
0.82342325767
0.89292858856
0.8571887154900001
0.84077321875
0.86893861663
0.93441907816
0.8294770154
0.8798451819299999
0.82966918616
0.8400744037500001
0.9314215137799999
0.95443479652
0.9399759200000001
0.88925726855
0.98207748358
0.8884440426
0.94015606439
0.82579558044
0.8857510969300001
0.85470942639
0.8595496450400001
0.95696124775
0.85383664901
0.85275172276
0.8892566496
0.37602698429
0.27655283773
0.92819693536
0.7691469715200001
0.7589500499899999
0.8288820717900001
0.9295225599999999
0.76795120104
0.85143929431
0.8292951466
0.86800007999
0.8927369599999999
0.97598986534
0.7797636636899999
0.86037935587
0.78088089618
0.86396587942
0.8461308456200001
0.84528344
0.79371402299
0.73511088871
0.8321417772
0.73631304348
0.793105002
0.92705116465
0.90236486946
0.8498562936399999
0.8147832013599999
0.7836592918599999
0.78964983003
0.88027773344
0.78620737475
0.9021724572500001
0.8135264726500001
0.79013232061
0.77242360917
0.4178775271
0.24646919911999998
0.96838318318
0.9999203670500001
0.97124690789
0.89977514249
0.90302392
0.8638621184899999
0.99629738346
0.9875236305499999
0.9394998901
0.92907333867
0.99728852099
0.88565899208
0.9236578631500001
0.90410864
0.9994342828599999
0.98473285429
0.87658629259
0.9968787357500001
0.86338170549
0.92157997007
0.92612314174
0.84714595783
0.97905096548
0.81067482014
0.90502166367
0.90439061184
0.9605019498099999
0.8631543954399999
0.9902242478800001
0.8989834796499999
0.94487707268
0.97651072
0.91238524148
0.92551708192
0.40016094751
0.30229667233
0.996317216
1.0
1.0
1.0
0.99996398559
0.99298011602
0.99100797766
0.92204648551
0.98846347365
0.9998534625800001
0.99224446668
0.99992701195
0.99996533601
0.99965854927
1.0
0.99470892911
0.99997186691
1.0
1.0
0.9999498899300001
1.0
0.96265667034
0.9989911755900001
0.97087929621
0.99988121188
0.9847033562399999
0.9997629808199999
0.98011321132
0.98856613048
0.9669257074300001
0.9997682946399999
1.0
0.99996663333
1.0
0.46654395374
0.35863241718
0.99929894821
1.0
1.0
1.0
1.0
1.0
1.0
0.9999241702399999
1.0
0.9999760823899999
0.9999646435399999
1.0
1.0
0.99998648541
1.0
0.99996398559
1.0
1.0
1.0
1.0
1.0
0.9999936945
0.9999878933699999
0.9999889611
1.0
0.99993158367
1.0
1.0
0.9999697599999999
1.0
1.0
1.0
0.99994080592
0.9999931200000001
0.49553255466
0.3398304717999999
0.99694388639
0.97422987403
0.9841306530699999
0.99855203909
1.0
1.0
1.0
0.9622350646800001
0.9961325562700001
1.0
0.9990548729200001
0.99926878624
0.94375238475
0.99687645762
0.99922464986
0.99464475105
0.99999632918
0.99995404511
1.0
0.99596416
0.97178130935
0.99587240244
0.99235470034
0.95890222889
0.99709881929
0.95796324368
0.99989022422
0.99996467637
0.98981859628
0.99969512
0.99993538093
0.9999940645700001
0.88687374525
0.99881304
0.44810394639
0.38658495464
0.96482237145
0.99998319496
1.0
1.0
0.9929155689199999
0.99972626737
1.0
1.0
1.0
0.99999328336
1.0
0.99396582633
0.9921216038299999
1.0
0.9901596
0.99117344797
1.0
0.9904543759400001
0.9992660000000001
0.99999592285
1.0
1.0
0.99997016242
0.99683432
0.99993617277
0.9908296769
0.99315499398
0.99983816
0.99991302089
1.0
1.0
1.0
1.0
1.0
0.51104853291
0.25649167468
0.74146072
0.7830252799999999
0.85409083092
0.75437876671
0.8542910402899999
0.84230982312
0.7857230707599999
0.7798528121299999
0.94851034483
0.8962405756499999
0.7337252076499999
0.80142976
0.9190580169399999
0.8868738362799999
0.78546170468
0.7214095580900001
0.87434082367
0.84445626435
0.77249531062
0.86372680196
0.75299821947
0.92209507478
0.7492837228
0.72330331867
0.95642580258
0.83894293429
0.8112106624200001
0.7960091676700001
0.82628458308
0.7802901890199999
0.8259312880999999
0.81567024059
0.8209795852899999
0.86560192115
0.42203526658
0.23051523591999998
0.83190615694
0.81512824718
0.7788660132
0.9395110400000001
0.8619611028199999
0.80891147475
0.86928886666
0.87959948016
0.87225637651
0.88704635124
0.89557454982
0.7857624962499999
0.87154691469
0.9983702640800001
0.92704561967
0.87999320204
0.87962496
0.99725907409
0.93041610203
0.89193705971
0.99942096
0.9245872
0.9996025528500001
0.99558392302
0.86850018998
0.8663143571799999
0.9207539430299999
0.8986444024300001
0.8527315710100001
0.9988447555200001
0.8944055166900001
0.90233935394
0.8648162793
0.99166894615
0.41078140428
0.21755388367000006
0.74317915785
0.7132185897400001
0.68754970491
0.74440108076
0.7657055199999999
0.71520095741
0.75815785256
0.72749122912
0.72025354929
0.73603639629
0.75225300311
0.7535836897899999
0.64409328396
0.6674179782
0.7674759693
0.73153711247
0.75514488
0.6675204800000001
0.76289477366
0.74780259533
0.74542726089
0.65706218353
0.6583840784100001
0.67110075788
0.73338502556
0.73838488
0.7294959024600001
0.71438927142
0.7239975266800001
0.75575908544
0.7020408
0.72695007498
0.74248091145
0.68282443602
0.3761214396
0.21684509395999993
0.67892893289
0.7621795614
0.77627105316
0.72882367763
0.7398868
0.7252062756100001
0.75658738523
0.77838412826
0.84451268507
0.78467521248
0.7761262443900001
0.91402684833
0.7791181108699999
0.83034897021
0.7081094980999999
0.7738908728199999
0.75672213312
0.77378142186
0.77605230954
0.86381054105
0.71847957739
0.77748995388
0.67708080424
0.6849327601699999
0.64741752145
0.6599314423199999
0.7021439935999999
0.8220809604800001
0.78157239448
0.7042301326199999
0.80962839098
0.7867347869600001
0.73081510791
0.7736973286600001
0.41558301288000005
0.19402724904999996
0.69986863882
0.711815003
0.68027081588
0.72858482206
0.63600848085
0.6736795041000001
0.7542228588500001
0.7120500854199999
0.73013624
0.6865567199999999
0.6503388061200001
0.74083216923
0.7587338746900001
0.7959465600000001
0.59762191781
0.6321321607
0.64852888933
0.69469497744
0.6333540246
0.6813475367199999
0.63918802276
0.6720515379199999
0.6608831532600001
0.7360827117300001
0.72836418149
0.7650862561099999
0.6719429945900001
0.6509865173
0.7067156168800001
0.6877183885100001
0.68630942639
0.73285223478
0.7428950934299999
0.73562556767
0.40120439297
0.20923736804999993
0.92196844147
0.8002871651299999
0.85647543405
0.82472156391
0.87527416
0.86388761124
0.9145783021699999
0.91852464838
0.91846998697
0.84058572286
0.91445959404
0.83235514765
0.85866602487
0.8626963318299999
0.90109477896
0.92594970491
0.91852627381
0.91032178883
0.9204695061
0.92359784
0.91969147085
0.83535122632
0.9146358460299999
0.9185058823500001
0.94714435895
0.9102831371
0.78338474491
0.90965709716
0.93869201521
0.85818088
0.91469863478
0.82164916784
0.9173232553499999
0.9957488753399999
0.47176873586
0.22853361055999993
0.7193560800000001
0.77632
0.7196598979700001
0.73791599521
0.76737214479
0.7608898399999999
0.73585370926
0.73706930614
0.73083462996
0.70867846478
0.7266794400000001
0.78147835134
0.74471746476
0.72888033473
0.70854701335
0.7436540583800001
0.74796409795
0.8908792818
0.802173927
0.7088137558700001
0.80885251151
0.8699745650899999
0.7279230723199999
0.7078742204
0.70915885234
0.7605095852099999
0.8241768824200001
0.7425096813
0.82249836918
0.99196369815
0.72680560336
0.75861832685
0.7086015043599999
0.72878656269
0.46354677068
0.16961884135999994
0.76692664328
0.98721824182
0.78104170417
0.7720003199400001
0.79499561753
0.8329881313399999
0.7665046400000001
0.7496458354200001
0.7461412493799999
0.82544531577
0.87536838729
0.76793366673
0.7658503499300001
0.8680535938599999
0.8538053360100001
0.7269166683299999
0.85653592
0.83803656
0.83272662085
0.8359910906
0.7505530518300001
0.90877279456
0.83817836433
0.8145853211
0.76400641475
0.83714317727
0.92060921908
0.84133653269
0.8428243137999999
0.88929458918
0.87058236353
0.74664906491
0.83733737656
0.8950574090800001
0.42496243322000005
0.18960423200000004
0.9479740745899999
0.84223664838
0.86492323111
0.8672051963599999
0.86726891446
0.86093943494
0.86658819745
0.86728447155
0.8672730327
0.93540874087
0.9122186895400001
0.8673282148899999
0.97786253251
0.91230547055
0.82047713829
0.88702731172
0.8631877293199999
0.81378667734
0.9021775999999999
0.86800287282
0.8672939479
0.80835377849
0.88143476695
0.8688969599999999
0.86721229173
0.86727664863
0.8082022409
0.8650079791999999
0.86728118376
0.76183874638
0.88184635735
0.86885244853
0.8609569427799999
0.86662605928
0.49956921592
0.23273711200000005
0.7259933439999999
0.76102829717
0.6976610534700001
0.74139867709
0.75356753299
0.74396679668
0.74721460058
0.7019461933400001
0.7352836716300001
0.73889792
0.7433176211899999
0.81175509878
0.74860276609
0.81959880024
0.84406244371
0.82978792
0.75626988625
0.6913915413899999
0.7437698630099999
0.74398440156
0.8991851556299999
0.76766712109
0.7440826399999999
0.71579648281
0.7438857371500001
0.7375296606800001
0.81232817635
0.7676551544799999
0.74403168951
0.74854597081
0.8039527439599999
0.78694973455
0.87905623374
0.9350190580900001
0.45125606468999996
0.17153758012999998
0.93730876225
0.85658581858
0.85082390915
0.87668992373
0.8565001600000001
0.84540905547
0.8301910364099999
0.79913440399
0.77607898957
0.9082277489
0.8648144829
0.82783304
0.7530115511200001
0.8558244587
0.8263449765099999
0.9133742071000001
0.9240929414100001
0.84855050334
0.76763796148
0.78834891489
0.81820815674
0.8116159138500001
0.78719622944
0.88711395442
0.71620236142
0.8966088729
0.86351104906
0.87595539063
0.96076583317
0.74923719256
0.84673724475
0.8733598152400001
0.8316824482399999
0.80221648
0.45135526446999996
0.19485756234
0.88115613472
0.87940273808
0.93918054833
0.93832055777
0.86816523747
0.98225709716
0.9723529953000001
0.99356816955
0.92129759888
0.88484506024
0.8987253424000001
0.86571118888
