0
0
45703
26005
25625
35014
26612
30662
33127
30241
30930
33007
31792
24630
22526
37411
40311
27819
31524
38737
36309
24362
31625
26610
32675
29915
22361
23854
34551
34487
22625
27465
30418
30811
99200
50404
33212
33144
27945
25732
32577
36205
36109
36472
36738
32463
34665
32632
27795
34527
35315
28408
28458
31651
35110
36403
27268
35350
39109
31109
30307
32216
32433
40220
38180
37272
39964
27946
39908
43603
99200
37806
26654
34222
28231
32330
29016
39930
38310
29927
24807
33854
28697
34298
35115
39378
27847
30654
29587
31741
30295
32323
22019
31827
36449
33648
32930
41303
31611
31363
28654
39513
37055
33544
28697
44467
99200
38073
40905
38413
35206
45526
35311
38159
34356
30309
31744
39678
31315
40623
31459
41104
31165
39049
34004
30702
38762
32120
35727
38521
44924
45825
41424
28028
38362
30021
34853
34656
49657
31787
38128
48350
99200
47515
42948
44799
47812
30188
45523
44387
43317
42471
51631
44130
47412
50630
47655
42131
30873
49220
45581
45227
48110
42452
42740
45246
38413
36558
40639
47018
48229
55937
50588
59191
51209
52242
46228
50130
56784
99200
75905
66218
69208
56613
54440
50468
49710
52709
60335
78401
57321
46577
51184
46386
65621
64717
59987
63238
52414
54526
53252
60618
54042
47946
63709
63048
66019
61816
55708
63207
52532
63644
71828
71617
75140
99200
66125
62037
52654
62509
67915
76815
76107
80503
70806
68830
79303
73342
77215
71035
63869
81315
78330
71617
71411
71224
70412
72128
65434
67406
67085
78841
77017
67017
66310
75205
73540
76813
83421
69314
76406
99200
80609
75113
72405
75414
57325
78605
96001
77662
65416
75523
84219
87505
99200
82981
69717
71206
72515
84215
79506
89903
74214
86807
80907
95301
81961
74092
73915
85103
83903
79810
74211
70510
82401
86623
94004
99200
88414
89301
81354
84704
92801
87205
81914
85302
89156
79694
78180
93000
80506
78727
79806
89101
79306
84607
88612
84305
92804
86412
80804
80808
87006
80603
89001
92303
90212
91705
99200
83983
84620
89200
96800
99200
76207
78904
72737
77105
78306
70036
79007
76957
61797
60614
76906
84301
71610
78609
70819
67401
78009
88704
89202
80017
76413
71954
71609
81046
86808
85907
72310
74158
64922
68207
80003
79212
79218
82204
93201
99200
75904
68728
63015
77301
70305
66426
68018
75811
81006
72610
66124
67610
62328
57947
55475
69112
72110
68468
73013
60718
73202
77132
70317
66245
56144
70706
62263
60444
64810
68011
59415
58418
70606
76613
95500
94702
49628
38825
37741
42518
37516
39105
33218
38512
37711
32610
40519
48407
45634
48721
51705
47609
36765
37712
32513
39911
36908
45611
40214
30321
36615
38458
38017
44620
46322
38515
36117
36514
38510
38617
60613
99200
60208
56127
51716
50609
55517
38638
51806
51807
58008
46815
56217
47140
47007
47030
47715
45114
54612
49016
54205
48909
48519
47326
52806
47421
57316
45115
45320
57207
46925
54015
58611
51613
57056
51729
61335
99200
70909
47357
56525
60314
63314
58218
61505
60918
56225
59324
47719
53413
65727
63115
51014
54817
66508
63112
60908
65311
59625
58821
77206
70618
60014
71205
67304
72104
59862
55921
50912
61609
62308
48421
66124
99200
78305
61886
73907
71318
69607
67909
65711
63718
54619
62208
70006
66609
75904
74806
66624
73304
75850
63423
71206
89200
70472
59727
67446
81603
70316
81307
71116
68808
60009
62823
65929
66215
70305
74210
84101
99200
96501
94501
91602
92600
99200
96201
96100
99200
87835
87401
91101
99200
99200
93702
93900
96003
99200
99200
96402
93603
96100
99200
99200
94001
86309
84219
87302
89803
96600
99200
96800
97300
97200
99200
99200
99200
96000
99200
95403
99200
99200
90154
95301
95500
89813
90821
96000
95203
97903
99200
99200
95602
87406
88439
96701
96302
96400
95700
94401
99200
96008
95801
95901
97940
99200
95900
96200
99200
99200
99200
95501
99200
86204
89106
89705
94500
88103
83604
90901
86306
92301
94901
95600
95601
92702
92005
90608
84706
91703
96302
90905
95602
91642
87417
90303
96100
99200
95416
95601
95600
90902
93800
92112
92802
99200
94715
91002
99200
89928
84809
94700
89908
86604
84002
77110
71233
82106
82604
85301
91301
93401
84610
78107
82906
82106
85806
88102
89400
90301
88701
90401
92307
82804
81106
85603
87504
84903
79706
83611
88801
86103
87103
94400
99200
95687
92403
93801
95337
95701
92702
89002
89705
90502
86104
95800
95600
91800
94800
92558
87110
90402
99200
95519
99200
95301
86899
86209
96100
99200
94900
92708
96301
99200
99200
99200
99200
99200
91002
91200
99200
99200
91607
93601
95600
96200
99200
96204
94601
99200
95503
96101
94002
93321
95801
95601
99200
99200
95706
93201
94000
97300
90192
90805
93902
91804
92401
99200
99200
94551
99200
95504
99200
99200
89875
93000
99200
99200
99200
99200
99200
99200
99200
99200
99200
99200
99200
99200
99200
99200
99200
99200
99200
94605
93009
99200
99200
99200
99200
99200
99200
99200
99200
99200
99200
99200
99200
99200
99200
99200
99200
99200
99200
99200
99200
96201
96301
94702
92001
96400
95900
91902
94053
96304
92902
93801
93801
96200
95900
92902
91606
93302
89901
91602
87505
88003
87316
94900
95201
99200
94804
95601
91501
93001
95604
91811
91304
90902
99200
95002
96500
96700
99200
96900
96900
96905
93504
90101
92300
92701
99200
99200
94501
95100
96400
89909
93102
92701
86403
92104
99200
99200
94600
94700
94400
94300
94100
93302
96701
96704
94200
90902
92401
96800
99200
99200
96501
97300
99200
96800
96800
97000
99200
99200
99200
96839
97101
95504
95401
95612
99200
94109
95202
99200
93801
94101
99200
99200
99200
99200
99200
99200
96900
96800
97300
96700
97000
99200
99200
99200
99200
84126
86752
90106
97302
99200
97200
97500
90705
91702
95206
92005
96600
99200
93200
89104
91102
85111
83804
88712
87304
85216
88610
99200
91001
89402
96900
95304
95402
95000
95100
99200
99200
89602
87804
94824
91310
84812
92200
90001
91623
82644
80706
79005
77305
84403
80310
72819
76910
89301
80610
77603
81504
82207
82332
84715
78306
73024
78505
78522
76306
84003
90001
86405
88206
88504
84006
86703
80432
83605
86004
87501
99200
86805
85304
83207
78528
69325
76012
84547
89908
70819
71212
74107
70013
74522
81309
90302
89804
87908
82726
84502
75806
84006
84706
72937
78725
93501
83509
84209
90303
82403
79108
80934
79408
73509
80326
81626
97008
95501
89903
87704
92101
87905
84606
89202
85603
91302
91803
88209
85411
92801
93800
91701
87332
88309
94103
88542
89301
94200
86003
91700
90302
95002
90504
83612
91601
89702
92706
99200
88151
86504
89701
91801
99200
92201
85907
83007
91400
89601
84226
80708
79405
80312
86104
83603
80607
74210
72819
81510
85206
85511
86306
86847
86008
87403
92022
88601
87509
85407
84707
81316
87703
87103
84802
81381
86506
86605
87505
97300
99200
99200
99200
99200
99200
99200
99200
99200
99200
99200
99200
99200
97500
98000
99200
96929
97300
97200
99200
99200
99200
97700
97400
99200
99200
97200
97300
99200
99200
99200
96800
97400
99200
99200
99200
99200
99200
99200
99200
99200
99200
99200
99200
99200
99200
99200
99200
99200
99200
99200
99200
99200
99200
99200
99200
96904
96602
99200
99200
99200
99200
99200
99200
99200
99200
99200
99200
99200
99200
99200
99200
99200
99200
97500
97501
99200
99200
99200
99200
99200
99200
99200
99200
99200
99200
99200
99200
99200
99200
99200
99200
99200
99200
99200
99200
99200
99200
99200
96201
96502
99200
95905
96503
99200
99200
99200
99200
99200
99200
99200
99200
99200
97502
97502
99200
99200
99200
99200
96400
97102
99200
99200
99200
96402
95704
97500
97400
99200
99200
99200
99200
99200
99200
99200
99200
99200
99200
99200
99200
99200
99200
99200
97301
97500
99200
96901
97101
99200
98004
96504
99200
99200
99200
97200
96601
99200
97301
99200
99200
99200
99200
99200
95339
95907
99200
99200
97900
97702
99200
99200
98001
97504
96368
95907
96213
96509
99200
97501
94604
96701
99200
99200
99200
99200
99200
99200
96000
95502
99200
97717
95905
96405
96501
95707
97503
99200
99200
99200
99200
99200
99200
99200
97201
97101
99200
99200
99200
99200
99200
99200
99200
99200
99200
99200
99200
99200
99200
99200
99200
99200
97207
96715
99200
99200
99200
99200
99200
99200
99200
99200
97001
97003
99200
99200
99200
99200
99200
99200
99200
99200
99200
99200
99200
94200
94602
99200
99200
99200
99200
99200
99200
99200
99200
99200
99200
97100
96802
96200
96205
99200
99200
99200
99200
99200
99200
99200
99200
99200
99200
99200
96700
97302
99200
99200
99200
99200
99200
99200
99200
96400
96701
99200
99200
99200
99200
99200
99200
99200
99200
99200
99200
99200
99200
99200
99200
99200
99200
99200
99200
99200
99200
99200
99200
99200
99200
99200
99200
99200
99200
99200
99200
99200
99200
99200
99200
99200
99200
99200
99200
99200
99200
99200
99200
99200
99200
99200
99200
99200
99200
99200
99200
99200
96000
96417
99200
96402
91332
95002
96405
96402
96503
99200
99200
99200
94800
94803
96500
96367
99200
99200
99200
99200
99200
99200
99200
93103
96215
99200
99200
99200
94703
91009
93004
92002
99200
95900
94008
94100
97220
91406
93800
97105
96200
94009
90630
93311
93400
90818
90002
94000
94212
99200
94700
95100
95107
99200
95000
88909
94903
99200
93001
90215
96302
91718
94202
96704
88508
80898
88917
83501
86086
90101
81519
84241
92705
90034
89412
89235
88817
88820
88714
86136
87633
82670
86016
92504
89305
85815
88106
95000
96600
89309
89301
87365
82104
90803
90304
92700
87907
87901
91501
99200
91000
96200
96300
93900
95100
95300
94101
96500
95401
93003
96501
96000
93300
92215
94003
95324
94119
95701
95700
95702
92907
97001
94000
94400
96400
96402
96700
91205
95901
95301
97900
94603
97500
99200
96800
95502
92422
94500
91603
96607
92502
93227
94800
97603
96601
96701
93775
94801
88106
96700
96600
96900
99200
99200
90106
92301
96300
99200
94801
97100
97501
97700
96600
99200
99200
92544
99200
99200
99200
91364
91966
99200
99200
99200
99200
99200
99200
99200
99200
99200
99200
99200
99200
99200
99200
99200
99200
99200
99200
99200
99200
99200
99200
94900
99200
99200
99200
99200
99200
99200
99200
99200
99200
99200
99200
99200
99200
99200
99200
96906
99200
99200
99200
99200
99200
99200
96403
99200
97443
99200
99200
99200
99200
97100
99200
99200
97400
99200
99200
99200
96902
97300
99200
99200
99200
99200
97300
97200
94737
99200
97400
97100
99200
99200
99200
99200
99200
96900
95201
99200
99200
99200
99200
99200
99200
99200
99200
99200
99200
96403
97400
99200
99200
99200
99200
99200
99200
99200
99200
99200
99200
99200
99200
96820
96823
97000
99200
99200
99200
99200
99200
99200
99200
99200
99200
99200
99200
99200
99200
99200
99200
99200
99200
99200
99200
99200
99200
99200
99200
99200
96102
99200
99200
99200
99200
99200
99200
99200
99200
99200
99200
99200
96203
99200
93204
99200
99200
99200
99200
99200
99200
99200
99200
99200
99200
99200
99200
99200
96018
99200
99200
99200
99200
99200
99200
99200
95601
96100
99200
99200
99200
99200
93822
93700
96935
99200
99200
99200
99200
99200
99200
99200
99200
99200
99200
99200
99200
99200
99200
99200
99200
99200
99200
99200
99200
99200
99200
99200
99200
99200
99200
99200
99200
99200
99200
99200
99200
99200
99200
99200
99200
99200
99200
99200
99200
99200
99200
99200
99200
99200
99200
96902
99200
99200
99200
99200
99200
99200
99200
99200
99200
99200
99200
97101
94601
99200
99200
99200
99200
99200
99200
99200
99200
99200
99200
99200
99200
96901
97901
98100
99200
99200
96781
99200
99200
99200
99200
98400
99200
99200
99200
99200
99200
99200
99200
97200
97200
99200
99200
99200
99200
99200
99200
99200
99200
99200
99200
99200
96803
99200
99200
99200
99200
99200
96601
96800
99200
99200
99200
99200
96602
97000
99200
99200
96723
99200
99200
99200
99200
97101
99200
99200
99200
99200
99200
99200
99200
99200
99200
99200
99200
99200
99200
99200
98000
99200
99200
99200
99200
99200
99200
99200
99200
99200
99200
99200
99200
99200
99200
99200
99200
99200
99200
99200
99200
99200
99200
99200
99200
99200
99200
99200
99200
99200
99200
99200
99200
99200
99200
99200
99200
99200
99200
99200
99200
99200
99200
99200
99200
99200
99200
99200
99200
99200
99200
99200
99200
99200
99200
99200
99200
99200
99200
99200
99200
99200
99200
99200
99200
99200
99200
99200
99200
99200
99200
99200
99200
99200
99200
99200
99200
99200
99200
99200
99200
99200
99200
99200
99200
99200
99200
99200
99200
99200
99200
99200
99200
99200
99200
99200
99200
99200
99200
98000
98200
99200
99200
99200
99200
99200
99200
99200
99200
99200
99200
99200
99200
99200
99200
99200
99200
99200
99200
99200
99200
99200
95800
96200
99200
99200
99200
99200
99200
99200
99200
99200
99200
96800
97100
99200
97006
99200
95503
99200
95802
96300
99200
99200
99200
96500
96700
99200
96900
91807
93401
97801
99200
96900
97100
99200
99200
97726
97800
97600
94901
94700
96401
96400
95602
96000
99200
99200
99200
99200
99200
99200
94906
94602
99200
99200
99200
99200
97600
97800
99200
97419
97500
97700
95801
96001
99200
94610
94901
97700
99200
99200
92800
93200
90502
88701
87803
88706
87707
87001
88203
95900
91501
87502
88501
87732
90404
87906
90101
93801
89402
90129
88004
87802
87602
88404
88302
90100
90131
90704
90301
92100
92800
91102
88210
94001
90601
99200
89609
91404
91403
84518
91201
96000
91203
90207
84806
91001
90903
91700
88501
90701
88707
90202
90001
86103
86403
88801
96100
94905
89502
89301
95202
93902
93803
89107
91105
85907
88803
86905
87101
88702
92401
99200
99200
95000
92201
95500
99200
96400
95001
88210
94000
95101
95501
94700
96900
99200
97500
94401
94501
97500
97600
97800
94701
94900
99200
94903
96400
97702
97300
95004
94400
96500
96802
96300
96700
93206
92206
99200
99200
99200
95102
95501
99200
99200
99200
99200
99200
99200
99200
95200
92801
97000
97001
96900
97500
99200
99200
99200
99200
99200
99200
99200
99200
99200
99200
99200
99200
96700
97200
99200
99200
99200
99200
99200
99200
99200
99200
99200
99200
99200
99200
99200
99200
99200
99200
99200
99200
99200
99200
99200
99200
99200
99200
99200
99200
99200
99200
99200
99200
99200
99200
99200
99200
99200
99200
99200
99200
99200
99200
99200
99200
99200
96001
96001
99200
99200
99200
99200
99200
99200
99200
99200
99200
99200
99200
99200
99200
96900
96800
99200
99200
99200
99200
99200
96002
96302
99200
99200
99200
99200
95706
96101
99200
99200
99200
99200
99200
99200
99200
99200
99200
99200
99200
99200
99200
99200
99200
99200
99200
99200
98201
99200
99200
99200
99200
99200
99200
99200
99200
97400
97600
99200
99200
99200
99200
99200
99200
99200
99200
99200
99200
99200
99200
99200
99200
99200
99200
99200
99200
99200
99200
99200
99200
99200
99200
99200
99200
99200
99200
99200
99200
99200
99200
99200
99200
99200
99200
99200
99200
99200
99200
99200
99200
99200
99200
99200
99200
99200
99200
99200
99200
99200
99200
99200
99200
99200
99200
99200
99200
99200
99200
99200
99200
99200
99200
99200
99200
99200
98203
99200
99200
99200
99200
99200
99200
99200
99200
99200
99200
99200
99200
99200
99200
99200
99200
97300
97300
99200
96901
97401
99200
97100
97700
99200
97402
97400
97600
99200
99200
99200
99200
99200
99200
99200
95113
97400
99200
99200
97208
97602
99200
99200
99200
99200
99200
99200
99200
99200
99200
99200
99200
99200
99200
97400
97900
99200
99200
99200
99200
99200
99200
96500
96800
97300
97700
99200
99200
99200
99200
99200
99200
99200
99200
99200
99200
99200
99200
99200
99200
99200
99200
99200
99200
99200
99200
99200
93001
93000
91001
92701
96800
92536
94908
92309
91910
92506
92701
92101
91604
94401
94303
91805
93103
95500
93301
92701
93402
94201
94501
96500
96900
92106
90309
92707
91113
89714
88213
90602
89503
93802
94803
99200
99200
96301
96603
99200
99200
99200
99200
99200
99200
96500
96701
99200
99200
99200
99200
99200
96400
94704
96905
99200
99200
99200
97400
97900
99200
99200
97800
95400
96600
99200
99200
99200
96614
96506
99200
99200
99200
96900
96900
96900
97000
96700
96600
94700
92003
91902
89817
97202
93310
93405
96600
89316
86911
94007
88103
89908
95201
93602
95301
99200
94200
91006
96303
97800
92703
93800
94202
96900
91801
86303
90154
99200
99200
99200
99200
99200
99200
99200
99200
99200
99200
99200
99200
99200
99200
99200
99200
99200
99200
99200
99200
99200
99200
99200
99200
99200
99200
99200
99200
99200
99200
99200
99200
99200
99200
99200
99200
99200
99200
99200
99200
99200
99200
99200
99200
99200
99200
99200
99200
99200
99200
99200
99200
99200
99200
99200
99200
99200
99200
99200
99200
99200
99200
99200
99200
99200
99200
99200
99200
99200
99200
99200
99200
99200
99200
99200
99200
99200
99200
99200
99200
99200
99200
99200
99200
99200
99200
99200
99200
99200
99200
99200
99200
99200
99200
99200
99200
99200
99200
99200
99200
99200
99200
99200
99200
99200
99200
99200
99200
99200
99200
99200
99200
99200
99200
99200
99200
99200
99200
99200
99200
99200
99200
99200
99200
99200
99200
99200
99200
99200
99200
99200
99200
99200
99200
99200
99200
99200
99200
99200
99200
99200
99200
99200
99200
99200
99200
99200
99200
99200
99200
99200
99200
99200
99200
99200
99200
99200
99200
99200
99200
99200
97700
97801
99200
99200
99200
99200
99200
99200
99200
99200
99200
99200
99200
99200
99200
99200
99200
99200
99200
99200
99200
99200
99200
99200
99200
99200
99200
99200
99200
99200
99200
99200
99200
99200
99200
99200
99200
99200
99200
99200
99200
99200
99200
99200
99200
99200
99200
99200
99200
99200
99200
99200
99200
99200
99200
99200
99200
99200
99200
99200
99200
99200
99200
99200
99200
99200
99200
99200
99200
99200
99200
99200
99200
99200
99200
99200
99200
99200
99200
99200
99200
99200
99200
99200
99200
99200
99200
99200
99200
99200
99200
99200
99200
99200
99200
99200
99200
99200
99200
99200
99200
99200
99200
99200
99200
99200
99200
99200
99200
99200
99200
99200
99200
99200
99200
99200
99200
99200
99200
99200
99200
99200
99200
99200
99200
99200
99200
99200
99200
99200
99200
99200
99200
99200
99200
99200
99200
99200
99200
99200
99200
99200
99200
99200
99200
99200
99200
99200
99200
99200
99200
99200
99200
99200
99200
99200
99200
99200
99200
99200
99200
99200
99200
99200
99200
99200
99200
99200
99200
99200
99200
99200
99200
99200
99200
99200
99200
99200
99200
99200
99200
99200
99200
99200
99200
99200
99200
99200
99200
99200
99200
99200
99200
99200
99200
99200
99200
99200
99200
99200
99200
99200
99200
99200
99200
99200
99200
99200
99200
99200
99200
99200
99200
99200
99200
99200
99200
99200
99200
99200
99200
99200
99200
99200
99200
99200
99200
99200
99200
99200
99200
99200
99200
99200
99200
99200
99200
99200
99200
99200
96800
99200
96801
99200
99200
99200
99200
96600
