None
None
None
None
None
None
None
None
None
None
None
None
None
None
None
None
None
None
None
None
None
None
None
None
None
None
None
None
None
None
None
None
None
None
None
None
None
None
None
None
None
None
None
None
None
None
None
None
None
None
None
None
None
None
None
None
None
None
None
None
None
None
None
None
None
None
None
0.016534596470592078
0.07179085089592263
0.1305332251940854
0.1512303063645959
0.20616050995886326
0.24748618248850107
0.280021658167243
0.3371429373510182
0.37545695155858994
0.4273627335205674
0.4669010238721967
0.5062403995543718
0.5441189855337143
0.5859985835850239
0.6423190953209996
0.710893570445478
0.7335053104907274
0.7809489108622074
0.8507469389587641
0.8984221424907446
0.9661480896174908
0.9970552660524845
1.0392449824139476
1.1071137972176075
1.1240504551678896
1.1909487452358007
1.1916568912565708
1.213287629187107
1.2264802511781454
1.1870394814759493
1.217965193092823
1.2013311926275492
1.1963829845190048
1.178569182753563
1.131561879068613
1.1006885580718517
1.0784831531345844
1.0800946671515703
1.0823274217545986
1.0610596109181643
1.0668930355459452
1.0701402481645346
1.0881095007061958
1.0818925555795431
1.1242103707045317
1.1250061560422182
1.1585827432572842
1.1676765661686659
1.2075197584927082
1.2301059942692518
1.2400170154869556
1.2506793960928917
1.2368383724242449
1.285689665004611
1.23710073903203
1.2517170533537865
1.2490249816328287
1.2106723301112652
1.2133598923683167
1.2140627820044756
1.1661522313952446
1.1960009783506393
1.2107075192034245
1.1963296588510275
1.2358910329639912
1.2495950739830732
1.2999721020460129
1.309899065643549
1.3509168177843094
1.3638214748352766
1.4059933125972748
1.3807114623486996
1.4037681072950363
1.4078437872231007
1.3430309779942036
1.3427849970757961
1.3072262667119503
1.3367058336734772
1.3277899883687496
1.3651950620114803
1.3238963596522808
1.3334738314151764
1.3489814661443233
1.3758443854749203
1.3738157153129578
1.4327134191989899
1.4525052718818188
1.4663988798856735
1.4712207727134228
1.5593126341700554
1.5849334076046944
1.5432925410568714
1.5628985948860645
1.5900112055242062
1.6159192696213722
1.5523470863699913
1.5554371140897274
1.502620492130518
1.4942252896726131
1.4681192189455032
1.500255435705185
1.5146588943898678
1.4622247032821178
1.4871260300278664
1.6400638446211815
1.5379745103418827
1.6262963712215424
1.644364383071661
1.621906042098999
1.6817571260035038
1.6815302446484566
1.6953482143580914
1.5993864946067333
1.6244111582636833
1.670052893459797
1.646628700196743
1.6258765570819378
1.672421958297491
1.651136465370655
1.632157575339079
1.7151694260537624
1.7234333269298077
1.809228878468275
1.7453380823135376
1.7798382230103016
1.7633633576333523
1.7436203062534332
1.6242948584258556
1.8340795077383518
1.8059530146420002
1.60695393756032
1.7560464777052402
1.8416651226580143
1.8690160773694515
1.7813410609960556
1.8979957811534405
1.9639089666306973
1.8670365549623966
1.8977103531360626
1.882554765790701
1.9370052851736546
1.9326476007699966
1.8644947297871113
1.8061069771647453
1.8014291636645794
1.8492912650108337
1.8550915084779263
1.9059705510735512
1.8275987654924393
2.0300838984549046
1.9762085303664207
1.882036630064249
1.9988839663565159
2.000507887452841
1.9557816609740257
1.9085775054991245
2.025017824023962
2.017953421920538
1.955565981566906
1.9948200955986977
2.0521500557661057
1.9808629788458347
2.118238113820553
1.9827346242964268
2.0494510382413864
2.0878214463591576
2.091608241200447
2.0992355830967426
2.1747750639915466
2.0678242072463036
2.084837317466736
2.1312676183879375
2.1248502284288406
2.0317716896533966
2.1142745427787304
2.113631770014763
2.176658846437931
2.1710358448326588
2.1734887026250362
2.120080176740885
2.213373750448227
2.171058978885412
2.3152796141803265
2.3807245455682278
2.3003860861063004
2.3611961789429188
2.4019872844219208
2.271775260567665
2.366745598614216
2.2780224047601223
2.15609610080719
2.2094529569149017
2.305173631757498
2.433200776576996
2.3399723432958126
2.45721422880888
2.460391879081726
2.427540883421898
2.424962740391493
2.304233457893133
2.3729255869984627
2.3826278373599052
2.324182204902172
2.4387160129845142
2.333260200917721
2.3920952305197716
2.376377023756504
2.4330796413123608
2.4968273527920246
2.4099544137716293
2.5141808316111565
2.3957512080669403
2.443502552807331
2.5370031781494617
2.507392019033432
2.5844598412513733
2.508457638323307
2.531217508018017
2.5134462416172028
2.4629506319761276
2.611697569489479
2.5592088624835014
2.591325953602791
2.6072285026311874
2.6052462831139565
2.5416828095912933
2.572593629360199
2.586205393075943
2.693879447877407
2.5481103658676147
2.6807790026068687
2.601130783557892
2.6292340829968452
2.678379535675049
2.5682796835899353
2.659591995179653
2.675185814499855
2.6267813593149185
2.7969175204634666
2.666072003543377
2.778758682310581
2.7503625079989433
2.7373427599668503
2.932151824235916
2.9078716039657593
3.046305440366268
2.826757751405239
2.8507096022367477
2.7839738875627518
2.8888796642422676
2.730725459754467
2.647312141954899
2.8228762969374657
2.8506963551044464
2.790280759334564
2.8678751960396767
2.9679772928357124
2.8604577109217644
2.847022332251072
3.1636994183063507
2.8718550950288773
2.898155651986599
2.9494674131274223
2.870734617114067
3.0115599781274796
2.811664491891861
2.8603506609797478
2.7390542328357697
2.9319006726145744
2.961099050939083
3.0430870801210403
3.1677987799048424
3.0492515936493874
3.0042131021618843
3.0038339272141457
2.834621950984001
3.091180644929409
3.0429935231804848
3.0874065160751343
2.935742884874344
2.899634398519993
3.1073762103915215
3.059930235147476
3.119137093424797
2.9244382679462433
3.287557452917099
3.0980928614735603
3.2311725839972496
3.024690642952919
3.2490871399641037
3.263406366109848
3.1263310983777046
3.0562053099274635
3.274270437657833
3.0671826153993607
3.157498173415661
3.292353220283985
3.2985417917370796
3.4126829504966736
3.1798419058322906
3.2968666329979897
3.3594418466091156
3.1445387676358223
3.17573681473732
3.2786066234111786
3.1523716151714325
3.2037697210907936
3.3141238167881966
3.189750798046589
3.212928034365177
3.387451246380806
3.2536717131733894
3.416728399693966
3.258365735411644
3.2109062522649765
3.358481466770172
3.314944364130497
3.4715512543916702
3.4637270346283913
3.4197283908724785
3.2543070316314697
3.550895795226097
3.2236799523234367
3.3703340888023376
3.300144523382187
3.4164339900016785
3.5490600615739822
3.5423400178551674
3.2987888529896736
3.4922972694039345
3.522845447063446
3.5626440718770027
3.3744519129395485
3.4856753200292587
3.4775894954800606
3.3627124950289726
3.5594005584716797
3.330386959016323
3.60500505566597
3.4585614129900932
3.540071412920952
3.6159901469945908
3.660146787762642
3.43504386395216
3.4747670963406563
3.5632498934865
3.386820636689663
3.42787903547287
3.5885274037718773
3.365551620721817
3.630437307059765
3.508316472172737
3.5097545981407166
3.731709837913513
3.720985062420368
3.628711648285389
3.78554817289114
3.5041330084204674
3.61493182182312
3.565539561212063
3.635893799364567
3.6425749510526657
3.610726311802864
3.603495143353939
3.747442789375782
3.549583114683628
3.9560055136680603
3.875716559588909
3.8395146802067757
3.651600532233715
3.604884371161461
3.5432512164115906
3.7013899832963943
3.6825012117624283
3.8254021778702736
3.8239011839032173
3.855462096631527
4.0012966096401215
3.8804715648293495
3.699613317847252
3.6994394659996033
3.6882055327296257
3.6341246142983437
3.7613879069685936
3.8125654086470604
3.6644190847873688
3.778420612215996
3.7228145077824593
3.8176021724939346
3.9257672876119614
4.033606678247452
4.012022912502289
4.036614052951336
4.053471364080906
4.0574899688363075
3.711698740720749
3.890319839119911
3.9945666790008545
3.834510013461113
3.8417279571294785
3.993164025247097
3.708228312432766
3.8419513180851936
3.763975366950035
4.085296273231506
3.935897298157215
3.7081320136785507
3.81925131380558
3.6518425717949867
3.8883973881602287
4.040339834988117
4.075454898178577
4.256707176566124
3.9565672129392624
3.9122050777077675
4.207359574735165
4.100888013839722
3.9320234432816505
3.761696830391884
3.996909938752651
3.970979630947113
4.423363894224167
4.193003416061401
4.103237524628639
4.169415205717087
4.063850969076157
3.789350263774395
4.187032036483288
4.074210897088051
4.125775821506977
4.0131735652685165
4.268340066075325
4.0741472616791725
4.03293851017952
4.154048375785351
4.258717656135559
4.170953221619129
4.384994067251682
4.159326367080212
4.185087606310844
4.1398684829473495
4.27379909157753
4.464056544005871
4.120410934090614
4.1603377759456635
4.09331863373518
4.070459969341755
4.533073000609875
4.310901843011379
4.210479982197285
4.30280202627182
4.4712299555540085
4.181190460920334
4.195517025887966
3.91158539801836
4.40195020288229
3.8736061602830887
4.167182058095932
4.62661425024271
4.327180005609989
4.180462636053562
4.326260857284069
4.437022887170315
4.129465788602829
4.356916069984436
4.361665166914463
4.641053147614002
4.462702818214893
4.274683892726898
4.441759929060936
4.326266095042229
4.511909306049347
4.391096353530884
4.448039084672928
4.616705663502216
4.285765625536442
4.5859047174453735
4.302116893231869
4.445730417966843
4.550848618149757
4.507273964583874
4.411912091076374
4.613288193941116
4.744918510317802
4.641989886760712
4.598825678229332
4.243701048195362
4.379898101091385
4.568096920847893
4.491645008325577
4.606142908334732
4.593669354915619
4.778877899050713
4.875464513897896
4.871779769659042
4.5425775945186615
4.605683967471123
4.6231394931674
4.497906439006329
4.478457100689411
4.682207368314266
4.745778568089008
4.972040981054306
4.596189171075821
4.478888273239136
4.905319094657898
4.8457367569208145
4.893489524722099
5.018279865384102
4.8441599905490875
4.829438589513302
4.774946428835392
4.7726768255233765
5.002117857336998
4.9074611365795135
4.750364154577255
4.747623831033707
5.016068369150162
4.9899537563323975
4.807090759277344
4.835157319903374
4.682536944746971
4.782156363129616
5.248524725437164
5.250178217887878
5.133959621191025
5.062694579362869
5.267125025391579
4.564550399780273
5.086119994521141
5.237738832831383
4.999174952507019
4.847384810447693
5.128938674926758
4.929161176085472
4.772755607962608
4.620699860155582
4.553581535816193
4.957143604755402
4.601146966218948
5.0381796061992645
5.174377769231796
5.028292305767536
5.313498333096504
5.427292108535767
5.192634582519531
5.259469449520111
5.3678281009197235
5.3992437571287155
5.349277377128601
5.215582326054573
5.2248532474040985
5.3887500166893005
5.140119045972824
5.100805446505547
5.294566810131073
5.160563334822655
5.098415985703468
5.212146669626236
4.976988837122917
5.086186967790127
5.130341500043869
5.382154121994972
5.476129040122032
5.595952734351158
5.657034948468208
5.1401721984148026
5.527840241789818
5.125307455658913
5.373556539416313
5.44851878285408
5.3923491686582565
5.412511587142944
5.485581025481224
5.582170270383358
5.509554237127304
5.378120586276054
5.528828427195549
5.45916585624218
5.580146446824074
5.331521540880203
5.449239507317543
5.366277560591698
5.414559453725815
5.596310004591942
5.5810903906822205
5.651503682136536
5.491407170891762
5.055186539888382
5.949622094631195
5.490673184394836
5.6732072830200195
5.408899933099747
5.676359862089157
5.188008442521095
5.725572973489761
5.603731840848923
5.386855721473694
5.511894077062607
5.983930811285973
6.069088310003281
5.788066014647484
5.679566070437431
5.903471976518631
5.363162890076637
5.700784370303154
5.767731010913849
5.783351257443428
5.906611204147339
5.735520303249359
5.469638958573341
5.510467320680618
5.864969491958618
5.905639633536339
5.55452823638916
6.222537532448769
6.042623654007912
5.692982733249664
5.876697048544884
5.5528155118227005
5.915005058050156
5.770069986581802
6.017102286219597
5.981688499450684
6.13821479678154
6.378198072314262
5.940979525446892
5.557341530919075
6.1551540940999985
5.7945466339588165
6.005165472626686
5.461732804775238
6.182667836546898
5.82832370698452
6.1737484484910965
5.925850555300713
6.2007936835289
6.121450051665306
5.9700290113687515
6.01264363527298
5.902806118130684
6.119910627603531
5.893600225448608
6.182244852185249
6.073742210865021
5.8061176389455795
6.565765246748924
6.22079099714756
6.044516444206238
6.2501318752765656
6.319410428404808
5.998190596699715
6.051567047834396
6.412730976939201
6.5061947256326675
5.859384104609489
6.331739649176598
6.38983990252018
6.264640986919403
6.325411751866341
6.406707987189293
6.0791323482990265
6.199663192033768
6.113050222396851
6.2864241153001785
6.608373373746872
6.315120488405228
5.912659704685211
6.265129700303078
6.243222296237946
5.725532829761505
6.061170890927315
6.470862716436386
6.237907484173775
6.237103521823883
6.804531216621399
6.4662599712610245
6.180447548627853
6.336373805999756
6.608259409666061
5.800686523318291
6.031936913728714
6.431459069252014
6.571474701166153
6.318392485380173
6.7640503495931625
6.503089904785156
6.348595008254051
6.934229284524918
6.615546897053719
6.236251726746559
6.700099855661392
6.241525903344154
6.5314852595329285
6.336142480373383
6.589152827858925
5.854588538408279
5.96694441139698
7.023906409740448
6.54357223212719
6.4685385674238205
6.262282773852348
6.810499548912048
6.291966363787651
6.686815828084946
6.419096946716309
6.225461155176163
6.665156841278076
6.782782733440399
6.663968175649643
6.502179488539696
6.472315683960915
7.157723963260651
6.725223794579506
6.685971483588219
6.889530196785927
6.627883970737457
6.82725265622139
6.408701851963997
6.767343148589134
7.187838390469551
6.839407831430435
6.84362556040287
6.849074602127075
6.904967695474625
6.935633271932602
6.674361228942871
6.637663662433624
6.761918365955353
6.78288796544075
6.8402522802352905
6.674828499555588
6.764629244804382
6.903148978948593
7.06137977540493
6.887552440166473
6.956838324666023
6.6231909096241
7.291703283786774
6.533235937356949
7.295250937342644
7.2497126162052155
7.09808948636055
7.025542706251144
7.016885012388229
6.262537837028503
6.986278787255287
6.34768308699131
6.990221977233887
7.4641295820474625
7.432511314749718
6.89340178668499
7.1387949436903
7.038234993815422
6.74683603644371
6.473739728331566
7.10438959300518
7.353353068232536
7.595019742846489
7.311450317502022
7.491456016898155
7.2624406814575195
7.382347494363785
7.432013243436813
7.369154244661331
6.5871289521455765
6.897539526224136
7.072275713086128
7.198277547955513
7.598383843898773
6.764041528105736
7.033963441848755
7.3529980927705765
7.351859584450722
7.326141193509102
6.837608054280281
7.103458821773529
7.486762464046478
7.604044213891029
7.4608606696128845
7.125279992818832
6.918819144368172
7.540948107838631
7.14742785692215
6.6124095767736435
7.560807004570961
7.026848092675209
7.716734662652016
7.169479131698608
7.597679391503334
7.601533800363541
7.242886647582054
7.860577970743179
7.51031781733036
7.328466325998306
7.705641686916351
7.868382096290588
7.467935457825661
7.853311479091644
7.560424253344536
7.455129772424698
7.122263357043266
7.239507406949997
7.703385710716248
7.273985594511032
7.894759923219681
7.119133576750755
7.207838699221611
7.490888699889183
7.718271762132645
7.522957056760788
7.692580193281174
7.84140057861805
7.848491340875626
7.596347972750664
7.884738564491272
7.277112454175949
7.712875321507454
7.126230672001839
7.371566578745842
6.542065903544426
7.518811643123627
7.620554536581039
7.846282973885536
7.693077772855759
7.6051758378744125
7.912294536828995
7.319622114300728
7.847580671310425
7.7033195942640305
7.806974723935127
7.902617767453194
7.325763553380966
8.19332455098629
7.917319715023041
7.2024175971746445
7.95207342505455
7.867960810661316
8.10688030719757
7.943786069750786
7.693228751420975
7.813903167843819
7.829562351107597
8.267192661762238
7.9754316210746765
7.883114725351334
7.604718774557114
8.196410313248634
7.8225782215595245
7.839030370116234
7.648751720786095
8.222451314330101
8.436522662639618
8.095786437392235
8.158959031105042
8.260398209095001
8.04068186879158
7.924395307898521
8.066867724061012
8.503760993480682
8.504797115921974
8.48859167098999
8.473606750369072
7.917939394712448
8.349884167313576
8.204222843050957
8.166684687137604
8.039545521140099
8.544880151748657
7.729521751403809
7.79797288775444
8.32817031443119
8.581368833780289
8.49229221045971
8.399562954902649
8.272727340459824
8.32266703248024
8.340728908777237
8.25629672408104
8.397830128669739
7.949257791042328
8.152319982647896
8.353606298565865
8.501513436436653
8.486926391720772
8.6512471139431
8.525003552436829
8.69874706864357
8.399876117706299
8.311699733138084
8.563274696469307
8.757989197969437
8.695638805627823
8.460459560155869
8.739714071154594
8.724481165409088
8.809153437614441
8.485326141119003
8.763869017362595
8.490710109472275
8.505908414721489
8.44722218811512
8.659594297409058
8.770670771598816
8.411209553480148
8.716249972581863
8.83882674574852
8.84482553601265
8.563263863325119
8.75568401813507
8.626091837882996
8.66338536143303
8.563304632902145
8.9334155023098
8.952406018972397
8.841388016939163
8.741160899400711
8.596393808722496
8.857590913772583
8.805753290653229
8.575179323554039
8.737330436706543
8.85168969631195
8.763016045093536
8.866346001625061
8.82772120833397
8.937459796667099
8.642155900597572
8.883865863084793
8.766066431999207
8.84381864964962
8.624579697847366
9.042282819747925
8.74488990008831
8.65801391005516
8.94585257768631
9.09066727757454
8.851013273000717
9.022315323352814
8.854637295007706
9.043008923530579
8.836923986673355
8.950785487890244
8.998748481273651
9.015374422073364
9.121098756790161
9.21299883723259
9.1886285841465
8.951463788747787
9.211450755596161
8.895462155342102
8.975883662700653
9.029333889484406
8.832977861166
9.060146182775497
9.181499540805817
9.180322468280792
9.271571010351181
9.17317408323288
9.107878774404526
9.142704457044601
8.990169733762741
9.179854571819305
9.198566615581512
9.102607995271683
9.36581289768219
9.375161290168762
9.314054518938065
9.076855137944221
9.099034875631332
9.077404886484146
9.267959535121918
9.276532411575317
9.283540099859238
9.291201412677765
9.301666915416718
9.321434170007706
9.364138841629028
9.183353960514069
9.241043239831924
9.325783282518387
9.286810457706451
9.403211176395416
9.314929038286209
9.427256107330322
9.440293341875076
9.22955459356308
9.214733064174652
9.356657147407532
9.426004201173782
9.208930283784866
9.3528550863266
9.206713020801544
9.196614891290665
9.355219691991806
9.327817589044571
9.514628171920776
9.526911407709122
9.306778639554977
9.494633257389069
9.50178748369217
9.38707971572876
9.391068041324615
9.33543911576271
9.632429152727127
9.597687512636185
9.65115812420845
9.354447543621063
9.376631379127502
9.451669603586197
9.544813603162766
9.662991791963577
9.669069200754166
9.657214403152466
9.471399068832397
9.673039257526398
9.551929116249084
9.44738906621933
9.73792153596878
9.679024428129196
9.695645898580551
9.700485169887543
9.59328418970108
9.529514223337173
9.616311371326447
9.4252367913723
9.432181477546692
9.639877140522003
9.715335547924042
9.514914780855179
9.735756188631058
9.511877000331879
9.68613851070404
9.733766227960587
9.741289854049683
9.848760515451431
9.839038044214249
9.375965595245361
9.98480173945427
9.750526398420334
9.71808660030365
9.741033285856247
9.766463279724121
9.752529889345169
9.894074320793152
9.833896040916443
9.835660964250565
9.599486708641052
9.782578527927399
9.70433360338211
9.633894830942154
9.774308919906616
9.808361291885376
9.997875899076462
9.740062892436981
9.730943351984024
9.943406492471695
9.893657863140106
9.703473061323166
9.906960725784302
9.922233402729034
9.915777742862701
10.196742504835129
10.002798795700073
9.868047446012497
9.739075124263763
10.010147839784622
9.89559230208397
10.118370920419693
10.090267360210419
9.88220089673996
9.963627487421036
9.853101342916489
9.98195618391037
9.819175511598587
9.92797189950943
9.954934149980545
10.15797957777977
10.203474044799805
10.12668365240097
9.95169597864151
10.052386045455933
10.056972920894623
9.874943882226944
10.160121411085129
10.117768734693527
10.339099198579788
10.185349643230438
10.141923189163208
9.971985310316086
10.07232517004013
10.160857886075974
10.142155259847641
10.397926986217499
10.227471351623535
10.204811573028564
10.328636944293976
10.254536747932434
10.283741533756256
10.040678352117538
10.135500490665436
10.30453822016716
10.304066181182861
9.998022079467773
10.490818977355957
10.428303003311157
10.359288722276688
10.51586166024208
10.348727643489838
10.527158468961716
10.384922862052917
10.411213487386703
10.416871130466461
10.67333510518074
10.473308235406876
10.523925125598907
10.548017144203186
10.587011843919754
10.407080829143524
10.478064566850662
10.507595628499985
10.485635727643967
10.320360094308853
10.565231919288635
10.438451290130615
10.31730592250824
10.368026196956635
10.237875372171402
10.37223145365715
10.537135303020477
10.403034567832947
10.467948585748672
10.527650743722916
10.522429347038269
10.71710005402565
10.553649842739105
10.571055352687836
10.260825991630554
10.522935956716537
10.721068412065506
10.881692856550217
10.387093245983124
10.793205440044403
10.637076079845428
10.565708130598068
10.720741540193558
10.512217193841934
10.833495289087296
10.84654712677002
10.463915288448334
10.729081362485886
10.618611574172974
10.74783644080162
10.70081415772438
10.68199497461319
10.667495906352997
10.658342748880386
10.672975987195969
10.792071878910065
10.778848826885223
10.713974088430405
10.687131881713867
10.769092977046967
10.750928223133087
10.730979263782501
10.775799691677094
10.465921491384506
10.824681431055069
10.913550734519958
10.738337397575378
10.93002262711525
11.1042440533638
10.901709377765656
10.789975613355637
10.687271237373352
10.826142996549606
10.54196846485138
11.008957207202911
10.750401258468628
11.103989481925964
10.816095024347305
10.78408545255661
10.65664717555046
10.85989186167717
10.970070004463196
10.942850559949875
11.110449999570847
10.920491844415665
10.893986195325851
10.814397007226944
10.723783046007156
11.128113836050034
10.934038132429123
11.028798133134842
11.063935428857803
10.949206411838531
11.214938312768936
10.942086905241013
10.941308706998825
10.802648067474365
11.106615751981735
11.238041818141937
11.141448587179184
10.921500623226166
11.179570019245148
11.236196428537369
11.05058017373085
11.152529001235962
11.105274200439453
10.929556399583817
11.174047827720642
11.195107907056808
11.328633308410645
11.08397752046585
11.347201645374298
11.27972424030304
11.444099932909012
11.171891331672668
11.32324430346489
11.26397630572319
11.231118857860565
10.916085600852966
11.252498149871826
11.07880026102066
11.346773028373718
11.050996750593185
11.131668120622635
11.20932212471962
11.062427520751953
11.068965345621109
11.09849402308464
10.988012045621872
11.589708119630814
10.913396328687668
11.341951727867126
11.095253854990005
11.471910208463669
11.457683384418488
11.058483630418777
11.355265110731125
11.294167309999466
11.379472017288208
11.365410923957825
11.261868804693222
11.40722444653511
11.491210013628006
11.361467331647873
11.762074410915375
11.333983570337296
11.2490473985672
11.576676189899445
11.424981564283371
11.614649266004562
11.730458974838257
11.578808099031448
11.266328275203705
11.353710860013962
11.558282107114792
11.573662102222443
11.580597937107086
11.693975746631622
11.532464563846588
11.586154997348785
11.731736093759537
11.579085558652878
11.544442862272263
11.695777148008347
11.470043301582336
11.502809196710587
11.634334921836853
11.717301785945892
11.253620982170105
11.76278817653656
11.615063190460205
11.752855032682419
11.72099581360817
11.940456807613373
11.411601334810257
11.540953397750854
11.536529392004013
11.7756507396698
11.658060550689697
11.962261348962784
11.527213782072067
11.790602445602417
11.633707791566849
11.688212752342224
11.428239673376083
11.941814184188843
12.051898896694183
11.331535995006561
11.73662981390953
11.749158203601837
11.827230453491211
11.63156345486641
11.941625237464905
12.0578533411026
11.810694217681885
11.812870532274246
11.584100812673569
12.003435015678406
11.454959154129028
11.641107499599457
11.794295608997345
11.72434577345848
11.854405999183655
11.946284145116806
11.443663567304611
11.711993485689163
11.652429968118668
11.90635097026825
11.709358990192413
11.751158863306046
11.98398819565773
11.677284359931946
11.981413662433624
12.22355130314827
11.951322764158249
11.823753863573074
11.556527227163315
11.908215820789337
12.110721707344055
11.692346930503845
11.93431070446968
11.913894981145859
11.621837168931961
11.942887514829636
11.983733177185059
11.86725926399231
12.02581736445427
12.218340307474136
11.97499504685402
12.137131750583649
11.901938647031784
12.007547169923782
12.071457594633102
12.172229051589966
11.89868301153183
12.26843410730362
11.995065450668335
12.041257172822952
11.98964348435402
12.038071811199188
12.131397247314453
12.139788895845413
11.746664017438889
12.048231571912766
12.328035235404968
12.106330126523972
11.891729176044464
11.968522310256958
12.010039120912552
12.367346584796906
12.244512498378754
12.385462641716003
12.24677374958992
12.306259512901306
12.262364447116852
12.51477125287056
12.633478909730911
12.387390732765198
12.219424426555634
12.435273110866547
12.411694258451462
12.152079731225967
12.133668720722198
12.399659633636475
12.136612236499786
12.28143835067749
12.389260679483414
12.465325385332108
12.053975999355316
11.810226261615753
12.297837853431702
12.363785058259964
12.258012622594833
12.060342669487
12.407106280326843
12.061537861824036
12.288146525621414
12.62966600060463
12.43483954668045
12.39301460981369
12.599969774484634
12.575787544250488
12.532059490680695
12.269981026649475
12.560082018375397
12.511307746171951
12.416471481323242
12.43131074309349
12.51405856013298
12.519216865301132
12.569409489631653
12.635012447834015
12.354000806808472
12.57428503036499
12.468503057956696
12.62549763917923
12.570087283849716
12.61759203672409
12.630515962839127
12.53093609213829
12.782812535762787
12.824779242277145
12.347354859113693
12.559709280729294
12.690739393234253
12.72808563709259
12.716646552085876
12.79816284775734
12.79635864496231
12.774652481079102
12.388437420129776
12.467985212802887
12.594833999872208
12.652259647846222
12.70584186911583
12.703956604003906
12.881854146718979
12.614865332841873
12.760571479797363
12.56524670124054
12.908322483301163
12.854073077440262
12.976998656988144
12.619818240404129
12.79507166147232
12.74248319864273
12.9290951192379
12.854440540075302
12.746581017971039
12.9807807803154
12.963155210018158
12.837788879871368
12.730640828609467
12.950864464044571
12.981138110160828
12.955626338720322
12.79505318403244
13.030879884958267
12.655541181564331
13.079791486263275
13.021949172019958
12.857665419578552
12.827931582927704
12.946225702762604
12.722153276205063
12.654425173997879
12.97147399187088
13.23194146156311
13.160542100667953
13.125032007694244
12.836450308561325
12.991032183170319
13.112779319286346
12.940829426050186
13.037841498851776
13.167765319347382
13.005767792463303
13.080663710832596
13.15155154466629
12.894131392240524
13.248315900564194
13.194745510816574
13.016062617301941
13.16121956706047
13.149124890565872
12.792381048202515
12.880792677402496
13.006342768669128
12.949130684137344
13.21144887804985
13.037724018096924
13.176793694496155
13.066415250301361
12.844262689352036
12.984007596969604
12.825431525707245
13.182044893503189
13.338376581668854
13.252163678407669
13.2052720785141
13.148732632398605
13.012103408575058
13.232609778642654
13.109457165002823
13.346963822841644
13.028553247451782
13.493887037038803
13.178096890449524
13.231450140476227
13.378525644540787
13.263489037752151
13.151515275239944
13.271430999040604
13.297682404518127
13.334784746170044
13.146955162286758
13.416706621646881
13.548446238040924
13.45060309767723
13.085928857326508
13.459644973278046
13.342465460300446
13.3440642952919
13.439382195472717
13.262120336294174
13.46997195482254
13.384615778923035
13.463139742612839
13.361596494913101
13.323055982589722
13.446936339139938
13.424914985895157
13.654748439788818
13.525307953357697
13.458386719226837
13.505394130945206
13.632702380418777
13.500022143125534
13.190279334783554
13.509942591190338
13.514158934354782
13.227065443992615
13.45657354593277
13.462702721357346
13.338149309158325
13.548409849405289
13.648690283298492
13.508528620004654
13.60456508398056
13.621269464492798
13.688320189714432
13.674247920513153
13.384982764720917
13.627819150686264
13.456840425729752
13.542524933815002
13.554970532655716
13.593937337398529
13.501548498868942
13.590543866157532
13.760840743780136
13.650809943675995
13.563034921884537
13.724202334880829
13.722726881504059
13.644103437662125
13.674371063709259
13.473300099372864
13.57538902759552
13.69001242518425
13.710059314966202
13.808258146047592
13.848339945077896
13.673788189888
13.628391295671463
13.634113073348999
13.609699964523315
13.46099478006363
13.668711155653
13.41330173611641
13.93711432814598
13.893312841653824
13.696950286626816
13.59797689318657
13.746460884809494
13.686413586139679
13.842972785234451
13.817547500133514
13.782650977373123
13.97255077958107
13.787141352891922
13.960410088300705
13.954573571681976
13.699656456708908
13.937510162591934
13.732844084501266
13.874928653240204
13.897798001766205
13.879543602466583
13.92701044678688
13.809923380613327
13.773878365755081
13.911285936832428
13.788406312465668
13.852925568819046
13.87867483496666
13.93031907081604
14.016073852777481
14.039707958698273
13.901731133460999
13.666383147239685
13.970794320106506
13.848213523626328
13.885672330856323
14.23673203587532
14.037989288568497
13.957999616861343
14.135885059833527
14.059324383735657
14.043718844652176
14.087717741727829
14.052244752645493
14.188797324895859
14.052357614040375
14.13110026717186
14.126818001270294
13.980907171964645
14.075699239969254
13.982403546571732
14.144206821918488
13.985204547643661
14.025177627801895
13.88942864537239
14.081536829471588
14.141280144453049
14.045774132013321
14.152598410844803
14.1361785531044
14.151667416095734
14.17360982298851
14.13215583562851
14.38921970129013
14.22103151679039
14.222586035728455
14.015916138887405
14.132988899946213
14.269946575164795
14.029307067394257
14.191353350877762
14.237938702106476
14.375410586595535
14.205027341842651
14.1594258248806
14.183300197124481
14.272953122854233
14.292747437953949
14.381248474121094
14.398797869682312
14.396330386400223
14.433688789606094
14.115883320569992
14.272379338741302
14.470451831817627
14.440296620130539
14.408696234226227
14.090752929449081
14.180596590042114
14.216103345155716
14.400784105062485
14.027020633220673
14.179805278778076
14.380060970783234
14.415801733732224
14.309910029172897
14.436101764440536
14.419683545827866
14.335071980953217
14.328746944665909
14.491509020328522
14.269245147705078
14.444112718105316
14.558181166648865
14.508238047361374
14.539403915405273
14.461269199848175
14.517405569553375
14.469082653522491
14.633803367614746
14.527254611253738
14.4998359978199
14.079892933368683
14.625367015600204
14.61475658416748
14.503681808710098
14.503470331430435
14.578364700078964
14.613620638847351
14.561904311180115
14.4773468375206
14.40237683057785
14.613201975822449
14.558016389608383
14.602107882499695
14.68401288986206
14.467695504426956
14.412042826414108
14.519115597009659
14.56638503074646
14.684770971536636
14.435049712657928
14.724418371915817
14.769182920455933
14.425109624862671
14.348822146654129
14.577961474657059
14.758862435817719
14.766839265823364
14.76666310429573
14.731184542179108
14.601241409778595
14.63535413146019
14.637148469686508
14.554294914007187
14.579037010669708
14.68234607577324
14.642414689064026
14.65172627568245
14.818711191415787
14.590144455432892
14.738897204399109
14.67177414894104
14.882525503635406
14.813149780035019
14.729245156049728
14.677830070257187
14.661799818277359
14.794564008712769
14.799610376358032
14.893663734197617
14.478573232889175
14.647766441106796
14.941785544157028
14.77020999789238
15.007298231124878
14.546249121427536
14.829670876264572
14.781784683465958
14.813322126865387
14.912292152643204
14.8360635638237
14.797149986028671
14.714529633522034
14.95143860578537
14.61441308259964
14.77261233329773
14.850665926933289
14.82681229710579
14.952131301164627
14.785808593034744
14.890653192996979
14.967466413974762
14.921870172023773
15.10396096110344
14.7438884973526
14.896305978298187
14.960404485464096
14.893193751573563
14.968425333499908
15.136270016431808
14.903140872716904
15.112822473049164
15.072178721427917
14.905541002750397
14.937096565961838
14.920632392168045
15.17387729883194
15.146718263626099
14.841865867376328
15.198995441198349
15.00293380022049
14.822564482688904
15.04335030913353
14.899106681346893
15.11545616388321
15.204024106264114
14.983652830123901
15.19337210059166
15.057883560657501
15.078040450811386
14.870568364858627
15.052977681159973
14.787805765867233
15.138845592737198
15.261628866195679
15.197341591119766
15.177716314792633
15.170361429452896
14.987601041793823
15.16038092970848
15.077739268541336
15.312099426984787
15.190590620040894
15.191081017255783
15.006451427936554
15.159399062395096
15.054460406303406
14.965212166309357
14.927776336669922
15.027767688035965
15.254026412963867
15.242604047060013
15.259224265813828
15.268662422895432
15.039709836244583
15.281948864459991
14.91817057132721
15.259497880935669
15.067106187343597
15.122222542762756
15.182245641946793
15.246053010225296
15.432233989238739
15.257047563791275
15.36384591460228
15.468873649835587
15.18976229429245
15.030062675476074
15.286720126867294
15.410362392663956
15.543856531381607
15.316219806671143
15.41680109500885
15.223622530698776
15.317258089780807
15.265570610761642
15.469409972429276
15.31291475892067
15.224117159843445
15.415521889925003
15.384603589773178
15.159448623657227
15.406335264444351
15.535398453474045
15.430066078901291
15.441041022539139
15.445805102586746
15.43932819366455
15.361317902803421
15.511209517717361
15.689401805400848
15.492992520332336
15.560327112674713
15.52746394276619
15.374802678823471
15.248332887887955
15.208663165569305
15.329214990139008
15.548725575208664
15.588674783706665
15.493771106004715
15.401024848222733
15.295397758483887
15.54980120062828
15.47049805521965
15.391971558332443
15.5731962621212
15.549514412879944
15.478750884532928
15.658709347248077
15.34177502989769
15.545267134904861
15.562125623226166
15.224916189908981
15.706142514944077
15.488219648599625
15.333762675523758
15.590718805789948
15.60788282752037
15.651504635810852
15.701777070760727
15.642600029706955
15.277356177568436
15.515018433332443
15.54135912656784
15.70659652352333
15.652704387903214
15.58791121840477
15.686563402414322
15.67464530467987
15.77938124537468
15.666806727647781
15.63927412033081
15.608236879110336
15.706807225942612
15.46908950805664
15.864373356103897
15.883928924798965
15.561398893594742
15.772112309932709
15.755842119455338
15.653813421726227
15.571436613798141
15.729162156581879
15.548276126384735
15.73453465104103
15.883845567703247
15.882460564374924
15.919250190258026
15.948887348175049
15.960093975067139
15.696971148252487
15.846097201108932
15.934979528188705
15.730849653482437
15.935227990150452
15.874713569879532
15.856359422206879
15.700827777385712
15.97121486067772
15.871121287345886
15.595958918333054
15.981736153364182
15.731852054595947
16.02420324087143
15.900860756635666
16.134654492139816
15.886892527341843
15.883626937866211
15.921559005975723
15.851614505052567
15.875129610300064
16.038172751665115
16.12305411696434
15.983198672533035
16.11448821425438
15.920648515224457
16.0398009121418
16.00526663661003
15.96673396229744
16.131626963615417
16.00625777244568
16.17633691430092
16.073912650346756
16.083964616060257
16.006120592355728
15.992438226938248
16.126391381025314
16.010283529758453
16.046825885772705
16.217036843299866
16.18432906270027
16.180293917655945
16.170938730239868
16.068270653486252
16.22944003343582
16.152866631746292
16.184027791023254
16.18519961833954
16.14225035905838
16.17549178004265
16.137492150068283
16.272741347551346
16.091109216213226
16.141243427991867
16.259089827537537
16.21932303905487
16.273255228996277
16.181845039129257
16.10657635331154
16.30634766817093
16.314409106969833
16.272134989500046
16.250046968460083
16.310317248106003
16.338866978883743
16.37257269024849
16.28329598903656
16.267837703227997
16.228383123874664
16.325468868017197
16.344866454601288
16.330576866865158
16.364644169807434
16.256961673498154
16.282485395669937
16.371344327926636
16.35772430896759
16.35805344581604
16.2981715798378
16.36308667063713
16.413070261478424
16.440488636493683
16.33184242248535
16.321049243211746
16.458220064640045
16.4188933968544
16.46413505077362
16.39852663874626
16.373972356319427
16.499862670898438
16.481579065322876
16.492390424013138
16.446954905986786
16.410435020923615
16.235736191272736
16.420800507068634
16.515220552682877
16.506227374076843
16.538649827241898
16.516361892223358
16.585207045078278
16.4722421169281
16.429376900196075
16.332850128412247
16.509710669517517
16.535759031772614
16.665437757968903
16.64192008972168
16.69194984436035
16.649022042751312
16.524913787841797
16.44746533036232
16.43436050415039
16.319181382656097
16.506811320781708
16.53704833984375
16.68008643388748
16.596905171871185
16.67297065258026
16.542170524597168
16.490695416927338
16.538885295391083
16.445759624242783
16.618979513645172
16.670258283615112
16.73246157169342
16.741249442100525
16.606233596801758
16.652805268764496
16.722823560237885
16.683163702487946
16.72669345140457
16.666966557502747
16.66986608505249
16.502135902643204
16.59732496738434
16.69942009449005
16.683255910873413
16.689893305301666
16.737093091011047
16.668123066425323
16.664622366428375
16.62689906358719
16.80214613676071
16.803376257419586
16.74652099609375
16.811193704605103
16.6694193482399
16.74420303106308
16.654279947280884
16.784253478050232
16.81564486026764
16.664543569087982
16.77210921049118
16.79191380739212
16.760484218597412
16.748941898345947
16.816344141960144
16.722521722316742
16.68158197402954
16.81427901983261
16.775450706481934
16.880366265773773
16.93602180480957
16.836381435394287
16.869216859340668
16.77716076374054
16.713202118873596
16.723426938056946
16.776212990283966
16.879429638385773
16.824693262577057
16.93441754579544
16.800257861614227
16.86664718389511
16.701720118522644
16.69640749692917
16.712977528572083
16.91067361831665
16.96572196483612
17.00867861509323
16.846058249473572
16.81172877550125
16.81394898891449
16.75888180732727
16.907444417476654
16.827107310295105
17.012608110904694
16.717270016670227
16.951425075531006
16.80999356508255
16.74163055419922
16.69662243127823
16.89336109161377
16.79467225074768
16.734404802322388
16.97323966026306
16.864484190940857
16.932498037815094
16.92887431383133
16.917503654956818
16.89361995458603
16.920075953006744
16.921307623386383
17.048571169376373
16.935078144073486
16.712916374206543
17.098917186260223
17.072374999523163
16.97496783733368
16.89657771587372
16.94657289981842
16.904147803783417
16.98249739408493
17.00616592168808
16.810348391532898
17.099385917186737
17.055135488510132
16.860735774040222
16.91725081205368
17.185592114925385
17.016402542591095
16.706600815057755
16.825640469789505
16.90583711862564
17.009843289852142
16.957417726516724
17.104910790920258
17.09368348121643
17.109584033489227
17.06317800283432
16.992510974407196
17.0164857506752
16.94188404083252
17.005667090415955
17.081403613090515
17.10432279109955
17.04676204919815
17.1484876871109
17.30513197183609
17.152377247810364
16.956996142864227
16.870122015476227
17.19060391187668
17.21492910385132
17.24032163619995
17.169322907924652
17.196628391742706
17.200606763362885
17.272361516952515
17.075678765773773
17.208299458026886
17.107553005218506
17.254435896873474
17.282531678676605
17.278658270835876
17.27032959461212
17.207821369171143
17.17503470182419
17.09945583343506
17.099972903728485
17.127797782421112
17.228347539901733
17.20846277475357
17.12312114238739
17.25467139482498
17.180815279483795
17.337215423583984
17.200422406196594
17.153810620307922
17.389231264591217
17.242466509342194
17.304543614387512
17.309972286224365
17.12807786464691
17.365751683712006
17.22858476638794
17.42770516872406
17.486641228199005
17.23234337568283
17.393215715885162
17.25689047574997
17.443741858005524
17.42904168367386
17.403262495994568
17.43961751461029
17.318287014961243
17.31109267473221
17.43359023332596
17.510637402534485
17.157525718212128
17.49043560028076
17.36043494939804
17.473682463169098
17.35103040933609
17.45040237903595
17.34850424528122
17.449545919895172
17.43702006340027
17.586299657821655
17.470138669013977
17.491666316986084
17.508119344711304
17.390554189682007
17.45915549993515
17.44031310081482
17.332690358161926
17.598791658878326
17.469410598278046
17.441916346549988
17.48972237110138
17.39546090364456
17.410260498523712
17.608045279979706
17.312520444393158
17.47553116083145
17.45431238412857
17.402393341064453
17.510405838489532
17.464849412441254
17.67441326379776
17.437330663204193
17.396903216838837
17.667184352874756
17.483393788337708
17.453051149845123
17.59812730550766
17.61586284637451
17.68728345632553
17.2613388299942
17.49807047843933
17.61949849128723
17.60383254289627
17.606223106384277
17.23388761281967
17.590790569782257
17.388603568077087
17.62919420003891
17.873182117938995
17.72637391090393
17.624768614768982
17.66891175508499
17.649838984012604
17.472521483898163
17.529154539108276
17.541319847106934
17.73654395341873
17.63622945547104
17.6929349899292
17.671167254447937
17.762806117534637
17.709252178668976
17.528136670589447
17.73191398382187
17.70502334833145
17.604883074760437
17.625085532665253
17.503599166870117
17.689830601215363
17.85048508644104
17.633726835250854
17.71988409757614
17.746912598609924
17.70782893896103
17.725177824497223
17.733699023723602
17.71158540248871
17.71414589881897
17.53576362133026
17.77835363149643
17.909432768821716
17.685288310050964
17.87482041120529
17.574395775794983
17.846071422100067
17.695588767528534
17.711109817028046
17.748359620571136
17.735412001609802
17.80507093667984
17.922124087810516
17.901695430278778
17.83156031370163
17.824262022972107
17.548339307308197
17.791577756404877
17.934693336486816
17.788078784942627
17.9130579829216
17.943973779678345
17.826790630817413
17.89955961704254
18.02635097503662
17.935699343681335
17.810299813747406
17.980160355567932
17.915754437446594
17.797340214252472
17.820471167564392
17.690128922462463
17.822126865386963
17.88238537311554
17.952855944633484
17.910860776901245
17.82276165485382
17.81410014629364
17.8725688457489
18.111382722854614
18.0533127784729
18.0982763171196
18.008342921733856
17.986974358558655
17.935638308525085
17.93707185983658
17.92304879426956
18.069548428058624
17.964418053627014
18.02903163433075
17.8666353225708
17.99820226430893
18.09969997406006
17.966374218463898
18.064933836460114
18.123337984085083
17.882164478302002
17.994520127773285
18.161495208740234
17.835764288902283
17.967438519001007
18.110892355442047
18.01973330974579
18.05364102125168
17.92702543735504
18.173424124717712
18.171559989452362
17.830844044685364
18.074123680591583
17.98529988527298
17.950369775295258
18.110957264900208
18.22273600101471
17.939691841602325
18.021063446998596
18.119436264038086
18.252760589122772
18.1527618765831
18.154366731643677
18.178532600402832
18.02759325504303
18.22235345840454
18.073801934719086
18.18804693222046
17.996405482292175
18.090279459953308
18.106906831264496
18.16294836997986
18.206748723983765
18.23577618598938
18.207766115665436
18.1993790268898
18.281803905963898
18.253729224205017
18.15145868062973
18.2155379652977
18.044258773326874
18.208485066890717
18.140800058841705
18.132275104522705
18.340714395046234
18.20843130350113
18.123399674892426
18.127479135990143
18.402801394462585
18.170140206813812
18.03771823644638
18.227371156215668
18.385265469551086
18.40070879459381
17.982515573501587
18.313222348690033
18.166402995586395
18.28102880716324
18.230586051940918
18.300574243068695
18.33454692363739
18.182968199253082
18.212428390979767
18.001149237155914
18.128470540046692
18.235223948955536
18.303255200386047
18.40103769302368
18.517409920692444
18.48555612564087
18.183206379413605
18.20829075574875
18.33037519454956
18.228954195976257
18.318703532218933
18.302634298801422
18.518711268901825
18.428438663482666
18.556881844997406
18.633564174175262
18.46271973848343
18.183225572109222
18.355720281600952
18.391415417194366
18.48425143957138
18.579982101917267
18.476857602596283
18.33074301481247
18.36762946844101
18.55805855989456
18.361902832984924
18.46135401725769
18.522312104701996
18.338075578212738
18.35099571943283
18.444313168525696
18.3910271525383
18.538712561130524
18.445834696292877
18.294478476047516
18.371210157871246
18.383128881454468
18.466720163822174
18.46243065595627
18.61699229478836
18.530873477458954
18.377044439315796
18.38917303085327
18.595597803592682
18.64665526151657
18.603745877742767
18.48620879650116
18.475160002708435
18.661151468753815
18.517353296279907
18.617871165275574
18.52102929353714
18.486155688762665
18.565809667110443
18.577084481716156
18.452959954738617
18.540549874305725
18.407526314258575
18.661686599254608
18.666371941566467
18.625535130500793
18.505682051181793
18.712159395217896
18.402270793914795
18.43684756755829
18.70472478866577
18.676508843898773
18.6435906291008
18.575462698936462
18.664848625659943
18.613641500473022
18.450201451778412
18.61334490776062
18.402629017829895
18.519006371498108
18.797384798526764
18.78118133544922
18.665257513523102
18.63433474302292
18.562743484973907
18.694210469722748
18.512702763080597
18.693568348884583
18.77710622549057
18.757652401924133
18.66936981678009
18.658192932605743
18.683609426021576
18.557620584964752
18.676997244358063
18.676988124847412
18.669594764709473
18.79110211133957
18.647809088230133
18.692098796367645
18.646626234054565
18.77808827161789
18.832444310188293
18.83043134212494
18.687329947948456
18.621146976947784
18.639609456062317
18.86825841665268
18.833986699581146
18.767291367053986
18.853102266788483
18.773273527622223
18.671223521232605
18.83038568496704
18.84320169687271
18.741076707839966
18.760070264339447
18.858448922634125
18.867513954639435
18.637998044490814
18.836019158363342
18.76079761981964
18.728105008602142
18.77377825975418
18.789712071418762
18.808564364910126
18.855868995189667
18.929185807704926
18.81871259212494
18.644189417362213
18.93865841627121
18.959523260593414
18.925490498542786
18.851007401943207
18.853964686393738
18.863108813762665
18.612604200839996
18.841070473194122
18.867101788520813
19.096477925777435
18.751403391361237
18.935428023338318
19.037660837173462
18.770484685897827
19.033763587474823
19.0372514128685
18.92537295818329
18.643568515777588
18.711848497390747
18.812972366809845
19.10648423433304
18.895756542682648
18.880893409252167
18.836503386497498
18.949077785015106
18.781508147716522
18.909145772457123
18.79149216413498
18.988896369934082
19.06044316291809
19.110402166843414
19.020698726177216
18.86714416742325
18.638573229312897
18.852382957935333
19.00325256586075
18.773472249507904
18.960033059120178
19.02029198408127
19.028614461421967
19.108779430389404
18.968200087547302
19.05897355079651
19.012929141521454
19.191702365875244
19.040420055389404
19.110238313674927
19.00436383485794
19.09828931093216
18.9814755320549
19.08412539958954
19.145139634609222
18.9879167675972
19.067855179309845
19.070485413074493
19.16516876220703
19.036993324756622
19.073261737823486
19.29814201593399
19.158677875995636
19.251696825027466
19.195845782756805
18.982233941555023
18.764781653881073
19.10198724269867
18.968922913074493
19.134561359882355
19.312294960021973
19.124774038791656
19.127036213874817
19.18595778942108
19.318229019641876
19.012186408042908
19.292851865291595
19.450630247592926
19.415148198604584
19.223235309123993
19.2567298412323
19.22018426656723
19.221851468086243
18.869395196437836
19.162917375564575
19.36723005771637
19.340534329414368
19.312970519065857
19.380689203739166
19.055876791477203
19.17511111497879
19.264305233955383
19.227424144744873
19.141057550907135
19.49736601114273
19.359787583351135
19.431893944740295
19.280488193035126
19.41466575860977
19.226826548576355
19.36695432662964
19.150887429714203
19.486189365386963
19.433955490589142
19.558098435401917
19.366202890872955
19.445677399635315
19.191955089569092
19.407727420330048
19.527291893959045
19.361511051654816
19.48897236585617
19.374119460582733
19.393582344055176
19.424022674560547
19.33012342453003
19.423029601573944
19.335325181484222
19.581452131271362
19.60295343399048
19.421008467674255
19.468492090702057
19.38898867368698
19.398700952529907
19.410185933113098
19.380804002285004
19.68129938840866
19.626425862312317
19.491193532943726
19.51048070192337
19.366999745368958
19.52939361333847
19.577073872089386
19.651798963546753
19.639735460281372
19.480811178684235
19.523556232452393
19.61123538017273
19.23539161682129
19.64584046602249
19.660996735095978
19.561111092567444
19.61237007379532
19.50255560874939
19.486921072006226
19.620097041130066
19.587248861789703
19.57253783941269
19.401887357234955
19.49006760120392
19.463534355163574
19.545214653015137
19.595088362693787
19.505434811115265
19.67525279521942
19.605530560016632
19.69043731689453
19.73034518957138
19.680746018886566
19.57201600074768
19.694479644298553
19.55771291255951
19.3938609957695
19.65623766183853
19.736068785190582
19.742816627025604
19.587981164455414
19.645175397396088
19.75428169965744
19.693487405776978
19.717555701732635
19.66021430492401
19.74182140827179
19.702269732952118
19.695737540721893
19.674657702445984
19.579319775104523
19.479281723499298
19.746499955654144
19.658777475357056
19.89309388399124
19.80372804403305
19.704197883605957
19.79306870698929
19.66264659166336
19.73555451631546
19.69306129217148
19.826719999313354
19.80294805765152
19.755168080329895
19.496500492095947
19.769397735595703
19.77061700820923
19.836793303489685
19.829554677009583
19.84702718257904
19.805087745189667
19.74518311023712
19.74081540107727
19.83684664964676
19.925945818424225
19.894958794116974
19.85922533273697
19.53502321243286
19.679785668849945
19.723479986190796
19.620805203914642
19.906898617744446
19.866416692733765
19.838810920715332
19.9228817820549
19.803558886051178
19.78312861919403
19.785222113132477
19.631917238235474
19.78966724872589
19.890231609344482
19.939164578914642
19.953127562999725
19.835828602313995
19.91226452589035
19.879796028137207
19.85702955722809
19.826591968536377
19.702310383319855
19.95656853914261
19.81639474630356
20.074686288833618
19.93209546804428
19.892169415950775
19.813706755638123
19.829742968082428
19.837707340717316
19.935390651226044
19.93145215511322
19.985930681228638
19.840729475021362
20.001236617565155
19.957057178020477
19.94911026954651
19.82495868206024
19.871953189373016
19.906946659088135
19.907321870326996
19.949158489704132
20.00210165977478
19.97329616546631
20.01459574699402
19.94834953546524
19.985068142414093
19.96715533733368
19.897904932498932
19.94199275970459
20.035910487174988
20.11299467086792
20.062339425086975
20.001201927661896
20.033576548099518
19.983172297477722
19.998198628425598
20.08211761713028
20.046447038650513
20.026454985141754
19.89493680000305
20.048883080482483
20.0228830575943
20.107620060443878
20.09471243619919
19.991106867790222
19.936718702316284
19.959176421165466
20.105515241622925
20.021369874477386
20.213329076766968
20.24229383468628
20.241731464862823
20.052796125411987
19.847455382347107
20.11642587184906
19.98225599527359
20.043644666671753
20.11316341161728
20.161881804466248
20.0093714594841
20.187304973602295
20.028123140335083
19.970925390720367
20.101639807224274
20.040089309215546
20.24334728717804
20.074681043624878
20.24946403503418
20.28961580991745
20.149674952030182
20.009426832199097
19.93072259426117
20.03908669948578
20.12641566991806
20.096956193447113
20.18350052833557
20.226729035377502
20.139844000339508
20.193353950977325
20.050771236419678
20.271797120571136
20.1399929523468
20.28044205904007
20.28342491388321
20.182877898216248
20.169779539108276
20.307224214076996
20.321901082992554
20.15724003314972
19.925412356853485
20.114637315273285
20.12408745288849
20.162245452404022
20.13808786869049
20.28365534543991
20.16508400440216
20.218351781368256
20.20781171321869
20.311890125274658
20.419792354106903
20.220134437084198
20.280832648277283
20.249781370162964
20.264297425746918
20.2607421875
20.253949761390686
20.422124445438385
20.309338450431824
20.212217092514038
20.415850162506104
20.29362404346466
20.468137621879578
20.403566598892212
20.257220923900604
20.40693348646164
20.33291333913803
20.40695458650589
20.43211555480957
20.301896810531616
20.337128520011902
20.45037680864334
20.275742888450623
20.214935541152954
20.40188103914261
20.36361473798752
20.369843780994415
20.203084528446198
20.39043152332306
20.34717583656311
20.328564047813416
20.367368400096893
20.3039613366127
20.413496434688568
20.330296337604523
20.403615415096283
20.25173532962799
20.520877957344055
20.494808793067932
20.19684398174286
20.402126669883728
20.345830023288727
20.57990574836731
20.432722210884094
20.373451232910156
20.422488749027252
20.56710523366928
20.400778770446777
20.4901105761528
20.481980621814728
20.360446333885193
20.502868950366974
20.461435616016388
20.463967263698578
20.506973385810852
20.523813903331757
20.53107112646103
20.5366028547287
20.589442133903503
20.58081704378128
20.509776413440704
20.51896172761917
20.48763906955719
20.67504072189331
20.595156729221344
20.49421739578247
20.678407847881317
20.481897115707397
20.607757210731506
20.651270031929016
20.625494718551636
20.689956545829773
20.399075090885162
20.5329692363739
20.585587918758392
20.659730195999146
20.682569324970245
20.460391461849213
20.679988026618958
20.513776302337646
20.481496334075928
20.523577451705933
20.71574556827545
20.57988804578781
20.449574053287506
20.649469673633575
20.72596925497055
20.677195370197296
20.763972997665405
20.732978224754333
20.47067540884018
20.60538214445114
20.510760009288788
20.751425445079803
20.759029865264893
20.69567757844925
20.736940920352936
20.66896480321884
20.50539654493332
20.782159686088562
20.8366961479187
20.885487020015717
20.723406493663788
20.81899058818817
20.7263041138649
20.705783128738403
20.508787393569946
