None
None
None
None
None
None
None
None
None
None
None
None
None
None
None
None
None
None
None
None
None
None
None
None
None
None
None
None
None
None
None
None
None
None
None
None
None
None
None
None
None
None
None
None
None
None
None
None
None
None
None
None
None
None
None
None
None
None
None
None
None
None
None
None
None
None
None
1.5278967916965485
1.5372429490089417
1.4993957579135895
1.5173078179359436
1.5474591553211212
1.4937236309051514
1.541015475988388
1.569151610136032
1.500861644744873
1.4183313250541687
1.362455040216446
1.424563705921173
1.45713472366333
1.4010009467601776
1.4128496646881104
1.3893547654151917
1.3153129518032074
1.3815410733222961
1.2203555703163147
1.2934870719909668
1.1709217429161072
1.177110880613327
1.160219430923462
1.1417299211025238
1.1294000148773193
1.0146281719207764
0.9872006177902222
0.9270526617765427
0.8946468532085419
0.9889376163482666
0.9299234300851822
0.8209196925163269
0.8548163324594498
0.7782215178012848
0.7648305892944336
0.7659039795398712
0.7461515069007874
0.7319392561912537
0.7377829998731613
0.7306254208087921
0.7443169802427292
0.737572506070137
0.6977556198835373
0.7321639955043793
0.6973694264888763
0.7242723852396011
0.6968849301338196
0.7054641246795654
0.6961514204740524
0.7274354845285416
0.7024803012609482
0.6939671784639359
0.7142980396747589
0.6707319617271423
0.6959969103336334
0.6670654118061066
0.6782282739877701
0.6911332756280899
0.6740583032369614
0.6862841844558716
0.7001370489597321
0.6622577607631683
0.6823303550481796
0.6716452836990356
0.6752521097660065
0.6645053923130035
0.6416915655136108
0.6403560191392899
0.640636995434761
0.6481642127037048
0.6397404223680496
0.6488236635923386
0.6388157308101654
0.6333538293838501
0.6495272368192673
0.6416552662849426
0.6448340564966202
0.633487656712532
0.6376402229070663
0.5981196165084839
0.6227832734584808
0.6158390790224075
0.6084372103214264
0.5965996980667114
0.6170789152383804
0.5943889766931534
0.5815183371305466
0.603834331035614
0.5730086416006088
0.5790805518627167
0.5776954889297485
0.596228614449501
0.5948143899440765
0.5915483981370926
0.5585466772317886
0.5740468353033066
0.579581543803215
0.5930122435092926
0.5548028349876404
0.5654831230640411
0.5550392121076584
0.5411380231380463
0.5664619207382202
0.5692840069532394
0.5526273250579834
0.5496607571840286
0.5410183221101761
0.5356511622667313
0.5531086474657059
0.5275826752185822
0.5268207937479019
0.529954195022583
0.5165676176548004
0.5451960861682892
0.5248218327760696
0.5102660953998566
0.5326463729143143
0.5237883776426315
0.5246269106864929
0.5158784240484238
0.5108339041471481
0.5085152834653854
0.49835559725761414
0.521903470158577
0.4985400438308716
0.49125606566667557
0.485026091337204
0.4835274815559387
0.4774791747331619
0.4975052624940872
0.4842802584171295
0.4806177020072937
0.4760740250349045
0.47130802273750305
0.45268067717552185
0.45974742621183395
0.4884882792830467
0.4559590667486191
0.4597585126757622
0.46815865486860275
0.4832196608185768
0.4655296206474304
0.4500388950109482
0.4551420360803604
0.43441516906023026
0.4442843049764633
0.43472854048013687
0.48576249927282333
0.4818330630660057
0.42862148582935333
0.42847250401973724
0.46919822692871094
0.4008418098092079
0.4472203180193901
0.44849203526973724
0.45702554285526276
0.41522082686424255
0.41376400738954544
0.4659443870186806
0.40700846165418625
0.40223024785518646
0.42004411667585373
0.4051189422607422
0.4267833083868027
0.3803391084074974
0.4256313592195511
0.4455126002430916
0.42514000833034515
0.4433489739894867
0.42385509610176086
0.41161932051181793
0.4098915234208107
0.3806828185915947
0.4022098407149315
0.4070904776453972
0.39011429250240326
0.4074287414550781
0.4043425992131233
0.40340015292167664
0.42047178745269775
0.38238606601953506
0.38828853517770767
0.3749973326921463
0.36135634034872055
0.38595588505268097
0.36477021127939224
0.3277100399136543
0.3732032850384712
0.35754598677158356
0.3926779329776764
0.4104360491037369
0.4117990732192993
0.3793618828058243
0.3463267683982849
0.3610401451587677
0.33682889491319656
0.34965334832668304
0.340404637157917
0.3322907090187073
0.35496916621923447
0.373326875269413
0.3756672218441963
0.38723232597112656
0.35051607340574265
0.3750564903020859
0.3405992388725281
0.3652676120400429
0.3248101510107517
0.3033226877450943
0.39359164237976074
0.30991365760564804
0.35618047416210175
0.3320491686463356
0.28029055148363113
0.31954311579465866
0.31781188398599625
0.30641357228159904
0.33282528072595596
0.34446580708026886
0.34595753997564316
0.3016603887081146
0.3619738891720772
0.2791256904602051
0.322158046066761
0.3346322290599346
0.3592526465654373
0.32503505796194077
0.30905648320913315
0.3135480508208275
0.312461793422699
0.2864658981561661
0.3421032205224037
0.33453086018562317
0.3124573528766632
0.3382462039589882
0.33299973607063293
0.3437465727329254
0.3351071998476982
0.2878206893801689
0.3333948701620102
0.24631979316473007
0.2970433905720711
0.3035712167620659
0.1953013688325882
0.3250964730978012
0.2284807786345482
0.3026878759264946
0.287308257073164
0.3192232549190521
0.23504102230072021
0.2721715494990349
0.3274446949362755
0.30138080567121506
0.3030482567846775
0.26192984357476234
0.28038298338651657
0.21349139884114265
0.23756060004234314
0.30552294850349426
0.25140252336859703
0.29717109724879265
0.3304765745997429
0.2809132970869541
0.30600857734680176
0.2591397538781166
0.2804478257894516
0.2634033188223839
0.3357163518667221
0.25748396292328835
0.28631526231765747
0.26033366471529007
0.2356819286942482
0.24817441403865814
0.30215172842144966
0.2867555692791939
0.3291197419166565
0.22072787582874298
0.2980317696928978
0.22967028617858887
0.29560772329568863
0.3265881687402725
0.20880912616848946
0.22866107895970345
0.24506580084562302
0.2893671318888664
0.22519879043102264
0.27756983041763306
0.21355555951595306
0.2961534410715103
0.2600731998682022
0.25795818120241165
0.24351153895258904
0.28539618104696274
0.2275090590119362
0.29081378132104874
0.25710008293390274
0.2436763271689415
0.25312115997076035
0.2301982268691063
0.2901766523718834
0.24138930812478065
0.24302775412797928
0.28360629081726074
0.2622790038585663
0.2557295858860016
0.2939406856894493
0.26805589348077774
0.269183237105608
0.2521187327802181
0.26536423340439796
0.22773702070116997
0.2544093579053879
0.24915976077318192
0.28496675193309784
0.31984705477952957
0.23817209526896477
0.2252083271741867
0.2613866664469242
0.23528098315000534
0.21611902490258217
0.27017316222190857
0.22787456214427948
0.25886696577072144
0.26694847270846367
0.30465010553598404
0.25453006103634834
0.21068816259503365
0.20871836692094803
0.2990019619464874
0.2289261296391487
0.23475615307688713
0.23217202723026276
0.2925306633114815
0.2202727384865284
0.2527299262583256
0.28305453807115555
0.19265682809054852
0.2740677297115326
0.22254831343889236
0.27800562232732773
0.24952955543994904
0.24477890133857727
0.2260211706161499
0.3349968194961548
0.2534249611198902
0.26423193141818047
0.2793256416916847
0.2616880387067795
0.18570776097476482
0.33101239800453186
0.23943249881267548
0.2220313511788845
0.27289755269885063
0.22646455094218254
0.24266650900244713
0.27627258747816086
0.22740133851766586
0.3420894667506218
0.24668891355395317
0.30248745530843735
0.2288583256304264
0.2537202537059784
0.22556553035974503
0.2522026412189007
0.21367375552654266
0.3955192491412163
0.23388074338436127
0.2565789073705673
0.19610857963562012
0.24954967200756073
0.3090164512395859
0.315082672983408
0.3090801164507866
0.22908297553658485
0.26331210508942604
0.252471961081028
0.2832062616944313
0.233052721247077
0.26390691474080086
0.25622569769620895
0.3377668522298336
0.3660852797329426
0.29987340420484543
0.2595158703625202
0.2951851338148117
0.34190862253308296
0.3019869215786457
0.2675619125366211
0.3001008778810501
0.20009296014904976
0.20125428587198257
0.2250589309260249
0.24296175315976143
0.22675775364041328
0.18175656720995903
0.3679245561361313
0.23522411659359932
0.23580056428909302
0.24948007985949516
0.26437225565314293
0.2909559980034828
0.2949030362069607
0.298977755010128
0.3590705916285515
0.2164120115339756
0.2814114987850189
0.3388763666152954
0.38456835597753525
0.39140255004167557
0.34781963005661964
0.2942875884473324
0.27736860886216164
0.226441852748394
0.3240097388625145
0.35391056537628174
0.2318832315504551
0.26484694704413414
0.3311511427164078
0.36925918608903885
0.2501978278160095
0.26219120994210243
0.18414752185344696
0.2625642195343971
0.30508115887641907
0.2663810048252344
0.331004299223423
0.2777552753686905
0.2942287102341652
0.2804059162735939
0.3296903893351555
0.316077396273613
0.19204749912023544
0.2896202802658081
0.30859117954969406
0.2492411993443966
0.2716390788555145
0.2875656373798847
0.18501970171928406
0.28005608171224594
0.25337596237659454
0.3067134656012058
0.24417026340961456
0.21336430311203003
0.3157532587647438
0.3175990656018257
0.26093658432364464
0.3083706945180893
0.21878288686275482
0.23667847365140915
0.2558750957250595
0.22504474222660065
0.27619484812021255
0.3228897750377655
0.29950278997421265
0.4450581669807434
0.24311503767967224
0.40275169909000397
0.3253970593214035
0.21821917593479156
0.28102362900972366
0.3051791787147522
0.2497396357357502
0.20879757218062878
0.38625263422727585
0.36479227244853973
0.23842867091298103
0.23860140144824982
0.2963457964360714
0.2988056540489197
0.2728971503674984
0.37814761698246
0.25168808549642563
0.3058254271745682
0.3282833620905876
0.2635897658765316
0.3416111506521702
0.29334841296076775
0.34901367872953415
0.34109625965356827
0.26069435104727745
0.2710678204894066
0.2783460468053818
0.2999529540538788
0.20701514557003975
0.29267170652747154
0.21002953313291073
0.371110238134861
0.3195752650499344
0.24241992458701134
0.3146709203720093
0.21918536722660065
0.25364843755960464
0.23624280095100403
0.19149567186832428
0.2195601873099804
0.35292600840330124
0.24469197914004326
0.19558215886354446
0.34337927028536797
0.2541208155453205
0.2246781662106514
0.27859659865498543
0.2068265937268734
0.3491807207465172
0.3033158779144287
0.22673184424638748
0.23647835850715637
0.23114001750946045
0.1770302001386881
0.2442517764866352
0.26852282881736755
0.2809155248105526
0.25915762409567833
0.19929292052984238
0.23455879837274551
0.2978966720402241
0.22429697960615158
0.20993580669164658
0.2011200562119484
0.2996402382850647
0.26884620636701584
0.38912035524845123
0.3145741708576679
0.196019871160388
0.17162517085671425
0.18182248808443546
0.21544785238802433
0.17276829853653908
0.2869774252176285
0.23269088938832283
0.1891682967543602
0.21407476626336575
0.3236880227923393
0.21115326695144176
0.27136898413300514
0.27508701384067535
0.3564237430691719
0.3445519208908081
0.2902431897819042
0.33672770857810974
0.29712678864598274
0.24396061152219772
0.20884401723742485
0.14823211543262005
0.19802978821098804
0.18022463098168373
0.24683066084980965
0.1995078083127737
0.21895246021449566
0.17301470786333084
0.18840895220637321
0.1918361634016037
0.15272272005677223
0.22789073176681995
0.30230117216706276
0.17859694361686707
0.25597819313406944
0.28602321445941925
0.28415969759225845
0.264276884496212
0.28506985306739807
0.2556452117860317
0.22157279588282108
0.20909089036285877
0.17208346724510193
0.12814788334071636
0.2976631484925747
0.19282310083508492
0.2887001782655716
0.24195659905672073
0.1860653068870306
0.2646605744957924
0.21657768823206425
0.1847010813653469
0.19195270724594593
0.20483832620084286
0.2623052913695574
0.22149331122636795
0.23291107546538115
0.17030999809503555
0.26450109854340553
0.22248372342437506
0.2561577074229717
0.23847784101963043
0.20706524699926376
0.1874343492090702
0.18247020803391933
0.25657666847109795
0.3619832172989845
0.141477283090353
0.22834619507193565
0.13497209828346968
0.25799334049224854
0.2165798917412758
0.31456803530454636
0.20000814087688923
0.2126709185540676
0.29632828012108803
0.24253431148827076
0.13274620845913887
0.12889746576547623
0.18011549673974514
0.17709345556795597
0.17149632051587105
0.2812592275440693
0.17776378989219666
0.17295424081385136
0.23270785436034203
0.22450603917241096
0.24409867078065872
0.24003557115793228
0.25818538665771484
0.16259273514151573
0.14709140732884407
0.2585432790219784
0.10602501407265663
0.19423997029662132
0.2576731778681278
0.18693798780441284
0.22056587040424347
0.18007012456655502
0.22029541060328484
0.17593329586088657
0.19019830599427223
0.1483347173780203
0.12291902117431164
0.20583850890398026
0.29475637525320053
0.16250446252524853
0.24344900250434875
0.15533350966870785
0.30294863879680634
0.11714789643883705
0.2504009446129203
0.15656369365751743
0.23373620212078094
0.157384991645813
0.15862556733191013
0.1981110107153654
0.19393865764141083
0.27230867370963097
0.209371292963624
0.22249843925237656
0.1392994411289692
0.16806357726454735
0.28800739347934723
0.08807992376387119
0.17000825889408588
0.20182181894779205
0.16362479515373707
0.12400978058576584
0.2446562945842743
0.18391253054141998
0.14734630472958088
0.11085158586502075
0.24216605722904205
0.1588897928595543
0.1530498042702675
0.19309065490961075
0.14509153086692095
0.15040921606123447
0.21560120955109596
0.18775836750864983
0.19956622272729874
0.14780228398740292
0.1184228528290987
0.21922826766967773
0.2562861293554306
0.19430026318877935
0.20019742660224438
0.2831360399723053
0.23242655582726002
0.15971385687589645
0.20574067160487175
0.19941465556621552
0.09671414736658335
0.15980392508208752
0.22088680788874626
0.1687742993235588
0.13928191550076008
0.27108023315668106
0.21527057141065598
0.16288095898926258
0.14721182361245155
0.18235514499247074
0.0935574946925044
0.19496015645563602
0.1885196790099144
0.07070545945316553
0.1338041378185153
0.18602172657847404
0.14666565414518118
0.2076982483267784
0.13984761759638786
0.1687967162579298
0.16560006234794855
0.28757426142692566
0.28698159754276276
0.1018125656992197
0.16775567643344402
0.18734658509492874
0.29128289222717285
0.1230063047260046
0.2352919913828373
0.1480145175009966
0.20066927000880241
0.2209168393164873
0.15779489278793335
0.15812960639595985
0.1681863944977522
0.21286917105317116
0.2209387570619583
0.05873880907893181
0.15182185731828213
0.1777193695306778
0.11656043864786625
0.17842171341180801
0.11102000530809164
0.21017529908567667
0.1571820853278041
0.09409234300255775
0.15805690363049507
0.14122027717530727
0.14184632152318954
0.1358656631782651
0.13785818591713905
0.19172439351677895
0.19997104443609715
0.1397167071700096
0.2005737815052271
0.1618717461824417
0.19155742973089218
0.18286098539829254
0.1493669981136918
0.11135793477296829
0.21447020582854748
0.1392398662865162
0.2229865863919258
0.11127322167158127
0.22260809876024723
0.07562267687171698
0.08963210880756378
0.163821030408144
0.15498927980661392
0.15449517220258713
0.2280903309583664
0.1645224131643772
0.25428707525134087
0.17939353361725807
0.10084759816527367
0.10802792944014072
0.24091344326734543
0.12714377976953983
0.17070088535547256
0.21469270810484886
0.2798668444156647
0.13389585260301828
0.11177953146398067
0.08496534451842308
0.1415511630475521
0.1106540597975254
0.15104589238762856
0.11268273182213306
0.09423136711120605
0.09548086393624544
0.23305963352322578
0.20006548799574375
0.15235701203346252
0.17199802584946156
0.10272216331213713
0.2688320092856884
0.18553059920668602
0.11746352072805166
0.16823703236877918
0.14493522234261036
0.2027745060622692
0.17129666171967983
0.1319464985281229
0.0924881100654602
0.12288753874599934
0.19848944805562496
0.1936727436259389
0.10871790535748005
0.18793388362973928
0.2559511363506317
0.1061947625130415
0.18392224609851837
0.10976888239383698
0.170865373685956
0.12183155678212643
0.11001783609390259
0.1560576306656003
0.09538648463785648
0.1172958379611373
0.15638070553541183
0.11449673771858215
0.08668169751763344
0.16863089427351952
0.1084250882267952
0.1238341499119997
0.1260335724800825
0.19855152070522308
0.17174161318689585
0.10142321744933724
0.16551287844777107
0.11443771235644817
0.20861461386084557
0.17847441509366035
0.12422498501837254
0.14288955461233854
0.120162901468575
0.1203228821977973
0.08812928292900324
0.11330236494541168
0.16126166936010122
0.10408762749284506
0.1671278504654765
0.1388839054852724
0.24683170299977064
0.1722746454179287
0.2788254879415035
0.18839787133038044
0.1583569459617138
0.13586415350437164
0.17864033579826355
0.14196620881557465
0.10600665025413036
0.23764947801828384
0.1304843109101057
0.17307798005640507
0.14324519410729408
0.1192795243114233
0.19927048310637474
0.10863165371119976
0.13354788534343243
0.19913610816001892
0.1050113644450903
0.13790166098624468
0.09733265731483698
0.1315242275595665
0.16925674211233854
0.15855716913938522
0.1284536886960268
0.09650827571749687
0.15862105041742325
0.11934015434235334
0.1826881356537342
0.1101961862295866
0.15765848755836487
0.17476181872189045
0.18152303528040648
0.09685204736888409
0.05991984158754349
0.18092784099280834
0.09174206294119358
0.08481868077069521
0.1372736543416977
0.12608048133552074
0.11735550127923489
0.06417793594300747
0.06738926656544209
0.06765443179756403
0.07729172240942717
0.150638610124588
0.09662630874663591
0.11843188386410475
0.12927390821278095
0.1655797716230154
0.0794637743383646
0.18447953090071678
0.18313890043646097
0.0853887889534235
0.05415476951748133
0.09151422884315252
0.11979892291128635
0.09189691208302975
0.0880149882286787
0.10476129967719316
0.14084564242511988
0.11495165061205626
0.1742285117506981
0.16077855415642262
0.10565396025776863
0.10695983842015266
0.10456011164933443
0.062007767148315907
0.10605742037296295
0.0834115482866764
0.12278980854898691
0.1565739270299673
0.11491415463387966
0.08504515886306763
0.08589381258934736
0.1247895834967494
0.08786519803106785
0.06953768245875835
0.07152170315384865
0.11362319998443127
0.06830762047320604
0.12434141524136066
0.10384542401880026
0.13148747943341732
0.08944014832377434
0.09668693412095308
0.1264046709984541
0.11879241466522217
0.07766393572092056
0.09835337474942207
0.11412319168448448
0.09281149692833424
0.09641056880354881
0.11352252215147018
0.10815020930022001
0.11210538446903229
0.07372245378792286
0.09607751481235027
0.08243179973214865
0.14736020378768444
0.10876875557005405
0.11594893410801888
0.17689381912350655
0.15350423380732536
0.0776403397321701
0.16646714136004448
0.12583407573401928
0.13985337503254414
0.07926280051469803
0.1422126740217209
0.10607977956533432
0.1241947952657938
0.09733959101140499
0.19057434424757957
0.06402514316141605
0.11865436844527721
0.20848413184285164
0.14081848412752151
0.06637742463499308
0.17883148789405823
0.10016056522727013
0.12771421391516924
0.12771558947861195
0.15965648740530014
0.1279471544548869
0.08981784991919994
0.08926936984062195
0.0716777415946126
0.06176602840423584
0.06689436547458172
0.13232301734387875
0.08640786446630955
0.16980302333831787
0.14609635062515736
0.1083848113194108
0.173422715626657
0.14185287803411484
0.11806759051978588
0.13842289708554745
0.07126647606492043
0.124953075312078
0.1107250852510333
0.086704240180552
0.10339826345443726
0.10498334094882011
0.09460926242172718
0.16922571510076523
0.08446971699595451
0.08351510018110275
0.08525462634861469
0.14331343956291676
0.14141623489558697
0.19063842482864857
0.08950995840132236
0.10308451391756535
0.08827551268041134
0.11122610792517662
0.11865246202796698
0.14388576336205006
0.07273651100695133
0.15728115290403366
0.1036846823990345
0.11352086812257767
0.12057963665574789
0.11310852132737637
0.13050805032253265
0.09920320473611355
0.10472087375819683
0.14662306010723114
0.17059671506285667
0.14320987835526466
0.10925835091620684
0.20892345160245895
0.15786638855934143
0.1814042730256915
0.15903658606112003
0.12756171450018883
0.13830797001719475
0.1215421911329031
0.10670830681920052
0.15639584138989449
0.1171853868290782
0.13685751520097256
0.13520820904523134
0.162843881174922
0.19188876450061798
0.10362158715724945
0.07667208556085825
0.07890647742897272
0.18157736957073212
0.16328926105052233
0.10513827484101057
0.09824368357658386
0.11926219053566456
0.10228804498910904
0.1406690776348114
0.15240314416587353
0.07733032666146755
0.11958856880664825
0.20894920453429222
0.051272084936499596
0.10311639588326216
0.0958021953701973
0.11427593789994717
0.14401982724666595
0.1609903685748577
0.1400820817798376
0.20226971991360188
0.1858745478093624
0.10394588485360146
0.09654092974960804
0.19027630984783173
0.12882173713296652
0.18930572271347046
0.10917509347200394
0.10543760471045971
0.12213973980396986
0.09212942514568567
0.09681115671992302
0.2192133665084839
0.06741306278854609
0.14926825370639563
0.16108841449022293
0.13986827805638313
0.10364447068423033
0.11651147250086069
0.09137645922601223
0.10688954405486584
0.12685273587703705
0.23734742775559425
0.11138791590929031
0.14059676323086023
0.18226001411676407
0.15158504247665405
0.1803805511444807
0.15144688449800014
0.2023647464811802
0.17445238679647446
0.09937298856675625
0.09438599739223719
0.17675395123660564
0.14168258383870125
0.1405041366815567
0.15648578386753798
0.055053794756531715
0.1082966448739171
0.14390794560313225
0.17799396999180317
0.12117600720375776
0.12669019959867
0.0821851147338748
0.1042447229847312
0.2082497589290142
0.1625472903251648
0.19754676148295403
0.10201505944132805
0.17443480994552374
0.15529276989400387
0.1431322768330574
0.1042682584375143
0.10759263578802347
0.14501996710896492
0.18029817193746567
0.12103735469281673
0.1196956243366003
0.1930713765323162
0.12838494963943958
0.14733330253511667
0.07340255472809076
0.16151987947523594
0.11797979287803173
0.18679633736610413
0.14235447719693184
0.13434770610183477
0.12964031845331192
0.09625570010393858
0.11755723133683205
0.17251555807888508
0.10228249663487077
0.12457666546106339
0.10075753787532449
0.15513355284929276
0.1190545093268156
0.08564821444451809
0.1015441669151187
0.2506093196570873
0.09219242632389069
0.11638946458697319
0.1393566532060504
0.08435411099344492
0.10488760657608509
0.054403554648160934
0.09312700014561415
0.09174233069643378
0.1209675781428814
0.05655861273407936
0.10903127770870924
0.1174866296350956
0.1145277637988329
0.05187089089304209
0.09370931563898921
0.07864367216825485
0.07426083087921143
0.1093343123793602
0.1755286594852805
0.12090876884758472
0.11712750559672713
0.16567775886505842
0.11479650624096394
0.16352981328964233
0.17749622091650963
0.1458190269768238
0.15038943104445934
0.0934426230378449
0.0944292126223445
0.12270576506853104
0.060191163793206215
0.12907232157886028
0.09942512819543481
0.19087757915258408
0.13867834117263556
0.07964225672185421
0.048242371529340744
0.18937887623906136
0.07578605134040117
0.10787849500775337
0.11073383875191212
0.10615154728293419
0.14668837934732437
0.0633687125518918
0.06645912490785122
0.1878187246620655
0.09791453089565039
0.12390501890331507
0.08866916969418526
0.0926554286852479
0.15914756059646606
0.13952232152223587
0.11886097630485892
0.1653572954237461
0.06021975353360176
0.07721812836825848
0.09497500956058502
0.12297248095273972
0.12640895508229733
0.16770948469638824
0.12291517900303006
0.12119211163371801
0.15947281196713448
0.07973989192396402
0.1169765256345272
0.13588377460837364
0.08393233083188534
0.03650955529883504
0.10601672157645226
0.1360335648059845
0.17991697788238525
0.11665079742670059
0.20816424116492271
0.09126355685293674
0.15661037806421518
0.059633559081703424
0.12989729596301913
0.13292305963113904
0.17431828379631042
0.10255438555032015
0.09935644827783108
0.12167567573487759
0.07189781032502651
0.12239740323275328
0.12812402844429016
0.1399365346878767
0.15033968910574913
0.0659777969121933
0.14401292335242033
0.11581921949982643
0.11244786623865366
0.12403015978634357
0.029118728823959827
0.1263293493539095
0.13285118527710438
0.16877926513552666
0.11398336850106716
0.08854980487376451
0.0998355345800519
0.1597481109201908
0.07262384239584208
0.08120391797274351
0.1419943980872631
0.07295292429625988
0.10372922755777836
0.1830206084996462
0.09272366389632225
0.083046680316329
0.07652582786977291
0.11403505597263575
0.05145340133458376
0.09906601347029209
0.03667034162208438
0.10677699185907841
0.06940860114991665
0.08804394956678152
0.13263293728232384
0.18760731257498264
0.1036169258877635
0.15131565369665623
0.11453067697584629
0.16744788736104965
0.12965586222708225
0.10792062245309353
0.15845705941319466
0.13477572612464428
0.13970318995416164
0.14067220129072666
0.050808656960725784
0.20710964128375053
0.09576313477009535
0.1592945009469986
0.06489259097725153
0.08194384351372719
0.15400640293955803
0.0837171534076333
0.13453722558915615
0.12298327498137951
0.1223839120939374
0.10922456439584494
0.08542074542492628
0.09925739839673042
0.1290186457335949
0.0461525684222579
0.11574610508978367
0.12079899292439222
0.06055869907140732
0.09337290562689304
0.05942626856267452
0.06751267984509468
0.08334047719836235
0.16492640879005194
0.13189535401761532
0.0733831450343132
0.07799896504729986
0.09332092572003603
0.06459756847470999
0.14245730731636286
0.09580202121287584
0.05863418197259307
0.08209578553214669
0.11088762991130352
0.07661090837791562
0.13144117780029774
0.1297304332256317
0.0767883132211864
0.06642083916813135
0.15334960725158453
0.03630925063043833
0.08810091763734818
0.06372556276619434
0.07854670332744718
0.027425847947597504
0.17398281022906303
0.12139209732413292
0.1317356899380684
0.1070662778802216
0.08827702701091766
0.037405107636004686
0.15822914242744446
0.07030372275039554
0.10890474170446396
0.11881981790065765
0.1619470464065671
0.05918884789571166
0.036870384588837624
0.1999085689894855
0.10330696078017354
0.07774853613227606
0.09008255787193775
0.13494794256985188
0.07059683371335268
0.06015082681551576
0.10955981444567442
0.09479173738509417
0.12997359223663807
0.0380837875418365
0.1218823604285717
0.15745228296145797
0.13410292752087116
0.12869932781904936
0.12472799699753523
0.09740950912237167
0.1734291221946478
0.13598177023231983
0.14475932344794273
0.08045213855803013
0.12513071577996016
0.1201678654178977
0.07192950509488583
0.15337155759334564
0.07591355219483376
0.03665748564526439
0.0881440918892622
0.14726161677390337
0.1627593282610178
0.09375275857746601
0.06418182514607906
0.143299319781363
0.10906029678881168
0.13617055863142014
0.15623338147997856
0.10086091887205839
0.13313417322933674
0.14460007846355438
0.08816661406308413
0.055257145781069994
0.1215130090713501
0.0716136316768825
0.12496454268693924
0.10679896781221032
0.09510212717577815
0.059797901660203934
0.13224165700376034
0.041692272294312716
0.11556451767683029
0.09320389246568084
0.12462416291236877
0.10187698435038328
0.07966541219502687
0.0894111068919301
0.16482475586235523
0.12913744896650314
0.06068760249763727
0.12310052709653974
0.15236232802271843
0.12428902881219983
0.11945382133126259
0.04786356072872877
0.08245362481102347
0.06935594044625759
0.08260012185201049
0.06564368214458227
0.08736379025503993
0.04080408997833729
0.039253868628293276
0.1187299806624651
0.1320056775584817
0.0702990535646677
0.0475871991366148
0.11609022133052349
0.112068060785532
0.11796748172491789
0.14194043958559632
0.1088232509791851
0.07358024921268225
0.05170177109539509
0.13633804395794868
0.1845024754293263
0.10969355702400208
0.07942825648933649
0.10827089287340641
0.13785090809687972
0.0788373383693397
0.12920067133381963
0.11399871250614524
0.056742649991065264
0.07804192183539271
0.10727080702781677
0.05430158041417599
0.06242812238633633
0.08571355324238539
0.1304037612862885
0.08466184651479125
0.08510277513414621
0.07344091404229403
0.07894798088818789
0.08022090932354331
0.11447084322571754
0.08011280931532383
0.051757536828517914
0.11120217759162188
0.07255326537415385
0.10206120181828737
0.059289805591106415
0.08755916636437178
0.08338058786466718
0.07654950441792607
0.10892921686172485
0.03879678715020418
0.02943398500792682
0.1168350437656045
0.08971631526947021
0.05479470919817686
0.06309276586398482
0.054501510225236416
0.04930370673537254
0.055959900841116905
0.06620559701696038
0.11867276206612587
0.11116757057607174
0.08631829870864749
0.088725998532027
0.07467817142605782
0.06650107447057962
0.04327452462166548
0.09567043092101812
0.06114166136831045
0.10415753861889243
0.05009609833359718
0.07385253068059683
0.05567096546292305
0.12966250302270055
0.05701134540140629
0.08626790624111891
0.05562428990378976
0.06583985034376383
0.08965762378647923
0.04063465911895037
0.05751192104071379
0.059971032198518515
0.12705351784825325
0.04455582285299897
0.02525599952787161
0.04517100565135479
0.09885496366769075
0.06641866825520992
0.11521128378808498
0.05828083399683237
0.04651320539414883
0.06554829236119986
0.05460718274116516
0.05614031292498112
0.10662258230149746
0.12105360068380833
0.06550820404663682
0.02717849286273122
0.04572297306731343
0.029903525486588478
0.06724399887025356
0.0673447847366333
0.07385631650686264
0.0981961814686656
0.0691262329928577
0.03970463667064905
0.07457568403333426
0.046474899630993605
0.04807342728599906
0.10864610224962234
0.04564156988635659
0.061196294613182545
0.09898354485630989
0.04170550825074315
0.03350930754095316
0.09112856211140752
0.09325874596834183
0.07724803779274225
0.09369288431480527
0.0954503258690238
0.11696842312812805
0.05495271040126681
0.07058021705597639
0.10419548256322742
0.08570691011846066
0.12197223212569952
0.08315759804099798
0.05992161110043526
0.0701929610222578
0.06310743745416403
0.057931384071707726
0.0992614352144301
0.039069927763193846
0.07146597979590297
0.03956089075654745
0.10905587673187256
0.04043879359960556
0.09229510836303234
0.07053916342556477
0.044553569285199046
0.07151039596647024
0.08020962867885828
0.07018017768859863
0.05159989930689335
0.048368291929364204
0.07615657150745392
0.03665363509207964
0.028983066324144602
0.052286247722804546
0.1216096468269825
0.040136204566806555
0.06250828132033348
0.08427986316382885
0.07890021800994873
0.10944429319351912
0.0599773395806551
0.0691410768777132
0.03924478031694889
0.06361097702756524
0.06903359573334455
0.04937292356044054
0.08267415687441826
0.031040795147418976
0.044011189602315426
0.05713552888482809
0.04374928725883365
0.04624905064702034
0.05235263146460056
0.09880614653229713
0.039919947274029255
0.042121609672904015
0.09423072077333927
0.07208997011184692
0.06202095281332731
0.09801687113940716
0.07775309681892395
0.04913195688277483
0.05909415241330862
0.042723150458186865
0.038353768177330494
0.03249867958948016
0.06609845999628305
0.09159161150455475
0.06899827904999256
0.06374211888760328
0.07649075519293547
0.06712681241333485
0.04931352101266384
0.07128888927400112
0.059981274884194136
0.029625494964420795
0.05997937358915806
0.07383914291858673
0.042693149764090776
0.04460380598902702
0.06115295831114054
0.04882882069796324
0.11018203943967819
0.06097550364211202
0.05361790768802166
0.045522830449044704
0.05276315426453948
0.0435038092546165
0.05976422969251871
0.05706202983856201
0.044395687058568
0.0547115677036345
0.11654363293200731
0.08203417155891657
0.13825283385813236
0.04560250788927078
0.06062070745974779
0.08472781535238028
0.07833604048937559
0.04187796451151371
0.05891777155920863
0.04021383076906204
0.05764480400830507
0.061560111586004496
0.0534934988245368
0.09830312430858612
0.05259070685133338
0.05382652534171939
0.06070761429145932
0.046389966271817684
0.0936705432832241
0.059561765752732754
0.06783321313560009
0.07033380260691047
0.05280422791838646
0.054119689390063286
0.06858300371095538
0.05093619739636779
0.07578708697110415
0.08020689431577921
0.09031976945698261
0.06146426731720567
0.0584449116140604
0.03549966402351856
0.05226314067840576
0.09170152805745602
0.038049491122365
0.07111921301111579
0.07782043796032667
0.024752494413405657
0.08213868644088507
0.08453946933150291
0.0333260428160429
0.031267606653273106
0.040196279995143414
0.03886291617527604
0.05166879668831825
0.04531461652368307
0.06053122552111745
0.03900514869019389
0.033558194525539875
0.07093997811898589
0.056494830176234245
0.07392972614616156
0.04707781691104174
0.07971578510478139
0.06369422981515527
0.07355831703171134
0.06518937973305583
0.0539453960955143
0.0637384639121592
0.04738747701048851
0.04754218738526106
0.07789535261690617
0.0484969369135797
0.07377521879971027
0.028313645161688328
0.08317658212035894
0.06338328123092651
0.07355798780918121
0.05135571304708719
0.028034801594913006
0.09324469976127148
0.05140144471079111
0.05696371244266629
0.045047047547996044
0.04983717203140259
0.06753620319068432
0.06351562822237611
0.04601225629448891
0.044461370911449194
0.032889628782868385
0.024149000644683838
0.04188617318868637
0.03480592090636492
0.06848424673080444
0.05679299030452967
0.027262479532510042
0.03382869437336922
0.03943805489689112
0.06607048865407705
0.06077706487849355
0.05431464221328497
0.047358145006000996
0.09442033804953098
0.06613313592970371
0.057658400386571884
0.03671710193157196
0.06440785015001893
0.05223629903048277
0.053495907224714756
0.0754378642886877
0.07647776789963245
0.03505689464509487
0.07273145066574216
0.05541131924837828
0.04707548953592777
0.047112743370234966
0.04198550758883357
0.05431733466684818
0.03529164241626859
0.0484719080850482
0.026508927810937166
0.04645230947062373
0.05187479546293616
0.10514108929783106
0.027458546683192253
0.033891824539750814
0.054456581361591816
0.058335316833108664
0.04777911584824324
0.04864004300907254
0.04352418705821037
0.05821333732455969
0.06555364700034261
0.032603288535028696
0.055486733093857765
0.051129190251231194
0.04535817261785269
0.07390967290848494
0.06279701367020607
0.06548586115241051
0.03596028918400407
0.026704172138124704
0.07294189045205712
0.031043979339301586
0.027379677165299654
0.06254786672070622
0.06875687837600708
0.0598609340377152
0.04639012599363923
0.0477879224345088
0.04680823953822255
0.039432769641280174
0.05274053476750851
0.04098570300266147
0.04575882665812969
0.05793171050027013
0.07885818555951118
0.05981342401355505
0.045365643221884966
0.05899713980033994
0.03257347596809268
0.08468961110338569
0.04692878481000662
0.05008764984086156
0.023694938514381647
0.038846252020448446
0.04385531414300203
0.05427654227241874
0.06288626044988632
0.05171725759282708
0.051970330998301506
0.03557624248787761
0.0805207621306181
0.07004466839134693
0.03778408607468009
0.048849735874682665
0.019570980686694384
0.07779041491448879
0.049679966643452644
0.05332514410838485
0.0628953231498599
0.05202470440417528
0.05140035878866911
0.05577772622928023
0.044592301826924086
0.03854499477893114
0.07400953210890293
0.04819524195045233
0.049104243982583284
0.05647825403138995
0.036059434060007334
0.056838578544557095
0.03973153047263622
0.03252922696992755
0.04457763070240617
0.03438492538407445
0.05760470638051629
0.050682331435382366
0.04644175851717591
0.05921789677813649
0.04884307365864515
0.030402581207454205
0.06685178726911545
0.0346665121614933
0.03471945691853762
0.05728108296170831
0.05436266027390957
0.0477509000338614
0.028969806153327227
0.03132019005715847
0.06474557239562273
0.027319714426994324
0.0468028555624187
0.08414105139672756
0.03981682751327753
0.07811658596619964
0.04059965815395117
0.02637974312528968
0.06685284618288279
0.042807660065591335
0.05040444200858474
0.03813700983300805
0.06369007751345634
0.051456327084451914
0.07974901841953397
0.059261562302708626
0.025513608008623123
0.04116998799145222
0.03873233683407307
0.033544834703207016
0.07114648260176182
0.05176693247631192
0.051164533011615276
0.03719399310648441
0.0538554098457098
0.055665734224021435
0.06896156165748835
0.06018632557243109
0.06919284351170063
0.06893709674477577
0.061238997615873814
0.06826546788215637
0.045203447341918945
0.04770706221461296
0.04655401734635234
0.05105835245922208
0.07531952112913132
0.04140919214114547
0.08276166580617428
0.04209772264584899
0.07154757250100374
0.0695469668135047
0.060776050202548504
0.06552547123283148
0.033503019250929356
0.06056053098291159
0.05809083301573992
0.033017807174474
0.07487823301926255
0.07192873023450375
0.06146970484405756
0.040270297322422266
0.03578438423573971
0.04606191022321582
0.046376155223697424
0.05876169167459011
0.04730699770152569
0.050326958764344454
0.04775895504280925
0.05928654223680496
0.059042247012257576
0.03863183129578829
0.0643284022808075
0.07963240891695023
0.05691069737076759
0.04246418923139572
0.05582537408918142
0.052529796957969666
0.04776441818103194
0.03872052114456892
0.05066230660304427
0.03637626813724637
0.03359337290748954
0.05346093326807022
0.04535331577062607
0.03824199549853802
0.061757360119372606
0.060813224874436855
0.08723889756947756
0.07570661511272192
0.06483130995184183
0.048046291805803776
0.06737018516287208
0.07131210528314114
0.0637719111982733
0.039716294035315514
0.03934729378670454
0.06588560016825795
0.07974395575001836
0.09038542211055756
0.06051375437527895
0.039650953374803066
0.05905972048640251
0.04189525404945016
0.04903144482523203
0.0840761223807931
0.05320156458765268
0.051118090748786926
0.07517720013856888
0.04673802200704813
0.048066336661577225
0.05029323976486921
0.04319725139066577
0.04199035163037479
0.07896074838936329
0.0477218683809042
0.05272510554641485
0.05850703036412597
0.05638320744037628
0.05250621447339654
0.04021619539707899
0.056073506362736225
0.05297523457556963
0.059681642800569534
0.060314017347991467
0.061733697541058064
0.041808942798525095
0.06109820073470473
0.03584350273013115
0.02095492579974234
0.059794134460389614
0.03944071847945452
0.036283659748733044
0.049827076494693756
0.06533852964639664
0.04893976217135787
0.06620386289432645
0.04503512615337968
0.0374440154992044
0.037914087530225515
0.048958712723106146
0.037687919568270445
0.038988867308944464
0.04584143636748195
0.03815754526294768
0.03728464059531689
0.05204001720994711
0.03187820175662637
0.05624374467879534
0.05142178758978844
0.05082271574065089
0.030897242948412895
0.07033730857074261
0.08524533221498132
0.0238947756588459
0.055497169494628906
0.03717342717573047
0.0431775962933898
0.025942879728972912
0.06587434560060501
0.05491384817287326
0.03917609341442585
0.03126044478267431
0.04898923169821501
0.028384307399392128
0.027339540421962738
0.05004367092624307
0.04248140612617135
0.04209914617240429
0.05311823170632124
0.05384795879945159
0.04993154387921095
0.03577154502272606
0.05767735745757818
0.03429548488929868
0.027996848803013563
0.025454241316765547
0.04771123733371496
0.06550529040396214
0.035327750723809004
0.056411261670291424
0.04692077776417136
0.021156176924705505
0.026374782901257277
0.035555720794945955
0.04055510740727186
0.06061235722154379
0.03012094274163246
0.031893359031528234
0.039220028556883335
0.03373340284451842
0.03782021440565586
0.030501360539346933
0.03634642716497183
0.02672330942004919
0.05122455023229122
0.04945091251283884
0.03644118271768093
0.04493721714243293
0.023452274966984987
0.03238403843715787
0.05156153533607721
0.037940535228699446
0.03913445817306638
0.035477813333272934
0.03945478843525052
0.026275543961673975
0.02524037705734372
0.02792580844834447
0.03251598076894879
0.038655118085443974
0.036232830956578255
0.033260876312851906
0.031117538455873728
0.04300170438364148
0.021107642678543925
0.023884319700300694
0.049231781624257565
0.028557271230965853
0.02433778392150998
0.028375670546665788
0.03169672330841422
0.0353728448972106
0.046820181887596846
0.0435669356957078
0.042723048478364944
0.029088031500577927
0.023669433314353228
0.03079398302361369
0.029722752049565315
0.02975174691528082
0.024883571546524763
0.02408477896824479
0.03248918289318681
0.024201802909374237
0.03260664199478924
0.028545171255245805
0.05865027382969856
0.03949673566967249
0.02668635593727231
0.03571154177188873
0.0328833251260221
0.03848009463399649
0.023079052567481995
0.03661328018642962
0.031834011897444725
0.04617765033617616
0.02770894579589367
0.041395554319024086
0.037852178793400526
0.04517578333616257
0.02587237348780036
0.03743679588660598
0.049182794988155365
0.03579074516892433
0.043292221147567034
0.06150945043191314
0.03556165425106883
0.04779304889962077
0.03581737820059061
0.07490832777693868
0.02333534276112914
0.051293197087943554
0.05159100703895092
0.018010567408055067
0.046822814270853996
0.025618179701268673
0.03716512117534876
0.027881395537406206
0.020694777835160494
0.027135037817060947
0.02516094921156764
0.016137971077114344
0.03877159394323826
0.04876457806676626
0.04109808104112744
0.0645855451002717
0.06327540799975395
0.03724467661231756
0.024804404005408287
0.06689929589629173
0.03256270615383983
0.03367614885792136
0.05141646135598421
0.04196960059925914
0.025660856626927853
0.0192978847771883
0.046692180912941694
0.06390215689316392
0.040141236037015915
0.05740942806005478
0.03062932938337326
0.06986444164067507
0.04054061835631728
0.02589324815198779
0.0410397220402956
0.025475621223449707
0.022428796160966158
0.06766516575589776
0.07896827533841133
0.06077905045822263
0.04466379061341286
0.053976125083863735
0.02662060223519802
0.05024044821038842
0.03066160622984171
0.025744108483195305
0.050855085253715515
0.04764762008562684
0.05630225129425526
0.06549838278442621
0.0715806232765317
0.04595943400636315
0.0758535647764802
0.1137195099145174
0.05006923899054527
0.07638885034248233
0.03637619595974684
0.08440489508211613
0.06465929048135877
0.1064532557502389
0.07206329796463251
0.02884173160418868
0.024723265320062637
0.05903808353468776
0.04238727455958724
0.05947498232126236
0.06189810065552592
0.03485740814357996
0.0637981342151761
0.029156350065022707
0.16378313535824418
0.047787799034267664
0.10181686468422413
0.09366199700161815
0.12904785946011543
0.06422347482293844
0.07894292194396257
0.1357589354738593
0.05872342176735401
0.08326777815818787
0.05154288187623024
0.039281170815229416
0.06324877683073282
0.08985879085958004
0.08875801134854555
0.07907718047499657
0.027867757948115468
0.0872985441237688
0.16331018321216106
0.03385913837701082
0.05359395267441869
0.08630684623494744
0.09479947667568922
0.10334337502717972
0.0889196521602571
0.0830231779254973
0.11278837826102972
0.15111232921481133
0.04931451240554452
0.05469874944537878
0.11579473968595266
0.07875730935484171
0.03470855951309204
0.12757964618504047
0.19089453853666782
0.11473381333053112
0.11879377253353596
0.05866820877417922
0.08146292250603437
0.04856563080102205
0.10314161982387304
0.09279686352238059
0.06375290919095278
0.0705016884021461
0.07327189645729959
0.07242709118872881
0.09570289449766278
0.05604300834238529
0.11265882290899754
0.1378922276198864
0.08229921525344253
0.04291968373581767
0.09266700875014067
0.11532233422622085
0.13560672663152218
0.03188632451929152
0.049787174211815
0.06204108474776149
0.06389400968328118
0.03985399450175464
0.045070827938616276
0.041108774952590466
0.12027541408315301
0.05836919974535704
0.07991450792178512
0.03852046560496092
0.04466691194102168
0.05194501066580415
0.07506315968930721
0.06937553454190493
0.08168802317231894
0.10129960253834724
0.1347825089469552
0.11600728612393141
0.09683624003082514
0.0925428788177669
0.09745199978351593
0.06987317092716694
0.11743582971394062
0.0455275634303689
0.10846588108688593
0.1113549042493105
0.043747262097895145
0.0818254672922194
0.06833038153126836
0.07252891268581152
0.1408153772354126
0.07164804358035326
0.08790671732276678
0.0634639416821301
0.029870154801756144
0.10081156622618437
0.043690264225006104
0.11690401658415794
0.06345002353191376
0.06024492625147104
0.08321990724653006
0.052840668708086014
0.07781781745143235
0.12490978045389056
0.06319336057640612
0.03506729053333402
0.1503513976931572
0.029390197712928057
0.09418729692697525
0.059697698801755905
0.10761797428131104
0.08730855118483305
0.08328297361731529
0.04557457845658064
0.057415165938436985
0.025793465320020914
0.09854737250134349
0.06939460523426533
0.09439687710255384
0.10958417132496834
0.10277988156303763
0.06736754439771175
0.1285350751131773
0.05131330294534564
0.0856331204995513
0.06941589154303074
0.061044214759022
0.11538374330848455
0.13349975645542145
0.05155428731814027
0.17610167898237705
0.08804141590371728
0.11638773418962955
0.106145731639117
0.09041870478540659
0.127143575809896
0.04329579044133425
0.08946968615055084
0.10566420294344425
0.053214434534311295
0.10859986394643784
0.12279517855495214
0.06711213383823633
0.054112883284687996
0.03650581347756088
0.17101722583174706
0.09440728276968002
0.0848145424388349
0.06963991792872548
0.08827969338744879
0.17293846234679222
0.04707513959147036
0.12464833678677678
0.07520998828113079
0.01820160890929401
0.07804314186796546
0.09571035765111446
0.07935146987438202
0.05598359415307641
0.08233252447098494
0.07460451265797019
0.1105352221056819
0.048347496427595615
0.10928527917712927
0.08001552009955049
0.0683973035775125
0.045784587040543556
0.05280796578153968
0.1338717583566904
0.09335609711706638
0.07276249607093632
0.10609410051256418
0.06463140528649092
0.12333123106509447
0.08700376749038696
0.06076843081973493
0.09440643340349197
0.055293587036430836
0.06991915963590145
0.07318640500307083
0.08117515314370394
0.08479959843680263
0.09675288968719542
0.07296540378592908
0.12554192170500755
0.0661214329302311
0.0381563319824636
0.09843181632459164
0.06488135643303394
0.15228444151580334
0.05250582471489906
0.07226161099970341
0.0808803173713386
0.08559986762702465
0.13196533103473485
0.11318870633840561
0.059443528298288584
0.0879956316202879
0.061596641317009926
0.06924612913280725
0.14143523573875427
0.06185064557939768
0.05670675076544285
0.10926554771140218
0.05631004739552736
0.042782114120200276
0.08567199297249317
0.07229511579498649
0.037001787684857845
0.05145513406023383
0.0867444034665823
0.027102210093289614
0.0624878341332078
0.1024127141572535
0.12437991751357913
0.15706442156806588
0.07277189195156097
0.0739533044397831
0.08705507405102253
0.08067311812192202
0.11538481898605824
0.10083780996501446
0.0949786277487874
0.03190559195354581
0.04119090363383293
0.055258096661418676
0.04896724410355091
0.06044738972559571
0.056567984633147717
0.06769863469526172
0.08212159387767315
0.053048319183290005
0.09239540947601199
0.05289645493030548
0.10802287049591541
0.08478749077767134
0.08219151524826884
0.12188325449824333
0.07865422870963812
0.04514214023947716
0.10668178088963032
0.0796357560902834
0.046764812897890806
0.13887085765600204
0.07844427041709423
0.060571248177438974
0.09841463901102543
0.06126515893265605
0.10841702856123447
0.053169858641922474
0.06135286367498338
0.11889487318694592
0.059957739897072315
0.10117558902129531
0.1100915540009737
0.06958223972469568
0.03456274885684252
0.1276031658053398
0.12272953987121582
0.07474594842642546
0.03279946371912956
0.08562833815813065
0.06848120922222733
0.05912628397345543
0.10676814895123243
0.048474989365786314
0.0793669365812093
0.05774258403107524
0.11441730754449964
0.07717679580673575
0.0907632049638778
0.05444448394700885
0.06406398862600327
0.05812185164541006
0.0349799869582057
0.07456899457611144
0.06807935796678066
0.06504524825140834
0.08831602521240711
0.053755905479192734
0.10700342105701566
0.07147830724716187
0.08070320403203368
0.08810107037425041
0.05354001419618726
0.09323395509272814
0.08301409892737865
0.10247157234698534
0.03404540102928877
0.0869237557053566
0.1426282450556755
0.09949961863458157
0.056561787612736225
0.031770546454936266
0.18113400042057037
0.04869792237877846
0.08524928148835897
0.05872515868395567
0.12143049761652946
0.10210688738152385
0.06158526334911585
0.11194948991760612
0.08924439735710621
0.13796058297157288
0.12843409553170204
0.09696465916931629
0.08779654838144779
0.07148857228457928
0.04403711296617985
0.022546662483364344
0.11063003307208419
0.1038518762215972
0.08611411787569523
0.13127986527979374
0.07919704355299473
0.07903647236526012
0.02733534760773182
0.06465579243376851
0.04367278516292572
0.03297714749351144
0.05133864702656865
0.14491436444222927
0.07890665158629417
0.08091259095817804
0.08557916153222322
0.0612018508836627
0.06282048020511866
0.0941770737990737
0.09537233039736748
0.05836075497791171
0.12195694260299206
0.0757555840536952
0.08082729578018188
0.12165392935276031
0.11311344616115093
0.0565426480025053
0.10269373469054699
0.09622380882501602
0.08016140339896083
0.10886077163740993
0.08349486393854022
0.08743863506242633
0.06183110177516937
0.09871323872357607
0.06664800038561225
0.07264992548152804
0.08447914384305477
0.11651784274727106
0.07721098465844989
0.060111414175480604
0.061947749461978674
0.10390133503824472
0.13728148210793734
0.037392043974250555
0.09763302747160196
0.053056019358336926
0.11397963482886553
0.13622586242854595
0.055843121372163296
0.08348350785672665
0.11385954730212688
0.07038101507350802
0.10233810916543007
0.051127309910953045
0.07328313402831554
0.05779578350484371
0.09677029680460691
0.030713088810443878
0.07896154746413231
0.1082271826453507
0.05580591503530741
0.1138300783932209
0.07257448509335518
0.07932186359539628
0.049706649500876665
0.06909761298447847
0.1285782866179943
0.11195786623284221
0.1460795607417822
0.12636057008057833
0.030945114558562636
0.04545742506161332
0.09947863966226578
0.1064247558824718
0.10229120403528214
0.11994501296430826
0.1320448312908411
0.09906438551843166
0.07425010856240988
0.08090121392160654
0.09547960665076971
0.10222806967794895
0.09422953007742763
0.118035227060318
0.10383463557809591
0.11001946125179529
0.11063775513321161
0.09402007143944502
0.09396831970661879
0.11435663048177958
0.12214300874620676
0.09511616011150181
0.0784780909307301
0.0666285427287221
0.14020892744883895
0.13829809986054897
0.12538053281605244
0.08604552131146193
0.10105715598911047
0.1328843468800187
0.11158936098217964
0.10412436444312334
0.15205883421003819
0.07521308213472366
0.09537937585264444
0.09655677899718285
0.08600796479731798
0.098549148067832
0.07012612838298082
0.1785353235900402
0.09557480551302433
0.06653396412730217
0.08233956433832645
0.09237625636160374
0.13722107093781233
0.11936521343886852
0.10054830927401781
0.07236425299197435
0.10503832902759314
0.13525129668414593
0.08666239771991968
0.09150374587625265
0.08767470438033342
0.10905944742262363
0.11208736337721348
0.09740103781223297
0.1874600201845169
0.14523385651409626
0.15099924616515636
0.052621408365666866
0.14070413820445538
0.08148534246720374
0.02489426638931036
0.16408358700573444
0.05920956004410982
0.07494961656630039
0.07976905955001712
0.19594021886587143
0.13641022518277168
0.140913100913167
0.07100600376725197
0.14989807829260826
0.11559390369802713
0.1427574660629034
0.07883797027170658
0.13445916026830673
0.11299236118793488
0.1227934043854475
0.11283410806208849
0.08720296528190374
0.13917600829154253
0.14676270866766572
0.12141351960599422
0.23716922476887703
0.0894010653719306
0.06772070098668337
0.12910453230142593
0.08444352075457573
0.1023922711610794
0.11543272994458675
0.12233098316937685
0.10362302884459496
0.09251625183969736
0.0982968108728528
0.07899979781359434
0.1022124532610178
0.11660566367208958
0.09502829797565937
0.11161046614870429
0.12105079367756844
0.11945381388068199
0.07069727126508951
0.15625318884849548
0.11406478146091104
0.07673457125201821
0.06702962657436728
0.09716131631284952
0.09333502501249313
0.0496242456138134
0.09055480360984802
0.10175328003242612
0.10451168939471245
0.08391794376075268
0.16455815359950066
0.05953021161258221
0.13854717556387186
0.13214712589979172
0.0685034729540348
0.11338479723781347
0.10540632531046867
0.049030182883143425
0.023103232495486736
0.08904996421188116
0.03697149455547333
0.044065460562705994
0.04960174486041069
0.07716066250577569
0.08704399550333619
0.08365259598940611
0.07036429364234209
0.15122590400278568
0.07179428823292255
0.054654523730278015
0.0903372666798532
0.10112437233328819
0.04540867963805795
0.12122947070747614
0.10317784361541271
0.07762024458497763
0.1044019041582942
0.10864828154444695
0.041119182482361794
0.12009056843817234
0.0791982333175838
0.07126283552497625
0.031943569192662835
0.06887497892603278
0.06221128720790148
0.14501301664859056
0.05544273275882006
0.09310520440340042
0.029957813676446676
0.05525836534798145
0.043053393717855215
0.07654813630506396
0.0713211065158248
0.03426886862143874
0.1147432029247284
0.04759292723610997
0.09805151494219899
0.07535171881318092
0.04237679485231638
0.09381870087236166
0.07488990807905793
0.13505677692592144
0.05919678253121674
0.03287190571427345
0.07432733057066798
0.05112600000575185
0.05825163796544075
0.06481459829956293
0.08759617898613214
0.09142168238759041
0.04411229956895113
0.08600255800411105
0.07410850143060088
0.06880499748513103
0.08536126976832747
0.05148192401975393
0.03515666723251343
0.04503227351233363
0.04474900010973215
0.11314020492136478
0.08399634948000312
0.03364382404834032
0.11768841883167624
0.02087323018349707
0.043513506883755326
0.10087187588214874
0.047395248897373676
0.07640581065788865
0.07559164566919208
0.06091221980750561
0.04981871601194143
0.06197735806927085
0.14288140833377838
0.08567930618301034
0.09095407836139202
0.0995944682508707
0.05892706150189042
0.08666178211569786
0.04186840681359172
0.0716255318839103
0.037828363478183746
0.020381258334964514
0.06402008910663426
0.10798792541027069
0.03118272265419364
0.1081444974988699
0.1685112016275525
0.07106877630576491
0.04280566330999136
0.053859042935073376
0.08159638429060578
0.07102022226899862
0.032025343738496304
0.0679696649312973
0.05177786387503147
0.059380542021244764
0.03084115171805024
0.06988556310534477
0.05489530600607395
0.03404608881101012
0.07962408312596381
0.10483494959771633
0.05797990504652262
0.07124669663608074
0.0242391605861485
0.026381032541394234
0.057826895266771317
0.021156900096684694
0.09998365584760904
0.07607566495425999
0.06495780777186155
0.018979269079864025
0.03897162014618516
0.08027158584445715
0.08720096806064248
0.056954311206936836
0.07166032586246729
0.01825278392061591
0.06318587390705943
0.03677553543820977
0.06381485238671303
0.05770385544747114
0.07916328776627779
0.05553035344928503
0.027250378858298063
0.04302596673369408
0.06240889662876725
0.10771594289690256
0.09471521805971861
0.07562064658850431
0.11520977132022381
0.03664342872798443
0.07718128012493253
0.08875797921791673
0.07351166335865855
0.09532758966088295
0.06557391351088881
0.07364411698654294
0.09682652074843645
0.05396341346204281
0.05143446009606123
0.07600056705996394
0.039345402736216784
0.06472995411604643
0.04350360203534365
0.04455562471412122
0.0744298449717462
0.10112419258803129
0.09026311105117202
0.047292424365878105
0.09212960209697485
0.03153976146131754
0.05186823150143027
0.07449800008907914
0.05316308652982116
0.05855725426226854
0.06395225739106536
0.05433773621916771
0.0636910479515791
0.06410600570961833
0.12920269649475813
0.07735509425401688
0.07032914366573095
0.06160979066044092
0.08134642988443375
0.09769701398909092
0.07085154950618744
0.09867200162261724
0.04305695043876767
0.026609943713992834
0.058514440432190895
0.06197423115372658
0.09628077410161495
0.07081438787281513
0.06380229536443949
0.04735252261161804
0.05236248904839158
0.040393851697444916
0.03638786217197776
0.06443265709094703
0.07779871253296733
0.03606959851458669
0.05628679459914565
0.07335811853408813
0.05156301846727729
0.08998671360313892
0.07441959716379642
0.10390590969473124
0.04868131037801504
0.0865746708586812
0.060849383007735014
0.03198109660297632
0.08281907392665744
0.10647474462166429
0.09680279809981585
0.04693872109055519
0.07807456748560071
0.0356657060328871
0.02040051994845271
0.02543251123279333
0.047972839092835784
0.09424796048551798
0.04135506879538298
0.09000968188047409
0.08187926281243563
0.05248747277073562
0.04439208470284939
0.09142395155504346
0.04131292086094618
0.06757001392543316
0.07951896684244275
0.05956348031759262
0.07518626749515533
0.03436675202101469
0.09399717953056097
0.08113999105989933
0.03808808512985706
0.06310464441776276
0.06486948253586888
0.11610678676515818
0.060684730764478445
0.05316962813958526
0.10466434666886926
0.09171278402209282
0.07567077968269587
0.07474092673510313
0.04976877197623253
0.0980838080868125
0.037183758802711964
0.10472382372245193
0.042451243149116635
0.03408717829734087
0.0728008677251637
0.03945294441655278
0.048028948251158
0.0388278029859066
0.06897912081331015
0.13550830632448196
0.059080169070512056
0.08201165124773979
0.07526399241760373
0.0918838232755661
0.06259618233889341
0.09269534610211849
0.06654338398948312
0.05508599942550063
0.048717850586399436
0.017660303972661495
0.07451861561276019
0.029770841356366873
0.0511895976960659
0.08048109337687492
0.0818374422378838
0.07753169978968799
0.031930578872561455
0.0732730757445097
0.08575861528515816
0.02470576297491789
0.078677115496248
0.014438541606068611
0.03889471781440079
0.04848495312035084
0.038559912238270044
0.0709390314295888
0.06769347237423062
0.027173453010618687
0.04647612641565502
0.08188477903604507
0.03348287055268884
0.06070551020093262
0.0819978965446353
0.0410072470549494
0.06227177451364696
0.071534329559654
0.06907069217413664
0.05099586909636855
0.08489743992686272
0.10345166735351086
0.05661608185619116
0.0876412820070982
0.03770206356421113
0.08004348166286945
0.056548370979726315
0.08414921397343278
0.026259941048920155
0.027588997734710574
0.15302491001784801
0.07813584385439754
0.08130521466955543
0.030862968415021896
0.06179961608722806
0.059326790971681476
0.049155404791235924
0.031674161087721586
0.07336282473988831
0.04457177990116179
0.035781008657068014
0.0973971551284194
0.024212874937802553
0.04948727274313569
0.06762998411431909
0.03402582602575421
0.04658443294465542
0.0392646505497396
0.044405878288671374
0.04808509908616543
0.03183990158140659
0.05808817408978939
0.060488603077828884
0.05484810844063759
0.022770848823711276
0.02883545309305191
0.05619426630437374
0.018913294188678265
0.07264549192041159
0.03673527995124459
0.02853797795251012
0.015115193091332912
0.021886599250137806
0.07966029737144709
0.059720835415646434
0.030737803783267736
0.03496143780648708
0.02548703644424677
0.09564487636089325
0.019228823948651552
0.07382093602791429
0.07137780310586095
0.07312071835622191
0.039982701651751995
0.057693067006766796
0.06271170498803258
0.018778563477098942
0.02050480293110013
0.03992868401110172
0.029840941075235605
0.0199061066377908
0.0593477925285697
0.045463616494089365
0.11243541538715363
0.033134089317172766
0.030564922839403152
0.05176559370011091
0.020892777480185032
0.02837977558374405
0.06662253430113196
0.025918547762557864
0.023764627054333687
0.017821064684540033
0.057030939031392336
0.023303122259676456
0.027363833505660295
0.017051637172698975
0.06952171493321657
