None
None
None
None
None
None
None
None
None
None
None
None
None
None
None
None
None
None
None
None
None
None
None
None
None
None
None
None
None
None
None
None
None
None
None
None
None
None
None
None
None
None
None
None
None
None
None
None
None
None
None
None
None
None
None
None
None
None
None
None
None
None
None
None
None
None
None
9.999981557484716e-05
0.00019977947522420436
0.00029972897027619183
0.00039821246173232794
0.0004963632090948522
0.0005948384059593081
0.0006933293188922107
0.0007910090498626232
0.0008891945471987128
0.0009874601382762194
0.0010860117617994547
0.0011843753745779395
0.001282223965972662
0.0013804668560624123
0.0014786096289753914
0.0015753735788166523
0.0016744073946028948
0.001776020391844213
0.0018768730806186795
0.0019795959815382957
0.0020848046988248825
0.0021934309042990208
0.002304601017385721
0.0024169215466827154
0.002531754784286022
0.002648826688528061
0.00276773888617754
0.002888292772695422
0.003006294136866927
0.0031256682705134153
0.003243681974709034
0.00336279533803463
0.0034797752741724253
0.0035944809205830097
0.0037102713249623775
0.003827046137303114
0.003944748546928167
0.004062496591359377
0.004180642310529947
0.004298347979784012
0.004416452255100012
0.004535092040896416
0.004653565119951963
0.004767994396388531
0.004879378713667393
0.0049909017980098724
0.005102735944092274
0.005214070435613394
0.005324938800185919
0.005435263272374868
0.00554509786888957
0.005654719192534685
0.005763303022831678
0.005871630273759365
0.00597956171259284
0.006086427718400955
0.006192682310938835
0.00629811454564333
0.006403041537851095
0.0065074097365140915
0.00661107013002038
0.00671393983066082
0.006815159227699041
0.0069158319383859634
0.007015380542725325
0.007114152889698744
0.007211608812212944
0.007307750638574362
0.007401591166853905
0.007494451478123665
0.007586635183542967
0.007677597925066948
0.0077676898799836636
0.007857870310544968
0.007946961559355259
0.008035089820623398
0.008123255334794521
0.008210757747292519
0.008297361433506012
0.008383548818528652
0.008468721061944962
0.008552683517336845
0.008634964935481548
0.00871659442782402
0.008797578513622284
0.008874932304024696
0.00895161833614111
0.009027120657265186
0.009101531468331814
0.009175539948046207
0.00924883596599102
0.00932183675467968
0.009393837302923203
0.009465837851166725
0.009537101723253727
0.009607704356312752
0.009678115136921406
0.009748132899403572
0.009817452169954777
0.009886201471090317
0.009954092092812061
0.01002093218266964
0.010087075643241405
0.010152735747396946
0.010217508301138878
0.010281654074788094
0.010344834066927433
0.01040758565068245
0.010469933040440083
0.010531825013458729
0.010593125596642494
0.01065350603312254
0.010713266208767891
0.010772437788546085
0.010831059888005257
0.010889044031500816
0.010946007445454597
0.01100203301757574
0.011057209223508835
0.011111658066511154
0.011165737174451351
0.011219095438718796
0.011271784082055092
0.011323798447847366
0.011375254020094872
0.011425921693444252
0.011476048268377781
0.011525536887347698
0.011574827134609222
0.011623653583228588
0.01167151890695095
0.011718821711838245
0.011765880510210991
0.011812658980488777
0.011858285404741764
0.011903785169124603
0.011948277242481709
0.011991586536169052
0.012034472078084946
0.012077178806066513
0.012119372375309467
0.01216080691665411
0.01220190804451704
0.012242553755640984
0.012282667681574821
0.012322391383349895
0.012361508794128895
0.01239912398159504
0.012436472810804844
0.01247359812259674
0.012510222382843494
0.012546517886221409
0.012581836432218552
0.012616874650120735
0.012651566416025162
0.012686049565672874
0.012720203027129173
0.01275406964123249
0.012787573970854282
0.012820378877222538
0.012852701358497143
0.012884675525128841
0.012916481122374535
0.01294692512601614
0.01297682337462902
0.013005688786506653
0.013034016825258732
0.013061467558145523
0.013088132254779339
0.013113826513290405
0.013138601556420326
0.01316301804035902
0.013187416829168797
0.013212371617555618
0.013237734325230122
0.013262842781841755
0.013286544010043144
0.013310189358890057
0.013333615846931934
0.013356621377170086
0.01337902620434761
0.01340041309595108
0.013421627692878246
0.013442540541291237
0.013463768176734447
0.013485219329595566
0.013506979681551456
0.013528072275221348
0.013548072427511215
0.013567691668868065
0.01358729787170887
0.013606686145067215
0.013626005500555038
0.01364488061517477
0.013663494028151035
0.013681767508387566
0.01369964424520731
0.013716867193579674
0.013733835890889168
0.013750209473073483
0.01376651506870985
0.013782693073153496
0.013798288069665432
0.01381368562579155
0.013828638009727001
0.013843848370015621
0.013859398663043976
0.013874690979719162
0.013890056870877743
0.013905094005167484
0.013920266181230545
0.013935194350779057
0.013949939049780369
0.013964693993330002
0.013979310169816017
0.013994062319397926
0.0140087204053998
0.014023065567016602
0.014037135988473892
0.014050654135644436
0.014063968323171139
0.014077205210924149
0.014090095646679401
0.014102990739047527
0.014115714468061924
0.014128102920949459
0.014140342362225056
0.014152833260595798
0.014165306463837624
0.014177772216498852
0.014189733192324638
0.014201793819665909
0.014213711954653263
0.014225429855287075
0.014236975461244583
0.014248218387365341
0.014259206131100655
0.014269949868321419
0.01428067684173584
0.014290721155703068
0.014300678856670856
0.014310457743704319
0.01431978214532137
0.014328854158520699
0.014337778091430664
0.014346455223858356
0.014354904182255268
0.014363511465489864
0.0143722053617239
0.01438052486628294
0.014388819225132465
0.014397353865206242
0.014405566267669201
0.01441348996013403
0.014421381056308746
0.014429074712097645
0.014436444267630577
0.014443645253777504
0.014450687915086746
0.0144578842446208
0.014464831911027431
0.014471299014985561
0.01447790116071701
0.014484269544482231
0.014490526169538498
0.014496585354208946
0.014502618461847305
0.014508512802422047
0.014514573849737644
0.014520689845085144
0.014526850543916225
0.014532795175909996
0.014538462273776531
0.01454390212893486
0.014549264684319496
0.014554440975189209
0.014559254981577396
0.014564248733222485
0.014569168910384178
0.014574237167835236
0.014579209499061108
0.01458409707993269
0.014589180238544941
0.014594148844480515
0.014598752371966839
0.014602936804294586
0.014607083983719349
0.014611138962209225
0.014614962972700596
0.014619027264416218
0.014622990041971207
0.014626859687268734
0.01463079359382391
0.014634617604315281
0.014638260006904602
0.014641781337559223
0.014645042829215527
0.014647923409938812
0.014650782570242882
0.014653640799224377
0.014656336046755314
0.014658764936029911
0.014661050401628017
0.014663374982774258
0.01466595008969307
0.014668447896838188
0.01467104535549879
0.014673671685159206
0.014676129445433617
0.014678269624710083
0.014680753462016582
0.014682973735034466
0.014685041271150112
0.01468693371862173
0.014688699506223202
0.014690342359244823
0.014691942371428013
0.014693355187773705
0.014694525860249996
0.014695752412080765
0.014696652069687843
0.014697613194584846
0.014698748476803303
0.014699817635118961
0.0147005096077919
0.014701874926686287
0.014703118242323399
0.014703931286931038
0.014704769477248192
0.014705426059663296
0.01470618974417448
0.014707029797136784
0.014708206057548523
0.01470910757780075
0.014709863811731339
0.014710277318954468
0.014711029827594757
0.014711610041558743
0.01471214834600687
0.014712723903357983
0.014713214710354805
0.014713568612933159
0.014713671058416367
0.014713596552610397
0.01471379492431879
0.014713835902512074
0.014713844284415245
0.014713790267705917
0.014714007265865803
0.01471414789557457
0.014714160934090614
0.014714247547090054
0.01471417024731636
0.014714035205543041
0.014714051969349384
0.014713688753545284
0.014713015407323837
0.014712367206811905
0.014711606316268444
0.014710812829434872
0.0147098982706666
0.014708779752254486
0.014707952737808228
0.014707245863974094
0.014706608839333057
0.01470598578453064
0.014705480076372623
0.014705021865665913
0.01470460370182991
0.014704292640089989
0.014703705906867981
0.014703418128192425
0.01470301952213049
0.01470270287245512
0.01470242626965046
0.014701738953590393
0.014701088890433311
0.014700328931212425
0.01469963975250721
0.01469922624528408
0.01469886302947998
0.0146985724568367
0.014698770828545094
0.014699183404445648
0.014699399471282959
0.014699595049023628
0.01469961367547512
0.014699481427669525
0.014699459075927734
0.014699740335345268
0.014699905179440975
0.014699838124215603
0.01469956524670124
0.014699360355734825
0.014698883518576622
0.014698601327836514
0.014698121696710587
0.014697925187647343
0.014698360115289688
0.014699297957122326
0.01470025535672903
0.014701103791594505
0.01470152661204338
0.01470165140926838
0.01470192801207304
0.014701777137815952
0.014702069573104382
0.014702610671520233
0.014702589251101017
0.014702381566166878
0.014702153392136097
0.01470174640417099
0.014701499603688717
0.01470133475959301
0.014701035805046558
0.014700852334499359
0.014701069332659245
0.014701115898787975
0.014700930565595627
0.014700633473694324
0.014700816944241524
0.014701028354465961
0.01470132078975439
0.01470150612294674
0.01470241416245699
0.0147031145170331
0.014703839085996151
0.014704391360282898
0.014705139212310314
0.014705879613757133
0.014706035144627094
0.014706039801239967
0.014705890789628029
0.014705453999340534
0.014704867266118526
0.014704473316669464
0.014704255387187004
0.014704539440572262
0.014704709872603416
0.014704866334795952
0.014704459346830845
0.01470452081412077
0.014704450033605099
0.014703911729156971
0.014703373424708843
0.01470281183719635
0.014702134765684605
0.01470152661204338
0.014701047912240028
0.014699766412377357
0.01469811424612999
0.014696416445076466
0.014695004560053349
0.014693702571094036
0.014692542143166065
0.014690976589918137
0.014689394272863865
0.014687811024487019
0.01468703430145979
0.01468608621507883
0.014685110189020634
0.014683901332318783
0.014682814478874207
0.014681661501526833
0.014680895023047924
0.014680404216051102
0.014679990708827972
0.014679194428026676
0.014678487554192543
0.014677908271551132
0.014677518047392368
0.014677059836685658
0.01467717345803976
0.014677096158266068
0.01467711292207241
0.014677109196782112
0.014677148312330246
0.014677480794489384
0.01467736903578043
0.014677083119750023
0.014676890335977077
0.014676692895591259
0.01467648521065712
0.014675796963274479
0.014674942009150982
0.014673741534352303
0.014672590419650078
0.0146712064743042
0.014669477939605713
0.014667438343167305
0.01466522365808487
0.01466284692287445
0.014660798944532871
0.014658910222351551
0.014657181687653065
0.014655555598437786
0.014653870835900307
0.014651735313236713
0.014649762772023678
0.014647896401584148
0.014646058902144432
0.014644206501543522
0.014642401598393917
0.014640740118920803
0.014639033935964108
0.014637832529842854
0.01463674008846283
0.01463584415614605
0.01463497243821621
0.014634421095252037
0.014633755199611187
0.01463264413177967
0.014631446450948715
0.01462992001324892
0.014628439210355282
0.014626843854784966
0.014625153504312038
0.014623431488871574
0.014621889218688011
0.014620531350374222
0.014619555324316025
0.01461853738874197
0.014617055654525757
0.01461571455001831
0.014614323154091835
0.014612981118261814
0.014611721970140934
0.01461022812873125
0.014608589932322502
0.014607083983719349
0.014605640433728695
0.014603783376514912
0.014602025970816612
0.014599920250475407
0.014597182162106037
0.01459424290806055
0.01459141168743372
0.014588704332709312
0.014586279168725014
0.014584111981093884
0.014582008123397827
0.014580080285668373
0.014578347094357014
0.014576731249690056
0.014575107954442501
0.014573507942259312
0.014571987092494965
0.0145705696195364
0.014569200575351715
0.01456788182258606
0.014566639438271523
0.014565528370440006
0.014564462937414646
0.014563445001840591
0.014562147669494152
0.014560927636921406
0.014559694565832615
0.014558512717485428
0.014557426795363426
0.014556185342371464
0.014555171132087708
0.01455405168235302
0.014552979730069637
0.014552123844623566
0.014551328495144844
0.014550616033375263
0.014549806714057922
0.014548945240676403
0.014548039995133877
0.014546526595950127
0.014544992707669735
0.014543658122420311
0.014542384073138237
0.01454101875424385
0.01453947089612484
0.014538086019456387
0.014536901377141476
0.014535721391439438
0.01453461404889822
0.01453336700797081
0.014532397501170635
0.014531522057950497
0.014530856162309647
0.014530176296830177
0.014529570937156677
0.014528987929224968
0.014528359286487103
0.014527893625199795
0.014527536928653717
0.014526811428368092
0.014526018872857094
0.014525070786476135
0.014523572288453579
0.01452273316681385
0.014522167854011059
0.014521459117531776
0.014520794153213501
0.014520088210701942
0.014519463293254375
0.014518323354423046
0.014517399482429028
0.014516285620629787
0.014515286311507225
0.014514479786157608
0.014513395726680756
0.014512186869978905
0.01451104786247015
0.014510096982121468
0.0145093509927392
0.014508799649775028
0.014507935382425785
0.014506706036627293
0.014505496248602867
0.014504458755254745
0.01450342871248722
0.014502346515655518
0.014500911347568035
0.014499565586447716
0.014498190954327583
0.014497022144496441
0.014495977200567722
0.014495099894702435
0.014494329690933228
0.014494046568870544
0.014493218623101711
0.014492349699139595
0.014491381123661995
0.014490575529634953
0.014489603228867054
0.01448818203061819
0.014487095177173615
0.014486079104244709
0.014484699815511703
0.014483283273875713
0.014482189901173115
0.01448093168437481
0.014479625038802624
0.014477971941232681
0.014476247131824493
0.014474481344223022
0.014472740702331066
0.014471062459051609
0.014469053596258163
0.014466497115790844
0.014463999308645725
0.014461814425885677
0.014459747821092606
0.014457905665040016
0.014456228353083134
0.014453895390033722
0.014451885595917702
0.01445029117166996
0.014448651112616062
0.014446991495788097
0.014445466920733452
0.014443567954003811
0.014441944658756256
0.014440719038248062
0.014439268037676811
0.014437803998589516
0.014435917139053345
0.014434151351451874
0.014432715252041817
0.014431181363761425
0.014429854229092598
0.01442850474268198
0.014427205547690392
0.014425903558731079
0.01442556083202362
0.014424133114516735
0.014422528445720673
0.014421372674405575
0.014420267194509506
0.014419319108128548
0.014418457634747028
0.014417688362300396
0.014416978694498539
0.01441588532179594
0.01441506389528513
0.014414715580642223
0.014414181001484394
0.014413688331842422
0.014413186348974705
0.014412819407880306
0.014412621967494488
0.014412220567464828
0.014411760494112968
0.014411237090826035
0.014410632662475109
0.014410531148314476
0.014410226605832577
0.014410348609089851
0.014410599134862423
0.014410600997507572
0.014410699717700481
0.014410560019314289
0.014410359784960747
0.014410298317670822
0.014410286210477352
0.014409871771931648
0.014409558847546577
0.014409227296710014
0.01440892368555069
0.014408488757908344
0.01440852228552103
0.014408424496650696
0.014408242888748646
0.014407958835363388
0.01440778560936451
0.014407665468752384
0.014407656155526638
0.014407424256205559
0.01440729945898056
0.014407328329980373
0.014407404698431492
0.014407530426979065
0.014407576061785221
0.014407528564333916
0.01440803986042738
0.014408456161618233
0.014408819377422333
0.014409009367227554
0.014409167692065239
0.014409239403903484
0.014409204944968224
0.014409139752388
0.014408940449357033
0.014408481307327747
0.014408065937459469
0.014407770708203316
0.014407671056687832
0.014407645910978317
0.014407388865947723
0.014407461509108543
0.014407091774046421
0.01440675463527441
0.014406443573534489
0.014406179077923298
0.014405762776732445
0.014405773021280766
0.014406097121536732
0.014406249858438969
0.014406519010663033
0.014407224953174591
0.014407019130885601
0.014406980015337467
0.014407070353627205
0.014406971633434296
0.014407088048756123
0.014407149516046047
0.014407407492399216
0.014407788403332233
0.014407753013074398
0.014407693408429623
0.014407570473849773
0.014407862909138203
0.014407817274332047
0.01440784614533186
0.014407690614461899
0.014407224953174591
0.014407018199563026
0.014406680129468441
0.014406498521566391
0.014406923204660416
0.01440764032304287
0.014407942071557045
0.014408809132874012
0.014409380033612251
0.014409510418772697
0.014409496448934078
0.014409571886062622
0.01440971065312624
0.014409860596060753
0.014410301111638546
0.014411036856472492
0.014411740936338902
0.014412395656108856
0.014412953518331051
0.0144131975248456
0.014413443394005299
0.014413517899811268
0.014413698576390743
0.014413929544389248
0.01441441010683775
0.014415019191801548
0.014415761455893517
0.014416349120438099
0.01441715843975544
0.01441789511591196
0.014418714679777622
0.01441943645477295
0.014420202001929283
0.014421064406633377
0.014422103762626648
0.014423130080103874
0.014423579908907413
0.014424296095967293
0.014425242319703102
0.014426225796341896
0.01442694291472435
0.014428002759814262
0.014428889378905296
0.014429569244384766
0.014430111274123192
0.014431117102503777
0.01443224586546421
0.014433318749070168
0.014434331096708775
0.01443516369909048
0.014435788616538048
0.014436573721468449
0.01443734485656023
0.014438203535974026
0.014439183287322521
0.014440001919865608
0.014441108331084251
0.014441934414207935
0.014442777261137962
0.014443472027778625
0.01444418914616108
0.014444880187511444
0.014445383101701736
0.014446007087826729
0.014446626417338848
0.014447248540818691
0.014447863213717937
0.014448481611907482
0.014449049718677998
0.014449928887188435
0.01445071492344141
0.014451539143919945
0.014453091658651829
0.014454478397965431
0.014456214383244514
0.014457848854362965
0.014459708705544472
0.014462255872786045
0.014465168118476868
0.014467990957200527
0.014470389112830162
0.01447261031717062
0.014475040137767792
0.014477405697107315
0.014479871839284897
0.014482149854302406
0.014484669081866741
0.01448721345514059
0.014489533379673958
0.014491667971014977
0.014493848197162151
0.0144960917532444
0.014498136937618256
0.014500352554023266
0.014502915553748608
0.014505716040730476
0.014508796855807304
0.01451165322214365
0.014514888636767864
0.014518710784614086
0.01452247891575098
0.014525963924825191
0.014529721811413765
0.014533603563904762
0.014537853188812733
0.014541657641530037
0.014545371755957603
0.014549520798027515
0.014553754590451717
0.014557854272425175
0.014561819843947887
0.014565735124051571
0.014569406397640705
0.014573282562196255
0.014577031135559082
0.01458065863698721
0.014584110118448734
0.014587536454200745
0.01459087897092104
0.014594685286283493
0.014598417095839977
0.0146021181717515
0.014605840668082237
0.014609437435865402
0.014613411389291286
0.014618254266679287
0.01462335791438818
0.014628189615905285
0.014632745645940304
0.014638193883001804
0.014644399285316467
0.014650539495050907
0.01465610507875681
0.014661574736237526
0.014667002484202385
0.014672189019620419
0.014677023515105247
0.014681939966976643
0.014686770737171173
0.014691338874399662
0.014695579186081886
0.014699559658765793
0.014703437685966492
0.014707440510392189
0.014711483381688595
0.014715517871081829
0.01471943873912096
0.014723601751029491
0.014727693982422352
0.014731740579009056
0.014735545963048935
0.014739083126187325
0.01474266592413187
0.01474643126130104
0.014750008471310139
0.01475346740335226
0.014756984077394009
0.01476056408137083
0.014764081686735153
0.014768233522772789
0.014772825874388218
0.014778194949030876
0.014783513732254505
0.014788410626351833
0.014794369228184223
0.014800451695919037
0.01480767410248518
0.014815348200500011
0.014822936616837978
0.014830304309725761
0.014837563969194889
0.014844735153019428
0.014851902611553669
0.014859726652503014
0.01486721821129322
0.014874842949211597
0.014881779439747334
0.014888225123286247
0.014894715510308743
0.01490099634975195
0.014907014556229115
0.014913760125637054
0.014920909889042377
0.014928172342479229
0.014935977756977081
0.014943066984415054
0.014949814416468143
0.014956026338040829
0.0149618498980999
0.014967583119869232
0.014973164536058903
0.014978463761508465
0.014983606524765491
0.014988510869443417
0.014993464574217796
0.014998397789895535
0.015002883970737457
0.015007461421191692
0.015013043768703938
0.01501874066889286
0.01502415630966425
0.015029446221888065
0.015034445561468601
0.015039686113595963
0.015044648200273514
0.015049738809466362
0.015056519769132137
0.015063809230923653
0.015071822330355644
0.01507937628775835
0.01508644875138998
0.015093126334249973
0.015099531039595604
0.015105762518942356
0.015112437307834625
0.015119762159883976
0.015127270482480526
0.015134439803659916
0.015140971168875694
0.015147021040320396
0.015152878127992153
0.015158765017986298
0.015164460986852646
0.015169724822044373
0.01517582405358553
0.015183312818408012
0.015190165489912033
0.015196717344224453
0.015203061513602734
0.015209627337753773
0.0152159808203578
0.015222474001348019
0.015228720381855965
0.015235069207847118
0.015242215245962143
0.015248834155499935
0.015254939906299114
0.015260632149875164
0.015265900641679764
0.015271593816578388
0.01527771819382906
0.015284153632819653
0.0152902752161026
0.0152960903942585
0.015302200801670551
0.01530896220356226
0.015315853990614414
0.015322227030992508
0.015328542329370975
0.01533453818410635
0.015340597368776798
0.015346335247159004
0.015351789072155952
0.015357065945863724
0.015362288802862167
0.015367109328508377
0.015371731482446194
0.015375922434031963
0.015379823744297028
0.015383651480078697
0.015387678518891335
0.015391472727060318
0.015395243652164936
0.015398848801851273
0.0154024763032794
0.015406131744384766
0.015410571359097958
0.015415134839713573
0.015420162118971348
0.015424903482198715
0.015429983846843243
0.015434800647199154
0.01543925516307354
0.015443875454366207
0.015448885038495064
0.015453950501978397
0.015459055081009865
0.015464355237782001
0.015469377860426903
0.01547470223158598
0.01547989621758461
0.015484855510294437
0.0154896080493927
0.015494377352297306
0.015499003231525421
0.015503523871302605
0.015508144162595272
0.015512769110500813
0.015517199411988258
0.01552172563970089
0.015526708215475082
0.015531790442764759
0.01553666964173317
0.015541300177574158
0.01554609090089798
0.015550925396382809
0.015555483289062977
0.015559915453195572
0.015564166009426117
0.015568355098366737
0.015572485513985157
0.015576871111989021
0.01558102946728468
0.015585345216095448
0.015590052120387554
0.015594345517456532
0.015598416328430176
0.015602263621985912
0.015606206841766834
0.015609933994710445
0.015613298863172531
0.015616469085216522
0.015619700774550438
0.015622909180819988
0.01562599092721939
0.0156291164457798
0.015632152557373047
0.015635186806321144
0.015638403594493866
0.01564170978963375
0.015645315870642662
0.015649255365133286
0.015653176233172417
0.0156574547290802
0.015661532059311867
0.01566540263593197
0.015669075772166252
0.015672802925109863
0.01567634753882885
0.015679676085710526
0.015683021396398544
0.01568622700870037
0.01568925753235817
0.015692248940467834
0.01569533534348011
0.01569826528429985
0.015701133757829666
0.015703702345490456
0.01570609025657177
0.015708426013588905
0.01571083627641201
0.015713555738329887
0.015716107562184334
0.01571880467236042
0.015721803531050682
0.01572459749877453
0.015727302059531212
0.015729770064353943
0.015732645988464355
0.015735337510704994
0.01573793962597847
0.01574045605957508
0.015742884948849678
0.015745477750897408
0.015747886151075363
0.015750184655189514
0.015752386301755905
0.01575448177754879
0.01575705036520958
0.015759704634547234
0.015762245282530785
0.015764659270644188
0.015767095610499382
0.01576939783990383
0.01577211730182171
0.015774667263031006
0.01577698439359665
0.015779482200741768
0.015781830996274948
0.015784449875354767
0.015786925330758095
0.015789465978741646
0.01579206809401512
0.0157949086278677
0.015797840431332588
0.01580062322318554
0.015803510323166847
0.015806687995791435
0.01580962724983692
0.015812493860721588
0.015815475955605507
0.01581825502216816
0.015820888802409172
0.015823984518647194
0.015826916322112083
0.015829792246222496
0.015832530334591866
0.01583508588373661
0.01583777368068695
0.015840409323573112
0.015843108296394348
0.015845777466893196
0.01584860496222973
0.015851907432079315
0.015855127945542336
0.015858478844165802
0.015861626714468002
0.015864677727222443
0.015867607668042183
0.01587049290537834
0.015873370692133904
0.015876207500696182
0.015878967940807343
0.015881730243563652
0.015884393826127052
0.015886971727013588
0.01588965579867363
0.01589279994368553
0.015895869582891464
0.01589887961745262
0.015901800245046616
0.015904538333415985
0.015907082706689835
0.015909498557448387
0.01591191068291664
0.01591418869793415
0.015916768461465836
0.015919532626867294
0.015922220423817635
0.01592475175857544
0.015927230939269066
0.015930159017443657
0.015933142974972725
0.015935983508825302
0.01593894697725773
0.01594182290136814
0.015944741666316986
0.015947505831718445
0.015950249508023262
0.015952900052070618
0.01595558412373066
0.015957867726683617
0.01596067100763321
0.015963522717356682
0.015966277569532394
0.01596895605325699
0.01597149483859539
0.015974152833223343
0.01597728207707405
0.01598062738776207
0.01598409004509449
0.015987267717719078
0.015990329906344414
0.015993541106581688
0.01599706895649433
0.016000401228666306
0.016003472730517387
0.0160063486546278
0.016009071841835976
0.016011575236916542
0.016013959422707558
0.01601659692823887
0.016019193455576897
0.01602165400981903
0.016024038195610046
0.01602623239159584
0.01602870784699917
0.016030998900532722
0.01603308878839016
0.016035085543990135
0.016037018969655037
0.016038544476032257
0.016040164977312088
0.016041811555624008
0.016043327748775482
0.01604483649134636
0.01604636386036873
0.01604786328971386
0.016049420461058617
0.016050884500145912
0.016051974147558212
0.01605314388871193
0.016054393723607063
0.016055868938565254
0.0160573348402977
0.01605878211557865
0.016060540452599525
0.016061978414654732
0.016063591465353966
0.016065159812569618
0.016066646203398705
0.016068294644355774
0.01607043668627739
0.01607241854071617
0.016074517741799355
0.016076521947979927
0.01607861928641796
0.016080686822533607
0.01608266681432724
0.016084657981991768
0.016087088733911514
0.01608925126492977
0.016091374680399895
0.01609373278915882
0.016096513718366623
0.01609921269118786
0.01610177755355835
0.016104258596897125
0.016106633469462395
0.01610887236893177
0.016111327335238457
0.01611388847231865
0.01611662469804287
0.01611902192234993
0.016121458262205124
0.016123685985803604
0.016125934198498726
0.01612834818661213
0.01613101363182068
0.016133930534124374
0.01613697037100792
0.016140000894665718
0.016143271699547768
0.016146352514624596
0.016149228438735008
0.016151931136846542
0.016154486685991287
0.01615702547132969
0.01615946739912033
0.01616165041923523
0.016163619235157967
0.016165468841791153
0.01616746373474598
0.016169516369700432
0.016171811148524284
0.01617416925728321
0.016176966950297356
0.016180073842406273
0.016183244064450264
0.016186119988560677
0.016188817098736763
0.016191262751817703
0.016193510964512825
0.016196077689528465
0.016198892146348953
0.016201460734009743
0.01620396412909031
0.016206251457333565
0.01620837114751339
0.016210393980145454
0.016212495043873787
0.016214370727539062
0.016216173768043518
0.016217874363064766
0.016219452023506165
0.016221093013882637
0.016222961246967316
0.01622476428747177
0.016226502135396004
0.016227925196290016
0.01622927375137806
0.01623062789440155
0.016231942921876907
0.016233384609222412
0.016234755516052246
0.01623615249991417
0.016237419098615646
0.016238894313573837
0.016240470111370087
0.016242122277617455
0.01624370366334915
0.01624520868062973
0.016246618703007698
0.01624816097319126
0.01625027135014534
0.016252225264906883
0.016254080459475517
0.016255885362625122
0.016257572919130325
0.016259143128991127
0.016261031851172447
0.01626286283135414
0.0162646621465683
0.016266455873847008
0.016268298029899597
0.016269970685243607
0.01627151109278202
0.016272975131869316
0.01627480424940586
0.016276976093649864
0.016279317438602448
0.016282113268971443
0.016285128891468048
0.016288070008158684
0.01629140041768551
0.016294771805405617
0.01629800535738468
0.01630105823278427
0.016303816810250282
0.016306335106492043
0.016308564692735672
0.016310660168528557
0.016312602907419205
0.01631440408527851
0.01631617546081543
0.01631786674261093
0.0163195189088583
0.016321048140525818
0.016322601586580276
0.016323968768119812
0.016325071454048157
0.016326436772942543
0.016327809542417526
0.01632923260331154
0.01633055880665779
0.016331741586327553
0.01633344776928425
0.016335349529981613
0.01633753441274166
0.016339534893631935
0.016341643407940865
0.016343507915735245
0.016345269978046417
0.016346987336874008
0.016348617151379585
0.016350258141756058
0.016351968050003052
0.016353489831089973
0.016355063766241074
0.016356563195586205
0.01635790802538395
0.016359200701117516
0.016360275447368622
0.0163614172488451
0.016363179311156273
0.016365068033337593
0.016367504373192787
0.01636974699795246
0.01637226901948452
0.01637471653521061
0.016377229243516922
0.016379551962018013
0.016381897032260895
0.016384026035666466
0.01638595573604107
0.01638837344944477
0.016390828415751457
0.016393372789025307
0.016395974904298782
0.016398686915636063
0.016401542350649834
0.016404462978243828
0.016407087445259094
0.01640956662595272
0.016412146389484406
0.016414541751146317
0.016416972503066063
0.016419660300016403
0.016422202810645103
0.016424838453531265
0.01642739214003086
0.016429804265499115
0.016432123258709908
0.016434533521533012
0.016437435522675514
0.016440164297819138
0.016442719846963882
0.016445083543658257
0.016447128728032112
0.016448747366666794
0.016450366005301476
0.01645227149128914
0.01645377092063427
0.01645565964281559
0.016458014026284218
0.016461167484521866
0.016464414075016975
0.016467927023768425
0.01647171750664711
0.016475124284625053
0.016478266566991806
0.01648128032684326
0.016484234482049942
0.01648714579641819
0.016490226611495018
0.01649371348321438
0.016497056931257248
0.016500171273946762
0.016503024846315384
0.01650582253932953
0.01650882698595524
0.016511617228388786
0.016514254733920097
0.01651676371693611
0.016519146040081978
0.016521504148840904
0.016524001955986023
0.016526469960808754
0.01652897149324417
0.01653187721967697
0.016534840688109398
0.016538020223379135
0.016541030257940292
0.016544125974178314
0.016547121107578278
0.016549983993172646
0.01655270718038082
0.016555149108171463
0.01655746065080166
0.016559697687625885
0.016562610864639282
0.01656574010848999
0.016569050028920174
0.01657269522547722
0.016576148569583893
0.01657979190349579
0.01658330112695694
0.01658685877919197
0.01658979058265686
0.01659279502928257
0.01659606769680977
0.016599049791693687
0.0166019294410944
0.01660456880927086
0.016607819125056267
0.016610832884907722
0.01661384105682373
0.01661689393222332
0.016619956120848656
0.016622906550765038
0.016625821590423584
0.01662890426814556
0.016632236540317535
0.016635803505778313
0.01663927175104618
0.01664283685386181
0.016646459698677063
0.016650011762976646
0.016653617843985558
0.016657428815960884
0.01666141301393509
0.016665389761328697
0.016669394448399544
0.01667342521250248
0.01667737029492855
0.016681060194969177
0.01668468490242958
0.016688324511051178
0.01669168472290039
0.016694970428943634
0.016698377206921577
0.01670190319418907
0.016705138608813286
0.016708556562662125
0.016712063923478127
0.01671557128429413
0.016719261184334755
0.016723228618502617
0.01672704704105854
0.01673063077032566
0.016734201461076736
0.016737520694732666
0.01674063317477703
0.016743602231144905
0.016746418550610542
0.01674947701394558
0.01675253175199032
0.0167555995285511
0.01675887033343315
0.016762131825089455
0.016765501350164413
0.016768943518400192
0.016772253438830376
0.01677553728222847
0.016778841614723206
0.016782136633992195
0.016785399988293648
0.016788391396403313
0.01679147034883499
0.016794560477137566
0.016797471791505814
0.016800258308649063
0.016803301870822906
0.016806084662675858
0.016808612272143364
0.016810983419418335
0.01681322418153286
0.016815606504678726
0.01681818999350071
0.016820624470710754
0.016823140904307365
0.016825664788484573
0.01682836003601551
0.01683124154806137
0.016833975911140442
0.016836484894156456
0.016839081421494484
0.01684153452515602
0.016844019293785095
0.016846319660544395
0.0168487336486578
0.016851233318448067
0.0168535728007555
0.016855718567967415
0.016857750713825226
0.016859540715813637
0.01686125248670578
0.0168627817183733
0.016864506527781487
0.016866160556674004
0.016867762431502342
0.016869204118847847
0.016870563849806786
0.01687188446521759
0.016873162239789963
0.016874415799975395
0.016875585541129112
0.016876688227057457
0.016877949237823486
0.016879143193364143
0.016880303621292114
0.01688142865896225
0.01688261516392231
0.01688399910926819
0.016885429620742798
0.016886860132217407
0.016888361424207687
0.01688995212316513
0.01689176820218563
0.016893506050109863
0.01689525507390499
0.016896840184926987
0.016898296773433685
0.016899675130844116
0.016900967806577682
0.016902247443795204
0.016903458163142204
0.0169045552611351
0.016905732452869415
0.01690692827105522
0.016907982528209686
0.016908930614590645
0.016910023987293243
0.016910960897803307
0.016911890357732773
0.01691291108727455
0.016914239153265953
0.016915634274482727
0.01691698282957077
0.016918417066335678
0.016919748857617378
0.016920993104577065
0.01692243665456772
0.016923708841204643
0.016924776136875153
0.016925659030675888
0.016926465556025505
0.016927246004343033
0.016927948221564293
0.016928544268012047
0.016929158940911293
0.016929659992456436
0.01693013496696949
0.016930656507611275
0.016931243240833282
0.016931837424635887
0.016932634636759758
0.016933372244238853
0.01693406142294407
0.016934743151068687
0.016935238614678383
0.016935577616095543
0.016936002299189568
0.016936417669057846
0.016936615109443665
0.01693662814795971
0.01693660579621792
0.01693652756512165
0.016936587169766426
0.01693689450621605
0.016937289386987686
0.016937633976340294
0.016938097774982452
0.016938339918851852
0.01693851687014103
0.016938764601945877
0.016938969492912292
0.016939114779233932
0.01693923957645893
0.016939077526330948
0.016938474029302597
0.01693793386220932
0.016937408596277237
0.016936875879764557
0.01693643070757389
0.016935911029577255
0.016935409978032112
0.0169349554926157
0.01693463884294033
0.01693437620997429
0.016934122890233994
0.016933944076299667
0.016933798789978027
0.01693364791572094
0.01693350449204445
0.016933374106884003
0.016933513805270195
0.01693362183868885
0.016933713108301163
0.016933737322688103
0.016933761537075043
0.016933737322688103
0.01693377085030079
0.016933860257267952
0.016933968290686607
0.016934100538492203
0.016934197396039963
0.016934268176555634
0.016934368759393692
0.016934584826231003
0.016934769228100777
0.016934916377067566
0.016935041174292564
0.01693510077893734
0.016935210675001144
0.01693531684577465
0.016935445368289948
0.01693558320403099
0.016935579478740692
0.016935350373387337
0.016934603452682495
0.016933903098106384
0.016933215782046318
0.016932670027017593
0.016932236030697823
0.01693185232579708
0.016931721940636635
0.01693139784038067
0.016931094229221344
0.016930829733610153
0.016930464655160904
0.016930047422647476
0.016929686069488525
0.016929104924201965
0.01692856289446354
0.016927987337112427
0.016927435994148254
0.016926918178796768
0.016926366835832596
0.01692580059170723
0.01692526787519455
0.016924763098359108
0.016924245283007622
0.016923418268561363
0.016922634094953537
0.01692180708050728
0.01692097820341587
0.016920145601034164
0.016919484362006187
0.016918839886784554
0.0169181227684021
0.016917238011956215
0.016916479915380478
0.016915826126933098
0.016914939507842064
0.01691422611474991
0.016913512721657753
0.01691281422972679
0.016912318766117096
0.016911892220377922
0.01691155694425106
0.016911188140511513
0.016910843551158905
0.016910580918192863
0.016910532489418983
0.01691041886806488
0.016910331323742867
0.016910219565033913
0.016910087317228317
0.01690993644297123
0.01690979301929474
0.0169096477329731
0.0169095229357481
0.016909345984458923
0.01690921187400818
0.016909046098589897
0.01690872386097908
0.01690790243446827
0.016907166689634323
0.016906369477510452
0.01690581813454628
0.016905173659324646
0.016904613003134727
0.0169040746986866
0.01690356247127056
0.01690327189862728
0.016902776435017586
0.016902295872569084
0.016901860013604164
0.016901466995477676
0.01690112054347992
0.016900736838579178
0.016900241374969482
0.01689962111413479
0.01689906232059002
0.0168985053896904
0.016898086294531822
0.016897758468985558
0.01689733751118183
0.01689678430557251
0.016896404325962067
0.016896093264222145
0.016895759850740433
0.016895418986678123
0.016895081847906113
0.01689475029706955
0.016894472762942314
0.016894090920686722
0.01689344085752964
0.016892896965146065
0.016892392188310623
0.016891906037926674
0.016891447827219963
0.016891052946448326
0.016890455037355423
0.016889946535229683
0.016889400780200958
0.016888849437236786
0.016888337209820747
0.016887834295630455
0.016887333244085312
0.016886694356799126
0.016886211931705475
0.016885792836546898
0.016885418444871902
0.01688510552048683
0.016885114833712578
0.016884982585906982
0.01688489317893982
0.01688479445874691
0.0168846994638443
0.016884732991456985
0.016884762793779373
0.01688488759100437
0.016884945333003998
0.016885003075003624
0.016884831711649895
0.016884930431842804
0.01688503287732601
0.016885077580809593
0.016884995624423027
0.01688479259610176
0.016884520649909973
0.016884025186300278
0.016883395612239838
0.01688273437321186
0.01688220351934433
0.016881832852959633
0.016881683841347694
0.016881611198186874
0.016881369054317474
0.01688074693083763
0.016879968345165253
0.01687903329730034
0.01687839813530445
0.016877800226211548
0.01687721721827984
0.016876544803380966
0.016876164823770523
0.016875650733709335
0.016875242814421654
0.01687479391694069
0.016874145716428757
0.01687360182404518
0.016872892156243324
0.016871869564056396
0.01687072403728962
0.016869675368070602
0.016868755221366882
0.016867950558662415
0.016867391765117645
0.01686638966202736
0.0168650820851326
0.016863279044628143
0.016861572861671448
0.016859805211424828
0.01685754396021366
0.016855452209711075
0.016853583976626396
0.016851892694830894
0.01685038022696972
0.016848813742399216
0.01684698462486267
0.0168453361839056
0.016843920573592186
0.01684238761663437
0.01684088259935379
0.016839314252138138
0.016837293282151222
0.016834577545523643
0.016832564026117325
0.016830304637551308
0.01682857610285282
0.01682688109576702
0.016825152561068535
0.016823820769786835
0.01682269759476185
0.016821399331092834
0.016820654273033142
0.016819871962070465
0.01681932806968689
0.016818882897496223
0.016818102449178696
0.016817208379507065
0.016816360875964165
0.016815559938549995
0.016814611852169037
0.016813727095723152
0.016812846064567566
0.016811976209282875
0.016811521723866463
0.01681107096374035
0.01681048423051834
0.016809767112135887
0.01680918037891388
0.016808640211820602
0.016808081418275833
0.01680748164653778
0.016806600615382195
0.01680595986545086
0.016805261373519897
0.01680443249642849
0.01680375263094902
0.016803154721856117
0.016802679747343063
0.016801990568637848
0.016800768673419952
0.01679936796426773
0.01679808832705021
0.016797002404928207
0.016796136274933815
0.016795564442873
0.016795093193650246
0.01679457537829876
0.016794001683592796
0.01679336093366146
0.016792597249150276
0.01679183356463909
0.016791105270385742
0.016790345311164856
0.016789788380265236
0.01678941398859024
0.01678907498717308
0.016788790002465248
0.016788484528660774
0.016788093373179436
0.016787689179182053
0.016787318512797356
0.016786916181445122
0.01678643748164177
0.016786368563771248
0.016786107793450356
0.016785889863967896
0.01678558997809887
0.01678522303700447
0.016784831881523132
0.01678433082997799
0.016783658415079117
0.0167830903083086
0.01678266003727913
0.01678224466741085
0.016781864687800407
0.016781440004706383
0.016781045123934746
0.016780732199549675
0.016780270263552666
0.01677982695400715
0.016779325902462006
0.016778934746980667
0.016778556630015373
0.016778234392404556
0.016777997836470604
0.016777679324150085
0.016777463257312775
0.016777291893959045
0.016777148470282555
0.016776999458670616
0.016776928678154945
0.016776828095316887
0.01677672751247883
0.01677650213241577
0.016776015982031822
0.016775447875261307
0.016775159165263176
0.01677490770816803
0.01677478663623333
0.016774507239460945
0.016774261370301247
0.016774168238043785
0.016773751005530357
0.016773534938693047
0.016773542389273643
0.01677345111966133
0.016773400828242302
0.01677330955862999
0.016773231327533722
0.016773246228694916
0.01677311770617962
0.016773005947470665
0.01677297241985798
0.016772856935858727
0.016772907227277756
0.01677309162914753
0.016773661598563194
0.016774289309978485
0.016774959862232208
0.016775598749518394
0.016776200383901596
0.016776593402028084
0.01677686907351017
0.016777290031313896
0.016777880489826202
0.0167787354439497
0.016779575496912003
0.016780365258455276
0.01678125374019146
0.01678229309618473
0.016783395782113075
0.01678415760397911
0.016784729436039925
0.0167853906750679
0.016786104068160057
0.01678704284131527
0.016787979751825333
0.016788911074399948
0.01678982749581337
0.016790878027677536
0.01679154485464096
0.01679217629134655
0.01679270528256893
0.016793143004179
0.016793450340628624
0.016793690621852875
0.01679409295320511
0.01679448038339615
0.016794925555586815
0.016795407980680466
0.01679573953151703
0.016796059906482697
0.016796352341771126
0.016796816140413284
0.01679762452840805
0.01679852418601513
0.016799410805106163
0.016800353303551674
0.01680159941315651
0.016802869737148285
0.01680404506623745
0.016805149614810944
0.016806194558739662
0.01680719666182995
0.016808276996016502
0.016809526830911636
0.016810785979032516
0.016812089830636978
0.01681358367204666
0.01681487448513508
0.016816120594739914
0.016817549243569374
0.016818949952721596
0.0168206337839365
0.016822298988699913
0.016823802143335342
0.016825223341584206
0.01682683452963829
0.016828397288918495
0.016829628497362137
0.01683085784316063
0.016832252964377403
0.016833791509270668
0.016835274174809456
0.01683674566447735
0.016838517040014267
0.01684020459651947
0.01684194803237915
0.016843469813466072
0.016844864934682846
0.01684628427028656
0.016847709193825722
0.016849003732204437
0.01685037463903427
0.01685171201825142
0.01685313507914543
0.01685473695397377
0.016856791451573372
0.016858765855431557
0.016860686242580414
0.016862457618117332
0.01686408370733261
0.016865622252225876
0.016867179423570633
0.016868596896529198
0.016870034858584404
0.01687135174870491
0.016873089596629143
0.016874970868229866
0.01687702350318432
0.016879383474588394
0.016881568357348442
0.01688416115939617
0.016886627301573753
0.016889138147234917
0.016891857609152794
0.016894565895199776
0.01689756102859974
0.016901394352316856
0.016904978081583977
0.016908667981624603
0.01691216602921486
0.01691562682390213
0.01691904291510582
0.01692226156592369
0.016925297677516937
0.016928421333432198
0.016931304708123207
0.016933970153331757
0.016936345025897026
0.016938813030719757
0.016941474750638008
0.016944337636232376
0.016946982592344284
0.016949649900197983
0.016952022910118103
0.01695438101887703
0.01695661060512066
0.0169586893171072
0.016960907727479935
0.01696307584643364
0.016965266317129135
0.016967380419373512
0.01696961559355259
0.016971902921795845
0.016974063590168953
0.016976337879896164
0.01697881892323494
0.01698189415037632
0.016984958201646805
0.016988933086395264
0.016992999240756035
0.016996955499053
0.01700078323483467
0.017004700377583504
0.017008980736136436
0.017013272270560265
0.017018001526594162
0.01702253334224224
0.017026778310537338
0.017030777409672737
0.017034592106938362
0.017038509249687195
0.017042361199855804
0.017046380788087845
0.017051035538315773
0.017055317759513855
0.01705918088555336
0.017062930390238762
0.017066797241568565
0.017070796340703964
0.017074493691325188
0.017078224569559097
0.017081888392567635
0.01708567701280117
0.017089910805225372
0.017093902453780174
0.017097538337111473
0.017101246863603592
0.01710476540029049
0.01710812933743
0.01711142621934414
0.017114698886871338
0.01711789332330227
0.01712121069431305
0.01712481491267681
0.017128169536590576
0.01713133044540882
0.01713431067764759
0.01713712513446808
0.01714007742702961
0.01714278571307659
0.017145315185189247
0.01714768074452877
0.017149915918707848
0.017152022570371628
0.017154095694422722
0.017156317830085754
0.017158428207039833
0.017160391435027122
0.017162306234240532
0.017164066433906555
0.017166385427117348
0.017168737947940826
0.017170963808894157
0.01717311330139637
0.017175324261188507
0.017178257927298546
0.017180997878313065
0.017183572053909302
0.01718597486615181
0.017189182341098785
0.017192883417010307
0.017196331173181534
0.01719965785741806
0.01720294915139675
0.01720660924911499
0.017210060730576515
0.017213955521583557
0.017218085005879402
0.017222223803400993
0.017226943746209145
0.017231738194823265
0.017236381769180298
0.017240695655345917
0.017244748771190643
0.01724878139793873
0.017252659425139427
0.017256468534469604
0.017260344699025154
0.017263954505324364
0.017267409712076187
0.01727045699954033
0.017273932695388794
0.01727762073278427
0.017281290143728256
0.017284708097577095
0.0172880906611681
0.017291223630309105
0.017294516786932945
0.01729767397046089
0.017300711944699287
0.01730414107441902
0.017307281494140625
0.01731022074818611
0.0173130352050066
0.017315678298473358
0.017318423837423325
0.01732098124921322
0.01732342317700386
0.01732565648853779
0.017327776178717613
0.01733011193573475
0.01733238250017166
0.01733461022377014
0.017336729913949966
0.01733878068625927
0.01734079048037529
0.01734270714223385
0.01734462007880211
0.01734648272395134
0.017348334193229675
0.01735035888850689
0.017352228984236717
0.017354123294353485
0.017355935648083687
0.01735764555633068
0.017359405755996704
0.017361370846629143
0.01736348494887352
0.0173657163977623
0.017367813736200333
0.01737021654844284
0.017372770234942436
0.017375655472278595
0.017378762364387512
0.017381763085722923
0.01738463155925274
0.01738726533949375
0.017389673739671707
0.017391858622431755
0.01739407144486904
0.017396170645952225
0.017398077994585037
0.01740049012005329
0.01740284450352192
0.017404906451702118
0.01740718074142933
0.017409371212124825
0.017411628738045692
0.017414327710866928
0.01741735078394413
0.01742003858089447
0.017422614619135857
0.017425116151571274
0.017427533864974976
0.017430009320378304
0.017432620748877525
0.017435120418667793
0.017437977716326714
0.017440859228372574
0.017443640157580376
0.017446240410208702
0.01744883880019188
0.017451252788305283
0.017453668639063835
0.017456602305173874
0.017459511756896973
0.017462896183133125
0.017466487362980843
0.01747003383934498
0.017473388463258743
0.01747702620923519
0.017480742186307907
0.017484400421380997
0.017487885430455208
0.01749161258339882
0.01749509945511818
0.017498474568128586
0.017501844093203545
0.017504924908280373
0.0175077673047781
0.017510417848825455
0.017513083294034004
0.01751559041440487
0.017517948523163795
0.017520146444439888
0.01752225123345852
0.01752427965402603
0.017526237294077873
0.01752813346683979
0.017529867589473724
0.017531540244817734
0.017533190548419952
0.017534859478473663
0.01753644272685051
0.017537958920001984
0.017539415508508682
0.017541073262691498
0.01754283718764782
0.017544489353895187
0.017546052113175392
0.01754753291606903
0.017549093812704086
0.017550673335790634
0.017552178353071213
0.01755363680422306
0.017555255442857742
0.01755700260400772
0.017559107393026352
0.017561301589012146
0.01756349205970764
0.017565781250596046
0.017567921429872513
0.01757022738456726
0.017572689801454544
0.017575299367308617
0.017577897757291794
0.017580782994627953
0.017583588138222694
0.01758633740246296
0.017589017748832703
0.017591653391718864
0.017594268545508385
0.01759667694568634
0.017598869279026985
0.017600899562239647
0.01760290376842022
0.017604881897568703
0.017606835812330246
0.017608720809221268
0.017610622569918633
0.01761271245777607
0.017615145072340965
0.017617441713809967
0.017619526013731956
0.01762157492339611
0.017623553052544594
0.017625536769628525
0.017627686262130737
0.017630059272050858
0.017632806673645973
0.017635319381952286
0.01763790287077427
0.01764066331088543
0.017643259838223457
0.01764557510614395
0.01764797233045101
0.01765020750463009
0.017652282491326332
0.017654230818152428
0.01765630394220352
0.01765846647322178
0.01766051910817623
0.017662454396486282
0.017664266750216484
0.017666121944785118
0.01766802929341793
0.017669780179858208
0.017671437934041023
0.01767297275364399
0.01767437905073166
0.017675725743174553
0.01767698861658573
0.01767818257212639
0.017679322510957718
0.01768028736114502
0.017681166529655457
0.017682047560811043
0.017683034762740135
0.017683953046798706
0.017684834077954292
0.017685681581497192
0.01768653839826584
0.01768750138580799
0.017688555642962456
0.017689527943730354
0.0176903884857893
0.017691196873784065
0.01769196428358555
0.01769278757274151
0.017693638801574707
0.017694473266601562
0.017695235088467598
0.017696084454655647
0.01769690029323101
0.017697736620903015
0.017698563635349274
0.0176997110247612
0.0177008043974638
0.017701832577586174
0.01770278811454773
0.017703788354992867
0.017704810947179794
0.017705760896205902
0.01770666614174843
0.01770753040909767
0.01770870015025139
0.017710069194436073
0.017711414024233818
0.01771283894777298
0.017714178189635277
0.017715485766530037
0.017716851085424423
0.017718294635415077
0.01771981455385685
0.017721310257911682
0.017722679302096367
0.017724327743053436
0.017726119607686996
0.017727889120578766
0.017729515209794044
0.017731301486492157
0.017733095213770866
0.017734937369823456
0.017736773937940598
0.01773841120302677
0.017740143463015556
0.017741752788424492
0.017743203788995743
0.017744693905115128
0.01774626597762108
0.017747940495610237
0.017749501392245293
0.01775098405778408
0.017752375453710556
0.017753679305315018
0.017754850909113884
0.017755964770913124
0.017757032066583633
0.01775827258825302
0.01775943487882614
0.017760533839464188
0.017761556431651115
0.017762403935194016
0.017763298004865646
0.01776418462395668
0.01776518113911152
0.017766131088137627
0.017767034471035004
0.01776800863444805
0.017769021913409233
0.01776999421417713
0.017770865932106972
0.017771650105714798
0.017772365361452103
0.01777304708957672
0.017773697152733803
0.017774410545825958
0.017775138840079308
0.0177758876234293
0.01777668669819832
0.017777305096387863
0.017777927219867706
0.0177785474807024
0.017779234796762466
0.01777985692024231
0.01778043806552887
0.017780998721718788
0.017781633883714676
0.01778227835893631
0.017782889306545258
0.017783451825380325
0.017783962190151215
0.017784520983695984
0.017785053700208664
0.017785554751753807
0.01778602786362171
0.01778649352490902
0.017786961048841476
0.017787408083677292
0.017787834629416466
0.017788231372833252
0.01778859831392765
0.017788957804441452
0.01778939552605152
0.01778990589082241
0.01779048889875412
0.01779096946120262
0.01779140904545784
0.017791835591197014
0.017792249098420143
0.01779264770448208
0.01779318042099476
0.017793618142604828
0.017794109880924225
0.017794635146856308
0.01779501512646675
0.017795464023947716
0.017795952036976814
0.01779649220407009
0.017797037959098816
0.017797553911805153
0.017798060551285744
0.01779858022928238
0.017799150198698044
0.0177998635917902
0.017800532281398773
0.01780114322900772
0.01780170202255249
0.017802206799387932
0.017802827060222626
0.017803361639380455
0.017803840339183807
0.01780431531369686
0.01780490204691887
0.017805656418204308
0.017806388437747955
0.017807073891162872
0.017807811498641968
0.01780872978270054
0.017809594050049782
0.0178103968501091
0.017811251804232597
0.017811963334679604
0.017812680453062057
0.017813360318541527
0.017814045771956444
0.01781463995575905
0.017815344035625458
0.017816035076975822
0.017816739156842232
0.01781747117638588
0.017818095162510872
0.017818892374634743
0.01781974360346794
0.017820486798882484
0.0178211759775877
0.017821814864873886
0.0178223829716444
0.01782292127609253
0.017823409289121628
0.017823906615376472
0.01782430149614811
0.017824653536081314
0.017824998125433922
0.01782536320388317
0.01782575249671936
0.01782613806426525
0.017826542258262634
0.01782688871026039
0.01782723143696785
0.01782761886715889
0.017827998846769333
0.017828399315476418
0.017828745767474174
0.01782904751598835
0.017829306423664093
0.017829623073339462
0.017829978838562965
0.017830297350883484
0.017830578610301018
0.017830809578299522
0.017831023782491684
0.01783122308552265
0.017831455916166306
0.01783166266977787
0.017831837758421898
0.017832022160291672
0.01783224567770958
0.017832467332482338
0.017832715064287186
0.017832977697253227
0.017833128571510315
0.01783343032002449
0.01783372461795807
0.01783405989408493
0.017834339290857315
0.01783459447324276
0.017834877595305443
0.017835136502981186
0.01783544383943081
0.017835751175880432
0.01783609576523304
0.017836952582001686
0.017837660387158394
0.017838384956121445
0.0178389772772789
0.01783960871398449
0.017840195447206497
0.01784083992242813
0.017841467633843422
0.017842058092355728
0.017842670902609825
0.017843373119831085
0.01784425601363182
0.017845124006271362
0.01784590817987919
0.01784682087600231
0.017847588285803795
0.017848262563347816
0.01784881204366684
0.017849460244178772
0.017850032076239586
0.017850592732429504
0.01785111054778099
0.017851945012807846
0.01785280928015709
0.017853636294603348
0.017854424193501472
0.017855148762464523
0.017856115475296974
0.017857063561677933
0.017858082428574562
0.017859110608696938
0.01785999909043312
0.017860814929008484
0.01786160282790661
0.017862467095255852
0.01786327175796032
0.017863981425762177
0.017864663153886795
0.017865289002656937
0.017865795642137527
0.017866188660264015
0.01786658726632595
0.017866995185613632
0.01786740869283676
0.017867859452962875
0.017868289723992348
0.01786874048411846
0.017869196832180023
0.01786959543824196
0.017869994044303894
0.01787043921649456
0.017870817333459854
0.017871132120490074
0.017871636897325516
0.017872441560029984
0.017873313277959824
0.01787427067756653
0.01787530817091465
0.017876219004392624
0.017877088859677315
0.017878077924251556
0.017879074439406395
0.017880015075206757
0.01788087747991085
0.017881635576486588
0.017882419750094414
0.017883194610476494
0.017883971333503723
0.017884688451886177
0.017885323613882065
0.017885936424136162
0.017886534333229065
0.01788707636296749
0.017887547612190247
0.01788799650967121
0.017888622358441353
0.01788921281695366
0.017889779061079025
0.017890337854623795
0.017890889197587967
0.01789148710668087
0.01789204590022564
0.017892666161060333
0.017893243581056595
0.01789378561079502
0.017894277349114418
0.01789475418627262
0.01789519377052784
0.017895804718136787
0.017896384000778198
0.01789691485464573
0.017897438257932663
0.017897911369800568
0.01789819449186325
0.017898520454764366
0.017898859456181526
0.017899207770824432
0.017899708822369576
0.01790015771985054
0.01790052466094494
0.0179008599370718
0.017901184037327766
0.01790143921971321
0.017901824787259102
0.017902232706546783
0.017902670428156853
0.017903093248605728
0.0179035272449255
0.01790405996143818
0.01790454424917698
0.01790502853691578
0.017905643209815025
0.01790625788271427
0.01790684647858143
0.01790747605264187
0.01790822111070156
0.01790894754230976
0.01790963113307953
0.017910292372107506
0.01791100949048996
0.017911657691001892
0.017912251874804497
0.01791280135512352
0.01791330613195896
0.017913775518536568
0.017914308235049248
0.017914870753884315
0.017915531992912292
0.017916221171617508
0.01791679486632347
0.017917385324835777
0.017917931079864502
0.01791844144463539
0.017918944358825684
0.017919419333338737
0.017919879406690598
0.01792030781507492
0.017920708283782005
0.01792106218636036
0.017921363934874535
0.01792166754603386
0.017921945080161095
0.017922407016158104
0.017922863364219666
0.017923297360539436
0.017923694103956223
0.017923902720212936
0.017924131825566292
0.017924390733242035
0.01792472042143345
0.01792505383491516
0.017925357446074486
0.017925649881362915
0.01792595349252224
0.017926223576068878
0.01792636141180992
0.017926502972841263
0.01792672835290432
0.017927071079611778
0.017927462235093117
0.017927806824445724
0.017928147688508034
0.01792849786579609
0.017928892746567726
0.01792922616004944
0.017929555848240852
0.01792989857494831
0.01793026551604271
0.017930584028363228
0.01793096400797367
0.017931334674358368
0.017931710928678513
0.017931988462805748
0.017932221293449402
0.017932508140802383
0.017932742834091187
0.01793297380208969
0.017933189868927002
0.017933474853634834
0.01793377473950386
0.017933974042534828
0.017934322357177734
0.01793486624956131
0.01793552376329899
0.017936188727617264
0.017936835065484047
0.01793745346367359
0.017937932163476944
0.017938483506441116
0.01793898083269596
0.01793932169675827
0.017939608544111252
0.01793975569307804
0.01794012449681759
0.01794048398733139
0.017940722405910492
0.017941052094101906
0.017941467463970184
0.017941875383257866
0.01794222928583622
0.017942525446414948
0.017942845821380615
0.01794319972395897
0.017943518236279488
0.01794389821588993
0.017944086343050003
0.017944134771823883
0.017944160848855972
0.0179442185908556
0.017944293096661568
0.017944244667887688
0.017944203689694405
0.01794417016208172
0.01794414222240448
0.017944298684597015
0.017944443970918655
0.017944520339369774
0.01794457994401455
0.01794450171291828
0.017944615334272385
0.017944980412721634
0.017945291474461555
0.017945555970072746
0.0179457888007164
0.01794600673019886
0.01794622465968132
0.01794632151722908
0.01794642210006714
0.017946505919098854
0.01794644445180893
0.017946409061551094
0.017946377396583557
0.01794636994600296
0.01794632337987423
0.017946260049939156
0.017946189269423485
0.017946120351552963
0.01794605143368244
0.017945967614650726
0.017945921048521996
0.017945926636457443
0.017945917323231697
0.01794591173529625
0.01794588379561901
0.017945868894457817
0.01794597879052162
0.01794605515897274
0.017946122214198112
0.017946116626262665
0.017946241423487663
0.017946384847164154
0.01794648915529251
0.01794656366109848
0.01794663444161415
0.017946721985936165
0.017946820706129074
0.017946932464838028
0.017947105690836906
0.017947226762771606
0.01794743351638317
0.017947647720575333
0.017947781831026077
0.017947763204574585
0.017948001623153687
0.0179480891674757
0.017948202788829803
0.017948424443602562
0.017948638647794724
0.01794891245663166
0.01794922538101673
0.017949610948562622
0.017949910834431648
0.017950037494301796
0.01795024983584881
0.017950503155589104
0.017950836569070816
0.017951099202036858
0.017951345071196556
0.017951395362615585
0.017951322719454765
0.01795126311480999
0.01795111410319805
0.017950840294361115
0.017950573936104774
0.017950180917978287
0.017949722707271576
0.01794937625527382
0.017949096858501434
0.01794884167611599
0.01794866845011711
0.01794842630624771
0.017948227003216743
0.017948051914572716
0.017947938293218613
0.017947843298316002
0.017947744578123093
0.017947664484381676
0.01794753409922123
0.01794741116464138
0.017947284504771233
0.017947182059288025
0.017947029322385788
0.017946820706129074
0.01794666238129139
0.017946520820260048
0.017946390435099602
0.01794624887406826
0.017946282401680946
0.017946286126971245
0.01794630102813244
0.017946310341358185
0.01794634386897087
0.017946438863873482
0.01794653944671154
0.017946580424904823
0.017946651205420494
0.017946815118193626
0.017946908250451088
0.017946919426321983
0.01794697530567646
0.01794705167412758
0.01794716902077198
0.017947206273674965
0.017947226762771606
0.017947303131222725
0.01794746145606041
0.017947642132639885
0.0179479718208313
0.017948327586054802
0.017948606982827187
0.017948925495147705
0.017949262633919716
0.017949793487787247
0.01795034669339657
0.01795084960758686
0.017951395362615585
0.01795184053480625
0.017952512949705124
0.017953122034668922
0.01795363426208496
0.017954081296920776
0.017954450100660324
0.017954761162400246
0.017955083400011063
0.017955368384718895
0.017955724149942398
0.017956197261810303
0.01795666664838791
0.017957085743546486
0.017957409843802452
0.017957672476768494
0.01795792207121849
0.017958125099539757
0.0179581455886364
0.01795843057334423
0.01795871928334236
0.01795903593301773
0.017959384247660637
0.01795969344675541
0.0179599616676569
0.017960257828235626
0.017960483208298683
0.017960883677005768
0.01796138845384121
0.017961915582418442
0.01796254888176918
0.017963124439120293
0.017963651567697525
0.017964141443371773
0.01796450838446617
0.017964906990528107
0.01796541176736355
0.017965862527489662
0.01796613447368145
