0
0
48251
33529
38771
53409
37706
40407
41942
43623
44972
42417
48705
41709
44447
48804
48899
36619
38516
39922
43629
47205
39027
37612
43399
40860
45827
43660
45086
49705
40859
36127
38627
35725
99200
58908
41837
55825
40972
42016
42616
46622
45198
35934
49952
40151
48618
46411
38018
41810
38920
39824
44613
37615
42209
39922
35712
40129
38452
45106
41009
46935
48727
28431
34927
44526
48804
41612
47911
52920
99200
42910
39551
40272
56968
41604
39921
34412
35017
40068
55813
47008
49213
42519
40335
38006
39023
48208
50808
39515
42118
42450
46107
43355
44149
48206
47162
48015
49123
42098
48799
48416
42565
54527
51038
54192
99200
58411
44371
50725
52039
46363
52913
57371
55058
58341
45216
46765
52931
55767
59756
51312
51336
49730
56312
61911
64412
57244
58638
53687
43942
58120
57238
61630
53652
65287
71959
68304
68220
68309
61441
61334
61011
79806
67451
68914
63049
66263
77311
58122
68818
64566
73782
67622
64927
66618
73813
63842
66809
59719
62410
65885
77526
77626
79901
72576
78311
80202
71041
71109
67104
75002
69311
66906
70227
79120
70811
74609
80105
99200
73110
79610
78617
85402
84314
80955
68442
71113
82204
88401
85214
76912
91500
81509
80715
87104
77533
87108
79475
76540
71133
89718
77907
85908
84408
88400
84105
80320
85602
87629
88302
84109
88200
85702
88105
99200
96201
81812
80311
91909
86905
90402
90425
85606
82503
91807
86442
84818
92807
92901
89403
79868
78452
83014
81324
88733
84409
78211
85312
83809
81105
81708
88748
90305
87905
84804
85603
89825
88930
92306
94401
99200
96080
96419
90701
83608
84701
85614
84303
90300
89906
82506
90300
85619
87703
88612
94200
99200
95404
94206
95200
92435
93402
99200
90702
88011
84720
90701
86378
87603
81811
84103
85301
95200
89504
95700
99200
99200
99200
95006
91602
94900
99200
99200
96601
96300
99200
96004
97000
99200
92570
99200
99200
99200
99200
99200
95105
99200
99200
99200
99200
99200
99200
99200
96002
94302
97300
99200
99200
95900
92709
99200
99200
99200
91219
92923
82559
84712
90205
90700
90103
89801
83803
83005
93401
80314
83105
85410
86302
90100
93801
88004
87205
84830
84702
89403
92901
92300
91404
92706
93401
92703
85612
79610
81802
85503
88302
90302
96000
99200
87803
86103
71128
71505
78507
84809
86306
81804
86902
84327
79426
75443
69748
81704
88801
85102
84110
80852
75607
82603
85032
89004
81105
77306
80209
83904
85602
78014
73704
78402
81905
80307
84667
80395
90791
99200
54814
55451
48842
49217
54807
56724
55512
48110
45316
54216
59431
51006
52713
55809
53707
52715
53916
58105
54133
54228
53808
46633
48315
53005
54310
58332
57509
60004
57230
52529
70606
60855
57317
54507
71305
99200
67012
66111
64412
72303
68903
65317
76110
75125
71920
68421
67805
75801
71108
75503
72003
73004
76008
62613
66907
77207
76601
68206
68507
65415
63007
67807
74318
72204
70609
70304
74744
71913
72013
64013
70024
91802
71713
76605
75615
72218
70238
77329
78907
77805
83602
80404
78703
80108
81703
84266
80805
79905
81619
79017
81104
77206
77906
80102
74108
85517
81805
74509
79603
75014
78209
79212
77005
74234
85401
82507
82402
99200
94100
82610
81104
85006
72015
71408
82501
87814
84457
88303
81009
76807
76703
74114
78505
83205
73612
79509
82907
83605
82704
82804
88623
91504
87406
85006
81940
87010
78116
75405
82702
89708
88845
83505
88601
99200
99200
99200
95516
97400
90407
91109
97500
95703
95802
97221
93602
97000
96901
96711
99200
99200
99200
99200
96000
94500
94308
96102
95101
96600
96045
95402
99200
99200
96115
94408
99200
99200
99200
97800
99200
99200
99200
99200
99200
95906
95703
99200
99200
99200
97601
97000
97500
99200
99200
99200
99200
99200
99200
99200
99200
93440
97400
97100
96801
99200
99200
97100
96800
98200
99200
99200
99200
97300
97400
97001
99200
99200
99200
99200
99200
99200
99200
93403
95801
99200
99200
99200
95900
93000
96500
99200
96201
96401
96506
99200
90106
92502
92902
96700
99200
99200
99200
99200
99200
99200
95603
96702
99200
99200
99200
99200
99200
99200
99200
95800
93203
87405
87620
92304
91805
92403
99200
89807
84025
96000
95900
96700
96305
91207
90405
92302
93901
90913
93607
99200
94103
95001
95700
91900
83603
85604
90704
94906
96405
99200
99200
95500
96000
99200
99200
99200
99200
99200
96200
96800
99200
99200
99200
95719
95606
99200
99200
99200
99200
99200
99200
99200
99200
95501
93107
99200
99200
99200
99200
93501
93701
99200
96803
96702
99200
99200
99200
99200
99200
99200
99200
99200
99200
99200
99200
99200
99200
96900
97400
99200
97000
93201
96200
95101
92003
91636
94466
99200
99200
99200
99200
96100
96200
99200
99200
99200
95802
93302
96700
99200
97300
97500
99200
92805
93301
99200
97107
97003
99200
99200
99200
99200
99200
99200
99200
99200
99200
99200
91605
93303
99200
99200
99200
99200
99200
99200
95700
96100
99200
99200
99200
99200
99200
99200
99200
99200
99200
99200
99200
99200
99200
99200
95400
94000
93801
96600
93500
94200
94900
95500
95700
99200
95400
93600
93700
95900
89802
90302
96001
97100
97200
94401
95801
99200
99200
95200
93603
93405
93000
94200
99200
92304
93104
95500
95900
95100
95800
99200
95800
99200
99200
99200
94704
95105
99200
99200
99200
95800
95900
95900
96200
95212
94911
99200
99200
99200
99200
99200
99200
99200
95900
96800
99200
99200
99200
99200
99200
99200
99200
99200
99200
99200
99200
99200
96200
96700
99200
99200
93208
93712
99200
99200
99200
96508
96903
99200
96338
99200
96900
91503
94701
96901
94901
94300
93813
96601
99200
96200
96201
96500
96501
96701
94002
96402
99200
99200
99200
99200
99200
99200
99200
93902
89905
92204
93901
97800
99200
99200
99200
91920
94803
99200
99200
99200
99200
99200
99200
93512
92904
95401
96209
94115
99200
95548
89315
91709
96300
96900
99200
99200
99200
96200
93403
96100
96600
92401
91503
89202
83705
85507
91005
90408
95208
90501
84502
87203
87902
88904
85705
84307
88001
87502
87509
91010
87913
90408
91418
88018
92913
99200
92601
87902
84141
85216
88905
90168
93100
89302
84817
90105
94202
92702
83813
81311
81609
87011
89307
86307
87302
80227
82412
89209
84615
86305
85303
86806
90113
88003
87006
90304
92427
99200
90601
80010
82421
88802
87011
87610
85204
86810
96801
87902
87405
91604
88605
86118
94300
94600
95001
92265
93004
92800
86906
88905
92536
95400
87404
88117
84103
86608
89845
89804
88813
93305
90608
90603
88504
88904
93203
91402
87203
88802
94400
94700
90119
92639
94900
95301
94700
93300
87801
88004
92602
93902
89104
92304
91901
91134
89603
90504
88806
88406
86121
89632
84288
81412
91919
89406
86728
90606
87605
85111
87218
88203
90133
88802
87006
83733
90219
84103
86608
90403
91534
89501
82606
83057
92100
90725
91401
99200
99200
97000
97500
99200
99200
99200
99200
99200
99200
99200
99200
99200
99200
99200
99200
99200
99200
96901
97519
99200
99200
99200
99200
99200
99200
99200
99200
99200
99200
99200
99200
99200
99200
99200
99200
99200
99200
99200
99200
99200
99200
99200
99200
99200
99200
97012
99200
99200
99200
97500
97502
99200
97200
97504
97300
97501
99200
99200
99200
99200
97300
97500
99200
99200
99200
99200
99200
99200
99200
99200
99200
99200
99200
99200
99200
99200
99200
99200
99200
99200
99200
99200
99200
99200
99200
99200
99200
99200
99200
99200
99200
99200
99200
99200
99200
99200
99200
99200
99200
99200
99200
99200
99200
99200
99200
99200
99200
99200
99200
99200
99200
99200
97501
99200
99200
97600
99200
99200
99200
99200
99200
97000
97400
97800
97801
99200
99200
99200
97900
99200
99200
99200
99200
99200
99200
97500
99200
99200
97502
99200
99200
99200
99200
99200
99200
93402
97230
99200
99200
99200
99200
97700
99200
99200
99200
99200
99200
99200
99200
99200
99200
99200
99200
99200
99200
99200
99200
99200
97200
99200
99200
99200
99200
99200
99200
99200
96700
97348
99200
99200
99200
99200
99200
98200
97600
99200
99200
99200
99200
99200
99200
99200
99200
99200
99200
99200
99200
99200
99200
99200
99200
99200
99200
99200
99200
99200
99200
99200
99200
99200
99200
99200
99200
98200
99200
99200
96900
99200
99200
99200
97800
99200
99200
99200
99200
99200
99200
99200
99200
99200
99200
98100
96201
99200
99200
97002
97601
99200
99200
99200
99200
99200
99200
99200
99200
97200
99200
99200
99200
99200
99200
99200
99200
96300
99200
99200
99200
99200
99200
99200
97501
99200
99200
99200
99200
99200
97006
95700
99200
99200
99200
99200
99200
99200
99200
99200
96313
99200
99200
97100
99200
99200
99200
99200
95401
99200
99200
99200
99200
99200
99200
99200
99200
99200
99200
99200
99200
99200
99200
99200
99200
99200
99200
99200
99200
99200
99200
99200
99200
99200
99200
99200
99200
99200
99200
99200
99200
99200
99200
99200
99200
99200
99200
99200
97300
99200
99200
99200
99200
99200
97700
99200
99200
97000
99200
99200
99200
99200
99200
99200
99200
99200
99200
99200
99200
99200
96900
99200
99200
97700
99200
99200
97601
99200
99200
99200
99200
99200
99200
99200
99200
96401
96100
99200
99200
99200
93505
93901
95800
99200
94108
94200
93901
99200
99200
93960
93201
99200
96002
97700
96200
96601
96200
96405
96300
94031
96700
96005
99200
96500
94801
99200
99200
97000
99200
99200
94611
96600
93600
91604
93902
99200
95501
96101
96701
94901
92109
94803
99200
96004
97500
94401
96800
95724
95601
96200
95709
94202
92003
84341
89700
96302
94701
96100
93609
90244
93101
90115
94900
97502
97901
99200
96500
96300
96500
96600
96400
96000
96700
96500
96601
96600
96700
96200
95900
96100
96400
96700
96700
95400
96507
96700
96700
97100
96800
93001
94000
96500
96900
98400
96100
94001
93300
96200
96800
96700
96500
99200
97501
97900
97609
97539
99200
97204
97000
99200
99200
97501
94803
97719
97600
97601
95901
96801
93705
93504
99200
97000
95801
97801
95313
97201
97000
97800
93701
95704
96900
99200
95801
96702
97001
96603
97202
99200
99200
99200
99200
99200
99200
99200
99200
99200
99200
99200
99200
99200
99200
99200
99200
99200
99200
99200
99200
99200
99200
99200
99200
99200
99200
99200
99200
99200
99200
99200
99200
99200
99200
99200
99200
99200
99200
97903
99200
99200
99200
99200
99200
99200
99200
99200
99200
99200
99200
96903
96900
97000
97100
99200
99200
99200
99200
99200
99200
99200
99200
99200
99200
99200
99200
99200
99200
99200
99200
99200
99200
99200
99200
99200
99200
99200
99200
99200
99200
99200
97300
99200
99200
99200
99200
99200
99200
99200
99200
99200
99200
99200
99200
97400
99200
99200
97000
97100
99200
99200
99200
99200
99200
99200
99200
99200
99200
99200
99200
99200
99200
99200
99200
99200
99200
99200
99200
99200
99200
99200
99200
99200
99200
99200
99200
99200
99200
99200
99200
99200
99200
99200
99200
99200
99200
99200
99200
99200
99200
99200
99200
99200
99200
99200
99200
99200
99200
99200
96001
96300
99200
99200
99200
99200
99200
99200
99200
99200
99200
99200
99200
99200
99200
99200
99200
99200
99200
96201
99200
99200
99200
97300
99200
99200
99200
99200
99200
99200
99200
99200
99200
99200
99200
99200
99200
99200
99200
99200
99200
99200
99200
99200
99200
99200
99200
99200
99200
99200
99200
99200
99200
99200
99200
99200
99200
99200
99200
99200
96900
97700
99200
99200
99200
99200
99200
99200
99200
99200
99200
99200
97400
98100
99200
97606
97400
97600
99200
99200
99200
99200
99200
97667
97600
99200
97701
97401
97800
97300
98000
99200
99200
99200
99200
99200
99200
99200
99200
99200
97400
96800
99200
95801
96000
99200
95804
96100
99200
95901
96100
99200
99200
99200
99200
93904
91401
95900
96500
91503
96201
99200
96212
96600
97100
99200
99200
95800
95800
96302
99200
99200
99200
99200
99200
99200
99200
99200
99200
99200
99200
99200
99200
99200
99200
99200
99200
99200
99200
99200
99200
99200
99200
99200
99200
99200
99200
99200
99200
99200
99200
99200
99200
99200
99200
99200
99200
99200
99200
99200
99200
99200
99200
99200
99200
99200
99200
99200
99200
99200
99200
99200
99200
99200
99200
99200
99200
99200
99200
99200
99200
99200
99200
99200
99200
99200
99200
99200
99200
99200
99200
99200
99200
99200
99200
99200
99200
99200
99200
99200
99200
99200
99200
99200
99200
99200
99200
99200
99200
99200
99200
99200
97100
97200
99200
99200
99200
99200
99200
99200
99200
99200
99200
99200
99200
99200
99200
99200
99200
99200
99200
99200
99200
99200
99200
99200
99200
99200
99200
99200
99200
99200
99200
99200
99200
99200
99200
99200
99200
99200
99200
99200
99200
99200
99200
99200
99200
99200
99200
99200
99200
99200
99200
99200
99200
99200
99200
99200
99200
99200
99200
99200
99200
99200
99200
99200
99200
98000
94702
97800
99200
96512
96601
99200
99200
99200
99200
99200
99200
99200
99200
99200
99200
99200
99200
99200
99200
97501
99200
99200
96900
97600
99200
99200
99200
99200
99200
99200
99200
94901
93605
95903
99200
96100
94501
95029
97100
93800
92301
90806
94300
94901
93702
97200
93701
93101
96300
99200
94805
94701
99200
99200
96501
95101
93905
93203
97300
97500
99200
99200
92010
91702
94300
99200
99200
95707
99200
96604
96500
93201
90204
92401
95200
95100
95100
93802
90503
92801
93900
92902
93801
93902
95503
97300
95602
93653
91707
88503
91601
93411
91105
96601
93201
95500
99200
96301
96301
94302
91903
95900
99200
90202
88801
88501
87703
86906
87702
90101
91400
88603
82323
90602
92002
86002
88902
88304
88103
92400
84706
79813
86904
86620
91305
93301
88419
87505
88503
83917
86407
90001
84510
87403
88303
86702
89003
91206
99200
95906
96001
99200
99200
92600
86406
93401
96218
93502
96900
91634
91906
97700
98001
97600
98300
95200
95100
95500
96900
97314
98103
97409
97701
99200
97707
99200
97301
94948
96909
97158
93408
94902
96400
94700
99200
99200
96700
96800
99200
99200
99200
99200
99200
99200
99200
99200
99200
99200
96900
96900
99200
99200
99200
99200
99200
99200
99200
99200
99200
99200
96703
97301
96400
97000
99200
99200
96900
97200
99200
99200
99200
99200
99200
99200
99200
99200
99200
99200
99200
99200
99200
99200
99200
99200
99200
99200
99200
99200
99200
99200
99200
99200
99200
99200
99200
99200
99200
99200
99200
99200
99200
99200
99200
99200
99200
99200
99200
99200
99200
99200
99200
99200
99200
99200
99200
99200
99200
99200
99200
99200
99200
99200
99200
99200
99200
99200
99200
99200
99200
99200
99200
99200
99200
99200
99200
99200
99200
99200
99200
99200
99200
99200
99200
99200
97800
98200
99200
99200
99200
99200
99200
97616
96304
97800
99200
99200
99200
99200
99200
97700
97600
99200
99200
99200
97801
98200
99200
99200
97503
97702
99200
99200
99200
99200
99200
99200
97800
96401
99200
99200
99200
99200
99200
99200
99200
99200
99200
99200
99200
99200
99200
99200
99200
99200
99200
99200
99200
99200
99200
99200
99200
99200
99200
99200
99200
99200
99200
99200
96400
96901
99200
99200
99200
99200
99200
99200
99200
99200
99200
99200
99200
99200
99200
99200
99200
99200
99200
99200
99200
99200
99200
99200
99200
99200
99200
99200
99200
99200
99200
99200
97706
99200
99200
99200
99200
99200
99200
99200
99200
99200
99200
99200
99200
99200
99200
99200
99200
99200
99200
99200
99200
99200
97300
97700
99200
99200
99200
99200
99200
99200
99200
99200
99200
99200
99200
99200
99200
99200
99200
99200
99200
99200
99200
99200
99200
99200
99200
99200
97400
97500
96101
97600
98000
97900
96300
96401
96301
96802
97400
95005
92112
95105
97804
96900
94901
95105
94502
94803
96200
95200
97601
99200
99200
94001
94402
96200
95904
96301
96104
97602
99200
99200
99200
96201
94201
93701
92606
96301
91004
93600
92602
90203
92500
89006
89806
97700
95200
91501
90902
90211
93504
91735
87809
85911
89204
90601
90802
85117
83407
92601
95100
90003
91805
92409
92901
92801
92400
90601
99200
99200
98100
96700
97000
98000
97800
96801
96700
98200
99200
98100
96102
95402
95301
95100
95102
99200
98000
98400
97400
96701
98000
98100
99200
96500
96600
96800
97701
95601
94302
96600
98500
98200
98300
98100
99200
91203
90719
95707
93506
88508
89905
92403
92401
93006
97800
96042
92504
89603
89207
89916
92110
92402
93203
97600
96300
94202
95302
97700
96200
94403
90201
84604
90804
95200
94300
94003
97400
97702
93902
90706
99200
99200
99200
99200
99200
99200
99200
99200
99200
99200
99200
99200
99200
99200
99200
99200
99200
99200
99200
99200
99200
99200
99200
99200
99200
99200
99200
99200
99200
99200
99200
99200
99200
99200
99200
99200
99200
99200
99200
99200
99200
99200
99200
99200
99200
99200
99200
99200
99200
99200
99200
99200
99200
99200
99200
99200
99200
99200
99200
99200
99200
99200
99200
99200
99200
99200
99200
99200
99200
99200
99200
99200
99200
99200
99200
99200
99200
99200
99200
99200
99200
99200
99200
99200
99200
99200
99200
99200
99200
99200
99200
99200
99200
99200
99200
99200
99200
99200
99200
99200
99200
99200
99200
99200
99200
99200
99200
99200
99200
99200
99200
99200
99200
99200
99200
99200
99200
99200
99200
99200
99200
99200
99200
99200
99200
99200
99200
99200
99200
99200
99200
99200
99200
99200
99200
99200
99200
99200
99200
99200
99200
99200
99200
99200
99200
99200
99200
99200
99200
99200
99200
99200
99200
99200
99200
99200
99200
99200
99200
99200
99200
99200
99200
99200
99200
99200
99200
99200
99200
99200
99200
99200
99200
99200
99200
99200
99200
99200
99200
99200
99200
99200
99200
99200
99200
99200
99200
99200
99200
99200
99200
99200
99200
97007
97001
99200
99200
99200
99200
99200
99200
96902
97107
99200
99200
99200
99200
99200
99200
99200
99200
99200
99200
99200
99200
99200
99200
99200
99200
99200
99200
99200
99200
99200
99200
99200
99200
99200
99200
99200
99200
99200
99200
99200
99200
99200
99200
99200
99200
99200
99200
99200
99200
99200
99200
99200
99200
99200
99200
99200
99200
99200
99200
99200
99200
99200
99200
99200
99200
99200
99200
99200
99200
99200
99200
99200
99200
99200
99200
99200
99200
99200
99200
99200
99200
99200
99200
99200
99200
99200
99200
99200
99200
99200
99200
99200
99200
99200
99200
99200
99200
99200
99200
99200
99200
99200
99200
99200
99200
99200
99200
99200
99200
99200
99200
99200
99200
99200
99200
99200
99200
99200
99200
99200
99200
99200
99200
99200
99200
99200
99200
99200
99200
99200
99200
99200
99200
99200
99200
99200
99200
99200
99200
99200
99200
99200
99200
99200
99200
99200
99200
99200
99200
99200
99200
99200
99200
99200
99200
99200
99200
99200
99200
99200
99200
99200
99200
99200
99200
99200
99200
99200
99200
97100
99200
99200
99200
99200
99200
99200
99200
99200
99200
99200
99200
99200
99200
99200
99200
99200
99200
99200
99200
99200
99200
99200
99200
99200
99200
99200
99200
99200
99200
99200
99200
99200
99200
99200
99200
99200
96000
96505
96800
97400
99200
99200
99200
99200
99200
