None
None
None
None
None
None
None
None
None
None
None
None
None
None
None
None
None
None
None
None
None
None
None
None
None
None
None
None
None
None
None
None
None
None
None
None
None
None
None
None
None
None
None
None
None
None
None
None
None
None
None
None
None
None
None
None
None
None
None
None
None
None
None
None
None
None
None
0.9955819491297007
0.9941789600998163
0.9921710733324289
0.9902308266609907
0.9878193903714418
0.9853094760328531
0.9832567367702723
0.9812875185161829
0.9793479070067406
0.9774976950138807
0.9757383111864328
0.9755103010684252
0.9736534655094147
0.9702042117714882
0.9691333528608084
0.9699343461543322
0.9676139112561941
0.9665185604244471
0.9630105160176754
0.9627258367836475
0.96261240914464
0.9618784412741661
0.9542171470820904
0.9546753764152527
0.9516201838850975
0.9578949678689241
0.9562409482896328
0.9595917537808418
0.947140246629715
0.9444825146347284
0.9502864945679903
0.9420806877315044
0.9475293401628733
0.9445638172328472
0.9486095979809761
0.9341489020735025
0.9320671185851097
0.919245133176446
0.924687597900629
0.9253932535648346
0.9396229684352875
0.9222996402531862
0.9237376768141985
0.908710541203618
0.9162777476012707
0.9197035189718008
0.8974480461329222
0.9036453831940889
0.8908483702689409
0.9149144813418388
0.9079663306474686
0.8895238824188709
0.9115415159612894
0.8839407134801149
0.9080148730427027
0.866891847923398
0.8714098799973726
0.9000976849347353
0.8682898227125406
0.9050080738961697
0.9264860898256302
0.8589471392333508
0.882123427465558
0.8794145956635475
0.8779535442590714
0.8752659354358912
0.8597741723060608
0.8813995886594057
0.8376961778849363
0.8620983138680458
0.840842442587018
0.8547989130020142
0.8504309616982937
0.8347180541604757
0.8748082779347897
0.8841501008719206
0.8846155926585197
0.856965247541666
0.8584844693541527
0.8005431201308966
0.8371089734137058
0.8190422262996435
0.8180264793336391
0.8431086465716362
0.8276029918342829
0.8463393561542034
0.8087925873696804
0.8409677408635616
0.8711211290210485
0.8380934651941061
0.8492028303444386
0.8376152068376541
0.8070396091789007
0.8229589648544788
0.7813525926321745
0.8279853817075491
0.7915659099817276
0.7939605861902237
0.7746207118034363
0.8409771230071783
0.7755717560648918
0.7964249197393656
0.8117154091596603
0.8206284213811159
0.7669759690761566
0.8072344735264778
0.8399444129317999
0.8114248793572187
0.7838693205267191
0.7721955832093954
0.779016887769103
0.7740147653967142
0.8087961431592703
0.8001222107559443
0.761783754453063
0.7677561677992344
0.7830438949167728
0.7895494401454926
0.7581229768693447
0.8451683484017849
0.6962065417319536
0.8040375020354986
0.7961979508399963
0.7724690046161413
0.753713846206665
0.7092605866491795
0.7966335378587246
0.8307391293346882
0.79775520414114
0.794624587520957
0.8191228322684765
0.7900071982294321
0.8076627422124147
0.7061371486634016
0.8438366111367941
0.7428788430988789
0.8019895199686289
0.7703331466764212
0.7487110309302807
0.7898516114801168
0.7909589931368828
0.7576502319425344
0.7655668444931507
0.7182627208530903
0.7688456904143095
0.7917657010257244
0.8033166006207466
0.7714055776596069
0.6833448428660631
0.7650704719126225
0.7757355030626059
0.7946280613541603
0.7532948832958937
0.7126096859574318
0.7696601841598749
0.6779606584459543
0.7931053712964058
0.7886512838304043
0.7017479110509157
0.7860520146787167
0.7973644528537989
0.749715531244874
0.7153726108372211
0.748803922906518
0.8332487475126982
0.7267482075840235
0.664663365110755
0.7506994642317295
0.7271556276828051
0.7200454063713551
0.6956533528864384
0.75916563346982
0.7693073134869337
0.8006092458963394
0.7409338913857937
0.7748285010457039
0.6757519692182541
0.658423813059926
0.7216502781957388
0.708483450114727
0.7573160231113434
0.6952921655029058
0.8402505908161402
0.7724496517330408
0.7406602669507265
0.7506329994648695
0.8325910065323114
0.6957435198128223
0.7614307552576065
0.7469153217971325
0.6025724187493324
0.6830493435263634
0.7446208763867617
0.7734468895941973
0.7864954490214586
0.7790688071399927
0.7959677968174219
0.7545707207173109
0.7279461361467838
0.7282870262861252
0.7133209854364395
0.686166612431407
0.6805027332156897
0.7232971023768187
0.7283551804721355
0.7927057985216379
0.6797148939222097
0.7927976585924625
0.8303126078099012
0.5883609279990196
0.7507509682327509
0.7276609595865011
0.7402513734996319
0.8632707688957453
0.704224893823266
0.7317397017031908
0.7181357704102993
0.7388505022972822
0.6734604965895414
0.6755141597241163
0.7831907738000154
0.6963770687580109
0.8296654280275106
0.7343562729656696
0.7738703358918428
0.6227613631635904
0.7317310106009245
0.7613686360418797
0.7486344613134861
0.806161904707551
0.7697682306170464
0.6484393868595362
0.6282050386071205
0.7294256221503019
0.6468694489449263
0.6616018787026405
0.6103201508522034
0.6516609024256468
0.7383772283792496
0.5864932518452406
0.7591573297977448
0.7120369356125593
0.6587125081568956
0.7940343376249075
0.7357351500540972
0.7922233883291483
0.679868770763278
0.7135881166905165
0.6713750548660755
0.7848483379930258
0.6929100248962641
0.6247753296047449
0.7549683433026075
0.634554473683238
0.7176417578011751
0.7176033928990364
0.8264145627617836
0.760998860001564
0.637019544839859
0.6542207319289446
0.6620181482285261
0.6351153161376715
0.6492228824645281
0.7038298044353724
0.7576547805219889
0.7264233659952879
0.7454595938324928
0.6490597948431969
0.6663278788328171
0.6264792308211327
0.7411270998418331
0.7723424229770899
0.7192243244498968
0.6701990086585283
0.6733958404511213
0.5303314030170441
0.772600956261158
0.6624511908739805
0.7494729217141867
0.6285785976797342
0.6309554427862167
0.7715225704014301
0.7644419055432081
0.801717622205615
0.6746083274483681
0.7811410520225763
0.6402460047975183
0.7428253423422575
0.6442592348903418
0.7967478949576616
0.6214507883414626
0.7567402087152004
0.6377556398510933
0.754559738561511
0.5518730161711574
0.7051400169730186
0.7311025084927678
0.746913792565465
0.8033772967755795
0.6088006952777505
0.6452482100576162
0.7241451367735863
0.6363298445940018
0.741976760327816
0.6595368050038815
0.6470561306923628
0.6706782709807158
0.6202037064358592
0.6281431587412953
0.6721590999513865
0.7898999946191907
0.7006751876324415
0.6953829135745764
0.6119418181478977
0.6130631770938635
0.6560091190040112
0.7038402538746595
0.8301934320479631
0.7644340824335814
0.7167970929294825
0.6698861559852958
0.8360163122415543
0.5944183450192213
0.6795328333973885
0.6443590614944696
0.6604460924863815
0.6245974004268646
0.6728329434990883
0.6182952532544732
0.6210931837558746
0.6962595116347075
0.6620972938835621
0.6657738033682108
0.6105054896324873
0.5666665872558951
0.644592409953475
0.678487098775804
0.5472586629912257
0.7341702096164227
0.7069815928116441
0.645351187326014
0.7678629830479622
0.6882984861731529
0.8027679640799761
0.6630714572966099
0.7704145163297653
0.545062068849802
0.6547997035086155
0.6358552929013968
0.6761307846754789
0.6258738925680518
0.557840689085424
0.6343826372176409
0.6762207914143801
0.6596778072416782
0.6515013184398413
0.730263739824295
0.6693273028358817
0.6516627017408609
0.7591481935232878
0.6382147576659918
0.7197029599919915
0.5917363865301013
0.5875658504664898
0.566884926520288
0.6920091919600964
0.7193066980689764
0.7128829471766949
0.7090845219790936
0.6348521048203111
0.7635527867823839
0.6793862450867891
0.6444367337971926
0.56374366953969
0.6924226600676775
0.7486981768161058
0.7719214800745249
0.7397025506943464
0.7453897371888161
0.5612982362508774
0.7084836736321449
0.7952385414391756
0.700220474973321
0.6956289215013385
0.6606079144403338
0.7402334231883287
0.7693977653980255
0.6409202171489596
0.6862021386623383
0.6157085075974464
0.7512507773935795
0.6491599809378386
0.7754518687725067
0.7168510463088751
0.7167616467922926
0.777875991538167
0.63443673402071
0.6944061424583197
0.63478531409055
0.5944937793537974
0.7114825751632452
0.5784589517861605
0.6816627290099859
0.715283727273345
0.6826916038990021
0.7269138321280479
0.7088071331381798
0.8131539802998304
0.7113003898411989
0.7510268334299326
0.7026044260710478
0.6995357554405928
0.6956979967653751
0.6251167571172118
0.6667018905282021
0.6812557335942984
0.7289005778729916
0.8231087680906057
0.7414691131561995
0.7034544702619314
0.6331195496022701
0.7224605474621058
0.6835683397948742
0.6031227819621563
0.7473399359732866
0.8170975968241692
0.576165871694684
0.8395112883299589
0.6934128310531378
0.7516569588333368
0.7140668518841267
0.63803053740412
0.6021984284743667
0.7240047948434949
0.6674079950898886
0.6531282085925341
0.7798237204551697
0.6503111412748694
0.6197554431855679
0.7127404687926173
0.7788330875337124
0.6753522735089064
0.7014188393950462
0.7678575851023197
0.754912780597806
0.563746846280992
0.6778609938919544
0.6834113076329231
0.6173720061779022
0.6387137323617935
0.6585050541907549
0.810429036617279
0.6999937444925308
0.6556297820061445
0.7846052851527929
0.6971139963716269
0.8535775411874056
0.6134521216154099
0.5893446495756507
0.6513973064720631
0.6700004348531365
0.587167919613421
0.6740725375711918
0.713674284517765
0.741368418559432
0.6367780938744545
0.7809883989393711
0.6863579992204905
0.6208034418523312
0.719302486628294
0.7437181398272514
0.7731782626360655
0.7693416532129049
0.7497194483876228
0.6543683502823114
0.7234154623001814
0.7494851276278496
0.7410107031464577
0.8152178339660168
0.7636653333902359
0.7500445451587439
0.7278171516954899
0.6691590202972293
0.6848239041864872
0.7070817891508341
0.5993062611669302
0.7510929368436337
0.7112089172005653
0.7601548917591572
0.8420989159494638
0.6294487174600363
0.6695117047056556
0.5728831775486469
0.7415524832904339
0.6320723704993725
0.7009017430245876
0.6644122367724776
0.6300722435116768
0.7845445610582829
0.7065368536859751
0.6745419260114431
0.7803087737411261
0.7468340937048197
0.806781118735671
0.7222760133445263
0.7388151995837688
0.659244554117322
0.6921015474945307
0.6940377149730921
0.702707763761282
0.7683745790272951
0.6481962781399488
0.657776016741991
0.7947887014597654
0.6730480333790183
0.7677147909998894
0.7083425614982843
0.7517461590468884
0.7507586050778627
0.8111215271055698
0.6625982727855444
0.8366933967918158
0.7757403999567032
0.8208307754248381
0.7374155875295401
0.7494096346199512
0.8086160719394684
0.7658946737647057
0.6802166067063808
0.7052231524139643
0.8212100993841887
0.7751262281090021
0.6880498789250851
0.7512620389461517
0.7323839757591486
0.6783253997564316
0.7880570124834776
0.6742567317560315
0.7144984770566225
0.6784490123391151
0.8966045677661896
0.8192249350249767
0.7279257066547871
0.747973021119833
0.738562760874629
0.7356434687972069
0.7209757287055254
0.7220591194927692
0.7664607167243958
0.7534070238471031
0.6681271623820066
0.7133593633770943
0.7375906258821487
0.6721656732261181
0.7701597735285759
0.677922835573554
0.7215624712407589
0.7401165664196014
0.7773694321513176
0.8116701431572437
0.7508779708296061
0.7899501547217369
0.7643558979034424
0.8114636670798063
0.8879854213446379
0.708979032933712
0.7654745578765869
0.7216088734567165
0.7517806384712458
0.8013633023947477
0.809469673782587
0.7614747900515795
0.7699113730341196
0.7462139893323183
0.7683289479464293
0.7297723926603794
0.7560989893972874
0.7206544857472181
0.8000845815986395
0.7854928486049175
0.8912451155483723
0.8646933007985353
0.8053240664303303
0.7568520084023476
0.8574766833335161
0.7541327886283398
0.7402395848184824
0.7880890071392059
0.7530846334993839
0.8367531001567841
0.6999780088663101
0.7399802431464195
0.701545799151063
0.8151016719639301
0.8085673432797194
0.8695234581828117
0.7282471265643835
0.8092414997518063
0.8496612384915352
0.8113643024116755
0.781172139570117
0.8015159126371145
0.6837754677981138
0.8173812236636877
0.7896611616015434
0.6831497568637133
0.7607439626008272
0.873198714107275
0.8368133809417486
0.8007314577698708
0.7589117046445608
0.769164964556694
0.836548063904047
0.7271849047392607
0.7576371189206839
0.8483178801834583
0.8696297854185104
0.7028192952275276
0.6832621283829212
0.7312691397964954
0.7599184531718493
0.8410598784685135
0.8616347312927246
0.818628054112196
0.7582102101296186
0.8714312389492989
0.7592602930963039
0.8000577315688133
0.8180284351110458
0.77161387167871
0.8672046940773726
0.7535897884517908
0.8532911539077759
0.8031778167933226
0.8354750778526068
0.7463793102651834
0.7340707331895828
0.884443012997508
0.775285180658102
0.8223793599754572
0.768419660627842
0.8257352989166975
0.8341447152197361
0.8101341538131237
0.7261843346059322
0.7409129776060581
0.7446965835988522
0.7407492976635695
0.7492674365639687
0.75606419891119
0.8401487953960896
0.7605701368302107
0.7036311235278845
0.7649919521063566
0.82338447868824
0.7200776897370815
0.8402566239237785
0.7541577760130167
0.8243894129991531
0.7914491798728704
0.78849246352911
0.7203558813780546
0.767705287784338
0.7015152461826801
0.781195180490613
0.7880867011845112
0.8277536183595657
0.7989280745387077
0.8121203407645226
0.7250449284911156
0.7675058003515005
0.7926656194031239
0.8805896062403917
0.7219790648669004
0.7377387918531895
0.8393317554146051
0.8316258322447538
0.7861682455986738
0.6879518385976553
0.7615048047155142
0.7866393756121397
0.8184106443077326
0.8294298145920038
0.8432081732898951
0.7477483451366425
0.9021133966743946
0.8359442222863436
0.7780335638672113
0.8137882091104984
0.7956854607909918
0.7837542165070772
0.7682056445628405
0.785200759768486
0.8137220423668623
0.8100872151553631
0.7761455532163382
0.7476682029664516
0.7609902154654264
0.85352030582726
0.7702553737908602
0.7746639028191566
0.7766964137554169
0.8693852163851261
0.7737733498215675
0.8030752092599869
0.8406275697052479
0.7550949584692717
0.8052695039659739
0.7658414840698242
0.7522616256028414
0.7712383568286896
0.840857807546854
0.8359427843242884
0.8624946158379316
0.8104162234812975
0.8522502649575472
0.8100519813597202
0.7157611735165119
0.7684657443314791
0.8138655126094818
0.8709649089723825
0.7827620208263397
0.7870669756084681
0.8343396354466677
0.7621191386133432
0.7905318811535835
0.79097705706954
0.7895204182714224
0.7947927657514811
0.7689995095133781
0.7691061869263649
0.7981752026826143
0.8247881457209587
0.8506695572286844
0.8422286827117205
0.7716711536049843
0.8398451879620552
0.7917552851140499
0.8303288016468287
0.7956024166196585
0.8256056196987629
0.786803562194109
0.8264067973941565
0.798107860609889
0.7925835028290749
0.8037858344614506
0.8121445700526237
0.7424347475171089
0.796516016125679
0.8684914167970419
0.8692838195711374
0.7406523767858744
0.8063001316040754
0.8256957624107599
0.7272388096898794
0.7755288928747177
0.8464478235691786
0.8015412054955959
0.9124382603913546
0.8285677339881659
0.8172014821320772
0.8411309327930212
0.8118788115680218
0.8156874682754278
0.8588368762284517
0.6860841363668442
0.8120800424367189
0.8206933978945017
0.8457367196679115
0.8807598929852247
0.735762495547533
0.8026476204395294
0.8576434757560492
0.8185745533555746
0.8529823794960976
0.7654705941677094
0.7917894162237644
0.818433778360486
0.8791434224694967
0.8779463861137629
0.7768655363470316
0.8057516478002071
0.8129203449934721
0.7790760081261396
0.7386741228401661
0.827938724309206
0.7908191550523043
0.8880393616855145
0.7403850555419922
0.8392485287040472
0.826349213719368
0.7823618929833174
0.8775973115116358
0.8571011796593666
0.79862773232162
0.8335549309849739
0.873079827055335
0.8555432427674532
0.8780042305588722
0.7993655670434237
0.835060590878129
0.7725627906620502
0.7695947121828794
0.820459870621562
0.8245153594762087
0.7990523856133223
0.7993241082876921
0.8046019542962313
0.8213872201740742
0.8558431752026081
0.8196065053343773
0.8336996883153915
0.8514120038598776
0.8734792228788137
0.7919521294534206
0.8805860411375761
0.7833129707723856
0.8018739055842161
0.7498872727155685
0.7401038743555546
0.7374346442520618
0.7915348038077354
0.8124733455479145
0.8420279361307621
0.834423029795289
0.7856943532824516
0.8222829736769199
0.7534740846604109
0.8075643368065357
0.8552754037082195
0.8449629284441471
0.8144626636058092
0.8084841761738062
0.8606785740703344
0.8223804030567408
0.7625926844775677
0.8117010127753019
0.7797744758427143
0.8163667321205139
0.7925332803279161
0.7823161818087101
0.8225422035902739
0.7936876267194748
0.8626027833670378
0.8539667725563049
0.809737017378211
0.7425743043422699
0.8418877068907022
0.8284879308193922
0.8081997577100992
0.7458018325269222
0.8816499803215265
0.8843698799610138
0.8509917594492435
0.7872116137295961
0.855940330773592
0.842471519485116
0.8021472413092852
0.8159103598445654
0.8989874739199877
0.84542141482234
0.8596689961850643
0.854375321418047
0.8018696513026953
0.8661558590829372
0.8152617160230875
0.8891303706914186
0.8319903872907162
0.8569649886339903
0.7643510308116674
0.7951618228107691
0.8293427620083094
0.8547453545033932
0.8662336692214012
0.8182504028081894
0.7912118528038263
0.8366765398532152
0.8195349760353565
0.8108251877129078
0.820729399099946
0.7397684417665005
0.8013206478208303
0.7986620608717203
0.8937422931194305
0.8279299922287464
0.8524266425520182
0.8193970285356045
0.8962418437004089
0.7983353920280933
0.7976034749299288
0.8658277932554483
0.8544686120003462
0.8526762239634991
0.7967106401920319
0.8645936064422131
0.8438134398311377
0.8505357038229704
0.8654606305062771
0.8394255265593529
0.8418005239218473
0.8386678695678711
0.827865594998002
0.8594770971685648
0.8934083543717861
0.7926909364759922
0.8250491060316563
0.8745605703443289
0.8830808661878109
0.8178734239190817
0.8917184211313725
0.8248562291264534
0.8312442675232887
0.8262213077396154
0.8794429041445255
0.8300822377204895
0.8086896073073149
0.8315453827381134
0.8463416136801243
0.868572436273098
0.8948557376861572
0.884152963757515
0.867891252040863
0.8170011341571808
0.9133588224649429
0.8903994858264923
0.8626993354409933
0.8321497850120068
0.7849850356578827
0.8142637927085161
0.8198301363736391
0.8024278115481138
0.8347776718437672
0.7946235556155443
0.8370930291712284
0.8657550122588873
0.8727640006691217
0.784593366086483
0.883289759978652
0.8774875309318304
0.7768181022256613
0.8306562900543213
0.8535234108567238
0.7929653916507959
0.8091105353087187
0.8226683605462313
0.8214470166712999
0.8137623220682144
0.8258733507245779
0.8168115969747305
0.8608675878494978
0.8579945955425501
0.9001798145473003
0.8339060340076685
0.8913940358906984
0.8914241008460522
0.8657519351691008
0.8863001689314842
0.8342401385307312
0.8906497843563557
0.763071795925498
0.8181306049227715
0.7817107997834682
0.8982742670923471
0.8971696440130472
0.9068259038031101
0.8514306787401438
0.8575225230306387
0.779616579413414
0.8763871267437935
0.9144519884139299
0.8747886307537556
0.8242190536111593
0.801061762496829
0.8180703762918711
0.8603402804583311
0.8715160172432661
0.8735319282859564
0.7744293138384819
0.88125791400671
0.8607759103178978
0.8534387517720461
0.8220702167600393
0.8502992875874043
0.8855009507387877
0.9042441230267286
0.8512542359530926
0.8921190313994884
0.9060152843594551
0.8789896406233311
0.8414603844285011
0.9013282973319292
0.8753809481859207
0.8592177648097277
0.8735489379614592
0.8557556122541428
0.8539963997900486
0.8570233974605799
0.8717601858079433
0.8633591625839472
0.8640374857932329
0.8848103862255812
0.856111379340291
0.8632986452430487
0.9055488836020231
0.8513883017003536
0.8309406116604805
0.7902238816022873
0.8666161075234413
0.9159336257725954
0.849402142688632
0.8223235346376896
0.8573238588869572
0.8448556829243898
0.87188477255404
0.8649193290621042
0.8181845601648092
0.8197405431419611
0.9075587168335915
0.7965516392141581
0.8508213497698307
0.8107397668063641
0.8701564781367779
0.866599328815937
0.8970453273504972
0.8737434335052967
0.908372400328517
0.8906590435653925
0.8222305122762918
0.8374213110655546
0.922157621011138
0.8961229845881462
0.8570606857538223
0.8518282882869244
0.9050233289599419
0.867649283260107
0.8593799117952585
0.8356173578649759
0.8763408586382866
0.8266209028661251
0.841610973700881
0.8857998214662075
0.8469195310026407
0.8328437115997076
0.8443626910448074
0.8394939936697483
0.8341031689196825
0.8680449947714806
0.9053294621407986
0.8782731052488089
0.9038611594587564
0.9279260858893394
0.8826605807989836
0.8549497835338116
0.835389506071806
0.8732071127742529
0.8640872146934271
0.817707346752286
0.8136418126523495
0.894400367513299
0.8697785455733538
0.8704744093120098
0.897811122238636
0.8426109217107296
0.8685140646994114
0.8444242887198925
0.899370901286602
0.8485627770423889
0.8119752015918493
0.842070909217
0.827501704916358
0.8782924078404903
0.8940138965845108
0.8850097320973873
0.8410510458052158
0.8690496608614922
0.8817935921251774
0.854163646697998
0.8602644819766283
0.8879202790558338
0.8561703693121672
0.8782372195273638
0.8301947340369225
0.8399692382663488
0.8810451086610556
0.8958297111093998
0.8572426550090313
0.8546548504382372
0.9054221753031015
0.8844565823674202
0.8808195907622576
0.8494029883295298
0.83719233982265
0.8776628617197275
0.8757046796381474
0.860240375623107
0.8754162900149822
0.8749402575194836
0.8343968261033297
0.9023621026426554
0.8857098463922739
0.8558958172798157
0.884511923417449
0.8816262520849705
0.8974426425993443
0.8468049746006727
0.8607859089970589
0.8757498320192099
0.8800556864589453
0.8818734642118216
0.8661004472523928
0.8412466179579496
0.8384144939482212
0.8576684799045324
0.8796115256845951
0.8772489242255688
0.8549275919795036
0.8832725454121828
0.8681220859289169
0.8900423794984818
0.8515452798455954
0.8722447715699673
0.8595286440104246
0.886702748015523
0.8487271461635828
0.8989020138978958
0.824405524879694
0.8687898777425289
0.9139293637126684
0.8562947027385235
0.8792773820459843
0.8679781127721071
0.9131475109606981
0.8389150183647871
0.8746744319796562
0.8625906445086002
0.8888676855713129
0.8659088239073753
0.890993095934391
0.8604333661496639
0.9119000528007746
0.8213845584541559
0.8889377880841494
0.846182769164443
0.8713301010429859
0.9204484932124615
0.8783388417214155
0.8800270762294531
0.9046756234019995
0.8908608071506023
0.8815355841070414
0.8658734671771526
0.8594420794397593
0.8678164817392826
0.9060571268200874
0.8558840714395046
0.894008407369256
0.9269224852323532
0.8564649783074856
0.8755457159131765
0.8795726206153631
0.889085840433836
0.8715334516018629
0.8395462278276682
0.8702266961336136
0.9044758901000023
0.8934028036892414
0.8818874899297953
0.8717533610761166
0.8482818845659494
0.8645620793104172
0.8546594325453043
0.8957904931157827
0.9047145936638117
0.8745176233351231
0.8914932198822498
0.8835412282496691
0.8587599787861109
0.9104633294045925
0.9054916501045227
0.9099730756133795
0.9097201004624367
0.8963527530431747
0.885115921497345
0.9187251888215542
0.9078315794467926
0.884427746757865
0.880477411672473
0.9150373414158821
0.8876679632812738
0.8573941104114056
0.8813527338206768
0.9006305560469627
0.889912536367774
0.8820979744195938
0.9021863825619221
0.8702261224389076
0.9099457785487175
0.8218137882649899
0.8834742400795221
0.8523778729140759
0.9043649695813656
0.8944361377507448
0.8719196021556854
0.9217544812709093
0.8951758872717619
0.8598601706326008
0.884865177795291
0.8711546659469604
0.9052348025143147
0.8779247850179672
0.9076932836323977
0.8764941021800041
0.8766296543180943
0.8970479927957058
0.866314148530364
0.8982712905853987
0.8976360950618982
0.8715955950319767
0.9110799841582775
0.8470840733498335
0.860491456463933
0.8634653501212597
0.8870792705565691
0.9078348129987717
0.9029625523835421
0.8664687070995569
0.8617545608431101
0.9035164210945368
0.8789200894534588
0.9071134589612484
0.84582644328475
0.8708095755428076
0.8934907056391239
0.8469584658741951
0.9231284856796265
0.8779303748160601
0.917450426146388
0.8520680200308561
0.8575742412358522
0.9293235465884209
0.9135074019432068
0.904282309114933
0.8808585852384567
0.8977867122739553
0.8788929730653763
0.9194700717926025
0.8779940791428089
0.8634895887225866
0.8574987556785345
0.9242128096520901
0.8862690944224596
0.9024733770638704
0.9144782945513725
0.898217212408781
0.889764541760087
0.91722865216434
0.8695499766618013
0.9061573278158903
0.8904087133705616
0.8709643110632896
0.8854732513427734
0.8608349077403545
0.9107743222266436
0.9472849480807781
0.9065257385373116
0.8774516079574823
0.91822325065732
0.8882146403193474
0.8969695456326008
0.9007560964673758
0.8817361388355494
0.8593370616436005
0.9124527145177126
0.9051042646169662
0.9116877485066652
0.8891528602689505
0.9513621758669615
0.8329225853085518
0.8668972514569759
0.8271156996488571
0.8709621503949165
0.8958628494292498
0.9189594835042953
0.8944635018706322
0.8994726091623306
0.8879027310758829
0.8704330492764711
0.8641712609678507
0.9041692893952131
0.9106021244078875
0.8868865855038166
0.9018743131309748
0.8803790230304003
0.8959935903549194
0.8771169316023588
0.8903691954910755
0.9193491134792566
0.8750495407730341
0.8940301891416311
0.8961324729025364
0.9305946491658688
0.8816978856921196
0.8713326193392277
0.9319736715406179
0.9001455884426832
0.9117117393761873
0.8728624805808067
0.8568660989403725
0.8771345317363739
0.8893020022660494
0.9255040753632784
0.8881051540374756
0.8670233450829983
0.9170555789023638
0.8621716406196356
0.9188209008425474
0.8880374301224947
0.8869176097214222
0.8541219644248486
0.8552299346774817
0.9313187468796968
0.9161199070513248
0.8675714246928692
0.8966328427195549
0.900534862652421
0.8764027319848537
0.8817886505275965
0.896906116977334
0.8492195960134268
0.8707399293780327
0.9225932192057371
0.8902750182896852
0.91256401874125
0.8798380624502897
0.8782339431345463
0.9259495716542006
0.9267632942646742
0.8685519862920046
0.885021885856986
0.8956448063254356
0.8625563252717257
0.8480890449136496
0.8979699537158012
0.8915096130222082
0.9119929596781731
0.8406350538134575
0.8823752533644438
0.9242935255169868
0.8975761383771896
0.9041603393852711
0.8864310830831528
0.8855504635721445
0.9413343388587236
0.905272351577878
0.9127152636647224
0.8971789572387934
0.911800729110837
0.9059760924428701
0.9159780126065016
0.9228197485208511
0.8959602937102318
0.903771074488759
0.9236289132386446
0.8960938062518835
0.9014251306653023
0.8936547562479973
0.8855627421289682
0.8651375211775303
0.8735002502799034
0.916023138910532
0.8944338634610176
0.8767695687711239
0.843038996681571
0.8717606514692307
0.9124443847686052
0.8931611329317093
0.8685199357569218
0.8930799961090088
0.8757045548409224
0.9125029444694519
0.9175079166889191
0.8935062009841204
0.8979596197605133
0.9061464592814445
0.9132793620228767
0.9135371409356594
0.8916239067912102
0.9029711708426476
0.9139664601534605
0.9309680219739676
0.905129911378026
0.8967862781137228
0.93186273612082
0.8773009348660707
0.9089567512273788
0.877097275108099
0.8924114871770144
0.8952153250575066
0.9363033231347799
0.900151701644063
0.9124640021473169
0.9005087595432997
0.8869357202202082
0.9040899202227592
0.9082633554935455
0.8570592943578959
0.8861902244389057
0.8932501599192619
0.9055910054594278
0.8853463605046272
0.9388862643390894
0.9482663832604885
0.9391353577375412
0.8825842663645744
0.8809612803161144
0.8870547655969858
0.9051509760320187
0.8907728716731071
0.8910551071166992
0.9007530733942986
0.9094721972942352
0.8969722669571638
0.8959443997591734
0.9083442389965057
0.8919119946658611
0.8796622846275568
0.8658672850579023
0.9001140631735325
0.9105660077184439
0.9215566366910934
0.9559238851070404
0.8861775565892458
0.9203841611742973
0.9090355448424816
0.9463056176900864
0.8846133276820183
0.9050625767558813
0.9056118316948414
0.9161246884614229
0.9014380648732185
0.8981256764382124
0.9306106586009264
0.9217808172106743
0.9048206731677055
0.8977392110973597
0.9347168952226639
0.9272272251546383
0.901539808139205
0.8871520217508078
0.9066063221544027
0.8946602661162615
0.8614401128143072
0.8945554327219725
0.9054651260375977
0.900451198220253
0.8986254781484604
0.9221694637089968
0.911417642608285
0.9020298216491938
0.9198014363646507
0.8986755851656199
0.9185015801340342
0.9173425007611513
0.905791312456131
0.9183487705886364
0.9323191493749619
0.8992015067487955
0.9270607102662325
0.8916639015078545
0.9290043022483587
0.8991841357201338
0.9321317989379168
0.9074521344155073
0.9261011574417353
0.8978176675736904
0.8820621054619551
0.9305918328464031
0.897694231942296
0.8736111875623465
0.9129562433809042
0.9044186864048243
0.8776660356670618
0.908632580190897
0.8736477103084326
0.912299070507288
0.9258690904825926
0.9195240456610918
0.9123197626322508
0.9396524988114834
0.9114814475178719
0.9497804567217827
0.904722498729825
0.9017989095300436
0.9146053455770016
0.9252231381833553
0.9080460909754038
0.9239375162869692
0.9020898249000311
0.9247823972254992
0.90019466355443
0.8989273514598608
0.898487713187933
0.942437207326293
0.918177692219615
0.930563947185874
0.8995805457234383
0.9285872466862202
0.9420749358832836
0.9365144837647676
0.909628564491868
0.9082937277853489
0.9166321810334921
0.9047308973968029
0.8917105887085199
0.932573901489377
0.896470170468092
0.8980370536446571
0.9158557243645191
0.897862059995532
0.8934713769704103
0.9200274106115103
0.9401914738118649
0.9041953291743994
0.9106466565281153
0.9461599141359329
0.9403490927070379
0.9263275638222694
0.9548844154924154
0.9346246868371964
0.9269783608615398
0.9027576595544815
0.9148039128631353
0.895468233153224
0.9037228245288134
0.8861219007521868
0.9358982667326927
0.9105982165783644
0.9295079484581947
0.9495937451720238
0.9055308941751719
0.9377378076314926
0.9126945063471794
0.9337194189429283
0.91076117195189
0.913133917376399
0.9019648898392916
0.9216957055032253
0.8935041129589081
0.9105421174317598
0.9243985395878553
0.931153180077672
0.9098785649985075
0.9389307368546724
0.8958870153874159
0.9148976057767868
0.8976957239210606
0.9199884422123432
0.8886267989873886
0.896199556067586
0.9289067927747965
0.9147356450557709
0.9185783993452787
0.9479418247938156
0.9132564831525087
0.8948064893484116
0.9098549857735634
0.9159891586750746
0.9045188315212727
0.9404947962611914
0.9034579116851091
0.9294785317033529
0.9070963952690363
0.9037801306694746
0.9379738550633192
0.9212154969573021
0.9215038437396288
0.8962349928915501
0.9032476376742125
0.9291155356913805
0.9157977234572172
0.9408698827028275
0.9262113943696022
0.9029339253902435
0.902942867949605
0.906236320734024
0.9401358217000961
0.934293307363987
0.9110956750810146
0.9203665610402822
0.918347978964448
0.912227438762784
0.9154121354222298
0.9179897960275412
0.9187474343925714
0.9078365247696638
0.9067381415516138
0.9330617915838957
0.8892479296773672
0.9464601762592793
0.9301679320633411
0.9068933129310608
0.9201538357883692
0.9123044312000275
0.9254081677645445
0.8927019387483597
0.9203371964395046
0.8996609691530466
0.9029541164636612
0.9334961380809546
0.9000327903777361
0.902667922899127
0.8937182985246181
0.9208265710622072
0.9131896197795868
0.9184864275157452
0.9140825904905796
0.9105391278862953
0.9341260530054569
0.9071193784475327
0.9223990999162197
0.9133382048457861
0.9211377464234829
0.932661259546876
0.9249384850263596
0.8824624381959438
0.919307230040431
0.9059424083679914
0.9077652487903833
0.9089257661253214
0.9236451704055071
0.904734443873167
0.906899731606245
0.9067876450717449
0.9059490393847227
0.9073058757930994
0.9245578832924366
0.9100946597754955
0.9558771774172783
0.9105510767549276
0.90279321372509
0.9105069320648909
0.9434192255139351
0.9060176443308592
0.9140064045786858
0.9062818866223097
0.9130821898579597
0.9077829103916883
0.9043171312659979
0.9023161679506302
0.9319258891046047
0.8990371748805046
0.931544391438365
0.9159987848252058
0.9206720907241106
0.9362545274198055
0.9051863048225641
0.9135686419904232
0.9046238679438829
0.9142528157681227
0.9001397080719471
0.9098554439842701
0.9049207922071218
0.9025989230722189
0.9214399214833975
0.9066278245300055
0.9109799843281507
0.896230785176158
0.9273776654154062
0.9085435569286346
0.897217184305191
0.9351205360144377
0.8997574876993895
0.901131147518754
0.9168489966541529
0.930137075483799
0.9162733573466539
0.9137364719063044
0.9041539486497641
0.8875311985611916
0.897626880556345
0.9370499849319458
0.8970580976456404
0.8852226752787828
0.9251176435500383
0.9000075347721577
0.9235241506248713
0.9033758286386728
0.9210837353020906
0.9046951066702604
0.9062682017683983
0.916966300457716
0.9483926352113485
0.8871650099754333
0.9226296488195658
0.9214135464280844
0.9045795761048794
0.9411381166428328
0.895166402682662
0.9251790605485439
0.8930587638169527
0.919842753559351
0.8903023190796375
0.8997837156057358
0.9125544112175703
0.9186450745910406
0.8852942921221256
0.8924445137381554
0.907964875921607
0.9153068531304598
0.9152151178568602
0.8987184334546328
0.9068615641444921
0.9332528430968523
0.9139546509832144
0.9259001314640045
0.9295796845108271
0.8883433118462563
0.91025510430336
0.914481345564127
0.9025409314781427
0.9012197908014059
0.8954819850623608
0.8875120654702187
0.9088725000619888
0.8797170091420412
0.9064489211887121
0.880102401599288
0.8881949353963137
0.8851572163403034
0.8869877252727747
0.9024479761719704
0.9098731894046068
0.9055150765925646
0.9172936473041773
0.9198089931160212
0.930647898465395
0.9240901321172714
0.9314864240586758
0.8927038256078959
0.9003831427544355
0.9196335002779961
0.8866688553243876
0.9010698404163122
0.9379633087664843
0.9139804374426603
0.8985891547054052
0.8902760297060013
0.9181003514677286
0.9166331682354212
0.9025351107120514
0.9039808679372072
0.9140748474746943
0.892089607194066
0.9180420134216547
0.8943643011152744
0.884795667603612
0.8902919515967369
0.8864079434424639
0.9024952575564384
0.9342708829790354
0.8895308915525675
0.9507622420787811
0.8926907796412706
0.9059848431497812
0.8853356130421162
0.8733527604490519
0.8880834691226482
0.9034608770161867
0.8852340951561928
0.9324138443917036
0.9100139513611794
0.9155432768166065
0.8691871613264084
0.8974248673766851
0.909480482339859
0.9081677962094545
0.8988913558423519
0.8912940304726362
0.8928205166012049
0.9045535251498222
0.9154346846044064
0.8816062230616808
0.8818371221423149
0.9052878506481647
0.9015832208096981
0.9075629208236933
0.8612714316695929
0.9077874682843685
0.8879273626953363
0.8808196112513542
0.8922147434204817
0.8844172470271587
0.9258669223636389
0.913214398548007
0.8814314566552639
0.8670615740120411
0.8864480387419462
0.9307088777422905
0.8559916503727436
0.8999175019562244
0.8964607939124107
0.9127217251807451
0.893243070691824
0.8863219060003757
0.9065667148679495
0.9091519024223089
0.8903479054570198
0.9117875192314386
0.8945114146918058
0.8678258471190929
0.8955049328505993
0.894373269751668
0.9154426325112581
0.9135245699435472
0.9185072090476751
0.8867215663194656
0.8920856937766075
0.922502625733614
0.8889419063925743
0.9013008885085583
0.8887209203094244
0.9063080232590437
0.8925811164081097
0.8891179338097572
0.8713642619550228
0.9124704748392105
0.8956871666014194
0.9139812216162682
0.9086092915385962
0.8973268680274487
0.8963116612285376
0.9251074865460396
0.9557802267372608
0.892228476703167
0.9087325651198626
0.8739488441497087
0.8939454238861799
0.8613670933991671
0.8751422967761755
0.890362186357379
0.9083240926265717
0.9316483773291111
0.8977587297558784
0.8760405723005533
0.9101494681090117
0.9213219303637743
0.9050598461180925
0.9003189671784639
0.9489813670516014
0.9039866663515568
0.9006715808063745
0.9394297283142805
0.9044126980006695
0.9165202975273132
0.9222207702696323
0.9007494635879993
0.9211595468223095
0.9108072146773338
0.8875297103077173
0.9246062356978655
0.9100874681025743
0.9083698205649853
0.9199481401592493
0.9068842604756355
0.8729895651340485
0.913407240062952
0.9043379183858633
0.928901543840766
0.8796741627156734
0.8968702703714371
0.9317675363272429
0.8914332240819931
0.9291306491941214
0.8820572029799223
0.9095922578126192
0.868606174364686
0.9084527641534805
0.8910722434520721
0.9131847470998764
0.9348968155682087
0.883677976205945
0.8951232861727476
0.9349651597440243
0.8869065325707197
0.8919713255017996
0.8945578504353762
0.8839994072914124
0.9147338196635246
0.9003059417009354
0.8960887808352709
0.9255111515522003
0.9069886300712824
0.9256052169948816
0.9063033852726221
0.9209880083799362
0.9251608550548553
0.8744917623698711
0.9334512855857611
0.9222270362079144
0.8780616037547588
0.9038365967571735
0.9091522693634033
0.8808669503778219
0.8896290771663189
0.9025514740496874
0.8850619103759527
0.9181756302714348
0.90207814052701
0.923630490899086
0.9074173513799906
0.8731956630945206
0.8997855000197887
0.9339052997529507
0.9348811078816652
0.9148577321320772
0.9319366794079542
0.9162615034729242
0.9359715040773153
0.9152021799236536
0.9029415044933558
0.9002404175698757
0.9009466487914324
0.9401091523468494
0.9179869927465916
0.9103375189006329
0.9006625674664974
0.913152514025569
0.8947029430419207
0.8964620754122734
0.9100496005266905
0.8690584525465965
0.9105778057128191
0.9256856832653284
0.9241520203649998
0.8935610614717007
0.947668232023716
0.9057068582624197
0.9234633855521679
0.9250509776175022
0.9115376491099596
0.9101454615592957
0.8990496341139078
0.9311906583607197
0.9254323709756136
0.9009044729173183
0.9042254462838173
0.9048467203974724
0.8970643058419228
0.9258962608873844
0.9274928662925959
0.926691222935915
0.9083506055176258
0.9099223781377077
0.9134969804435968
0.8885059412568808
0.919469440355897
0.9289773087948561
0.9660306219011545
0.9137005638331175
0.8922351375222206
0.9137899465858936
0.8965299613773823
0.8933643586933613
0.8876222856342793
0.9405720867216587
0.9365711621940136
0.9470308180898428
0.8860051892697811
0.9213049225509167
0.9140753094106913
0.9267677087336779
0.9092800822108984
0.9278212152421474
0.9034818056970835
0.9102823883295059
0.9243250824511051
0.9280351735651493
0.9144610315561295
0.9031387250870466
0.8934061583131552
0.9207946751266718
0.9173469617962837
0.9122139718383551
0.9305895566940308
0.9442764259874821
0.9154094979166985
0.9156369622796774
0.8974708970636129
0.9021364133805037
0.9184613507241011
0.919204831123352
0.9126262497156858
0.9114555884152651
0.9179461970925331
0.9270731415599585
0.8889264687895775
0.886832807213068
0.9270262103527784
0.8946221377700567
0.8835198245942593
0.9235195405781269
0.9222813211381435
0.9250719454139471
0.9241291508078575
0.9182556997984648
0.9410314206033945
0.9281518943607807
0.9081559497863054
0.914431020617485
0.9290773794054985
0.9263761527836323
0.9039873946458101
0.9249683897942305
0.9223939403891563
0.9382532928138971
0.9347879700362682
0.9094904959201813
0.9214811157435179
0.8959610443562269
0.916497839614749
0.918070025742054
0.8987769652158022
0.9226169046014547
0.913080420345068
0.9190204124897718
0.9321209043264389
0.9213909674435854
0.9410805180668831
0.9311330765485764
0.8706709071993828
0.93393793143332
0.9120492748916149
0.9131910670548677
0.9355095084756613
0.9356545470654964
0.9251943938434124
0.8943163063377142
0.9136955868452787
0.9391097724437714
0.9150368086993694
0.9529835730791092
0.9229963198304176
0.9301038105040789
0.9174279700964689
0.9231294300407171
0.9338344596326351
0.9121359400451183
0.9029314629733562
0.9495852068066597
0.9334511309862137
0.91532788798213
0.9152596965432167
0.9369162824004889
0.9232784733176231
0.9325591288506985
0.9137913174927235
0.8981652576476336
0.9314793050289154
0.9345655422657728
0.9285877868533134
0.9438724257051945
0.925265047699213
0.9515493270009756
0.9186423979699612
0.9620230551809072
0.9356263112276793
0.9529757350683212
0.9052814319729805
0.9443182181566954
0.946706410497427
0.9434687066823244
0.9414009917527437
0.9151962380856276
0.9257196169346571
0.9435465559363365
0.927692573517561
0.9283130299299955
0.9204953964799643
0.9131259992718697
0.9436688590794802
0.9222772158682346
0.9587007835507393
0.9184772819280624
0.9386969450861216
0.9451488442718983
0.9571110438555479
0.9262120854109526
0.9616339560598135
0.9433011282235384
0.9157571773976088
0.9250889308750629
0.9107462931424379
0.9235669765621424
0.9285259507596493
0.9425115771591663
0.928353289142251
0.9343732446432114
0.9240818172693253
0.935902701690793
0.9483051914721727
0.9086178466677666
0.9162631202489138
0.9243435710668564
0.9528589807450771
0.935632698237896
0.9394429717212915
0.9228487256914377
0.9447168000042439
0.9510577227920294
0.926634831354022
0.9361227285116911
0.9375874493271112
0.9326416458934546
0.901954423636198
0.9449453577399254
0.9633361622691154
0.9485806040465832
0.9392419923096895
0.9283565077930689
0.9406751208007336
0.9345599915832281
0.9366426523774862
0.940482733771205
0.9365979749709368
0.9429128747433424
0.9236958418041468
0.9428918063640594
0.9319826439023018
0.9110238943248987
0.9397183377295732
0.9594279322773218
0.9345763865858316
0.9115500953048468
0.9331735614687204
0.9323952533304691
0.9462498724460602
0.9274144601076841
0.9076328463852406
0.9170488901436329
0.941234527155757
0.9315670188516378
0.9302330669015646
0.9234994668513536
0.9453726056963205
0.933340772986412
0.9300893936306238
0.9082939848303795
0.9239044580608606
0.9332998935133219
0.9265632014721632
0.9398864358663559
0.9253106918185949
0.9417935181409121
0.9418084416538477
0.9375013001263142
0.9348089508712292
0.9304988235235214
0.9392118435353041
0.93314253911376
0.9335776995867491
0.9162900056689978
0.9406039156019688
0.9351053535938263
0.9258214775472879
0.9164634253829718
0.9383747838437557
0.9363129436969757
0.9455566219985485
0.9248790461570024
0.9397907629609108
0.9131411574780941
0.9187254160642624
0.9388036802411079
0.9104818906635046
0.9428140241652727
0.916521841660142
0.9248633179813623
0.9372009690850973
0.9216134641319513
0.9229686986654997
0.9513466544449329
0.9147047214210033
0.9183523859828711
0.9477379117161036
0.9348539989441633
0.9326413199305534
0.9204639624804258
0.9243898913264275
0.9508200697600842
0.9544662516564131
0.9422898814082146
0.9253306202590466
0.9151424318552017
0.9268635362386703
0.9433911629021168
0.9346474651247263
0.9230778440833092
0.9328539669513702
0.9519283566623926
0.9559732582420111
0.9237500727176666
0.9517631381750107
0.9349520429968834
0.9576955046504736
0.952115174382925
0.9377487581223249
0.9313788078725338
0.9377047270536423
0.949671532958746
0.9426149036735296
0.9307748153805733
0.952172065153718
0.9248369224369526
0.9194412846118212
0.926935588940978
0.938797228038311
0.917402908205986
0.9373666048049927
0.9175934940576553
0.9195439405739307
0.9325919654220343
0.9149906262755394
0.9475173652172089
0.9490032996982336
0.9285947550088167
0.9562649670988321
0.9224757421761751
0.9368808772414923
0.9381310101598501
0.9426172226667404
0.9292221628129482
0.9255186077207327
0.9206833373755217
0.9346252512186766
0.9301221128553152
0.9286374859511852
0.9402878414839506
0.9343022760003805
0.9295030366629362
0.9312867242842913
0.930527675896883
0.9469625353813171
0.9543786253780127
0.9395568780601025
0.9213052950799465
0.9593284204602242
0.9354679211974144
0.9522827509790659
0.9165869913995266
0.9350652322173119
0.9410891998559237
0.9581420533359051
0.9294168595224619
0.931533956900239
0.9145729802548885
0.9268900733441114
0.9132928531616926
0.9318463820964098
0.9457517433911562
0.9375715795904398
0.9505152218043804
0.9381815735250711
0.9455549400299788
0.9175474271178246
0.9409877732396126
0.9300855305045843
0.9387743268162012
0.9382870905101299
0.9430940449237823
0.9099554419517517
0.9142818190157413
0.915917256847024
0.9302806947380304
0.9409670811146498
0.9162362851202488
0.9315542038530111
0.9406018052250147
0.9513693545013666
0.9188489746302366
0.9357496052980423
0.9455177988857031
0.9206206277012825
0.9100962020456791
0.9411581661552191
0.9250802211463451
0.9134585075080395
0.9419937375932932
0.9169416520744562
0.9210249427706003
0.9306226242333651
0.9316513556987047
0.9453480131924152
0.9161772336810827
0.9566701967269182
0.9468936026096344
0.9556564930826426
0.9633903168141842
0.9398884363472462
0.9104577545076609
0.9241576809436083
0.9288335908204317
0.9162025731056929
0.9399334192276001
0.9243861399590969
0.9258557874709368
0.9367055483162403
0.9332830123603344
0.9225342404097319
0.9504576474428177
0.9236301239579916
0.9408469889312983
0.9424848314374685
0.935933593660593
0.9142650738358498
0.93741849437356
0.948685435578227
0.906243946403265
0.9263254348188639
0.9255351014435291
0.9351265411823988
0.9182061459869146
0.9229501336812973
0.95476652123034
0.9417036231607199
0.9455623272806406
0.925329152494669
0.9424556214362383
0.9455764163285494
0.9289112072438002
0.919141199439764
0.9416535682976246
0.9299395009875298
0.9161305893212557
0.9238264374434948
0.931504737585783
0.9248887822031975
0.9132015500217676
0.9409634079784155
0.9406534545123577
0.9408769607543945
0.9510633405297995
0.9266091547906399
0.9306137468665838
0.9293134994804859
0.9133598003536463
0.9224944859743118
0.9266679119318724
0.9202950429171324
0.9329882636666298
0.9518280103802681
0.904698433354497
0.9395096339285374
0.9256329424679279
0.9226116351783276
0.9040392432361841
0.923394089564681
0.9145120661705732
0.9330720528960228
0.9414821397513151
0.9278962817043066
0.914745319634676
0.9239490926265717
0.9260695241391659
0.9175623524934053
0.9291337933391333
0.9176702462136745
0.9131749141961336
0.9257726557552814
0.9207911137491465
0.924401443451643
0.9177413005381823
0.9118137490004301
0.9672770239412785
0.919064112007618
0.919080214574933
0.9053967911750078
0.9315354358404875
0.9419311173260212
0.9217187650501728
0.913613710552454
0.9058700818568468
0.9209942854940891
0.9401552621275187
0.9314584564417601
0.9362973384559155
0.9136318061500788
0.9430630914866924
0.898467231541872
0.9131121430546045
0.9217273369431496
0.9167093448340893
0.9148583225905895
0.955324087291956
0.9607230592519045
0.9439041651785374
0.9366583712399006
0.9388128444552422
0.9296095203608274
0.9201161973178387
0.9301182292401791
0.9101386312395334
0.9257588628679514
0.9425044562667608
0.9407309722155333
0.9399873688817024
0.9235058259218931
0.9375549852848053
0.9351780172437429
0.9310586582869291
0.9635250400751829
0.9338357280939817
0.947217557579279
0.927548861131072
0.9246300011873245
0.9192869886755943
0.9216557387262583
0.9203284289687872
0.9104211404919624
0.9125797357410192
0.9414290376007557
0.9184137005358934
0.9511979203671217
0.9488803502172232
0.9292631074786186
0.9256938882172108
0.9342066142708063
0.9295470099896193
0.9304972160607576
0.9364299308508635
0.9288937728852034
0.9346401281654835
0.9462243914604187
0.9406866300851107
0.9430159609764814
0.9449584558606148
0.9389756340533495
0.9544529020786285
0.9205984491854906
0.92336830124259
0.9216668214648962
0.9104083385318518
0.9287960156798363
0.9399730153381824
0.9264272972941399
0.9447381366044283
0.9089066609740257
0.9142655860632658
0.9334035143256187
0.9259010888636112
0.9237349908798933
0.9339374899864197
0.9310510065406561
0.9143314454704523
0.907466659322381
0.9337404184043407
0.9191085565835238
0.9344361834228039
0.9301554728299379
0.9227516446262598
0.9070550035685301
0.9268156848847866
0.9099927041679621
0.9640247188508511
0.9318690430372953
0.9482673928141594
0.9207601770758629
0.9367080610245466
0.9084060918539762
0.944707278162241
0.9413115717470646
0.92820636741817
0.9245562814176083
0.9288818892091513
0.925461295992136
0.9654072243720293
0.9206703267991543
0.9316285345703363
0.9370859395712614
0.9214859399944544
0.9328441973775625
0.9543899763375521
0.9341494925320148
0.9162327945232391
0.9101029057055712
0.9636376742273569
0.94663973338902
0.9283220209181309
0.9319165721535683
0.9219212029129267
0.9261142928153276
0.9278434626758099
0.9516249466687441
0.9334396608173847
0.912795003503561
0.9540041126310825
0.9306237306445837
0.9231806434690952
0.9293460510671139
0.92188442312181
0.9215601067990065
0.9223918579518795
0.9431129451841116
0.9261457454413176
0.9362562168389559
0.930131334811449
0.9173199906945229
0.9096872061491013
0.9177912548184395
0.9595389161258936
0.9309711437672377
0.9309832379221916
0.9316657725721598
0.9342089910060167
0.9416067190468311
0.9505655113607645
0.9316867589950562
0.9282736610621214
0.9032737910747528
0.9255566783249378
0.9326468538492918
0.957300653681159
0.9224585257470608
0.9404947757720947
0.9179766736924648
0.9625508971512318
0.9180582985281944
0.9447006918489933
0.9425120856612921
0.955867288634181
0.9218700714409351
0.9425751306116581
0.9428347684442997
0.9388477616012096
0.9261515308171511
0.9419481419026852
0.9625013936311007
0.941582215949893
0.9532561302185059
0.9625031501054764
0.9487146995961666
0.942540492862463
0.9270409289747477
0.9374985974282026
0.9180102255195379
0.9316179063171148
0.9264118354767561
0.9153239019215107
0.9366720709949732
0.9153389930725098
0.926613699644804
0.9203939363360405
0.9412919320166111
0.9362549968063831
0.9526567403227091
0.9090261999517679
0.9474511854350567
0.9444694314152002
0.9403350483626127
0.941179433837533
0.949355399236083
0.9533253517001867
0.919416856020689
0.9371437393128872
0.9357225075364113
0.9374048467725515
0.9298295695334673
0.9615765735507011
0.949690630659461
0.9273835215717554
0.9586468990892172
0.9212798085063696
0.9481899216771126
0.9509890414774418
0.9397791102528572
0.9309052638709545
0.9595610164105892
0.9345994796603918
0.9462577775120735
0.93596001714468
0.9464468434453011
0.9591004215180874
0.9372135475277901
0.9341854080557823
0.9314897991716862
0.9464472495019436
0.9193727523088455
0.9463900420814753
0.9467643424868584
0.9375725593417883
0.9371176641434431
0.9387713447213173
0.9458298776298761
0.9283095598220825
0.9554031807929277
0.9393556322902441
0.9449993446469307
0.9371296428143978
0.9435020070523024
0.9168054424226284
0.9576429296284914
0.9578087367117405
0.9328535795211792
0.9307124726474285
0.9419770929962397
0.9396342784166336
0.9403872229158878
0.9318801201879978
0.9524167273193598
0.9423888996243477
0.9319359380751848
0.9332638774067163
0.953411765396595
0.9484850969165564
0.9276637006551027
0.9583710003644228
0.9497956708073616
0.9465672168880701
0.9419971071183681
0.9485519602894783
0.9640010297298431
0.9456016160547733
0.9476002864539623
0.9405437000095844
0.9502745494246483
0.9603653363883495
0.9447975046932697
0.9283771477639675
0.956256590783596
0.9472034331411123
0.9430797044187784
0.9173770174384117
0.9510024096816778
0.9456620719283819
0.9479816406965256
0.9411876611411572
0.9438632540404797
0.9398319739848375
0.9388222917914391
0.9416529852896929
0.9437117241322994
0.9344977289438248
0.9281788896769285
0.9466595817357302
0.9277158714830875
0.9291416127234697
0.9407295566052198
0.9360449220985174
0.9585348535329103
0.948878925293684
0.9321673978120089
0.9394689258188009
0.9450391717255116
0.9432129561901093
0.9412743728607893
0.9410404581576586
0.9416304938495159
0.9389791674911976
0.9482014998793602
0.9340050611644983
0.9309492129832506
0.9248143453150988
0.9292687382549047
0.9420617166906595
0.930042427033186
0.92904332280159
0.9362495969980955
0.9387775622308254
0.9444867521524429
0.9270365349948406
0.9405697416514158
0.9480640795081854
0.9463940691202879
0.9385736715048552
0.9426502045243979
0.9267849586904049
0.9347986001521349
0.9535057060420513
0.9455736670643091
0.9371722992509604
0.9377255961298943
0.9322410691529512
0.9525719583034515
0.9255002364516258
0.9414371605962515
0.9374128319323063
0.9344270303845406
0.9225144647061825
0.9478522390127182
0.9489939194172621
0.9464166313409805
0.9424252361059189
0.9265417531132698
0.9560317099094391
0.9214042611420155
0.9488144274801016
0.9296879004687071
0.9183440953493118
0.9584981165826321
0.942352157086134
0.9326754715293646
0.9315075296908617
0.9277026914060116
0.9394755065441132
0.9236403629183769
0.9587352015078068
0.9447207152843475
0.9267746564000845
0.9398883730173111
0.9284625630825758
0.9300403576344252
0.9363946430385113
0.9486263412982225
0.9384234268218279
0.9404722079634666
0.9476977288722992
0.9238110911101103
0.9430432785302401
0.9448969885706902
0.9399458263069391
0.9480989426374435
0.9357678070664406
0.9263849705457687
0.9626519866287708
0.9364007990807295
0.9561698157340288
0.9378209412097931
0.9330862741917372
0.9213042575865984
0.9532390143722296
0.9329130202531815
0.9213038645684719
0.9453149456530809
0.9443411901593208
0.9182878527790308
0.9335475601255894
0.9429163616150618
0.9290175810456276
0.9464532230049372
0.9442810863256454
0.9333578366786242
0.9394001215696335
0.9500090647488832
0.9347233641892672
0.9408440124243498
0.9473023992031813
0.9363207444548607
0.9459738116711378
0.92613685131073
0.9338712356984615
0.949910644441843
0.930829307064414
0.9381719883531332
0.9282291680574417
0.9355896599590778
0.9430718626827002
0.931997312232852
0.9327123928815126
0.9283570870757103
0.9336619153618813
0.9468191619962454
0.9226384907960892
0.9444888345897198
0.9385861847549677
0.9353954344987869
0.9469437804073095
0.9497205689549446
0.9395977221429348
0.939966905862093
0.9376385807991028
0.9353311825543642
0.9201778974384069
0.9361697379499674
0.9659563954919577
0.9273283891379833
0.9414529837667942
0.932798333466053
0.9592999778687954
0.9384422898292542
0.9489805940538645
0.9487440511584282
0.9206160549074411
0.9423903077840805
0.9256784431636333
0.939491730183363
0.9369104448705912
0.9417916387319565
0.9403777439147234
0.9429331924766302
0.9307632651180029
0.9421923328191042
0.9310525320470333
0.9283724799752235
0.9418519027531147
0.9495801329612732
0.9337650761008263
0.9238395113497972
0.9286613017320633
0.930439779534936
0.9510892182588577
0.9198454394936562
0.9432498067617416
0.9392611384391785
0.9112297799438238
0.9286921881139278
0.9317303132265806
0.9464758988469839
0.9314965792000294
0.9286696892231703
0.9353298768401146
0.9165414124727249
0.9475690796971321
0.9523778315633535
0.9212217889726162
0.9360024482011795
0.9312550649046898
0.9545788690447807
0.9097108859568834
0.9231857880949974
0.9329742714762688
0.9154443796724081
0.9377498868852854
0.9298859760165215
0.9376875143498182
0.9406021870672703
0.9482516441494226
0.9431596510112286
0.9401822444051504
0.9530268739908934
0.9273488372564316
0.9456485752016306
0.9420938659459352
0.9324164912104607
0.9297357220202684
0.9401641916483641
0.9463314842432737
0.9380168691277504
0.9266258906573057
0.9688905738294125
0.9305534437298775
0.9388249292969704
0.9535035379230976
0.9456660281866789
0.9448420815169811
0.9442171268165112
0.9267029520124197
0.9475129339843988
0.9364824537187815
0.9358414988964796
0.9329700898379087
0.9403431434184313
0.9248356278985739
0.9405108280479908
0.9431324284523726
0.9364865515381098
0.9140089433640242
0.9400353785604239
0.9355332925915718
0.9325239937752485
0.9408859312534332
0.9104651529341936
0.9380888696759939
0.9353509452193975
0.9434229042381048
0.9282666500657797
0.950765285640955
0.9475790057331324
0.9122417438775301
0.9311298597604036
0.9269775487482548
0.9527135957032442
0.9279604330658913
0.9283807631582022
0.9196635726839304
0.9449418485164642
0.9314928390085697
0.9414940141141415
0.9561361260712147
0.9319913499057293
0.9278802499175072
0.9369515292346478
0.9269470646977425
0.9516315590590239
0.9448766093701124
0.9370164461433887
0.9416470341384411
0.9413379579782486
0.9301308263093233
0.940415158867836
0.9314354993402958
0.9371164832264185
0.9667821954935789
0.9512144140899181
0.9312849249690771
0.9550264999270439
0.9269613828510046
0.9458806402981281
0.947594415396452
0.9296030960977077
0.9446975607424974
0.9249962288886309
0.9474630132317543
0.9222033247351646
0.9467069823294878
0.9378683026880026
0.9229019582271576
0.9505549091845751
0.9281577840447426
0.9338614959269762
0.9113612584769726
0.9236865043640137
0.9393486902117729
0.9335000049322844
0.9458828903734684
0.948225786909461
0.954747648909688
0.9351566918194294
0.9446524102240801
0.9458791557699442
0.9405575562268496
0.9062657877802849
0.9318041261285543
0.9327866323292255
0.9307357594370842
0.9578314833343029
0.9116006698459387
0.9438668172806501
0.9355309717357159
0.9439652543514967
0.9392760768532753
0.9156540408730507
0.9404469449073076
0.9467881880700588
0.9552331659942865
0.933022441342473
