None
None
None
None
None
None
None
None
None
None
None
None
None
None
None
None
None
None
None
None
None
None
None
None
None
None
None
None
None
None
None
None
None
None
None
3460.13525390625
3484.46240234375
3475.379150390625
3427.2041015625
3471.845458984375
3459.68310546875
3419.861328125
3391.157958984375
3369.77880859375
3408.3447265625
3442.2001953125
3393.002685546875
3448.43701171875
3314.36962890625
3357.364501953125
3406.254638671875
3418.7265625
3350.234375
3397.7880859375
3473.9921875
3378.2958984375
3467.80078125
3376.86962890625
3376.513916015625
3377.88525390625
3271.6435546875
3319.20947265625
3186.1904296875
3304.587890625
3344.74853515625
3290.07958984375
3320.367919921875
3300.91357421875
3309.7763671875
3339.08056640625
3328.912841796875
3238.48291015625
3258.44677734375
3274.4443359375
3186.838134765625
3261.969970703125
3282.387939453125
3202.322998046875
3327.7490234375
3183.825439453125
3191.180908203125
3075.064453125
3152.178955078125
3175.5302734375
3135.70703125
3088.845947265625
3476.989013671875
3127.40283203125
3311.473876953125
3602.51318359375
3258.781005859375
3235.5869140625
3306.89697265625
3180.51220703125
3410.38330078125
3064.19384765625
3042.07763671875
2963.16455078125
3204.9462890625
3012.0986328125
2959.788330078125
2936.5341796875
2942.1708984375
2895.349365234375
3025.51171875
3004.28271484375
2894.463134765625
3043.15283203125
3252.4814453125
2856.126953125
2958.5537109375
2846.798095703125
2987.92578125
3184.50244140625
2825.03564453125
2996.728515625
3118.166259765625
3013.623291015625
2657.427734375
2884.090576171875
2827.437255859375
2776.041015625
2684.6669921875
2666.83056640625
2902.175048828125
2689.265625
2932.9638671875
2829.673583984375
2975.932373046875
3054.6923828125
2836.73583984375
2971.11865234375
2831.997314453125
3232.413330078125
2898.546875
2802.448974609375
2646.08349609375
2668.171875
2642.166015625
2739.510009765625
2709.69091796875
2644.28955078125
2852.7509765625
2564.44873046875
2696.01513671875
2590.2705078125
2562.795654296875
2627.364990234375
2792.65478515625
2706.193115234375
2683.04541015625
2814.805419921875
2655.728271484375
2597.335693359375
2453.34033203125
2658.384033203125
2584.3857421875
2605.0654296875
2769.09375
2743.42822265625
2899.3857421875
2676.62060546875
2847.921142578125
2502.665771484375
2640.97998046875
2679.5546875
2709.986083984375
2473.68310546875
3030.8212890625
2560.21044921875
2528.515625
2755.833984375
2666.4462890625
2526.08740234375
2724.198486328125
2531.556640625
2683.57373046875
2683.6064453125
2695.29052734375
2740.2998046875
2368.25927734375
2618.86181640625
2666.36279296875
2599.876220703125
2618.267822265625
2475.783935546875
2427.298583984375
2708.951171875
2429.37548828125
2647.791259765625
2549.16748046875
2482.51318359375
2653.97802734375
2554.81591796875
2582.04541015625
2380.81298828125
2407.1220703125
2446.231201171875
2501.984375
2379.5771484375
2366.05126953125
2379.162109375
2525.1318359375
2369.81005859375
2548.6650390625
2304.608154296875
2516.211181640625
2448.4130859375
2588.32568359375
2397.163818359375
2570.85400390625
2392.71728515625
2455.7705078125
2440.445556640625
2578.3271484375
2525.67822265625
2446.85595703125
2530.622802734375
2598.6044921875
2522.919677734375
2338.26513671875
2637.416015625
2494.61181640625
2485.1318359375
2588.38916015625
2260.740234375
2308.05224609375
2312.3876953125
2305.4375
2391.362060546875
2443.0546875
2492.86376953125
2250.227294921875
2260.6259765625
2337.9189453125
2264.126953125
2271.05419921875
2395.590576171875
2171.68701171875
2327.69677734375
2234.73291015625
2473.1181640625
2540.892822265625
2475.43896484375
2411.0869140625
2401.80322265625
2332.79833984375
2378.269287109375
2372.92578125
2399.200927734375
2500.58203125
2362.455322265625
2338.06201171875
2490.137451171875
2227.6044921875
2374.3125
2219.0498046875
2619.926025390625
2349.615234375
2270.143798828125
2456.91357421875
2342.242431640625
2339.6171875
2296.62353515625
2527.33740234375
2290.830322265625
2218.57080078125
2165.8408203125
2201.92529296875
2276.5107421875
2154.13330078125
2202.77294921875
2163.973876953125
2245.163818359375
2322.07080078125
2209.855712890625
2062.0517578125
2289.33984375
2372.258056640625
2331.42724609375
2323.81103515625
2203.31396484375
2209.9794921875
2179.63818359375
2208.71875
2279.80029296875
2173.625732421875
2134.815185546875
2329.81005859375
2182.97314453125
2332.7734375
2233.037109375
2262.95849609375
2350.533935546875
2056.37109375
2320.78759765625
2145.57958984375
2507.73583984375
2265.864990234375
2259.974853515625
2066.05615234375
2048.61572265625
2408.88720703125
2305.4658203125
2095.171630859375
2184.69482421875
2300.272705078125
1989.623291015625
2131.062255859375
2159.41748046875
2163.44482421875
2120.49755859375
2045.3555908203125
2312.562744140625
2091.243408203125
2104.47314453125
2236.855712890625
2191.2041015625
2128.61181640625
2146.2099609375
2063.51220703125
2077.45654296875
2145.0634765625
2110.24755859375
1930.0093994140625
2288.8837890625
2200.345947265625
2267.78369140625
2143.420166015625
2196.64697265625
2104.4306640625
2187.949951171875
2269.011474609375
2093.20556640625
2101.520263671875
1838.9825439453125
2431.33740234375
2087.81689453125
2357.7236328125
2105.01025390625
2170.43896484375
2212.07373046875
2173.77783203125
2185.189697265625
2302.9443359375
2192.91064453125
2031.7332763671875
1990.6207275390625
2012.531982421875
2346.17236328125
2299.691162109375
2173.14404296875
2130.75
2006.8883056640625
2260.36083984375
2095.276123046875
2147.18701171875
2115.1708984375
2192.375
2041.93994140625
2079.982177734375
1935.2420654296875
2266.811767578125
2025.84033203125
2201.759033203125
2150.088623046875
2107.133544921875
2292.5703125
1965.3668212890625
2002.943603515625
2135.59228515625
2202.65869140625
2079.306884765625
2263.72265625
2214.135009765625
2125.63134765625
2013.0880126953125
2267.711181640625
1874.808837890625
2085.373291015625
2046.971923828125
2259.653076171875
2033.658203125
2125.12255859375
2144.71826171875
2136.8056640625
2257.1298828125
2196.401611328125
2048.62744140625
1838.5633544921875
1905.7626953125
2148.94970703125
2088.09716796875
1930.244384765625
1922.714111328125
2084.3486328125
2135.848876953125
2211.569580078125
2032.500244140625
1946.3189697265625
2223.87353515625
1860.929931640625
2036.2662353515625
2148.51025390625
2014.109130859375
2038.6376953125
2243.26318359375
2201.796142578125
2367.534912109375
2328.325927734375
2081.1630859375
2034.3931884765625
2315.9248046875
2104.34912109375
2059.45703125
2089.83056640625
2085.8388671875
2008.6807861328125
1917.503662109375
2072.638916015625
2045.8568115234375
2613.6982421875
2418.337158203125
2494.699951171875
2526.121826171875
2278.643310546875
2018.55078125
2032.916015625
2130.60693359375
1995.2305908203125
2300.495849609375
2463.591064453125
2172.21044921875
2099.671875
2316.989013671875
2195.9365234375
1996.047119140625
1982.6025390625
2051.525634765625
1965.964599609375
1884.530517578125
2147.47900390625
2270.947509765625
2168.16357421875
2054.36962890625
2426.8779296875
1767.513427734375
1845.3095703125
2076.050048828125
2165.947021484375
2590.47802734375
2031.742431640625
2060.173583984375
2129.502197265625
2287.71728515625
1756.8515625
1939.4359130859375
2052.36962890625
2239.388671875
1819.07470703125
2212.64794921875
1979.4346923828125
2490.234619140625
2417.2666015625
2128.88134765625
2360.01416015625
2122.64404296875
2442.528564453125
2027.639892578125
2266.21435546875
2072.591796875
2113.839111328125
1967.544921875
1848.266357421875
2718.31005859375
2386.89697265625
2065.43701171875
2054.326904296875
2245.967041015625
2127.334228515625
2486.474609375
2484.47119140625
2148.2822265625
1928.4739990234375
2542.15185546875
2258.83837890625
2128.306640625
2298.676025390625
1831.638916015625
2135.79052734375
1910.5360107421875
2622.46728515625
1973.28857421875
2818.91552734375
2494.37451171875
2185.901611328125
2054.3916015625
2325.66259765625
2533.169189453125
2154.1376953125
2073.192626953125
2269.39697265625
2213.873291015625
2068.01513671875
2328.79833984375
1957.011474609375
2338.89599609375
2035.947265625
2253.31494140625
2580.6953125
2265.7138671875
2280.09716796875
2137.2822265625
1946.619140625
2100.086669921875
2346.3212890625
2351.82080078125
2375.009765625
2387.429931640625
2235.15478515625
2057.02783203125
2669.099853515625
2325.38232421875
2081.09033203125
1971.7667236328125
2084.77783203125
1975.6412353515625
2062.03076171875
2063.85986328125
2277.807861328125
2586.419189453125
2678.223876953125
2390.14599609375
2539.12548828125
2158.54833984375
2511.00537109375
2257.671630859375
2773.933349609375
2150.591796875
2293.490234375
2461.8740234375
2479.183349609375
2143.259765625
2365.14697265625
1900.015869140625
2357.69873046875
2446.3642578125
1934.05419921875
1835.508056640625
2142.7177734375
2826.0322265625
2298.92041015625
2018.676513671875
2202.850830078125
2487.199462890625
2393.464111328125
1961.0628662109375
2024.0380859375
1844.4044189453125
2094.859375
2081.25048828125
2118.22412109375
2367.98193359375
2726.687255859375
2747.3828125
2528.797607421875
2028.547119140625
2117.697021484375
2172.712890625
2491.08154296875
2118.347900390625
1926.305419921875
2114.266845703125
2106.2451171875
2080.01025390625
2263.301025390625
2020.15380859375
2449.54736328125
2217.91845703125
2225.5576171875
1991.5843505859375
2142.389892578125
1993.45556640625
2167.24609375
2258.580078125
2310.78662109375
2057.62548828125
1888.430419921875
2347.7705078125
1864.237548828125
2873.05517578125
2026.86669921875
2217.88671875
1945.77392578125
2154.34033203125
2405.900390625
2259.5224609375
2471.319091796875
1931.344482421875
2330.46435546875
2283.139892578125
2026.9722900390625
2052.759033203125
2057.9248046875
2056.548828125
2005.554931640625
1951.269775390625
1945.1646728515625
2408.806884765625
1738.62158203125
2215.59912109375
2028.858642578125
1938.3741455078125
2083.192138671875
1823.95947265625
1924.9315185546875
1973.021240234375
2194.69189453125
2066.654296875
2500.840576171875
2077.519775390625
1697.6756591796875
1983.429443359375
1963.631591796875
1994.37744140625
2374.46533203125
2403.856689453125
2347.617919921875
1966.0552978515625
2083.9658203125
1998.4962158203125
1909.8599853515625
2128.0634765625
1878.9111328125
2044.27783203125
2128.213623046875
1852.16943359375
2221.808349609375
1941.7269287109375
1938.2735595703125
1980.6646728515625
2166.947265625
1945.9366455078125
2252.232177734375
2132.55224609375
2224.30517578125
2120.877197265625
1850.0811767578125
1860.2872314453125
1732.521240234375
1923.985107421875
2068.05029296875
2180.930908203125
1706.8087158203125
1859.606201171875
2140.1943359375
1953.673828125
2650.414306640625
2087.4921875
2012.9013671875
1973.1041259765625
1790.177490234375
1974.951171875
1916.920654296875
2574.822021484375
1965.6849365234375
1928.653076171875
2051.34619140625
2161.646484375
1783.6689453125
1741.560791015625
2055.79541015625
2136.951904296875
2650.6826171875
2000.0225830078125
1887.73876953125
2094.918701171875
1869.4730224609375
1837.1668701171875
1881.29345703125
1915.053466796875
1906.280517578125
1944.840576171875
2263.06982421875
2504.24560546875
1845.1905517578125
2246.133544921875
2043.959228515625
2191.3837890625
2089.286865234375
2108.54931640625
1807.0616455078125
2363.592529296875
2139.693359375
1939.529541015625
1820.38671875
1963.68115234375
1756.6226806640625
1835.6015625
2317.848876953125
1769.015869140625
1824.58544921875
2446.81982421875
2377.829833984375
1722.06103515625
2167.031494140625
1923.91552734375
1810.3212890625
1826.999267578125
1640.740478515625
2159.2646484375
1952.2059326171875
1899.098876953125
1878.07763671875
2154.1845703125
1864.1298828125
2187.318359375
2009.806884765625
2245.241455078125
1884.4998779296875
2235.19775390625
2053.721923828125
2298.224365234375
1781.9051513671875
2051.751953125
1779.568359375
2211.18505859375
2006.304931640625
1938.5626220703125
1615.7337646484375
2127.187255859375
1944.0633544921875
2035.3905029296875
1810.4969482421875
2175.474365234375
1669.13623046875
2201.89306640625
2237.09228515625
1698.3948974609375
1832.228515625
1754.51904296875
1674.253173828125
1822.817626953125
1976.18603515625
2069.630859375
2003.658203125
1762.4208984375
2065.574462890625
1944.4715576171875
1919.785888671875
1761.961669921875
1851.56884765625
2190.5830078125
1805.13232421875
2303.41162109375
2380.418701171875
2560.912109375
1709.30859375
1789.8741455078125
1839.591796875
1881.5748291015625
1922.019287109375
1710.645263671875
1969.443359375
2391.337890625
1787.6090087890625
2187.8076171875
2045.3756103515625
2281.208984375
2395.917724609375
1738.3848876953125
2024.4501953125
2511.337890625
2038.6915283203125
2058.5244140625
2142.4248046875
1788.11376953125
2006.8597412109375
1872.856201171875
1600.289306640625
1888.88671875
1836.073486328125
1962.607666015625
2095.58251953125
2112.03466796875
1835.79345703125
1699.356201171875
2125.69140625
1969.2694091796875
2010.8759765625
1955.048095703125
1855.32421875
2152.1953125
1620.89111328125
2197.833984375
2220.929931640625
1896.449951171875
1907.208251953125
1970.7818603515625
2083.45556640625
1818.189208984375
1888.606201171875
2287.50341796875
1955.3314208984375
1788.713134765625
1871.58837890625
2165.628662109375
2461.401611328125
1949.5093994140625
2136.263671875
1860.514404296875
1961.7916259765625
2036.7802734375
2041.2349853515625
1907.138916015625
1692.682861328125
1758.0712890625
2342.2080078125
1894.756103515625
1817.5689697265625
2083.41015625
2124.473876953125
2013.13623046875
2416.109619140625
1782.7255859375
1739.70751953125
1845.1121826171875
1876.4986572265625
2177.272216796875
2501.90087890625
2022.5760498046875
2695.474609375
1869.11865234375
2568.517333984375
2328.68603515625
2382.377197265625
2063.193603515625
2435.087158203125
1993.95556640625
1797.6129150390625
1808.09619140625
1982.322509765625
2365.59033203125
2032.32177734375
2263.72265625
2030.193603515625
1717.25830078125
2078.123046875
1867.2264404296875
2412.391357421875
2196.48095703125
1774.7265625
1814.19140625
1847.27392578125
1890.7388916015625
1967.53076171875
1779.4290771484375
1877.6529541015625
1702.7734375
1937.1856689453125
2164.249267578125
1755.072021484375
2441.104736328125
2038.4752197265625
2002.57275390625
1898.10498046875
2211.07373046875
1804.4022216796875
1895.007568359375
2082.59033203125
2331.51513671875
2115.6298828125
1658.3978271484375
2234.8212890625
1847.6455078125
1931.0316162109375
1688.509521484375
1948.7774658203125
1923.4599609375
1648.884521484375
2491.352783203125
2161.525146484375
2221.30078125
2087.2021484375
1671.771240234375
1726.510009765625
2010.578125
1993.909912109375
1846.561279296875
2287.65087890625
2030.455078125
1691.970703125
1682.090576171875
1940.3614501953125
2135.6884765625
1678.93994140625
1755.11083984375
1577.64697265625
2430.3251953125
1766.561767578125
1682.8619384765625
1598.81201171875
1688.81689453125
2199.02685546875
1849.2080078125
1712.7611083984375
1788.4737548828125
1751.470703125
1654.3248291015625
2139.1630859375
2114.67626953125
1688.15966796875
2497.578369140625
2407.4921875
1675.079345703125
1740.03466796875
2139.882080078125
1772.781982421875
2112.28564453125
1737.278076171875
1873.95849609375
2106.037353515625
1958.8536376953125
1693.42333984375
2099.322265625
2340.671142578125
1678.8311767578125
1913.597412109375
1894.5745849609375
1673.7236328125
1935.2459716796875
1979.89453125
1673.8453369140625
1655.8692626953125
1857.04296875
1716.6866455078125
1681.940185546875
1685.35986328125
1989.65185546875
2127.892333984375
1994.262939453125
1691.9345703125
1641.655517578125
1827.619873046875
2163.511962890625
1659.869384765625
1607.178466796875
1843.830078125
1754.6531982421875
1801.925537109375
1683.3955078125
1869.83203125
1896.82177734375
2051.06982421875
1700.968505859375
2115.88916015625
1861.898681640625
1804.444580078125
1927.9375
1688.96826171875
1749.391357421875
2000.9254150390625
1904.729248046875
1850.31689453125
1634.33837890625
1695.69091796875
1950.1820068359375
2009.943115234375
1677.4453125
1627.1456298828125
2004.3211669921875
1879.204833984375
1689.0711669921875
1698.02294921875
1679.38525390625
1719.146484375
1711.7410888671875
1751.5478515625
1816.26123046875
1726.867431640625
1763.45703125
1608.2042236328125
1742.867919921875
1852.374267578125
1785.1495361328125
1723.6943359375
1802.13720703125
1757.2061767578125
1666.948974609375
1770.6251220703125
1727.032470703125
1725.5562744140625
1601.1611328125
1789.8297119140625
1881.1724853515625
1702.8447265625
1645.393798828125
1854.9461669921875
1706.2012939453125
1796.9425048828125
1878.4554443359375
1573.0167236328125
1693.006591796875
1729.7337646484375
1827.237060546875
1698.4583740234375
1706.363525390625
1866.1611328125
1950.7989501953125
1811.276123046875
1657.3486328125
1653.6234130859375
1693.6187744140625
1706.3311767578125
1873.483642578125
1722.0380859375
1779.7802734375
1880.0064697265625
1707.107421875
1697.576171875
1989.55517578125
1702.698486328125
1903.824462890625
1900.453857421875
1612.8729248046875
1626.1488037109375
1884.536376953125
1645.5364990234375
1884.810302734375
1704.0859375
1629.7935791015625
2068.482421875
1866.68212890625
1639.4481201171875
1676.1142578125
1849.2928466796875
1696.99658203125
1739.22314453125
1763.040283203125
1615.510986328125
1670.337890625
1966.63232421875
1632.1968994140625
1679.2574462890625
1821.537841796875
1723.295654296875
1803.987060546875
1822.8455810546875
1865.374267578125
1668.7227783203125
1730.654541015625
1720.42626953125
1721.511474609375
1856.5782470703125
1999.04248046875
1759.768798828125
1823.20458984375
1844.5849609375
1639.2901611328125
1633.7587890625
1759.01025390625
1741.049072265625
1592.1751708984375
1698.4825439453125
1666.5948486328125
1809.0250244140625
1614.5123291015625
1635.6065673828125
1633.8480224609375
1688.6290283203125
1929.7412109375
1634.7750244140625
2264.623046875
1861.4691162109375
1856.209228515625
1564.08203125
1874.37548828125
1772.325439453125
1939.7435302734375
2082.61865234375
1897.309326171875
1650.8385009765625
1977.608154296875
2365.0107421875
1975.937744140625
1774.578369140625
1789.2921142578125
1636.28662109375
2011.9127197265625
1848.3255615234375
1689.2117919921875
1813.706298828125
1777.0487060546875
1815.5888671875
1711.791259765625
1966.7060546875
1932.723388671875
1880.023681640625
1970.2720947265625
1898.8369140625
1652.247802734375
1968.78369140625
1675.9033203125
1955.1846923828125
1901.660888671875
1586.85888671875
1890.7266845703125
1926.6590576171875
1827.3612060546875
1664.935791015625
1853.147705078125
1748.5032958984375
1757.1546630859375
1811.0037841796875
1789.017578125
1781.108642578125
1617.9014892578125
1980.9090576171875
1777.52197265625
1669.040771484375
2008.552978515625
1740.762451171875
1834.3408203125
1729.51513671875
1867.503662109375
1766.43115234375
1985.557373046875
1831.84423828125
2153.31396484375
1638.547119140625
2071.9453125
1642.9359130859375
1944.815185546875
1851.669189453125
1697.3291015625
1553.1728515625
1626.123779296875
1565.40185546875
1877.970703125
1842.8642578125
2074.619140625
1790.51953125
2197.828125
1835.775390625
1856.1500244140625
1867.273681640625
1703.7711181640625
1717.3671875
1998.160888671875
1834.06396484375
1765.076416015625
1741.014892578125
1582.036376953125
1502.525146484375
1561.609619140625
1748.39794921875
2030.3092041015625
1622.2005615234375
1779.5205078125
1689.2861328125
1958.13623046875
1724.314697265625
1911.48046875
1750.2659912109375
1645.680908203125
1623.650146484375
2029.646240234375
1586.782958984375
1612.9140625
1757.52587890625
1960.4521484375
2003.0823974609375
1638.716064453125
2043.430419921875
1680.2501220703125
1905.8896484375
1680.2568359375
1825.16162109375
1805.85498046875
1672.4849853515625
1824.62890625
1752.3636474609375
2115.370849609375
1895.376953125
2002.044189453125
1682.27001953125
1748.6417236328125
1540.5296630859375
1838.7724609375
1822.49462890625
1708.4622802734375
1886.867919921875
1745.87890625
2130.5234375
1576.7823486328125
1617.14208984375
1710.91845703125
1770.326171875
2280.76953125
1747.64892578125
1724.662109375
2139.565673828125
1956.1363525390625
1911.7080078125
1798.884765625
1631.24365234375
1627.33642578125
1639.24365234375
1842.518798828125
1831.04541015625
1621.93994140625
1905.25244140625
1668.5147705078125
1643.1693115234375
1574.247314453125
1672.06298828125
1713.212158203125
1858.2603759765625
1862.1566162109375
1955.5965576171875
1869.947998046875
1808.359130859375
1527.30712890625
1855.870361328125
1712.912353515625
1657.03955078125
1604.6259765625
2296.24951171875
1754.1640625
1807.9501953125
1726.8785400390625
1442.4207763671875
1539.925048828125
1817.3560791015625
1685.3692626953125
1739.041748046875
2051.7548828125
1585.653564453125
1899.430908203125
1541.4879150390625
1797.738525390625
1760.4873046875
1672.808349609375
2066.43212890625
1785.3392333984375
1720.192626953125
1570.184814453125
1661.62939453125
1784.27099609375
1974.86962890625
1530.487548828125
1621.8970947265625
1727.5267333984375
1923.296630859375
1775.40185546875
1805.2589111328125
1995.5780029296875
1610.55712890625
1773.57568359375
1821.26953125
1820.508056640625
2001.1640625
1764.06884765625
1989.13232421875
1785.1375732421875
1619.810791015625
1957.8629150390625
1937.8536376953125
2044.8470458984375
1800.8560791015625
1981.5936279296875
1646.3016357421875
1745.117431640625
1737.4931640625
1625.9378662109375
1708.3658447265625
1650.4808349609375
2059.028564453125
1715.524658203125
2149.0263671875
1727.9290771484375
1770.804931640625
1861.0328369140625
1626.6221923828125
1637.179443359375
1493.519287109375
1776.51904296875
1964.1617431640625
1719.994384765625
1786.7781982421875
1879.74609375
1871.3564453125
1874.5496826171875
1774.70361328125
1841.3056640625
1694.595458984375
1892.118408203125
1609.467529296875
1608.09912109375
1808.8868408203125
1661.271240234375
1658.51171875
1837.298095703125
1593.22802734375
1630.6522216796875
1759.15185546875
1713.5535888671875
1634.9456787109375
1737.81591796875
1616.382568359375
1622.4891357421875
1945.8883056640625
1609.516845703125
1742.5611572265625
1892.272705078125
1718.068359375
1609.474853515625
2039.0406494140625
1509.443359375
1456.0960693359375
1520.9305419921875
1849.2467041015625
2216.36328125
1523.68896484375
1914.7515869140625
1717.3876953125
2096.89599609375
1631.9853515625
1934.529296875
1460.044921875
1593.728515625
1587.62890625
1761.848876953125
1538.394287109375
1564.3818359375
1577.931640625
1642.3724365234375
2250.856201171875
1654.2701416015625
1650.3994140625
1683.14892578125
1627.86962890625
1693.8304443359375
1714.456298828125
1708.249755859375
1917.8369140625
1340.285400390625
1962.917236328125
1801.2635498046875
1634.1563720703125
1788.97607421875
1621.35009765625
1734.3387451171875
1896.027587890625
1474.298583984375
1440.161376953125
1479.7313232421875
1747.8973388671875
1495.9866943359375
1644.571044921875
1651.364990234375
1678.8822021484375
1650.7506103515625
1553.1370849609375
1425.310546875
1931.875732421875
1731.252197265625
1587.6630859375
1904.708740234375
1809.612060546875
1366.169677734375
1472.67529296875
1907.4130859375
1664.7479248046875
1764.03076171875
1822.54150390625
1708.565673828125
1639.8975830078125
1714.79052734375
1567.2509765625
1434.4027099609375
1753.267822265625
1495.550537109375
1562.362548828125
1568.4678955078125
1623.08251953125
1391.155029296875
1333.783935546875
1334.1649169921875
1552.2530517578125
1912.0902099609375
1736.777099609375
1806.430908203125
1355.875244140625
1600.635009765625
1925.8931884765625
1579.141845703125
1449.9119873046875
2207.402099609375
1994.3013916015625
1542.82763671875
1602.678466796875
1706.5623779296875
1765.702392578125
1621.83447265625
1502.6807861328125
1819.080078125
1520.158935546875
1335.499755859375
1712.273681640625
2071.193359375
1535.739013671875
1676.733154296875
1830.44189453125
1711.489501953125
1643.5830078125
1386.4954833984375
1475.9208984375
1368.9044189453125
1689.90478515625
1783.445556640625
1375.6302490234375
1626.922119140625
1864.0546875
1952.437255859375
1854.5885009765625
1592.627685546875
1791.7755126953125
1790.14208984375
1964.567138671875
1781.624267578125
1531.77197265625
1730.929443359375
1670.76904296875
1644.0364990234375
1476.45166015625
1419.0
1981.9188232421875
1642.706787109375
1600.8779296875
1245.12451171875
1495.948486328125
1680.329345703125
1637.7197265625
1543.073974609375
1832.8682861328125
1591.08935546875
1589.03857421875
1736.884521484375
1706.736328125
1824.0107421875
1574.9547119140625
1651.546142578125
1850.615966796875
1570.3505859375
1414.4375
1399.849365234375
1516.15869140625
1738.820068359375
1469.75244140625
1624.765380859375
1604.4813232421875
1348.058349609375
1269.0263671875
2332.709228515625
1527.7744140625
1953.1339111328125
1665.316162109375
1672.8370361328125
1573.1466064453125
1477.39697265625
1874.433349609375
1466.69873046875
1357.859619140625
1465.146728515625
1658.2498779296875
1567.356689453125
1681.6416015625
1201.165283203125
1488.089599609375
1682.2767333984375
1450.6861572265625
1628.3115234375
1522.673095703125
1675.9022216796875
1403.369873046875
1756.8892822265625
1298.4637451171875
1411.9969482421875
1356.988037109375
1381.962158203125
1626.943115234375
1509.47607421875
1724.158203125
1384.767333984375
1507.58740234375
1508.2135009765625
1336.5181884765625
1542.3154296875
1572.0595703125
1512.56298828125
1578.1253662109375
1647.220703125
1574.940185546875
1539.8447265625
1642.8203125
1700.7908935546875
1724.470947265625
1461.082763671875
1678.0977783203125
1739.506591796875
1499.813232421875
1413.42431640625
1439.403076171875
1424.16015625
1592.3570556640625
1958.9168701171875
1549.370361328125
1503.624267578125
1232.1614990234375
1940.4593505859375
1642.378662109375
1303.1749267578125
1397.779296875
1542.871337890625
1760.781005859375
1345.8150634765625
1359.0648193359375
1377.87548828125
1572.6248779296875
1412.421142578125
1339.6190185546875
1425.916259765625
1366.47265625
1439.25244140625
1487.3919677734375
1595.86669921875
1555.34130859375
1858.341064453125
1347.478515625
1500.661376953125
1374.9912109375
1678.8095703125
1344.42138671875
1433.000244140625
1599.128662109375
1497.8670654296875
1365.320556640625
1253.5699462890625
1365.362060546875
1571.9017333984375
1254.846435546875
1321.8270263671875
1286.9283447265625
1539.243896484375
1453.13134765625
1448.9110107421875
1377.596435546875
1350.8487548828125
1317.3375244140625
1391.217529296875
1315.2708740234375
1279.2530517578125
1355.578857421875
1455.865966796875
1213.417236328125
1174.180908203125
1657.496337890625
1356.511962890625
1306.6392822265625
1324.2716064453125
1282.045654296875
1449.600341796875
1650.5718994140625
1332.857666015625
1421.5433349609375
1244.9013671875
1288.4853515625
1285.3695068359375
1438.5057373046875
1478.255859375
1431.6419677734375
1458.902587890625
1197.12744140625
1328.3414306640625
1335.560791015625
1353.9482421875
1481.81298828125
1265.603515625
1554.7186279296875
1415.4337158203125
1403.21826171875
1256.396240234375
1658.10791015625
1313.64501953125
1436.355224609375
1288.2042236328125
1238.015380859375
1403.7952880859375
1331.7921142578125
1314.152099609375
1290.008056640625
1509.746337890625
1340.9625244140625
1547.640869140625
1321.1396484375
1428.169677734375
1221.7864990234375
1122.8916015625
1586.3839111328125
1297.800048828125
1164.78173828125
1369.086181640625
1335.342529296875
1198.119140625
1318.35205078125
1280.744140625
1521.815185546875
1173.8590087890625
1239.31201171875
1145.224853515625
1472.6824951171875
1329.6026611328125
1363.092529296875
1207.47705078125
1615.107666015625
1239.1142578125
1331.80126953125
1311.221923828125
1237.633056640625
1554.917236328125
1275.38818359375
1124.6563720703125
1608.468017578125
1267.1541748046875
1171.395263671875
1318.660888671875
1578.218505859375
1109.72412109375
1595.943603515625
1316.0887451171875
1578.0987548828125
1291.0938720703125
1456.26220703125
1324.362060546875
1286.0068359375
1546.39990234375
1335.7166748046875
1461.90185546875
1268.520263671875
1208.889404296875
1331.47314453125
1323.151611328125
1429.641357421875
1289.1513671875
1350.3880615234375
1431.891357421875
1311.99267578125
1250.635009765625
1405.047607421875
1164.7529296875
1266.8892822265625
1377.2418212890625
1230.1463623046875
1275.3941650390625
1221.05322265625
1352.4925537109375
1456.0133056640625
1664.613525390625
1356.975341796875
1254.2158203125
1560.075927734375
1386.04345703125
1326.48095703125
1633.87841796875
1337.9483642578125
1362.2962646484375
1454.6387939453125
1183.260009765625
1260.97509765625
1193.10791015625
1385.339111328125
1198.331298828125
1349.846435546875
1181.9527587890625
1305.1455078125
1368.478759765625
1131.8658447265625
1318.03662109375
1146.590087890625
1205.078369140625
1118.8702392578125
1389.6025390625
1130.13671875
1292.457763671875
1453.916259765625
1224.0487060546875
1148.832763671875
1165.064697265625
1256.096923828125
1192.4576416015625
1294.4766845703125
1433.661376953125
1218.0587158203125
1321.135009765625
1151.747802734375
1159.5892333984375
1272.680908203125
1468.78125
1181.5269775390625
1203.83544921875
1476.978759765625
1094.69873046875
1217.803955078125
1459.85791015625
1269.625244140625
1464.73095703125
1175.2237548828125
1294.510986328125
1529.3699951171875
1168.2490234375
1372.7305908203125
1310.5635986328125
1405.5150146484375
1193.8524169921875
1353.50537109375
1261.95263671875
1413.400634765625
1484.0753173828125
1176.35888671875
1296.147216796875
1101.26806640625
1329.043701171875
1167.4110107421875
1402.869140625
1224.620849609375
1256.3094482421875
1327.91552734375
1256.2059326171875
1166.21142578125
1406.2529296875
1164.525390625
1231.3172607421875
1109.4365234375
1213.6356201171875
1314.909423828125
1136.8663330078125
1241.98876953125
1087.52587890625
1254.84326171875
1148.2138671875
1103.951416015625
1430.982177734375
1049.2099609375
1269.0343017578125
1449.3985595703125
1452.404296875
1178.680419921875
1289.582275390625
1342.996826171875
1212.8485107421875
1375.5736083984375
1353.09619140625
1219.46875
1561.115234375
1442.98193359375
1242.49658203125
1183.7008056640625
1372.409423828125
1439.644775390625
1233.2855224609375
1222.8922119140625
1350.3546142578125
1280.3153076171875
1134.1429443359375
1210.166015625
1288.283935546875
1184.297607421875
1187.550048828125
1185.9708251953125
1172.578857421875
1437.805908203125
1243.46728515625
1345.026611328125
1366.301025390625
1494.423095703125
1257.5562744140625
1359.9112548828125
1146.307373046875
1252.407958984375
1584.5699462890625
1189.7073974609375
1129.0908203125
1125.5235595703125
1361.8544921875
1115.6343994140625
1264.7884521484375
1336.627197265625
1119.205322265625
1310.61572265625
1318.79833984375
1224.966796875
1501.72705078125
1316.99560546875
1241.123046875
1228.4600830078125
1288.589111328125
1157.959716796875
1444.4110107421875
1385.8919677734375
1120.7940673828125
1229.63037109375
1234.176513671875
1255.09912109375
1449.768310546875
1249.408935546875
1358.616943359375
1197.37841796875
1260.4342041015625
1437.654541015625
1229.6746826171875
1381.047607421875
1164.8359375
1231.046875
1215.44775390625
1348.76611328125
1204.721435546875
1221.36376953125
1286.410400390625
1124.040771484375
1367.422607421875
1439.0106201171875
1147.76806640625
1258.59326171875
1250.7838134765625
1165.3397216796875
1228.123046875
1286.513916015625
1221.5931396484375
1266.411376953125
1338.598876953125
1197.6448974609375
1356.7435302734375
1160.585205078125
1365.1719970703125
1160.735595703125
1286.0723876953125
1166.6038818359375
1192.921875
1363.90185546875
1117.120361328125
1340.43017578125
1097.0556640625
1359.6290283203125
1231.22705078125
1474.8017578125
1157.356689453125
1300.4658203125
1289.2158203125
1294.5067138671875
1293.0743408203125
1211.05224609375
1306.110107421875
1127.163818359375
1135.997314453125
1061.014892578125
1325.70556640625
1119.97607421875
1140.534423828125
1325.061767578125
1248.895751953125
1320.4290771484375
1316.7103271484375
1318.965576171875
1156.516357421875
1202.725341796875
1074.7811279296875
1259.231201171875
1405.680419921875
1167.4931640625
1346.708984375
1060.9892578125
1222.9586181640625
1143.9774169921875
1172.514404296875
1208.3389892578125
1172.3995361328125
1114.2794189453125
1356.87939453125
1185.7669677734375
1154.12353515625
1308.6187744140625
1086.1676025390625
1498.56689453125
1107.2481689453125
1218.772216796875
1252.5693359375
1051.0625
1287.019775390625
1222.34912109375
1163.2313232421875
1157.3046875
1545.822509765625
1232.4219970703125
1290.1839599609375
1359.802490234375
1232.50341796875
1379.077392578125
1375.611328125
1347.73388671875
1169.929443359375
1224.1300048828125
1373.638916015625
1501.1973876953125
1330.688720703125
1290.836181640625
1173.24560546875
1123.8616943359375
1274.11865234375
1067.82568359375
1197.43212890625
1267.12646484375
1316.596923828125
1118.1844482421875
1117.522705078125
1357.700927734375
1340.2877197265625
1370.880126953125
1260.427490234375
1176.05126953125
1087.59375
1143.663818359375
1387.890380859375
1229.54736328125
1547.1925048828125
1197.704833984375
1619.185791015625
1253.55517578125
1405.75927734375
1433.769775390625
1520.501953125
1227.1302490234375
1191.0142822265625
1228.0772705078125
1266.010986328125
1389.1590576171875
1214.3643798828125
1236.21826171875
1175.718994140625
1282.3505859375
1180.6646728515625
1169.328857421875
1116.23388671875
1226.010986328125
1085.9058837890625
1123.0911865234375
1259.674072265625
1112.533935546875
1271.4075927734375
1284.215576171875
1215.458251953125
1395.8134765625
1348.763427734375
1143.1490478515625
1447.5599365234375
1175.439208984375
1082.571533203125
1228.7135009765625
1260.375
1315.1085205078125
1239.1878662109375
1243.372314453125
1421.134765625
1099.198486328125
1200.9166259765625
1379.900146484375
1589.5394287109375
1190.644287109375
1056.403076171875
1222.9945068359375
1384.0098876953125
1204.57373046875
1367.846923828125
1259.94189453125
1438.7669677734375
1139.1988525390625
1092.120849609375
1096.6732177734375
1200.8927001953125
1150.0181884765625
1045.337158203125
1145.61767578125
1509.08056640625
1185.759521484375
1217.5357666015625
1170.9708251953125
1190.7467041015625
1139.4862060546875
1073.860595703125
1103.826171875
1128.8564453125
1394.2884521484375
1341.4373779296875
1174.5855712890625
1221.430908203125
1294.4185791015625
1286.755859375
1380.260009765625
1249.4832763671875
1151.4735107421875
1320.476318359375
1139.1800537109375
1473.7637939453125
1170.8905029296875
1182.26513671875
1136.301513671875
1371.595458984375
1230.9998779296875
1295.3125
1315.2364501953125
1115.182861328125
1311.8297119140625
1185.626708984375
1527.7542724609375
1227.371826171875
1157.966064453125
1284.53759765625
1364.998291015625
1202.6639404296875
1183.812744140625
1146.565673828125
1093.2362060546875
1265.6326904296875
1057.543212890625
1188.933349609375
1448.48876953125
1284.7518310546875
1161.0191650390625
1351.28076171875
1318.0501708984375
1192.7509765625
1234.760498046875
1512.80322265625
1111.7012939453125
1222.775146484375
1227.8892822265625
1426.907470703125
1194.03759765625
1463.6552734375
1211.968017578125
1638.859375
1320.859130859375
1186.6771240234375
1189.2530517578125
1221.044921875
1196.7120361328125
1332.061767578125
1059.154541015625
1352.8369140625
1255.226806640625
1086.6328125
1738.558837890625
1170.886474609375
1140.830322265625
1293.8360595703125
1135.00341796875
1124.4532470703125
1222.6207275390625
1243.0611572265625
1301.4298095703125
1230.4195556640625
1146.6552734375
1378.160400390625
1228.8062744140625
1368.3326416015625
1068.569091796875
1260.5845947265625
1304.388671875
1164.770263671875
1347.395263671875
1223.1767578125
1146.673828125
1165.35400390625
1269.5087890625
1060.2242431640625
1245.2974853515625
1336.5982666015625
1208.27880859375
1448.9732666015625
1230.66162109375
1154.639892578125
1164.802001953125
1174.8026123046875
1099.5028076171875
1106.4276123046875
1464.26025390625
1261.0784912109375
1241.6427001953125
1157.3321533203125
1086.66064453125
1139.9901123046875
1400.018310546875
1293.9765625
1256.1090087890625
1196.517822265625
1217.608642578125
1245.1815185546875
1183.7138671875
1279.3170166015625
1273.765380859375
1456.3662109375
1047.1015625
1209.98828125
1198.08740234375
1116.205078125
1295.5968017578125
1124.266357421875
1087.32861328125
1360.541748046875
1540.294921875
1206.2484130859375
1110.1427001953125
1429.86572265625
1333.906494140625
1205.1392822265625
1327.6416015625
1188.794677734375
1629.819091796875
1292.32275390625
1482.357421875
1177.2537841796875
1194.2913818359375
1188.855224609375
1195.171875
1130.277587890625
1271.4344482421875
1158.762939453125
1112.6051025390625
1311.5361328125
1227.155517578125
1382.0274658203125
1311.658935546875
1120.217041015625
1409.2666015625
1397.701171875
1171.9964599609375
1428.410400390625
1293.755615234375
1403.0458984375
1151.9384765625
1138.068115234375
1115.7239990234375
1487.90283203125
1058.8792724609375
1414.922119140625
1314.43408203125
1221.295166015625
1321.43994140625
1222.600830078125
1073.3385009765625
1454.0869140625
1373.10986328125
1154.220947265625
1331.97021484375
1041.64501953125
1376.13720703125
1107.4635009765625
1209.8128662109375
1422.2967529296875
1285.23486328125
1204.6845703125
1063.283935546875
1077.418212890625
1204.5595703125
1394.223388671875
1327.9442138671875
1384.840087890625
1543.07763671875
1377.5062255859375
1167.2288818359375
1353.5262451171875
1143.073486328125
1301.91796875
1445.975341796875
1214.5556640625
1594.393310546875
1297.9951171875
1533.822509765625
1452.5343017578125
1340.2822265625
1562.5404052734375
1221.877685546875
1555.4697265625
1532.24853515625
1303.12255859375
1348.0679931640625
1208.68603515625
1356.43115234375
1233.12646484375
1065.915283203125
1200.76416015625
1309.609375
1309.460693359375
1397.427978515625
1139.718505859375
1158.634765625
1303.0714111328125
1752.064208984375
1752.337646484375
1597.8927001953125
1201.702880859375
1181.7645263671875
1227.814453125
1399.99853515625
1196.6944580078125
1454.28466796875
1250.7255859375
1592.322265625
1478.533447265625
1850.179931640625
1387.338134765625
1163.6708984375
1719.728759765625
1114.173828125
1370.3134765625
1187.935791015625
1522.533203125
1145.798095703125
1511.201416015625
1335.8037109375
1221.0802001953125
1409.2779541015625
1425.03515625
1450.241455078125
1183.2281494140625
1223.39013671875
1398.1246337890625
1142.1962890625
1310.418212890625
1148.745361328125
1653.7603759765625
1437.675537109375
1239.192626953125
1282.5347900390625
1207.154296875
1250.3033447265625
1413.31494140625
1354.675537109375
1098.39111328125
1140.4512939453125
1194.4063720703125
1097.046875
1487.489501953125
1407.802001953125
1189.475341796875
1294.28271484375
1272.3414306640625
1331.5390625
1353.0751953125
1283.1558837890625
1231.27783203125
1184.131103515625
1653.29638671875
1175.35546875
1377.3251953125
1222.5950927734375
1187.5391845703125
1315.494384765625
1440.132080078125
1112.9434814453125
1341.748046875
1152.5858154296875
1123.34716796875
1053.2763671875
1146.56005859375
1201.8192138671875
1267.23291015625
1048.2156982421875
1284.435302734375
1365.90087890625
1312.106201171875
1187.482177734375
1145.882080078125
1078.4017333984375
1284.074462890625
1173.2371826171875
1085.91552734375
1157.53271484375
1230.9285888671875
1139.128173828125
1486.491943359375
1416.0823974609375
1289.4091796875
1446.3515625
1312.6865234375
1280.7490234375
1317.0662841796875
1585.772216796875
1358.078369140625
1433.701416015625
1107.3663330078125
1346.076904296875
1321.2559814453125
1142.431884765625
1134.7734375
1171.2230224609375
1454.844970703125
1154.29150390625
1455.2899169921875
1133.828125
1268.971435546875
1182.1875
1379.4727783203125
1135.168701171875
1114.7197265625
1366.5634765625
1276.062744140625
1378.765380859375
1195.374755859375
1221.0074462890625
1505.6939697265625
1487.7529296875
1503.064453125
1310.6636962890625
1214.3095703125
1235.87158203125
1250.667724609375
1312.64892578125
1250.492431640625
1214.308349609375
1129.679931640625
1593.805908203125
1275.29638671875
1704.00048828125
1293.530029296875
1198.541259765625
1160.615966796875
1428.4296875
1492.3948974609375
1726.3411865234375
1201.351318359375
1405.898681640625
1235.88330078125
1144.1962890625
1117.439697265625
1141.209228515625
1244.4647216796875
1272.554443359375
1474.1669921875
1094.9603271484375
1268.509521484375
1385.666015625
1214.599365234375
1440.962646484375
1285.852783203125
1185.337890625
1175.3350830078125
1216.28369140625
1377.5198974609375
1415.026611328125
1192.6650390625
1083.77197265625
1298.42919921875
1170.477294921875
1252.29296875
1222.1129150390625
1253.988525390625
1115.03369140625
1044.757568359375
1066.5322265625
1366.1185302734375
1124.7073974609375
1491.4345703125
1230.989013671875
1249.134521484375
1163.38330078125
1271.198486328125
1398.769775390625
1407.968505859375
1245.739013671875
1068.05419921875
1287.3173828125
1115.4320068359375
1141.7603759765625
1246.599609375
1428.654296875
1184.337158203125
1141.6055908203125
1382.1357421875
1215.65673828125
1133.093017578125
1310.76416015625
1244.31640625
1721.5726318359375
1340.761962890625
1384.55224609375
1174.7474365234375
1319.921142578125
1209.1929931640625
1055.3017578125
1310.117919921875
1455.9022216796875
1068.8642578125
1108.48095703125
1031.0545654296875
1176.006591796875
1643.7998046875
1330.5123291015625
1152.422119140625
1245.572998046875
1272.4324951171875
1182.0810546875
1272.5916748046875
1128.8209228515625
1376.0367431640625
1359.114501953125
1293.7449951171875
1194.486328125
1113.764404296875
1249.1063232421875
1293.3375244140625
1532.4150390625
1184.496337890625
1123.7501220703125
1235.84814453125
1097.7060546875
1371.04541015625
1222.1505126953125
1246.01708984375
1224.0447998046875
1071.1275634765625
1396.203125
1319.7703857421875
1284.4288330078125
1357.451171875
1174.607666015625
1162.87353515625
1353.957763671875
1328.3841552734375
1419.774658203125
1299.361572265625
1219.73828125
1159.6033935546875
1179.962890625
1112.02734375
1597.3836669921875
1243.329345703125
1160.5047607421875
1415.781005859375
1280.95458984375
1296.3934326171875
1166.3089599609375
1054.7174072265625
1275.7755126953125
1323.4814453125
1254.640625
1385.178955078125
1137.8582763671875
1256.49072265625
1221.82861328125
1365.27001953125
1461.99951171875
1359.755615234375
1117.6676025390625
1237.949951171875
1318.8004150390625
1308.9541015625
1051.7169189453125
1336.361083984375
1322.9049072265625
1312.991943359375
1331.153076171875
1038.7822265625
1471.58544921875
1167.840576171875
1225.7001953125
1268.7265625
1475.36474609375
1337.7498779296875
1175.771240234375
1239.7276611328125
1342.482421875
1144.224853515625
1497.1715087890625
1088.0423583984375
1386.0673828125
1256.86474609375
1230.708740234375
1253.2574462890625
1045.47607421875
1265.879150390625
1355.672119140625
1283.6982421875
1231.39892578125
1187.9375
1208.612060546875
1202.0311279296875
1077.26953125
1116.3662109375
1116.294677734375
1242.113037109375
1316.495361328125
1321.237548828125
1171.660400390625
1304.92626953125
1425.80712890625
1186.18408203125
1182.758544921875
1311.727294921875
1153.3880615234375
1480.4815673828125
1434.8448486328125
1334.2884521484375
1250.798828125
1239.330078125
1187.640869140625
1117.317626953125
1115.823974609375
1282.2392578125
1374.955322265625
1072.9893798828125
1138.03369140625
1205.348388671875
1311.471923828125
1026.61181640625
1046.017822265625
1056.6982421875
1114.0372314453125
1226.92431640625
1210.695556640625
1214.45751953125
1322.6337890625
1238.43994140625
1191.36181640625
1252.31689453125
1176.1337890625
1489.068115234375
1173.8873291015625
1303.298095703125
1445.8416748046875
1230.5703125
1141.053955078125
1262.62548828125
1261.58251953125
1058.011474609375
1040.8367919921875
1367.845458984375
1317.41796875
1309.170166015625
1159.1328125
1200.79931640625
1232.1719970703125
1144.008056640625
1057.7025146484375
1451.145751953125
1310.530029296875
1314.6126708984375
1353.5069580078125
1135.8568115234375
1393.425537109375
1380.0760498046875
1171.076171875
1124.4041748046875
1072.8177490234375
1222.09521484375
1155.361328125
1249.771484375
1130.536376953125
1131.7767333984375
1187.2015380859375
1113.3055419921875
1128.15966796875
1404.044677734375
1247.9691162109375
1304.08984375
1134.2037353515625
1409.531982421875
1209.4205322265625
1099.9471435546875
1251.685546875
1415.81982421875
1293.874267578125
1310.53515625
1133.6904296875
1181.9150390625
1207.4774169921875
1264.0242919921875
1121.708984375
1148.826416015625
1126.6790771484375
1039.7489013671875
1140.885986328125
1178.646240234375
1143.8114013671875
1416.9879150390625
1183.0654296875
1247.4610595703125
1175.640625
1332.5841064453125
1119.0045166015625
1167.529541015625
1238.4105224609375
1134.71044921875
1110.7021484375
1106.441650390625
1145.5106201171875
1132.6688232421875
1158.54345703125
1178.9637451171875
1255.537109375
1237.310791015625
1159.261474609375
1258.3045654296875
1124.69970703125
1266.359130859375
1111.1044921875
1235.193603515625
1167.945068359375
1160.574462890625
1139.531494140625
1108.010009765625
1066.768310546875
1064.3927001953125
1293.098388671875
1199.5030517578125
1150.895751953125
1292.4031982421875
1362.271240234375
1167.79443359375
1149.9296875
1179.8486328125
1182.529052734375
1251.49951171875
1169.8929443359375
1140.909423828125
1212.51025390625
1240.32421875
1154.56982421875
1244.27685546875
1068.70947265625
1092.48876953125
1203.0594482421875
1060.3282470703125
1098.68701171875
1306.0699462890625
1232.546875
1100.0863037109375
1151.23486328125
1148.772705078125
1252.096923828125
1280.140625
1078.8074951171875
1044.81298828125
1059.662841796875
1163.51611328125
1179.7196044921875
1201.474609375
1257.72119140625
1100.5023193359375
1343.5367431640625
1187.8408203125
1255.6806640625
1260.3072509765625
1066.1263427734375
1110.3175048828125
1161.958984375
1264.7491455078125
1122.05810546875
1144.108642578125
1064.7919921875
1189.094970703125
1050.904052734375
1139.9320068359375
1170.4483642578125
1135.599609375
1047.9578857421875
1171.13134765625
1231.7325439453125
1131.692626953125
1153.500244140625
1040.525634765625
1141.6905517578125
1034.4141845703125
1206.313232421875
1283.5098876953125
1100.207763671875
1025.4063720703125
1165.492431640625
1129.26611328125
1111.7119140625
1249.519287109375
1048.0269775390625
1224.5552978515625
1183.8924560546875
1196.005615234375
1172.426513671875
1236.667724609375
1039.4039306640625
1188.24560546875
1173.155517578125
1102.7462158203125
1236.9268798828125
1150.3282470703125
1068.0855712890625
1207.245361328125
1142.751708984375
1228.044677734375
1245.607666015625
1100.7520751953125
1087.1256103515625
1023.9528198242188
1229.11376953125
1103.5189208984375
1021.4276123046875
1314.414306640625
1074.779052734375
1087.049072265625
1083.8226318359375
1251.521484375
1129.092529296875
1034.99609375
1154.6512451171875
1078.703857421875
1091.28564453125
1271.913818359375
1128.0074462890625
1129.0732421875
1163.3505859375
1128.8746337890625
1236.17822265625
1118.9757080078125
1073.449462890625
1134.060302734375
1224.075927734375
1143.12158203125
1156.2100830078125
1134.572021484375
1200.937255859375
1200.043701171875
1131.0980224609375
1032.6873779296875
1249.910888671875
1088.5035400390625
1306.981689453125
1064.11572265625
1191.59375
1089.6494140625
1094.9527587890625
1113.270263671875
1264.4373779296875
1169.16748046875
1136.15771484375
1094.4483642578125
1163.1151123046875
1196.1053466796875
1072.995849609375
1270.123046875
1071.5703125
1043.672119140625
1259.112548828125
1167.7232666015625
1204.89697265625
1097.897216796875
1080.0299072265625
1040.619873046875
1119.321044921875
1031.529541015625
1110.6719970703125
1072.7449951171875
1216.8958740234375
1155.01220703125
1039.2281494140625
1115.71044921875
1087.9677734375
1106.692138671875
1127.47998046875
1101.177490234375
1312.231689453125
1194.5968017578125
1096.761962890625
1089.873046875
1112.0445556640625
1107.625732421875
1105.830078125
1020.5324096679688
1053.0731201171875
1052.139892578125
1249.4117431640625
1217.705322265625
1175.009521484375
1092.474609375
1159.3358154296875
1226.60595703125
1177.9376220703125
1065.6806640625
1086.993408203125
1175.8115234375
1310.166259765625
1149.28173828125
1136.6649169921875
1268.022705078125
1023.2861938476562
1178.435791015625
1074.16357421875
1085.1114501953125
1320.691650390625
1193.0869140625
990.8316650390625
1222.275634765625
1210.528564453125
1204.942138671875
1099.890869140625
1016.1016235351562
1097.485595703125
1190.7099609375
1228.293212890625
1242.58447265625
1102.084716796875
1127.2816162109375
1128.4832763671875
1136.39111328125
1094.6590576171875
1032.5936279296875
1183.5260009765625
1222.9482421875
1138.2784423828125
1167.4774169921875
1081.853515625
1072.4715576171875
1146.00146484375
1253.91064453125
1162.155029296875
1215.706787109375
1053.7138671875
1090.3021240234375
1179.951904296875
1233.9931640625
1237.4638671875
1198.7513427734375
1095.90673828125
1145.245361328125
1143.82958984375
1117.320068359375
1284.159423828125
1208.8919677734375
1072.57470703125
1095.8099365234375
1229.614013671875
1162.532470703125
1184.2464599609375
1113.073974609375
1138.39697265625
1083.2857666015625
1345.419677734375
1112.382568359375
1107.593505859375
1180.52197265625
1187.0511474609375
1228.762939453125
1111.5751953125
1094.84521484375
1091.350341796875
1044.72119140625
1022.8529663085938
1202.6927490234375
1002.975341796875
1017.4293212890625
999.7635498046875
1131.828125
1174.331787109375
1137.531494140625
1267.12744140625
1111.6595458984375
1097.180908203125
1156.977294921875
1139.5394287109375
1217.28515625
1072.559814453125
1012.86669921875
1090.4256591796875
1290.6812744140625
1044.080810546875
1187.2015380859375
1123.2406005859375
1095.77490234375
1108.325439453125
1107.9990234375
1197.467529296875
1181.989013671875
1219.4525146484375
1130.0494384765625
1024.3482666015625
1292.7978515625
1083.451171875
1193.91259765625
1063.33349609375
1151.034912109375
1169.361328125
1093.3946533203125
1069.623779296875
1055.577392578125
1054.0274658203125
1251.097900390625
1033.49267578125
1110.9599609375
1164.03466796875
1165.121826171875
994.9656982421875
1057.714599609375
1188.402099609375
1157.129150390625
1086.7139892578125
1124.9959716796875
1025.2496337890625
1117.652099609375
1071.8759765625
1027.22314453125
1089.1163330078125
1129.681884765625
1002.2257080078125
1044.3575439453125
1167.200439453125
1216.6748046875
1176.634521484375
1145.10498046875
1043.6947021484375
1114.7269287109375
1207.890869140625
1010.2625732421875
1139.5257568359375
1119.421142578125
985.688232421875
1148.388671875
1084.634765625
1169.218505859375
990.8723754882812
1052.738525390625
1090.90673828125
1124.112060546875
1170.66259765625
1189.230224609375
1073.281982421875
1174.891357421875
1022.0267333984375
1074.52978515625
1176.65185546875
1157.78515625
1064.164794921875
1235.48291015625
1155.7520751953125
1152.8677978515625
1146.1234130859375
1057.9459228515625
1095.370361328125
1124.0914306640625
1099.2874755859375
1042.1351318359375
1157.855712890625
1130.880859375
1183.44921875
1112.03955078125
1036.0831298828125
1264.4459228515625
1233.5859375
1208.35107421875
1120.6290283203125
1069.8858642578125
1228.3218994140625
1083.2437744140625
1107.763916015625
1223.10986328125
1245.6259765625
1110.34375
1243.431884765625
1248.4599609375
1014.1107788085938
1180.3953857421875
1265.473876953125
1071.140625
1073.4410400390625
1137.500244140625
1022.4533081054688
1046.4232177734375
1146.5556640625
1309.182861328125
1214.49169921875
1226.8857421875
1099.013427734375
1220.3746337890625
1009.5790405273438
1074.492431640625
1023.13671875
1186.179931640625
1169.86962890625
1140.4476318359375
1177.748291015625
1087.018798828125
1114.2642822265625
1047.659423828125
1174.891357421875
1087.707763671875
1178.4989013671875
1177.10595703125
1137.9755859375
1062.336181640625
1148.7860107421875
1132.779296875
1112.6126708984375
1114.079345703125
1143.5146484375
1091.288818359375
