0
0
20062
19211
19698
20253
23033
23845
29407
24897
23827
20449
24577
24027
22484
25683
22851
20803
24498
22971
21697
26871
21943
20625
22996
23700
24139
19851
23565
20365
21578
20884
24334
33199
98432
43307
28720
21780
25678
24998
31014
28845
30297
31161
27376
31289
28718
21848
23544
24468
27767
30748
34314
25047
30477
27523
23557
22670
20252
27040
26337
27350
28484
24171
27877
26159
23211
27649
29211
48320
98642
50308
25740
19857
36317
22649
18569
20549
18087
37200
27880
18673
18924
20363
23706
25387
56363
31841
20286
59394
29518
21073
23043
70100
31878
21138
70462
35259
24033
24028
18468
22553
19392
20951
69433
41097
98821
39004
70694
32352
72464
29020
23818
25483
19648
23238
18216
19715
18953
22842
17907
22071
19923
21152
21713
19536
18313
28073
72224
73519
35841
73181
32443
73226
36109
24518
23526
21642
16341
19724
21322
28751
98877
75632
31627
22058
67450
31242
18596
21946
20187
17669
17530
15352
16494
22902
22877
72902
33630
68687
31827
71656
32841
24538
19283
16954
71925
72178
70158
25142
20369
18856
21577
16862
70826
30511
71666
33410
99139
38086
17761
20840
25902
76474
43327
19837
24863
19759
77515
39156
31446
20746
21250
21968
77276
39721
27781
22133
19626
20747
20435
78288
78133
36135
25226
20420
24367
78715
37737
22820
22302
24324
78216
42203
99045
45061
22783
23025
22707
25883
79993
34385
79837
35098
24679
78086
34563
79385
33326
28480
21760
21014
16298
18168
26439
18029
21711
28376
77491
78770
35490
20229
19292
21494
22275
27024
79115
78456
39919
25447
99131
80904
38795
73909
36107
24635
18928
18733
21070
25724
23370
74230
71712
34674
73713
41186
73914
33080
22895
20149
17925
16439
73542
38185
18502
23998
19250
19801
28042
23480
25998
78477
35733
22918
21076
22957
99074
40996
30156
21816
26136
25836
79173
34543
23757
78423
35259
23954
22938
23817
24500
27489
21557
23463
79695
36731
29122
78274
78262
38335
27785
78593
41459
25616
28173
79170
78922
32348
80253
37521
22421
79547
99199
85959
26813
19500
17120
20088
19586
19489
17417
20344
21211
23098
20258
75739
31246
75955
29429
20572
18978
20868
17520
21791
21888
21709
75423
33349
19729
74442
74498
72374
70096
32960
17215
71170
31897
20648
98400
44010
21885
20776
19954
76359
74565
37682
19249
18199
20389
73950
31043
18242
19387
18613
18085
21462
22357
22326
20684
23962
20223
24370
76711
25798
18473
77659
36779
17769
17495
74215
32501
17620
18448
76556
99010
43195
63984
62485
32591
15838
15099
10615
63816
27208
16929
62718
27595
17102
17912
61377
26888
18950
17430
13356
15095
15575
15300
14713
16074
15038
14872
15989
14603
70878
69512
24141
16115
13416
14355
15097
97194
85650
70251
69870
70797
24915
72117
28170
70349
21629
18983
21494
15204
64079
66386
30803
15457
19293
69053
67501
70109
28885
15610
12077
71463
26482
71772
31426
15841
17044
72351
27478
17395
16200
73949
25735
96794
43718
71581
69076
70647
29407
20711
18927
69970
68880
26173
18491
17973
70629
27611
14325
18473
16525
69802
68899
30150
24088
21574
18658
22002
71154
69617
33701
19926
17227
15796
15553
19689
74260
74362
66319
98366
53876
77948
75516
74268
31294
17615
74409
30272
74404
29416
21754
72663
27808
74859
72881
32272
74079
30470
18582
73679
27961
73876
26849
16498
72366
25875
22907
19801
20396
18651
71979
30704
74042
37759
73137
98413
88689
27219
82404
31916
19919
16949
80345
26146
17604
25686
79582
30248
16069
20573
19899
17157
21246
18494
15352
22499
18144
79392
77753
80435
80892
32651
82103
33022
21593
17089
20772
22642
18172
80426
30031
96366
50363
22902
23933
77422
32898
76790
77861
32919
21395
26774
27252
26026
77651
28610
23627
23151
30858
20509
81690
80181
79411
28480
27769
25516
82867
33119
78350
30436
79266
79597
79901
30706
22667
33014
19082
98644
51672
27547
83979
33119
84712
81800
36111
85463
29227
85513
32927
21627
84850
30999
20963
84349
83111
31031
85291
84485
85605
85479
31068
25349
24943
21344
83567
82907
30705
81316
30538
19063
17736
84198
83155
98435
86744
32056
80925
24859
14826
19405
18096
17344
81456
80180
26293
85428
25124
83377
81435
27838
18598
17571
80695
79564
81968
27823
19068
82915
35010
84385
36207
20627
80818
78686
84025
83605
24736
19075
18091
95371
86141
78753
30063
12774
77114
36416
80254
27621
20425
75948
29561
17978
77164
29361
82288
29731
24528
80034
76277
80832
31626
83678
28838
82170
27004
18160
21369
20346
78610
78285
82016
31489
25406
80741
32410
98272
51034
79638
27533
80043
78483
80446
80528
31750
78966
31061
21133
21062
78494
31281
18078
79032
30965
20610
79200
78107
79997
27564
19467
23051
79918
29715
79943
79531
31172
20683
19415
25584
22623
20750
17361
98637
87236
76889
77590
34265
77747
29138
78455
33075
22303
19081
24112
20104
22199
24396
79525
78724
77430
77673
77832
23549
19712
23173
80301
32664
21159
28463
80549
80382
77984
34750
78386
79603
77248
28803
77855
98065
53376
29817
23953
74406
74780
80478
79521
27838
18310
22682
76791
75623
79054
79474
78825
78962
26675
81847
76757
79992
81070
81052
81798
32051
82948
32805
27379
23675
28444
21030
76783
32776
19808
17392
75751
97339
56480
25774
85498
31745
87473
30640
25416
21272
80168
29848
21105
81453
81616
83203
29166
22081
82925
81993
81554
29722
20824
83644
82898
84887
31425
83264
82787
84430
84426
30659
17141
82484
80116
82843
32130
93864
57524
84967
83113
31646
83502
27303
20087
19471
25949
76258
76469
83710
31264
85016
77876
84518
84749
27703
84667
33425
85155
31373
84161
34375
83769
78151
83463
26937
84114
26279
21413
20800
78385
77392
84793
97011
85631
28933
22890
71029
69844
69830
69869
70295
24051
14309
70587
68717
72780
23691
72702
26025
75028
25339
74291
24396
75265
69057
74121
75574
74970
75030
22939
76240
32688
76462
28359
76073
70600
22192
77292
96259
89598
78829
25983
15378
15507
17856
66943
67118
77080
78071
77300
23586
15559
68883
68233
31033
77956
64785
76344
23592
78190
65824
76940
76882
77324
77353
27372
78565
69886
26560
17925
14946
17317
15645
23701
93163
56507
67508
22816
70792
31019
70755
30357
72294
64035
71650
72569
73165
21301
71821
66179
28830
18833
17993
66031
29816
73395
22502
13857
64625
65753
68961
69286
69223
28143
19094
67303
67527
72052
70530
70124
95099
88311
72968
25149
74136
28126
69541
72021
67167
66435
74142
64146
69889
73546
73308
73495
64707
21974
68809
72833
73173
75069
59258
62820
71049
72469
75164
70659
70576
56506
70269
59225
23816
64788
74590
74326
97347
87866
76735
77136
70929
27295
68429
67081
27416
18816
15149
15937
77404
69311
83154
78440
74335
73115
29641
67083
77404
75950
80955
71788
72485
70908
71514
70930
63916
26607
21343
73362
76887
69499
68422
63492
97049
91551
85421
84516
84924
84977
81547
35200
72414
85046
79112
82124
81124
76670
86012
84178
80187
80470
35302
75162
79277
30125
72291
84301
77402
75511
76256
81427
83191
81218
80931
77158
82306
84348
76344
77677
97002
90891
83233
82467
77307
82645
28175
73429
84696
80464
72769
78345
84058
83123
83077
83717
82495
82224
76753
76649
80064
77721
81044
81494
81999
83431
79170
75741
82475
81772
77471
37315
31450
79623
79760
79459
96695
89733
76198
29607
71829
80168
78031
83282
75048
27509
70664
83766
81221
83534
77694
77906
82299
77824
71048
83437
76765
27911
70854
74722
28063
73043
81785
79808
83246
76877
74538
81366
75135
28403
69864
83409
97178
90396
87865
86720
86666
87026
82882
69212
86320
81239
67534
82796
81586
71580
86744
86444
82375
86743
82625
72633
82117
82338
81900
86140
83142
88778
86874
86723
87457
87251
85454
85125
80609
75871
87969
85863
97532
90675
79422
72996
73778
77849
79853
81533
82242
80837
82622
82060
82868
83215
77640
71521
83952
83716
83043
74475
63475
83467
83728
83183
81760
81169
81890
81377
80531
80611
74289
70224
82437
84184
81854
75946
96987
91958
84685
83234
83216
84173
84650
84357
84509
84159
84268
84536
84613
85128
79452
69675
84316
84128
82268
83553
84093
73331
28487
64197
84027
74346
71452
80351
83926
82120
82000
82003
80927
81060
80157
80163
95506
86738
68668
67921
71916
86264
77012
83436
84707
87838
85513
85617
75020
74054
86571
84674
84763
74660
65681
69749
81419
84200
88650
86473
75640
71757
82624
88397
84247
74793
62440
71937
87524
82958
90440
83960
96758
85648
85146
86143
77362
66341
83980
74113
64839
83387
87236
81997
85975
78311
64834
85103
84869
82497
86974
79041
63856
82988
86055
75318
66684
82091
75418
65329
82896
75441
67958
83533
85805
75024
66048
82258
97293
94293
80737
79133
66132
62792
81312
87435
86998
84207
82577
83386
83107
82141
79481
79497
80051
67465
68134
63245
30744
66040
85488
82625
66739
81046
87261
86430
82740
82867
70829
60997
83448
86373
86243
96899
96903
80263
80991
81201
80594
81396
81701
82018
81858
81411
83264
83709
83903
82965
83233
83361
82447
82939
83441
83538
83829
84456
26266
63247
72283
72894
78600
81000
82042
81781
81990
82526
82517
73245
63415
97001
97023
87522
69809
21275
60394
76429
69019
68921
65653
72367
75374
70332
65631
69617
72057
74562
73910
68256
69366
70968
70282
72419
71318
71351
71294
72768
76244
73881
76482
76704
76790
71185
71597
73248
72880
95305
88289
64858
65240
76401
75310
68674
72206
75968
77706
78839
17922
72854
60189
74881
79167
21131
74787
59703
79647
72260
77662
73381
80531
81065
80760
80437
79165
77242
77720
77767
77636
79436
77802
75778
78549
96486
91428
70780
72575
83625
78386
76092
75502
76182
74710
73844
21093
75600
57944
25925
69920
17286
73877
24919
71160
58645
75855
66106
62734
18230
73697
27899
59798
22467
72903
63217
60952
19770
76166
61016
59886
88980
90371
58511
61145
76353
75217
75377
72955
79279
78826
76633
76332
76166
75722
75245
74671
75958
25130
77827
66434
74628
66871
73530
76735
74658
71246
74790
23920
78185
63595
78043
74052
79308
80758
27932
75875
95196
95557
79736
78330
85990
85933
81673
80972
33830
80635
86627
78265
77501
87042
87472
86063
86094
86694
87358
86575
86705
86265
86802
86641
86399
30032
85684
82214
87709
83768
86555
22406
84945
80177
85936
80221
95999
93077
81532
80941
84577
83940
82784
82655
83630
84932
85097
85046
85092
85117
84771
84563
86005
86710
28243
85141
81465
86751
85072
86082
85696
27072
84534
79540
86732
85541
85582
85769
85845
86466
24901
86071
96684
92595
82910
82776
87446
88083
84883
83909
86579
87474
87313
87772
87825
87378
87481
87251
88200
89186
89373
88719
88394
89194
88374
87902
88177
87204
87427
88089
88534
88100
88247
30635
87359
85268
87821
86549
97298
92359
80899
82051
83941
83238
27994
82951
83187
80438
75735
78143
80661
76497
75102
76490
79976
79727
75889
77206
80545
80389
80393
81382
83224
84265
83953
82418
30728
82309
79718
83925
84068
84301
83797
83565
88405
93893
83013
82064
82955
81082
78633
80793
83688
83236
81480
84496
85452
85356
85229
84403
84233
26920
80876
73755
25106
69146
19550
83949
70298
73772
74033
81673
22644
78773
71955
82812
78845
82652
86538
84316
96611
93893
83831
23305
85530
27019
80315
79168
85448
78576
27125
84612
80579
81936
79737
20041
83396
78168
84401
82599
83108
82919
82608
83241
83758
84510
84730
84874
84656
26599
84334
79619
84947
85032
85311
28377
85095
93054
28660
76553
81486
82194
75276
80057
83556
82391
79627
81382
80261
79612
19372
80422
76878
80750
79028
82999
82030
81197
82510
82752
83123
83186
83679
83728
83847
83342
83341
82951
83076
83795
28898
81552
95188
90776
23018
18565
76649
75032
73584
75668
23838
80622
78957
73168
76188
83166
82751
23850
78471
79347
80207
76976
80828
82855
81697
81770
82109
82548
83075
83335
83727
84020
84344
85942
86585
86055
86291
86802
96293
95336
84714
85917
88363
88304
28030
86789
82289
85816
84395
88033
88292
23234
86516
80490
85734
83551
87186
87730
87292
87751
87460
87428
87206
86397
86476
86276
86151
85794
85612
86297
86288
85502
85161
85104
95768
94846
85888
86899
22150
87341
84556
84972
28895
87705
84016
84426
86521
88427
88445
89149
89438
27937
88654
83707
33729
83684
83933
81736
84497
87456
88607
89143
89943
29340
89399
83604
80760
87421
87970
89423
85521
95238
85058
84061
22489
84962
79533
84215
81719
85212
85892
85769
85578
85217
85259
85329
85501
85331
85101
84805
83697
83150
83002
82712
83046
82867
82954
84070
84126
84235
31411
85529
22929
79377
31772
21992
95041
95503
82527
81290
85754
28088
82396
84782
83837
82244
86350
31321
81886
86557
84711
81479
84758
84949
83777
84143
84955
28710
83624
22343
80196
83245
82856
26130
86053
86125
83258
24376
87213
28237
77982
84455
96200
93856
83221
82685
25130
82112
80181
80300
77311
83691
20656
81084
76948
79956
80013
84592
81851
81748
25483
81286
79694
27580
79441
23356
75938
76840
79037
79301
86172
84945
83334
83963
86214
84455
84050
85473
95751
94192
81552
82422
23719
83258
76543
80641
78438
82771
24051
80363
76436
77330
24514
83279
76223
76179
81013
21365
82055
80019
75847
81406
81654
80730
79677
83988
82049
83690
23436
18557
78288
74021
28804
75060
93649
91297
25004
74109
67942
74847
66845
77433
27187
78023
20755
76853
70277
71482
67844
77151
77461
73583
74935
78180
78347
75685
77645
78259
77516
75618
78781
78374
76648
77239
78433
78350
77699
76954
78994
79532
82279
94940
77364
78180
79262
80972
77328
76931
80867
79402
24675
79756
70910
76471
74113
80648
19421
14089
69871
70226
69243
19192
71643
68843
74284
74521
73935
76835
75496
77465
78482
77257
78288
79292
79882
20350
95110
94700
77097
79852
22092
15455
76083
74138
73880
76299
80928
84221
78879
84277
84403
84531
80219
84485
86138
80718
19139
82705
23045
75366
75260
78839
77445
83271
85800
79177
19183
22650
74824
75180
70544
80233
94665
95079
25187
83488
79947
84200
81207
86280
86229
84082
84429
85768
85295
85157
85841
86646
86647
86639
86860
86986
86979
87328
87453
87618
87746
87747
87703
87460
26062
86537
80132
81762
86366
27169
86685
78749
94614
95098
87447
86684
89082
88889
86994
88343
88453
88484
88428
88684
88961
25996
87701
85223
82121
83876
88492
88095
84949
87185
87378
86201
87028
86929
86424
86492
86562
86580
86441
86407
87345
87912
87759
87828
95405
94513
81735
84603
86923
86109
84555
21818
85690
78223
79859
78600
85624
24870
79565
79655
83330
79308
85846
86693
83411
86448
86566
85514
83984
84690
85403
84508
84367
85631
85868
84270
85422
86811
85006
85081
94552
95657
88092
89568
90082
88720
88328
89125
88932
88961
89379
89391
89424
89314
89609
89582
89451
89417
89444
25797
89027
74946
82678
88175
87608
90730
90145
89711
89617
89786
33187
90127
82607
85462
86441
90244
96896
95200
85400
86656
87911
86255
85506
86051
85981
85232
85417
85418
85654
85552
85698
85105
85112
84860
84979
85014
85016
85027
85502
86265
86837
86784
86948
86991
87433
22774
87845
85591
78348
84153
87369
87502
94528
80537
83665
85132
87032
84841
84780
86357
84949
25953
85539
85630
81981
83753
87163
85382
84473
26236
21041
85177
88277
81290
86909
88037
85807
85762
85810
85475
85624
85490
85588
85543
85727
23774
84019
83400
93718
95418
83755
83858
84849
84826
84127
28670
19771
19799
84622
85303
81610
84136
84011
84408
82682
83149
82417
83552
82702
83189
82263
25610
83283
78953
80899
27108
84284
78579
83513
26220
84915
76932
82471
83352
94058
95034
78056
79325
82168
80454
77885
80426
79508
78827
79426
21293
78851
80731
77221
19749
83088
79130
75919
78386
82099
80427
79182
82625
23617
79683
77159
74864
77865
19866
80039
80060
74997
77719
83517
22835
74666
94190
63825
62876
75864
22660
62749
70154
72696
66659
74540
74815
68303
69131
74489
72925
69832
73158
17398
71300
72013
64556
66146
26807
75519
71007
67993
69407
78059
79914
71178
74445
79810
77117
23729
75877
89651
94284
71949
74149
78339
26665
73857
75505
71384
70726
76802
76248
71479
75578
76250
75492
74060
77173
75982
75324
76418
75873
75999
77016
76617
76854
76768
75987
76611
75552
73968
73761
74384
74507
74112
74567
89779
95894
76829
18505
74927
67017
73221
70099
16915
78491
65559
71863
69988
76486
76966
69959
80963
79803
76182
77448
82499
81285
75986
80059
83461
77261
75879
83294
84207
25299
81460
74040
67780
74166
76758
76527
89123
96559
85774
83573
87134
86043
85139
85554
85412
85548
85311
24340
85088
79856
82405
84380
88796
85585
85805
23469
86051
78912
79965
86434
87937
85649
86086
86129
23035
87834
18980
79025
80875
82045
86309
86607
93523
95657
81123
81430
83717
82600
83040
82332
82741
81835
28648
81895
78436
76038
80327
82184
82646
81927
83046
82714
81484
81644
82382
82059
80382
82088
82137
82420
82498
82510
20351
80486
18244
74021
77253
82370
90723
96185
20735
79105
80177
82147
80809
82427
80852
81263
81384
81371
81430
81692
81692
81910
80898
81368
81691
81603
81292
82315
82023
81196
81971
82310
82310
82260
81937
81932
81376
80753
80815
80962
21410
81443
69316
96207
88493
86046
88329
89189
86976
88013
89235
87674
88354
88624
88271
26960
89409
83675
83940
89724
90310
87663
87872
89786
88064
87777
89092
88704
88667
89502
89234
90093
90103
90043
90001
89606
89712
89938
94592
96145
84154
83624
85287
84473
84528
86084
85844
85691
85597
86076
86419
86318
86427
86453
86452
85951
32096
85156
82760
84343
86678
86872
86676
86517
86408
86726
86283
86648
87041
86333
86648
86719
86552
86302
92703
96691
78851
77392
78731
75851
76831
77773
76698
22820
77590
83174
76672
70287
26235
20960
84298
22417
69052
81691
73651
76863
83777
82288
77552
77409
80067
77106
76791
77308
77373
77026
77300
77783
77297
77239
88549
88976
85933
86280
33803
86255
83099
28713
19482
82384
82354
82876
85814
85776
86741
86848
86536
87358
87263
86966
86977
86957
86773
86413
33789
86936
82398
84505
85137
85319
86861
86513
86014
86890
87123
86907
93071
85165
81754
84363
87776
82814
83796
87442
83964
83748
86887
85677
83830
85780
85569
84928
85423
85513
85593
24561
84228
82672
79224
23612
87141
82870
80504
30635
86010
82483
78142
82535
85538
83931
82607
86560
65178
88154
88215
86266
87786
27378
88354
82219
85847
87271
87685
25895
88500
82641
87864
87442
87793
88095
26869
87628
84011
86393
88081
88614
87113
87193
88270
88278
88308
87824
88653
89334
89308
79852
61275
87848
94548
98047
83110
84166
66699
61907
84404
76760
65342
82626
74502
25143
61468
88581
81008
65243
80636
88434
86817
82493
84275
82828
85690
83802
85723
82696
85706
83862
84495
84125
73968
68682
84070
86547
86532
83046
90727
97160
85237
79753
82575
83231
73622
62752
83407
84262
89654
81119
83439
80010
84135
66340
60511
79839
85325
80711
61919
79083
82855
88438
80352
81123
81192
83726
83858
72247
61622
68706
72828
73545
77546
83599
91442
97605
81415
82027
80666
82308
80971
81845
69680
66068
79793
80864
84010
80574
81246
80477
81721
81739
82089
79846
73668
64623
82131
80922
