0.82681984211
0.82679795898
0.9638545491
1.0
0.999991940955
1.0
1.0
1.0
0.999984836965
0.999565363465
0.9941005899400001
1.0
0.99997794486
1.0
1.0
0.999950089765
1.0
1.0
1.0
1.0
1.0
1.0
1.0
0.999991940955
0.99999959912
0.999949834985
1.0
1.0
0.9999527247300001
1.0
1.0
0.99998283537
1.0
0.938719944015
0.01736703958500002
0.91250322141
0.9999517295199999
1.0
0.99999683758
1.0
0.9999998802750001
0.96492122281
0.98979553777
0.9920609181650001
1.0
1.0
0.998474683165
0.9999938319799999
0.99817692077
0.999963760275
1.0
0.9893940313399999
0.9875956317
0.99981456
0.998704550455
0.9858578370850001
0.9992838806850001
1.0
1.0
1.0
1.0
0.98941649835
0.997164445335
1.0
0.99713067681
0.9988633619849999
0.99994128587
0.998707046475
1.0
0.93105864854
0.01153355959499997
0.892769244035
0.999397392
1.0
0.99521709388
0.993449563035
1.0
1.0
1.0
0.98741798878
0.99798115204
1.0
1.0
1.0
0.999997759775
1.0
0.956032646495
0.9690979158299999
1.0
0.9131733386549999
0.97247720072
0.9977775422449999
0.99995339767
0.8179101507550001
0.96079553028
1.0
0.81492618294
0.9771943820200001
1.0
0.99999559295
1.0
1.0
1.0
1.0
0.844752719625
0.8964970377750001
0.00828928192499996
0.915813370575
0.8170986
0.96926301452
0.865017163435
0.956307592
1.0
1.0
1.0
1.0
0.99995826087
1.0
1.0
0.99997885869
1.0
1.0
1.0
1.0
0.9999841346149999
1.0
1.0
1.0
0.832388212965
0.91348132656
0.9409972850699999
0.88098236997
0.95263895011
0.868652125545
0.94159328778
1.0
1.0
1.0
1.0
1.0
1.0
0.969690683725
0.00901593378999998
0.7468098107900001
0.961993970295
0.999993694505
0.978925864375
0.945642014445
1.0
0.99994878557
0.99999843922
1.0
1.0
1.0
1.0
1.0
1.0
0.92218629153
0.9572793265849999
0.954804578025
0.9500381354249999
0.96684209896
0.962984525955
1.0
1.0
1.0
0.89629438628
0.90968281094
0.90962645821
0.95975219962
1.0
1.0
1.0
1.0
0.93432741081
0.949164079025
0.862361636165
0.952506891095
0.003277374364999996
0.8687317898500001
1.0
1.0
1.0
0.790134962445
0.911226565465
0.9875246144600001
0.99999877291
1.0
0.77622801836
0.92344199559
0.9984263532200001
1.0
0.9999570105050001
0.99996519548
0.78018765678
0.9186347495
1.0
1.0
1.0
1.0
1.0
0.752321030555
0.7675897466599999
0.92657487195
0.9992971902800001
0.9998785350749999
1.0
0.7170855660850001
0.92630119012
0.99542795656
0.9999953333999999
1.0
0.776293602155
0.91541798202
0.004038096190000069
0.885551387695
0.999952743965
1.0
1.0
1.0
0.88605423391
0.94999139006
0.8821849995
0.9505430677300001
0.9999786806100001
0.9015751996800001
0.976825985985
0.9316459440649999
0.9369622903050001
1.0
1.0
1.0
1.0
1.0
1.0
1.0
1.0
0.975160464185
0.816649695275
0.83007937681
0.97999451067
1.0
0.9999969690949999
1.0
1.0
1.0
0.870570693265
0.87780578058
0.92669469887
0.992465526555
0.0018060857450000185
0.62126210769
0.9542624254550001
0.768255021485
0.9405449067149999
1.0
1.0
1.0
0.997915059155
0.99836479648
1.0
0.736129131345
0.78470698607
0.9370249725099999
0.775700620125
0.94520243149
0.7564454791749999
0.93342597221
1.0
1.0
1.0
0.99992736368
0.7468180327849999
0.93152992817
1.0
1.0
1.0
0.999995869675
1.0
0.9976899420099999
1.0
0.7297075549300001
0.93819826052
1.0
0.999996292605
1.0
0.0029845726300000387
0.8672901516949999
1.0
1.0
1.0
0.9888445446399999
0.7266963982350001
0.96917393043
0.999482878015
0.7191615560650001
0.936385235845
0.99696836847
1.0
1.0
1.0
0.9999878351350001
1.0
1.0
0.7754575035049999
0.9070964978999999
0.999944354435
0.779803788635
0.77467598602
0.9397056202349999
0.999991394835
0.8078946528350001
0.9307024243650001
1.0
1.0
0.800885255065
0.791735412915
0.93789277772
0.810672858285
0.9379572842699999
1.0
0.8102079053450001
1.3798065000009956e-05
0.574063477825
0.99562548863
1.0
1.0
1.0
1.0
0.9999703759999999
1.0
1.0
1.0
1.0
0.99999946255
0.875325574885
0.9572902180449999
0.88123687095
0.9558309220450001
1.0
1.0
1.0
1.0
1.0
1.0
1.0
0.848061927205
0.9576528747149999
1.0
0.83530395931
0.8682627907
0.9322528882650001
0.938529078725
0.942598224795
1.0
0.90761659668
0.94360359856
0.9999892753899999
0.016207635489999955
0.89581203317
0.999967266545
1.0
1.0
0.9710061649299999
0.99984708346
0.93388294737
1.0
1.0
0.99999237677
0.967173108905
0.9479355613349999
1.0
1.0
1.0
1.0
1.0
1.0
1.0
1.0
1.0
0.998841872615
1.0
0.95734632294
0.969872280285
1.0
0.90603601119
0.9396864227149999
1.0
0.9999889011750001
0.818525974805
0.96473328003
1.0
1.0
0.8365767506999999
0.015175499450000062
0.8582793544499999
0.97861391461
0.9961625072500001
0.962595606195
1.0
1.0
1.0
0.986179105675
0.9990795879600001
1.0
0.966258231375
0.96959461685
1.0
1.0
1.0
0.99001286842
1.0
1.0
1.0
1.0
1.0
1.0
1.0
0.9999980485850001
1.0
1.0
1.0
1.0
0.908742445465
0.93794470635
0.9919906402449999
1.0
1.0
1.0
1.0
0.04423871987000006
0.6762490205449999
0.9291775656700001
0.91907452783
0.93801378538
0.9921252191300001
0.981760438685
0.9640044520200001
0.966061833815
0.985501066695
1.0
1.0
1.0
0.97370356
0.98114529641
0.97792797607
1.0
1.0
0.9749732799999999
0.97560522589
0.93344306335
0.9760733926599999
1.0
1.0
0.9364295627749999
0.985704711415
0.94757076877
0.963056362185
1.0
1.0
0.9797944638749999
0.976820562985
1.0
1.0
0.979365982055
0.984936194105
0.05423837551499994
0.887690192
0.910322462945
0.902926404665
0.888202293705
0.962030086015
1.0
1.0
0.866012437515
0.88688590282
0.96372326718
1.0
1.0
0.884353169365
0.9760078900200001
1.0
1.0
1.0
0.8700280366400001
0.879208279745
0.9597690799999999
1.0
1.0
1.0
1.0
0.87717033771
0.907822671335
0.972923528825
1.0
1.0
1.0
1.0
1.0
0.84005652
0.8487001899450001
0.97968302867
0.04024283454999997
0.802341575685
0.7617652419050001
0.799270108045
0.790318827285
0.97005221521
1.0
0.787253383985
0.947946653365
0.856296431435
0.961604316545
1.0
0.78021727853
0.9672171228049999
0.773727572755
0.78848649405
0.9621697078449999
0.7582489075950001
0.957786672005
1.0
0.761100149655
0.968772368155
0.7941923807600001
0.9704018786849999
1.0
0.79876330532
0.974585208875
1.0
0.9999993163099999
1.0
1.0
0.857709036505
0.95268015642
0.84442243327
0.96064064813
0.8547903878750001
0.035249837514999965
0.481039412295
0.9477474930049999
0.688768344145
0.944692889515
1.0
0.99997379986
0.7411802055250001
0.9663091729300001
1.0
1.0
0.859078372165
0.951866226755
1.0
1.0
1.0
1.0
1.0
1.0
1.0
1.0
1.0
0.7168787654050001
0.721026313155
0.7068275172499999
0.7070226565600001
0.956660569595
0.688961463855
0.975382341765
1.0
1.0
1.0
1.0
1.0
0.8041824343299999
0.971804879025
0.06793539816000004
0.806801001195
0.999991527665
1.0
0.72847895158
0.946715879175
0.7366724527549999
0.6639198080200001
0.95056088
1.0
1.0
1.0
0.9999503150300001
0.71032052532
0.9707968276300001
0.9999931200000001
0.996261156035
1.0
1.0
0.6707164650599999
0.7012118059050001
0.650698185445
0.94308483208
1.0
0.999999359425
0.6602610013949999
0.930862389735
0.7414662
0.9608289971
0.722111206295
0.766908463005
0.7273790662799999
0.945511951195
1.0
0.9964023253500001
1.0
0.07130818826999996
0.76343894222
1.0
0.7267820573849999
0.96197993394
0.74628761392
0.6764573777049999
0.947008060805
0.6609986204149999
0.9451892378500001
0.650660867825
0.952820343725
1.0
0.657483651635
0.9467327147550001
1.0
0.67726911309
0.66505640308
0.9674512063799999
0.62170841609
0.60623157474
0.607035990795
0.5924917980450001
0.95526589225
1.0
0.99998848115
1.0
0.642906098665
0.6533793985399999
0.9599827862300001
0.67449634073
0.960717431745
1.0
1.0
0.632773429085
0.640791580635
0.04058890689000007
0.5033251444
0.96490924581
0.7464815230449999
0.9693159604049999
1.0
0.99997830292
1.0
1.0
0.74278336
0.757873650665
0.9598291336200001
0.7611106
0.96135625525
0.8051488
0.74749346894
0.9584222556399999
1.0
1.0
0.8163263422000001
0.8115424915
0.75745961192
0.9604180381949999
1.0
0.77309410228
0.9399697199999999
0.7210314779650001
0.9578272319200001
1.0
0.7646836749
0.8482221511400001
0.71767512974
0.715170615355
0.9774855314449999
1.0
1.0
0.09341315994999998
0.515123442965
0.87992206601
0.9446843517500001
1.0
0.8425469852999999
0.96297478556
0.87034594486
0.970413790345
1.0
0.80942447392
0.942013748875
0.99998319496
0.76880795602
0.956199301465
0.7480234963899999
0.945043871225
1.0
0.7263367093649999
0.76979482052
0.769801279745
0.9500261495400001
0.754747586755
0.9467120689649999
0.79428360508
0.9614889133250001
1.0
0.999987893365
0.99999315384
0.69396712329
0.7265964093349999
0.722668136715
0.9586393524550001
1.0
0.69735018943
0.96405452541
0.09268932866500007
0.81341812731
0.8762997824150001
0.968064703525
0.854816091265
0.8774411917600001
0.8306580555299999
0.8493738518749999
0.9707880764250001
0.885927032965
0.9530347609050001
1.0
1.0
0.8972047167
0.9611121844149999
1.0
0.89289878073
0.9659145914599999
0.999970616495
0.8894264241450001
0.896605
0.89796189905
0.9953050109799999
1.0
1.0
0.8634735053
0.9662083980099999
0.884105062275
0.838014047025
0.959531894485
1.0
1.0
0.999964643535
0.999284667735
1.0
1.0
0.09552345669000002
0.548986086955
0.787610137695
0.8087668103000001
0.945896279255
0.8212202258399999
0.949352924735
0.8296193509600001
0.9524201640350001
1.0
1.0
1.0
1.0
0.99999102692
1.0
0.761007660765
0.7807151660649999
0.7560856658349999
0.797935438595
0.7989675497350001
0.9823603239700001
1.0
1.0
0.73287738583
0.96064064813
1.0
1.0
0.76921
0.77510492
0.72958934982
0.9509941229550001
0.7674775844849999
0.765504329565
0.74427538891
0.957933660885
0.76745849415
0.065515536
0.773012808135
1.0
1.0
0.8769291845900001
0.8768617543849999
0.83565546977
0.8307993196600001
0.96126379362
1.0
0.999996141865
0.82213030697
0.8628338563000001
0.771337267455
0.79138237701
0.76131504762
0.761251744475
0.9688987501249999
0.76803190747
0.81175463297
0.79706848109
0.8279462799999999
0.7526136186400001
0.81637247432
0.963092753335
0.74157026379
0.95377393915
1.0
0.999834305765
0.99997391739
1.0
0.84439287562
0.95271414791
1.0
1.0
0.844457417035
0.09688375350000002
0.7479964170750001
0.9999983343300001
0.6101348454450001
0.9624974872550001
0.675036409075
0.967102892025
1.0
1.0
0.83688530294
0.9633798620149999
0.99999463839
0.7567807536250001
0.767753646095
0.702256383615
0.96336784392
1.0
0.6705918591850001
0.76611128839
0.7304021246750001
0.94423849615
1.0
0.645938190905
0.72197536926
0.6454636482
0.948967060235
0.6768857685749999
0.6988054258949999
0.6741891361000001
0.6582630022
0.9827206323800001
1.0
0.7576711592450001
0.819811858815
0.6892024395099999
0.945100670065
0.12961865973000009
0.7191889099800001
0.64914812206
0.70235969209
0.9750453003399999
0.71377438157
0.963965976185
1.0
1.0
1.0
0.9101656165600001
0.9369755289399999
0.695417678895
0.97830444
0.697708916435
0.9266785842849999
0.7095970053899999
0.70636111835
0.97959487949
0.6850884027549999
0.965238454625
0.6999256289450001
0.95785568
0.6933239875999999
0.95506571116
0.726652115365
0.8476440799999999
0.7215823635249999
0.97315251196
0.71877600321
0.97251728
1.0
0.99999640252
0.88398816
0.890082409445
0.71389052213
0.08701460432499997
0.60377559884
0.9755968990699999
1.0
0.9821019172050001
1.0
1.0
1.0
1.0
0.97071898074
1.0
0.9837811576850001
1.0
1.0
0.966187853925
0.9582367607450001
0.97417197835
0.884191540845
0.96567454982
0.8894666001999999
0.9638755190049999
0.943336333635
0.9996778011
0.997957386535
0.9899270321750001
0.9884674935
0.98862346123
0.98173879267
0.9686656296749999
0.965116735185
0.914072109525
0.979544881415
0.9160309595049999
0.99568723191
0.9685332533500001
0.9162655331049999
0.11070267307000002
0.4945448721
0.8081805341599999
0.9881267600000001
1.0
1.0
0.99998343503
0.94759755951
0.979590025935
0.8220813953499999
0.8416471152899999
0.82441251875
0.9759988859050001
1.0
0.9560011593050001
0.93696209726
0.967473661115
0.8110374247900001
0.9486539199999999
0.85782269319
0.975823564715
0.78062018751
0.9441402587
0.865493781245
0.851972557255
0.85119808517
0.851256684705
0.9802296059200001
0.8468273336650001
0.959887185605
0.9646135719300001
1.0
1.0
1.0
1.0
0.9999635054
0.15534509451000006
0.74384810692
0.987299222135
0.973093953395
0.9930897420500001
0.97918171724
0.995502430205
0.9777480532499999
0.988530053005
1.0
1.0
1.0
1.0
0.989046429995
0.9912300040099999
1.0
0.9650283315000001
1.0
1.0
0.990166433285
0.9644019203849999
0.8723647352149999
0.985832829245
0.9999785557099999
0.98199108089
1.0
0.889028324455
0.86963004
0.890080455865
0.979420763935
1.0
0.988707569245
0.99468896
0.9021279601000001
0.90967557382
0.909833033395
0.142186245125
0.61184753213
0.92663799118
0.978674954955
0.93495127462
0.993496231305
1.0
0.9271685020499999
0.997378630685
0.989362856575
0.9332037713150001
0.9374678803650001
0.999595918775
0.9520196270050001
0.9483126616549999
0.9977225909649999
0.9638819599999999
0.9836300090050001
1.0
0.96987561244
0.999327227275
1.0
0.94598627705
0.988313116725
0.97800668
0.96126274118
0.9996590464799999
0.97672714515
0.972906682675
0.97632765447
0.970475356535
0.951676310775
0.9828580116000001
1.0
0.97989791646
1.0
0.16028483648499997
0.550316956305
0.8454880207800001
0.7915412503749999
0.809716384065
0.98004436894
1.0
0.8252022702399999
0.99605232745
1.0
1.0
0.9999951185349999
1.0
0.9597326113100001
0.962065373075
0.9595545200000001
0.902126941095
0.9781050942649999
0.9609667999999999
1.0
0.8936324130350001
0.961004374875
0.97391405719
0.899955355535
0.91404591082
0.91397212363
0.913965018555
0.9139885611449999
0.9140179820200001
0.9932505389199999
1.0
1.0
0.9016531200000001
0.8483232303100001
0.990260156405
0.860079552045
0.17003573242500003
0.46950843153
0.6797646680749999
0.694316686625
0.69430293941
0.695629743485
0.6954034658899999
0.9638755190049999
0.999415
0.6904905027949999
0.8265713885849999
0.777697619525
0.69948734253
0.96674714257
0.69177093949
0.69432401808
0.83940726257
0.69956681345
0.9718037063
1.0
0.69112507987
0.964444444445
1.0
0.6536979445200001
0.838739475265
0.8382708425050001
0.97104118412
0.71419235669
0.923701436755
0.831159732615
0.716709443775
0.968752012785
0.71551052421
0.9502132291050001
0.8265804736699999
0.950954315935
0.15156535495999998
0.404298746875
0.86849337199
0.63059178137
0.982127745955
0.633749955195
0.964556450155
1.0
0.659303491745
0.8307590544850001
0.951998015605
0.59786539113
0.9611057997200001
0.7430134159749999
0.58501221145
0.74659473159
0.6068763483799999
0.603032388585
0.604191977595
0.9834151718599999
0.60258378486
0.634993607855
0.9549856942499999
0.62011360592
0.634703321695
0.745042372205
0.59218923524
0.9603574579
0.6464790581650001
0.649784489635
0.76735296122
0.9500021261649999
1.0
0.9996842462350001
0.73362468247
0.7561256538250001
0.12316145950499995
0.688544228615
0.68956420358
0.9669630134249999
1.0
0.75846698603
0.78439405249
0.7923748397450001
0.73914946484
0.980772885425
1.0
0.75334996998
0.73860965158
0.762280251975
0.732142429685
0.9653363426599999
0.745922803515
0.7454524760400001
0.975364983975
0.751598604325
0.74540689932
0.97043731837
1.0
0.747984639935
0.978341682545
1.0
0.735047303235
0.812916683275
0.757837634085
0.729245870825
0.9526030664399999
0.7372277263200001
0.7284095782
0.9670256513050001
1.0
0.7360498009549999
0.11975211878000001
0.5124834017000001
0.75292373152
0.7375134919049999
0.73448849416
0.7344359226199999
0.734733353335
0.972883887775
0.755046588985
0.734423588405
0.9618540724450001
0.8766260904350001
0.7547279329600001
0.9880093459800001
0.748160648845
0.7581756878450001
0.934882933655
0.781047474545
0.760286609115
0.9479708625150001
0.78322713829
0.948568645845
0.9353116726849999
0.7828424587700001
0.93727944932
0.7093388694349999
0.7400878896900001
0.75526194194
0.74765469298
0.754459142255
0.78592208
0.79858117413
0.7603255122550001
0.972437160875
0.7391725005
0.7554527617150001
0.16712634244500005
0.409826989925
0.8524864992500001
0.916987436535
0.980060052325
0.9184079848300001
0.93316090918
0.820104573595
0.8393981233800001
0.923588566845
0.8730072607249999
0.9240120946
0.9311430288449999
0.85203575842
0.8399201041250001
0.98711316027
0.806076787855
0.773307653925
0.82704614767
0.7147662241749999
0.9891096593200001
0.832948512085
0.7600759418
0.813249829625
0.73469564
0.75788244489
0.795835072985
0.7599123703099999
0.75826143817
0.7452893544850001
0.7461390678150001
0.983665087455
0.7524812806400001
0.76703484
0.81199112
0.78235296003
0.15681278271999996
0.36295741973999995
0.68383017964
0.7383420684149999
0.745170154615
0.6847293764400001
0.6552837144
0.6650416508800001
0.7031767036950001
0.7047780925799999
0.708912325745
0.6721609995000001
0.670018537755
0.652026033845
0.64991238894
0.95915190204
0.701575409835
0.659450054905
0.909037395125
0.65666210347
0.6919416525150001
0.7520288263000001
0.973378403195
0.999999438485
0.726586818225
0.92349627702
0.9464311071199999
0.789259616155
0.7875550971349999
0.86144636027
0.7686232651
0.7875422195649999
0.8191662655449999
0.82273142857
0.8227465816249999
0.822744414385
0.16197717487000002
0.674896
0.88711615607
0.97447270181
0.8032193361900001
0.968217959595
0.82246144326
0.93207669203
0.8212895474899999
0.794725398575
0.80193636
0.8081288000000001
0.7898290741849999
0.93389446111
0.7197442721349999
0.760204318275
0.779801920385
0.76991006979
0.987874075565
0.8466717207
0.9727829463550001
0.86055071137
0.6763963387649999
0.75631815816
0.6646727581049999
0.9495484903
0.676034394015
0.6619729588749999
0.79240632
0.696801519545
0.986600541355
0.72737054945
0.972856874125
0.84334690619
0.67388004
0.80254018729
0.12887395133500001
0.7067778671449999
0.65606803712
0.692513767685
0.701540715145
0.960055513965
0.654369221555
0.6622368415799998
0.974671487065
0.6982640480950001
0.660584556835
0.8200141359700001
0.6216706679949999
0.6495741857899999
0.97446735533
0.654910876075
0.68316272373
0.7748777113249999
0.58603550652
0.662868285855
0.98376404
0.632193242705
0.63325942377
0.8064687531249999
0.95497389039
0.640032710935
0.65874294827
0.9770081382500001
0.714772566635
0.6922055317
0.98251645519
0.6555706183
0.6555232706899999
0.80521484
0.93922028056
0.12776241161500002
0.12776241161500002
0.70893762529
0.7811446978800001
0.7867693569349999
0.7867693569349999
0.9833200601500001
0.749958680175
0.749958680175
0.721816309355
0.721816309355
0.7214291184699999
0.73505545882
0.73505545882
0.801142428785
0.8190936693649999
0.8190936693649999
0.819941406875
0.81563554844
0.99156793266
0.78552266162
0.9626944333199999
0.9987740900450001
0.7562007996800001
0.6073084346950001
0.961799518365
0.752274354115
0.7214970432000001
0.6617699069
0.7021895241900001
0.7021895241900001
0.7009682673050001
0.98965797334
0.6942052924800001
0.6995208425300001
0.6892983199999999
0.14425789420999993
0.14425789420999993
0.82291556
0.82563928
0.82563928
0.819427636435
0.81939130784
0.8194276075449999
0.819347444235
0.8722795118050001
0.822684644495
0.790442673625
0.7888693039550001
0.744435237715
0.7421640871849999
0.74217035782
0.7421528527
0.742191182645
0.713418563715
0.7121942353899999
0.7121942353899999
0.7446570598250001
0.736966310105
0.99094009623
0.99094009623
0.810380014075
0.810380014075
0.81970761076
0.755076523995
0.726956349445
0.72178032
0.721761127775
0.70714690938
0.70714690938
0.7322129321499999
0.717260441425
0.14637471871999994
0.513176109065
0.513176109065
0.99015148356
1.0
0.871482890795
0.947553738505
0.84453701923
0.9793291162050001
0.86491272618
0.7889011247150001
0.833772157495
0.833772157495
0.88428993799
0.878136831565
0.8384571998
0.8424850200799999
0.903713732535
0.95540678068
0.9114179932200001
0.93658262699
0.899637512495
0.9082048204800001
0.9013871361400001
0.899646607375
0.88357221221
0.8804907509250001
0.8571810038000001
0.853395952545
0.8752155187949999
0.8737841599999999
0.92317455491
0.95834054487
0.959071335925
0.9591441114549999
0.94730574024
0.20823182627999995
0.4924602743
0.98729697816
0.999908223025
0.90832688731
0.87519260074
0.960826161515
0.9843866426000001
0.9051019796049999
0.8773966013600001
0.8773966013600001
0.996536035135
0.983532424305
0.9968454263700001
0.9168213199999999
0.945206782365
0.99863042214
0.87303610556
0.996096938165
0.85458436378
0.951903428915
0.83864807596
0.8537485748599999
0.863864617225
0.760567466025
0.88383877244
0.87655977598
0.8274576562200001
0.885890258765
0.8927524977550001
0.869251861515
0.891765033005
0.8700842526
0.8777077920799999
0.902765605225
0.8549214371249999
0.20431417409500005
0.428573973395
0.84026081808
0.8370692253850001
0.9021778355150001
0.916549009405
0.83097573823
0.826763986365
0.868970504245
0.8539813804799999
0.878624315925
0.9922415403049999
0.881070957395
0.985139756145
0.979553442755
0.94967864407
0.999421375575
0.99309144
0.981329827015
0.9174315348550001
0.990261772965
0.9950600539950001
0.8771149055299999
0.964095470455
0.999922776225
0.968394383715
0.985773034605
0.99472400319
0.9910427110500001
0.990250335235
0.9999900419900001
0.93870220978
1.0
0.918894806495
0.99407270546
0.9234733559849999
0.25027896452000004
0.5237779713649999
0.9728038400000001
0.99371414897
0.87032777945
0.9243127323599999
0.9593868289749999
0.970893683575
0.856870952285
0.8895221744799999
0.89561452357
0.897059331005
0.89743873423
0.89745496913
0.8975363919299999
0.89745121488
0.85120670525
0.99555468453
0.8042092011649999
0.95742122212
0.855774725055
0.98518836233
0.904731204615
0.930187052675
0.807522983105
0.92940253569
0.929570473815
0.987445473725
0.80885106298
0.88414696575
0.8606249550799999
0.86878351462
0.8531515248799999
0.851930240445
0.97395690641
0.79494468594
0.21901935096
0.29474454673
0.690442802955
0.71477253767
0.6165016867449999
0.65399441006
0.729007278545
0.687533733255
0.9714289942000001
0.7256538269149999
0.7446435026000001
0.788397678605
0.814185131225
0.7569693816299999
0.75601553398
0.749104830485
0.75293581507
0.7532211680299999
0.71867046778
0.72225470512
0.706411540775
0.620541655845
0.593485936565
0.6125640008
0.61632958562
0.978733949005
0.69950024918
0.796427586205
0.63984415792
0.71269728
0.6821070231449999
0.98781010505
0.6788988791049999
0.795687633925
0.6699745923800001
0.6819678468149999
0.16840811629000005
0.36978199159999997
0.69478080415
0.7080530207400001
0.681012950785
0.6799551592849999
0.67995571557
0.6799521251
0.70203462651
0.70228585687
0.702229373435
0.70227869935
0.70220821589
0.70227139858
0.702223778175
0.7022717275900001
0.69108677429
0.71303520016
0.970927723365
0.714449444945
0.9339687343399999
0.75518598103
0.7440155766350001
0.7653898792300001
0.7655647283300001
0.9688760208149999
0.75618996709
0.944313182635
0.756386694635
0.74404150376
0.72380001997
0.72246193858
0.7223790794999999
0.7223809887449999
0.9655431372550001
0.6951912974050001
0.22728000799500006
0.376044314355
0.706560710365
0.699178637865
0.681237769785
0.6677054800000001
0.696620842925
0.705128485815
0.6659841088750001
0.697331704385
0.7120186454199999
0.6813018618600001
0.6810556357800001
0.7108648745899999
0.7104412952250001
0.725194145175
0.694089766465
0.630142145785
0.63314622151
0.63343286573
0.649948020345
0.65416649624
0.6546596463200001
0.654713034785
0.65466494701
0.657437814035
0.64568226016
0.636129637785
0.6545206406399999
0.662861964535
0.6588104104099999
0.9830686064
0.6619320498750001
0.622645116095
0.64710232326
0.6679247493
0.16919093840999994
0.35595409954
0.7636702390450001
0.754127197995
0.7782932800000001
0.766158390875
0.9750719919899999
0.7657376219900001
0.719877812345
0.77280135783
0.781997596875
0.828808703465
0.8026853705
0.8352573310700001
0.83706140631
0.876709253135
0.84715435734
0.87956792623
0.8566923354
0.85311615546
0.918672652735
0.91986429357
0.9198136695700001
0.9067612606300001
0.83793014028
0.83157456578
0.8454644419999999
0.8475019819799999
0.992360777245
0.818896969695
0.79046025488
0.75535230075
0.75876923077
0.778427458035
0.794860073995
0.759170422115
0.28268961333500003
0.326782764
0.769670381465
0.767690366375
0.8353215709749999
0.84011514056
0.7489502153650001
0.7556693408
0.79109489806
0.7615329849250001
0.757354541815
0.8327352494999999
0.84000491656
0.8400613202849999
0.840049048285
0.8400732653449999
0.8400752503000001
0.9860474895
0.813041077845
0.98947064956
0.9857042504250001
0.92998840753
0.99678306071
0.838162232445
0.950144265575
0.8832936068499999
0.919826790905
0.8713164262800001
0.98956918459
0.89704881356
0.991626413205
0.796565932745
0.843556887425
0.7922687606300001
0.7727847908750001
0.75412013951
0.21810655958000003
0.334071429145
0.7124537438749999
0.9789867465050001
0.7141509954999999
0.9765927054100001
0.7319635382299999
0.6237114191700001
0.58993885657
0.76143508982
0.995482610005
0.6982755537800001
0.646266041125
0.660676124635
0.76263258607
0.9950283883900001
0.7085677085400001
0.643999196465
0.658524902765
0.747287072925
0.74390789579
0.74376263824
0.703728816965
0.691896075885
0.69179130957
0.661503061735
0.663052944105
0.6631410712500001
0.6631706770650001
0.981618391265
0.701002034305
0.73684509628
0.611406670685
0.663215315405
0.6631123337
0.986730495465
0.32297502607500006
0.35286267373499997
0.9686227691099999
0.810381704285
0.7905600401999999
0.7421971408599999
0.854481277445
0.73495389539
0.719503470285
0.690721162905
0.80387641236
0.718417271365
0.6933426170450001
0.73407192895
0.988302550715
0.729841854885
0.84842763854
0.759814351205
0.86460476334
0.683693373255
0.75880272027
0.7752776143300001
0.7850921084099999
0.705463285555
0.6992044097
0.7289863631850001
0.7350015801600001
0.76148228252
0.7730740703600001
0.7739244475550001
0.76255789579
0.76619608626
0.72080512205
0.70435219522
0.9863186529
0.7599277190200001
0.30521006993000005
0.38600013972
0.993152160725
1.0
0.746725084815
0.78270836757
0.81801696268
0.8490653469299999
0.9946344896749999
0.7791666267449999
0.69041475666
0.76837028297
0.8036736621
0.72670365051
0.764106655975
0.98851560532
0.74219724386
0.71055880824
0.746582963035
0.765602047165
0.765447152845
0.7024533146699999
0.749724252425
0.7454449624799999
0.74073931752
0.7405706693299999
0.7405563374649999
0.7406141902
0.727191147605
0.71795262369
0.7170844756649999
0.692738676515
0.68907795056
0.672324117175
0.670737366265
0.67076168383
0.21534062449999997
0.28132203316
0.675633138715
0.635907067065
0.593318107405
0.59329678963
0.9769610457500001
0.66929462022
0.752773725845
0.6378590559799999
0.641157224165
0.61319154732
0.5835224179349999
0.99433420763
0.64940350249
0.7503870591799999
0.63802032342
0.65076716
0.63206930079
0.63119219357
0.631208042625
0.608074241215
0.606963871355
0.6070260643600001
0.628520354335
0.65067747965
0.65417670699
0.65421746838
0.65415830488
0.654185253915
0.661832666935
0.65861684337
0.6817293600000001
0.7109124787350001
0.712006984635
0.7120667134950001
0.23741383199999996
0.26220032393500003
0.63857918103
0.64140768382
0.9863484982
0.701193023025
0.68507478191
0.658083052705
0.968259652645
0.69443791621
0.66566692
0.66239366912
0.681320825815
0.67967062825
0.67585494901
0.67393344
0.614429425835
0.9816839481349999
0.6528791446
0.6580130734649999
0.953326490265
0.64502729638
0.6566492904250001
0.728295187595
0.63781992207
0.58804095495
0.576139781715
0.576151733815
0.57614198702
0.97938665068
0.5717170117
0.67795942377
0.74103735385
0.606915160615
0.59547067519
0.567878837675
0.33627256446
0.30789129241999996
0.72865892722
0.772612765105
0.988097493485
0.708156464355
0.800814559235
0.756756518265
0.772844520275
0.69697115423
0.65733860595
0.7644826882699999
0.772892089775
0.696946802965
0.731505087455
0.772636350905
0.77279376561
0.77290207394
0.772863673635
0.77283819216
0.7728551063200001
0.7729004297850001
0.77284628497
0.7728830852249999
0.7728297332399999
0.77285789368
0.7729238740550001
0.7475607418550001
0.7434544511
0.751208068705
0.9614759923599999
0.70090691336
0.985671129875
0.7715772542
0.9792312983999999
1.0
0.25130718399999996
0.2693395692900001
0.7083019695749999
0.760792722185
0.64927845492
0.98122933946
0.680839042945
0.7441241848350001
0.69382334599
0.6737574812599999
0.64451548818
0.9768547829600001
0.697382591335
0.7097682190700001
0.67150224
0.69523501899
0.65387086961
0.65435333467
0.67927897835
0.6718274361000001
0.670581248745
0.98245861172
0.69372996707
0.9873560975600001
0.7327681136249999
0.774889924965
0.6717889433149999
0.9829673179049999
0.723936739175
0.6810386322749999
0.66185913356
0.98946196787
0.6913595295049999
0.9684748319800001
0.723625995805
0.7486337537550001
0.22740115288500004
0.33559256718999997
0.884731196965
0.88955165099
0.99076820821
0.78265039292
0.7803089502749999
0.85107893947
0.978728949205
0.898067597765
0.989567546945
0.95412304625
0.783891741095
0.9296162767449999
0.946285446945
0.9325312851399999
0.98095389539
0.946519704235
0.9996013215849999
0.9898854399999999
0.8425509796099999
0.974951335135
0.9579763697950001
0.9858232176799999
0.9927926967999999
0.755248336675
0.966819657095
0.988330771545
0.93289306318
0.895224601825
0.98240738523
0.93132789768
0.832476744185
0.9150359025549999
0.926730455635
0.88988214179
0.32871983930999993
0.292335418795
0.74524265306
0.7545329068350001
0.9897186870200001
0.7529935148100001
0.8774843865799999
0.7851978006600001
0.831718419475
0.800180054015
0.9828
0.749492687805
0.9455179896299999
0.806183998395
0.9853161883799999
0.86010281028
0.9577975663249999
0.877268594295
0.77553438751
0.99041049049
0.77305890097
0.89082149589
0.87522802879
0.76779677968
0.863458089045
0.79285820285
0.778436301715
0.723873147315
0.786778764595
0.7182194995
0.985315519135
1.0
0.938782471235
0.89568672531
0.980796009575
0.881808319135
0.35428254076
0.43981519544000003
0.99049085234
0.9017401979399999
0.917390083965
0.918470588235
0.96810986592
0.82533765036
0.99082269957
0.837534813035
0.99149021251
0.84470828153
0.91414769046
0.9072601539849999
0.9257233469649999
0.8083796290749999
0.8177022297750001
0.970142031015
0.8323568129549999
0.807057812345
0.829989208705
0.8475959200000001
0.8307420115999999
0.830723767625
0.830707443625
0.87357012232
0.83071928036
0.830674974995
0.8477399501749999
0.84578932156
0.8340492553700001
0.8339651825900001
0.834079104625
0.8580870484950001
0.833988251805
0.834019241925
0.40742985331000003
0.29626061929999997
0.877458888665
0.88592064032
0.89478179818
0.8504770334949999
0.863477392175
0.8493049475250001
0.849274124475
0.8492648465500001
0.9847333199599999
0.8572148474250001
0.99415636182
0.969642505505
0.9834004784699999
0.892931127155
0.99167130574
1.0
0.9893852265899999
0.960845174865
0.93909858986
0.99968534879
0.93215256909
0.99336569709
0.9042385530150001
0.907031378825
0.917996522435
0.94993900469
0.915997312205
0.9086147541
0.93420498349
0.947486131385
0.89115465603
0.903451594785
0.9046765293899999
0.9963005001
0.34996481340999996
0.24192718605999994
0.7812536455500001
0.77882106736
0.9946338154600001
1.0
0.907355026985
0.869918407365
0.94293409023
0.8266874297200001
0.94176392
0.7652742503
0.8195233123300001
0.739909051035
0.77368294395
0.763014024205
0.7618726909250001
0.743529188325
0.75144283863
0.75393354735
0.99475839584
0.84515720428
0.99555446117
0.88897798736
0.8798872
0.8040375412299999
0.816502489255
0.7891223231200001
0.770372608785
0.83081983405
0.99450630937
1.0
0.971654627495
0.88122351765
0.870468046805
0.7701592511450001
0.367330557175
0.23667176082499994
0.97863471094
0.77216157989
0.815997674185
0.77691032
0.8013310931100001
0.72212648
0.696799840445
0.740405293765
0.7446203637800001
0.7200307353700001
0.71714959496
0.71717387055
0.717185039605
0.6786312737450001
0.6784369163099999
0.67843184637
0.6784115676099999
0.6783388131500001
0.67845022493
0.67840936468
0.67836540346
0.67841930787
0.65117858432
0.649491349135
0.6494594043599999
0.638884680555
0.981770918215
0.6696927385500001
0.79610965807
0.73822030203
0.65745510021
0.986238620415
0.6868518851900001
0.8327677664450001
0.31781549377
0.21657589409499997
0.66617434748
0.68010333933
0.6639966806650001
0.66281734104
0.66280702388
0.66278180182
0.6627882399999999
0.662799440055
0.6627358452950001
0.65300577849
0.65217485006
0.9844196039199999
0.6685275229350001
0.7801132658200001
0.7580230800000001
0.756320431825
0.695653730745
0.688942720385
0.74939210104
0.6957134567300001
0.6889731426849999
0.7043711600000001
0.688928268025
0.68898652226
0.72878060388
0.728868126815
0.72890848
0.728896301465
0.7289005315399999
0.72886129548
0.6889586
0.6889302120849999
0.71003466986
0.709493843995
0.3147232086399999
0.324752722185
0.8756330707100001
0.8204575554
0.733495850415
0.721963051085
0.7717241296499999
0.98775719984
0.75269985969
0.86957855142
0.818706230625
0.88858607898
0.7512106645300001
0.9922762152450001
0.8807351264850001
0.89337511742
0.761093075235
0.89039246191
0.745837943795
0.721887541215
0.739593918785
0.759845714855
0.72187118644
0.78117576727
0.861127443535
0.81394885717
0.768837493735
0.8334948
0.84225567546
0.75735875938
0.7648552563350001
0.8492128320800001
0.7992659670150001
0.7413615361549999
0.802079135825
0.797485098745
0.35602155049499995
0.2077575542
0.7388872927300001
0.74720933666
0.7248803609000001
0.7254934
0.7255589600000001
0.7254843546949999
0.7255633316700001
0.7255163257099999
0.725515176965
0.7255322603200001
0.7255501695600001
0.725557124235
0.72550325935
0.72555348
0.7254576399999999
0.7255835261249999
0.7255911378450001
0.98489673935
0.7302377999999999
0.887922127785
0.804755005985
0.746180298625
0.7158327964
0.71828149185
0.6882794
0.7187255934550001
0.7255262081399999
0.7255086674
0.988134226845
0.7182478373550001
0.81799373997
0.7750269599999999
0.7399844062350001
0.715898249475
0.334822876535
0.25802789906000007
0.81647745549
0.8187096090400001
0.803149365065
0.814260363055
0.8527201203
0.8144960703949999
0.81433912
0.8528060986549999
0.8530495132950001
0.8530556433049999
0.853035167035
0.853062081375
0.853113558815
0.853044154805
0.85311488
0.8530658134200001
0.8530891710849999
0.85708259699
0.857500070175
0.857521632165
0.8533652
0.81455764118
0.814340005985
0.818277357925
0.8187002700249999
0.81869769023
0.8187484954500001
0.98920351157
0.810215233515
0.68672724362
0.92690830917
0.9073730354999999
0.81532083041
0.8581694752650001
0.42814372028
0.40452063917
0.66404155219
0.608407959205
0.6120943294350001
0.61942662135
0.605923902635
0.608219078155
0.60820191923
0.9887169584800001
0.6429589594799999
0.73847270195
0.6650387459799999
0.64374414883
0.639479168335
0.608544323295
0.64117762489
0.98036783315
1.0
0.7530290799999999
0.642691632675
0.67144549201
0.6054523347649999
0.6430194902549999
0.62037227168
0.610325172105
0.609465771275
0.609496619325
0.6095104489550001
0.609469545225
0.609491137225
0.60776506278
0.614915868415
0.9914132347050001
0.70375975257
0.79880902527
0.317318576
0.200844414235
0.7645516234549999
0.7439820314850001
0.7822147200000001
0.7825246400000001
0.743931220635
0.986942492525
1.0
1.0
0.6371354541800001
0.634330525265
0.7124848424399999
0.7655744936850001
0.7865777511250001
0.69030180072
0.6769194000000001
0.7765778442500001
0.72750657842
0.67683596
0.76264122351
0.76367451255
0.725049606065
0.9935867281499999
0.7448847054100001
0.7779061199999999
0.7077405545600001
0.983481416105
0.7954998
0.80424891022
0.70737385582
0.974648671415
0.77633831383
0.774276418865
0.707566336435
0.6761862199600001
0.37046640995
0.25305987204999997
0.810010933815
0.7785966203400001
0.7931641749200001
0.781508756495
0.7956944588899999
0.765750859655
0.78309335727
0.78724627569
0.784642463015
0.99128227291
0.78829416
0.7576352507249999
0.84544703288
0.98567260356
0.77889466107
0.787849103945
0.87926661979
0.79929632
0.74613908
0.785777942205
0.785962345435
0.7687538446100001
0.98316804
0.808925132515
0.778502250225
0.83381208616
0.74708468938
0.9890122073250001
0.7758193342
0.792594274315
0.8464555555550001
0.8383099380100001
0.76555172483
0.984686574305
0.53256344371
0.28765301470000004
0.9938908989099999
1.0
0.9255457613649999
0.9813420994250001
0.9928729527050001
0.900170103915
0.90091122632
0.9871863107200001
0.89959144
0.943505249475
0.93691224143
0.952619139805
0.8996308062599999
0.899649430115
0.89955035007
0.89962291065
0.99314885075
0.8997936
0.86693636
0.9404889599999999
0.99916868908
0.9992704180049999
0.882564865945
0.897040016
0.9699533625150001
0.94120229238
0.866816876625
0.864519068095
0.93904747626
0.8778427060449999
0.8646218834599999
0.86453718628
0.9904094400000001
0.84531205575
0.458305443585
0.23917729298000007
0.843611013505
0.85988568
0.8784720311099999
0.989195348835
0.8507002500749999
0.957688631135
0.84882788749
0.832058070985
0.878373890445
0.879245053515
0.8075727363599999
0.8561967461800001
0.87850746568
0.87920656328
0.8467575939249999
0.87824710471
0.8792480048000001
0.8468173947800001
0.839904552275
0.8399310468950001
0.8399413466350001
0.839879498745
0.8399772890849999
0.8399285957
0.83994979498
0.839937850515
0.839940044115
0.839936212755
0.83994328
0.8398895710450001
0.83994673848
0.8399805132299999
0.8398912873850001
0.83994265147
0.449209368935
0.235478468305
0.94465740452
0.9936019596100001
0.97702072829
0.9732195053849999
0.979903630895
0.9997946464249999
1.0
0.979314745865
0.974675539495
0.9883564661199999
1.0
0.97809419768
0.9406423842399999
0.9957553200000001
0.95203911609
0.940141454145
0.940072524185
0.9401254060550001
0.94012492
0.9400869391400001
0.9400674602399999
0.9401017652350001
0.958292929495
0.940109978005
0.940141454145
0.94282587741
0.940115237335
0.98873041909
0.93835022507
0.9481901219750001
0.96768054362
0.941921215755
0.946934347175
0.9343854399999999
0.518232229985
0.19063246724500002
0.699746877565
0.7638825012499999
0.68614572
0.704139888315
0.7067726197649999
0.6948729164599999
0.693536419075
0.693556457415
0.693574179385
0.98238419575
0.73861415434
0.750540854085
0.752493068715
0.712768675425
0.62345270946
0.70242224
0.7022239728099999
0.977642613465
0.7501728266300001
0.8031374462549999
0.7736151509100001
0.7177197088999999
0.65184394259
0.73360263789
0.74385834084
0.729197720455
0.98894673848
0.7505511226950001
0.9895786378650001
0.76076060394
0.81473616597
0.70655898927
0.74019422058
0.72411068
0.398723576715
0.17891631831000007
0.83295172815
0.8383682527
0.769685777155
0.78322792
0.803878720225
0.8350641653299999
0.80556624
0.8055890909100001
0.977816084615
0.844917776885
0.9097433140100001
0.8418238895550001
0.829792939295
0.83684198146
0.7977702477699999
0.8085366663350001
0.8353536032000001
0.836827413705
0.8055992022349999
0.805559266315
0.833386976095
0.8055839232149999
0.80557196
0.805584399005
0.805541774435
0.805640635935
0.8055271672850001
0.8055751894700001
0.997650817205
0.844000119975
0.998227462745
0.858756564345
0.91792059029
0.792525055165
0.474118576
0.18030278294000004
0.985634119295
0.76326357764
0.8142179017900001
0.808677622655
0.7475350982750001
0.7609196400000001
0.741717176565
0.7651972394500001
0.73500201416
0.731415363015
0.7313673294049999
0.731328089665
0.7313759200000001
0.731363694395
0.731295589415
0.73138050195
0.73137157716
0.73139703941
0.7312928386199999
0.69448355217
0.69446590023
0.73127872064
0.69446771748
0.6944773210349999
0.69454518904
0.6945454254550001
0.6945114977000001
0.6945018247100001
0.694500130275
0.6945247548550001
0.694493369335
0.694495691295
0.9902401197
0.70043043609
0.5773245769149999
0.19481759648000008
0.59792011173
0.690797754835
0.64150648935
0.62258384646
0.6862471388550001
0.614809016555
0.6223408863050001
0.6613671164399999
0.62236878439
0.622341045895
0.62232671786
0.9862518652200001
0.626351835185
0.64024658739
0.736912911595
0.6029334937799999
0.622303358655
0.687144783435
0.65386612
0.6225607021749999
0.623082397755
0.6538781756350001
0.59127703378
0.62231844738
0.62253475616
0.590981533835
0.59078548
0.59076916925
0.5907957983200001
0.590804947135
0.59078331495
0.6344707858449999
0.59206712
0.5907739711
0.36554810637
0.15539551334500007
0.62836803839
0.617172909165
0.59544215354
0.595426829755
0.599457625765
0.5860363563650001
0.586067386525
0.58601883292
0.572988690595
0.57299536
0.57296738326
0.573010035985
0.57300145694
0.5729244061350001
0.572977946615
0.57302468
0.97567917789
0.620855951905
0.7050186148900001
0.629093050695
0.59229421058
0.58294877781
0.582971755035
0.5860544745549999
0.58292448
0.5832156737299999
0.5858818553599999
0.58288752507
0.58320611939
0.58318052
0.5831234953
0.58321248878
0.583189858705
0.58798863773
0.35384913783000005
0.14756605565000006
0.7662556656
0.79673108689
0.868684931505
0.854479656105
0.83401983834
0.835362493735
0.876994281145
0.9852698514
0.82675203529
0.85132430486
0.811844942025
0.8812878
0.9916498603899999
1.0
0.846913977205
0.9805039200000001
0.8978242043299999
0.82791169925
0.88245596
0.8963129774049999
0.8075777977799999
0.81061513007
0.84274364785
0.8593495947950001
0.8158231599999999
0.859304658355
0.86429954887
0.864304727635
0.864263078925
0.864287371265
0.864340161565
0.8642632053699999
0.8642777511
0.86429010198
0.53417532153
0.22597874687500008
0.68605689538
0.7148908691300001
0.9730080432150001
0.691681676645
0.7818684294850001
0.97313345331
1.0
0.832789986035
0.7991711621400001
0.709062773725
0.69984156
0.72856803598
0.6899613327999999
0.71318813746
0.7326891913550001
0.73028969103
0.73024996
0.73020450828
0.730236383685
0.73023804
0.7302196799999999
0.73017792883
0.969965243475
0.737101159535
0.782720112065
0.6891615868900001
0.724850976485
0.730215925295
0.73021221878
0.730224137585
0.7302067393250001
0.73024612009
0.730281150415
0.7302555022
0.45562938906000006
0.28517007079500006
0.7434773044499999
0.74433664435
0.814098929895
0.7460081232500001
0.744365425215
0.8141512102049999
0.74592661137
0.7443389199999999
0.8142117482250001
0.745907409995
0.7443791499600001
0.74434488
0.74441688
0.7444017991
0.74430759405
0.7443791499600001
0.744363876125
0.98435133567
0.769366115865
0.93640048217
0.800134413765
0.990392682195
0.9049235694300001
0.952697206705
0.7911128030450001
0.98013019906
0.95221837816
0.94377708645
0.7951175762449999
0.69003206397
0.9160968896899999
0.751856774325
0.74154364234
0.7655976290950001
0.6166852765299999
0.23338488053499998
0.708060133505
0.6182781893
0.704592740725
0.9744384323149999
0.6813520208099999
0.856255042395
0.6360923107750001
0.6284581083799999
0.70443638181
0.9662389382300001
0.682223010625
0.855917736455
0.63286301041
0.62242447755
0.70434438801
0.6824745783149999
0.9719905181049999
0.7209032993400001
0.81926029851
0.638089630225
0.707993204075
0.704501450145
0.610882593035
0.611633310065
0.704304107395
0.68247119119
0.683267466505
0.6293710003
0.6832916666650001
0.674887230415
0.6737222211099999
0.7226388
0.9755323291750001
0.72488818519
0.444129987995
0.09752769845999995
0.637479397925
0.636407704655
0.6710499050650001
0.98855222089
0.7044009600000001
0.5919409993
0.9863861598649999
0.702649388
0.6615948695399999
0.991476686935
1.0
0.66306762734
0.63731059576
0.98020035993
0.70726954609
0.6705677496750001
0.67325953786
0.663927432745
0.661675926665
0.6689156162200001
0.617446230755
0.659164443555
0.59126228
0.656177223775
0.60027341823
0.6568405240499999
0.62582456
0.6597009599999999
0.625898753865
0.98072508777
0.63344655672
0.6597669366950001
0.623801933235
0.69735337682
0.42142605181500004
0.122841867815
0.6753217500750001
0.784042401275
0.729194824475
0.72169310793
0.6925796481400001
0.98461407946
0.7085250426899999
0.739525909635
0.7121957387200001
0.79980268
0.7007713061649999
0.8339461716
0.7024937600000001
0.8045558021
0.996097819565
0.8218449825599999
0.73131909684
0.7716673995600001
0.969964763525
0.785334183015
0.8424708789550001
0.82369310793
0.7933950607450001
0.7491576475299999
0.773680994035
0.67967583778
0.69424955009
0.69172481533
0.99557054945
0.727475980785
0.9816240056100001
0.85451155076
0.98413209581
0.973038901145
0.582753222645
0.12091003777999998
0.80193186897
0.836943584645
0.8324070718250001
0.8381413813799999
0.814714274305
0.83683495456
0.814675759705
0.9885591359149999
0.8142081950850001
0.83454974995
0.85606673303
0.812554324705
0.8053184444650001
0.83018941047
0.823944025535
0.8316119313649999
0.8239115523449999
0.805538692865
0.821806414225
0.97576532588
0.80898848964
0.8054866927
