0
0
8448
10100
14594
11044
10838
8450
12874
9250
9864
9781
7996
11305
9184
5838
9092
8691
9586
9100
8249
8729
10151
8749
9026
8654
8572
8910
8404
8883
9067
8843
9675
10014
10823
8093
10359
12307
10122
9221
6011
12101
9715
7104
7875
5730
12615
14045
7013
6969
6168
15964
9978
5939
7291
11892
17164
7973
9156
5614
12484
14284
8045
6717
4487
14677
11834
7305
6165
14590
12480
8479
8184
7108
14608
12517
8066
7143
4895
16670
14072
7883
5947
5211
22685
9321
12682
8587
10090
22642
7291
6441
4844
30458
12951
9979
14045
5480
12892
10300
7474
7070
3886
11740
15121
7408
5096
7678
21629
8029
11771
5552
13315
13549
7902
6046
5880
23126
9257
6602
7565
10469
11285
6893
6427
5222
15074
13988
17014
15380
5390
24204
9996
14582
6458
6029
9667
7194
5483
4820
12138
8777
10086
13559
6003
13017
23172
7318
5694
7010
18724
12006
7512
5190
8372
12434
7120
17358
6177
28260
10008
16815
6326
6131
10843
9326
19989
15027
20114
13067
10706
8276
4811
8240
24947
9520
15459
5636
31335
8034
6767
6390
5914
25891
9423
6093
4686
10519
28742
11082
7717
5635
16030
8119
18559
7704
6021
10747
6170
7152
7087
44886
24413
8744
8630
4804
10327
26296
9183
6430
5740
5055
17677
6803
5488
10058
9828
5108
5551
5284
23923
13061
22254
7235
7310
29033
9474
15061
6648
7887
14913
4451
5245
4662
12144
15260
8217
8815
11215
26392
8515
5688
7173
5277
12474
9142
12315
12777
17675
14824
8231
17460
4986
27732
10339
5971
7197
5068
6753
6681
9949
16180
17327
15839
14927
7513
12981
12030
9994
4555
5331
4882
23365
8528
6884
4615
6120
12701
6424
7566
3973
26523
20194
8992
6379
5068
11951
10456
5794
6562
5847
9141
19098
9684
4284
28274
13190
6627
6282
4618
15285
10209
6629
7273
12918
8006
8701
15454
16855
10627
15668
23111
6874
4624
18480
24928
22036
8573
15903
16651
10826
13705
5495
18747
10164
7791
6695
3930
12843
14388
8367
8622
5807
10140
12051
16444
10086
15276
9278
8542
7419
2859
11942
9073
6871
6596
12568
10087
9727
15167
23113
14925
20777
8282
7703
11470
10156
9289
9210
8648
5134
15920
8638
22545
23759
6919
13678
6479
9176
20868
6697
18008
9779
7746
4929
12491
5857
7226
7095
5539
13235
10170
16405
9178
5267
21910
6917
7308
3061
23204
13861
7560
7752
12421
13399
18380
12671
19878
6584
12646
9503
14259
13113
12559
12223
22808
8968
5712
7648
17991
7060
6503
4415
9838
10201
6845
5027
7806
12189
8988
7584
4663
19659
38980
15527
9168
5831
9866
16002
3524
7596
12869
23154
21908
14114
6289
24531
9906
17038
7683
4855
9474
36418
11868
9700
10922
14591
12766
20448
23130
31138
14731
6156
8394
13352
14598
19882
8830
9241
4700
25338
6212
6044
6512
13420
11522
6222
5964
11423
25391
26468
10790
5794
3727
40067
22426
8460
7810
5092
36744
8940
3848
5034
10980
27995
20068
6631
5981
11806
26013
4465
24124
17677
14773
6118
4874
7144
11647
13448
21429
19502
13647
16480
12047
21253
14107
17663
11975
5137
23086
7875
16011
10973
23513
13535
4998
22612
26376
7375
13490
5041
9270
22280
7631
14866
6459
9815
16056
7458
4734
6418
25565
8463
20680
5901
28689
10655
19409
9067
13425
16525
16606
11611
5589
8882
25423
10169
6957
5398
27431
11027
7373
10443
4050
13566
11600
6528
6888
5517
10457
29418
20074
15075
29982
10613
15152
7569
5648
14421
10451
6084
4232
11985
10896
4984
5256
4420
8117
20187
29616
13929
12484
12138
8792
6109
8042
7210
22719
11080
7429
5092
22838
12830
12313
20001
14350
24519
13997
7694
19041
5231
23266
13042
18085
24079
15550
14083
12348
6891
4952
23373
15533
27902
13739
5153
20821
24602
10506
15608
6206
20642
6554
6931
12270
7679
8371
37469
14254
5681
17755
23965
18058
20086
5278
14066
14627
7478
9769
21219
12638
22487
8137
4780
12258
24923
15986
6160
10579
13356
24491
8445
8032
5254
11840
11359
12161
12048
15691
24746
8995
17010
16459
16197
9743
3381
18319
14410
28153
13837
5540
9956
9703
26202
9962
6412
12515
22231
27418
41928
5725
5508
10966
10693
14105
17243
7446
14355
19422
8132
13000
18627
13918
22022
7758
3036
26718
15124
13658
7818
5186
26056
25329
20483
5018
24984
14898
20023
6164
3832
11715
6680
31986
14150
14541
13476
8048
15678
4085
19507
15167
22448
4723
13455
30130
24980
22781
7084
11268
12088
14852
6992
17506
5391
9919
21653
13280
3498
25817
25321
24725
7830
4657
14879
26720
9435
17674
14964
15810
14355
6502
4766
8162
15003
9684
15243
13379
29291
26185
11349
18741
6325
20173
12552
4264
4806
7034
6831
9250
7973
11545
18129
25984
24552
22654
6727
9244
8472
15771
8391
6823
13251
25435
15028
13518
15045
26736
28409
23320
7490
32405
25527
7404
5775
5617
17921
24127
15410
13044
18554
16982
10499
15933
16512
30963
28259
23923
23978
8497
21641
22378
18510
20463
29700
28431
14263
20573
6974
16753
10782
10246
6841
16201
14896
9757
6922
22624
18118
10089
9733
19953
4823
29588
17245
11913
6672
15440
14283
10237
18378
22192
18420
15070
13016
17403
16649
33744
14841
13241
16444
16340
26989
21569
20056
23164
17996
32748
14124
8715
16231
28920
31788
12169
5759
5824
25646
24994
11647
16591
7145
13093
11487
8611
19533
24989
35007
15040
19624
15379
36236
35284
15902
19862
7030
26658
11270
24078
11077
18071
30314
28104
7806
10737
12336
10688
7678
16514
15989
36043
8423
35631
6433
5104
21797
33411
19781
21114
32796
16952
9411
18500
15798
33326
16896
20434
6706
19897
11893
24665
9911
37212
22268
28534
31686
21880
15904
16814
29417
11369
20619
7411
28426
29532
8949
19246
7277
30463
26544
8193
5186
8692
15039
28008
18119
14273
29406
30828
10778
7510
16196
28394
12511
20281
17692
31180
17910
23436
26360
19855
34524
32492
27471
9407
15933
30964
15109
8752
6593
6753
8527
9694
5954
5854
23156
13191
21516
7795
13550
13439
23829
22113
18615
18887
30332
11465
21032
21020
11592
8599
11638
20801
5599
25617
11922
9084
18654
16970
32934
31565
19877
6945
6477
23978
26381
18088
23311
26643
29804
22846
20356
5019
19867
9431
16747
18310
6892
27847
23330
9553
19194
33827
29940
29420
7367
4168
19963
26979
19508
20166
5812
24276
30115
20061
18851
32855
27663
12988
20509
7919
9054
27013
27547
20361
20108
28740
37433
27184
7344
11164
23853
12376
5350
8586
9817
6749
14383
9302
16157
27799
27552
11067
4865
23685
27058
22195
17066
18242
31462
31203
29305
21856
6955
13565
5853
17542
16767
8025
28106
14435
14602
18432
35378
28896
22968
26088
13404
7287
31037
26209
19209
17546
9998
20375
23107
18562
31505
8942
10128
18614
5607
5206
24535
19764
20157
6543
22485
8383
17524
15730
7352
22769
14117
13320
7267
23250
27902
24681
23123
5912
23755
13534
12018
15206
28058
11465
21038
4998
17375
34380
29575
26121
19928
27117
22649
28282
17187
8195
21964
23640
27511
17920
9161
23884
21944
23737
7379
9670
11322
21048
14957
22404
9449
25492
16007
9729
13659
25686
24665
25078
10625
6769
19345
20146
17046
24671
11344
20482
27150
7526
24210
25460
19268
11862
15620
6447
11705
17327
21167
18355
22673
17421
28273
18091
7292
8374
16516
28300
19702
19938
28675
28924
34752
26027
9002
28868
18426
9169
18440
17780
12473
16522
17015
16370
20665
27545
8064
21698
13420
24252
23420
23491
19828
14965
30193
20913
20446
21692
43840
28426
16793
18974
14539
32937
29953
29501
17813
8657
26553
28078
16065
16295
21904
29827
26911
19359
16988
48131
9714
29696
18194
17320
19918
13520
21283
19580
19535
23915
28615
22388
20721
22186
27253
27270
8028
16587
31875
23176
25004
7182
21010
21215
28241
19009
17376
41270
20930
22001
17952
19751
23079
28458
26860
22232
8473
19412
22272
17908
13558
13558
27854
11541
6209
17665
22744
10400
17313
17313
16667
27895
25216
20349
20108
33277
33054
32994
9046
10567
18758
29180
7576
19071
6068
23896
19207
18760
18499
24990
12504
42550
18760
12453
26428
12186
33908
5156
19716
29633
29650
19982
5726
28724
28972
21779
21007
8752
18763
5653
12867
16626
13943
27130
12769
20856
15047
15056
8507
14724
18285
6494
32174
26972
19698
19425
12825
30427
28113
23417
19078
27636
30141
7042
15679
18928
26149
14500
18806
18512
5855
31642
30522
8196
15879
13077
32876
11049
16652
16133
22919
30667
14078
19126
8126
30040
33903
13866
18423
14333
17553
34796
17797
21925
14087
34418
27036
10313
17022
6023
9175
21782
16109
5427
29181
28167
23269
18142
14932
28664
12513
12067
17368
42099
29944
17231
20540
13236
39729
45905
27971
20922
16381
30713
21058
24507
19950
18211
33267
25251
22142
20141
23690
33918
21054
20218
12940
31161
8733
19560
15442
14462
33691
24400
23574
21554
25756
26840
20807
9802
8768
24684
24967
16635
19364
6475
27754
25003
21676
19742
17693
36424
24847
22084
12588
21535
35834
22406
16020
13692
36088
25612
18078
19115
15800
31076
25873
19035
25629
23094
34723
19410
19022
14733
27643
32251
24938
20654
17547
36924
24585
23085
16679
21136
35038
21819
21184
12612
9978
27718
18671
19794
15386
12666
23219
22718
19568
15756
27311
20398
19381
14651
26486
27196
27051
21984
12891
26302
26963
21557
23639
14991
37970
33306
27721
16230
20697
26191
27669
20946
12775
22030
28116
24154
14575
10969
16526
7289
13981
6995
14991
13778
12428
19300
12862
31000
33564
8932
15197
5978
28656
13324
10984
21558
15456
20117
25674
16766
18848
8343
18270
24830
19333
15246
25877
27434
22240
22442
16246
25308
26465
21723
20897
15758
26235
23869
10511
11470
21774
28496
23160
20166
14813
26479
23821
25280
9179
14231
26610
29864
22002
14684
24080
11293
18187
20013
12617
27279
27760
25848
19851
16890
20677
10186
10621
12542
25612
34744
16170
23666
15045
29936
33575
19957
15856
16050
25939
26982
23276
18175
10629
44165
22510
18093
12776
22680
5003
15626
18632
12168
25382
24031
19596
17618
14950
22539
18308
19154
12683
29158
24833
20365
21730
14707
23895
28845
19670
26479
14600
13923
18760
16564
14395
19964
25050
23580
5723
12471
27133
27869
23218
21784
13998
25824
24912
8091
19837
20179
32198
16819
14520
11590
32862
36476
14879
20368
14203
30566
23650
19316
18860
16889
41416
20338
21332
13785
21724
41842
17019
18361
14246
27261
25937
20264
16064
13867
46914
13183
8029
9587
21814
20447
20029
19563
14555
26186
25239
18589
17406
5719
24038
20903
17444
18779
17275
37726
18509
17119
11095
25507
42950
21353
17428
13246
25316
32717
25775
21801
13888
23877
19233
5438
11388
28097
44043
13684
23955
14802
31096
16869
11850
13469
17647
28042
22107
20492
14621
28746
25084
19954
19070
12530
29468
33068
28220
27374
6593
20367
17027
6495
13439
8680
24546
16697
19442
13749
26065
9459
15168
20957
14581
24590
29385
19963
12076
17502
30572
22239
8280
12226
9964
20874
18068
18228
14464
8455
32993
14290
15253
15193
8481
14272
18896
12652
27805
31868
17866
22420
16129
31113
39098
14491
19583
19349
18598
27248
20868
15710
27747
29429
9051
6026
11362
23107
20081
23420
23195
13981
29620
17022
16266
26523
22716
30983
21774
7559
10954
27317
25337
24035
24977
16196
30088
16884
17857
19094
19436
39000
31877
31817
16361
25860
25204
14834
15889
5859
21449
22454
23568
6840
5454
20973
42608
17829
14904
11107
27191
22106
19176
15437
32616
33325
7418
10230
16551
31922
21111
29931
23238
25335
27490
26677
22971
15213
27562
31058
28522
26790
16527
28597
30713
16726
23452
14720
28928
14981
17516
15043
26559
13897
19978
13000
17880
27755
24133
23731
6671
10482
20924
29232
22319
12575
19826
27448
48139
13697
16132
33902
26360
25725
21426
16747
31740
24755
23592
26582
19187
34770
13206
24028
16134
31186
33967
7649
22385
16837
33151
15357
19301
10299
18614
31590
31859
18877
17017
27596
16516
14581
21600
6801
24708
23833
23742
16689
17461
25162
24182
22017
6514
19597
25551
14439
21707
16040
30869
9486
16236
24353
11855
16993
24939
20487
19262
23936
27453
30140
19920
15617
34398
26250
17357
19758
16908
24019
31098
26651
22328
22267
34166
31231
25708
12946
24878
30921
16159
6245
14795
14450
24110
4556
4176
8861
24849
33469
29350
13402
8710
26937
18040
24196
15255
25457
8554
15971
23862
18569
28240
28610
27600
21066
21438
28490
13878
11874
4387
19248
31232
14904
11317
11410
25379
24053
12022
18960
14684
27785
26383
21773
16837
32264
27181
10235
21510
14832
24710
30577
23237
9355
13435
25166
32588
20772
17278
33463
40142
13432
19605
13899
15923
32933
11205
15563
13218
37109
27931
48560
14476
19573
25504
31293
15950
13857
35071
28734
27412
23041
18183
15918
19800
17035
14805
23371
21696
12662
33156
10836
44586
9900
21232
19638
14152
32574
14768
19101
19819
14415
23825
26079
16485
22781
32725
28620
30018
9752
4576
24836
33848
12635
18894
15995
28633
14442
13376
22907
24251
31280
33821
5929
12120
11719
23923
26277
17260
15899
31900
28759
47133
17958
18171
36213
32641
16373
12524
36063
37088
25740
32632
16787
30727
23957
25347
25579
17406
16336
29681
8770
13611
26749
31067
22921
16528
15254
34334
28663
21817
15739
11562
17445
26977
23920
15688
10908
14411
25273
39724
11044
18933
22186
23510
16884
22794
41031
26956
22207
26836
23614
37584
33554
16139
15971
23227
22207
27235
14984
17844
21146
10407
23409
17055
16234
33627
30212
28157
13773
37468
36876
25417
16654
15758
30038
24976
7791
29829
4410
23409
25206
20145
18400
26560
33087
28801
5227
5019
24301
33115
30040
16598
19848
30249
10818
20687
18901
20145
37355
35185
18923
16585
26472
35031
25255
15169
16434
23605
33079
27389
23161
19839
31268
36447
19223
15573
32056
36597
29236
26924
6914
34342
27996
25731
18404
7152
29969
27193
22872
22560
24795
33474
24767
23086
17588
33658
33090
31635
19034
17159
32675
14069
20151
20672
21518
37724
33937
22508
15197
34800
30689
28260
21474
18751
32308
26627
26895
19723
19273
28762
29224
28249
18462
30350
37138
29639
20052
16820
35705
37095
27610
7755
18458
33003
31601
25330
27176
13895
23409
31989
21141
15775
28257
27756
27964
21382
17941
29447
31466
26001
20447
20831
33836
27655
20651
18828
34088
33705
25700
20529
17697
33687
28802
28739
48490
18051
30477
33391
20175
18278
31121
36450
30209
22235
18376
34372
30519
24000
22929
7787
27298
31399
24029
18278
24941
29192
27312
21025
18300
33083
12671
20191
22800
16896
33091
29757
25677
21781
19480
27722
29264
20653
19454
29088
32563
28656
21903
16672
28807
27080
24545
20619
20269
28444
29996
20691
17645
33371
31565
31285
23875
20329
25477
34551
26961
8585
16698
32658
27854
21343
20343
27213
33979
12169
20810
18301
27951
28672
30304
17598
18586
14643
26640
25402
19152
22167
30771
39798
24032
5017
9844
22242
23606
19237
22131
28703
31318
28190
22560
19969
28924
28351
27362
20505
27497
11547
25510
20777
20040
36368
36918
29159
26405
18234
33420
13133
5425
6294
31425
32804
34411
21441
19397
22246
26053
24809
21295
25822
26114
23091
25237
8883
19788
27536
21978
9631
25076
28707
26885
19266
13868
17397
28826
32878
31910
22867
18084
34246
30595
22776
21246
35101
32792
24204
24047
11695
23139
35447
26808
10188
19186
21112
23781
23754
18146
29575
30822
25512
9045
18485
29323
23821
27661
10219
18554
24652
18687
29975
26409
14123
8895
21784
18290
22133
26714
17740
26579
16395
21896
25678
34006
21515
21289
25144
33098
32485
23656
22203
20750
23706
23242
24145
24178
12996
35233
19066
20426
22026
26513
26932
25823
20246
35111
25388
12932
23082
18945
22888
27558
24348
22490
11176
23367
27745
19561
19655
24095
36279
28639
25293
27481
28663
32014
26030
24641
23347
31600
34671
19949
20032
26129
33475
35138
23319
22096
33119
32218
29082
20939
23093
32238
31062
26706
19487
18756
13209
38099
24106
21180
27076
20806
31168
20337
19761
28592
31377
18295
24393
20837
25151
28097
25938
19332
24929
26828
30667
19148
25179
32116
25413
31555
10549
20901
26060
29687
27186
30453
19984
33275
32446
30084
22555
30423
31188
29534
22003
21029
35904
39194
10908
20198
20225
36213
34052
25625
28088
27979
17802
15776
24347
28637
34192
28139
20958
22436
34854
12248
21041
7312
12955
30095
25555
25192
20575
26216
29699
31320
21375
21279
31997
33075
18983
19177
20185
12329
23615
17950
19493
20450
33833
24439
21884
25366
30651
32028
30966
19691
19511
37860
37289
21683
18755
14788
32911
15022
18104
6096
24498
33853
31278
18069
19965
10741
30375
24448
17892
14754
34672
33145
23922
25752
25592
29385
31657
18519
20623
25762
34344
23579
21775
15673
29677
26112
23965
19836
15180
30210
25897
26757
18501
27236
36193
22520
21971
8166
36421
14338
21997
18887
15191
33019
27858
22971
21458
26179
31497
25077
23346
19979
7560
29379
18620
17881
14635
35525
26916
21919
19253
16906
35518
31607
21590
20453
22590
31316
28208
22222
14944
29151
33569
22221
19729
15177
29402
32056
22452
20529
19765
34290
21229
20358
19688
29519
31302
20414
19545
16123
38540
27842
21906
7995
15707
33001
29473
18595
21557
27121
32717
23143
21434
14375
26477
31724
22719
20679
17574
30741
28136
22803
22737
17239
27422
24178
20518
16036
22548
33678
9094
17319
14156
28928
29582
8787
6942
14605
12743
21790
20156
17440
23965
40428
22335
18525
14746
33214
29798
22863
18350
17577
33673
28510
20420
18060
18099
32691
10394
19571
12598
8807
25127
27289
11392
5944
27771
26885
23102
22084
18323
37146
25231
25060
15628
27946
30718
22564
19613
16625
32644
8350
20663
18588
17869
29038
29895
23407
18829
26852
29638
19423
20981
13694
11735
25993
27727
21642
17900
35780
24175
27568
18506
21752
31737
20284
23005
14699
25622
32749
22390
18975
7725
24749
25103
24420
7881
16954
29180
27598
8569
13109
26277
30916
20805
20920
16306
27003
29496
11139
7440
14547
31633
23732
8654
15309
25415
28745
21617
23288
7043
23043
24543
21112
25244
16282
31636
12490
20409
18902
24020
33235
21406
26347
15867
32672
31663
22230
23778
16678
25967
26979
9440
22226
17557
29861
20216
24375
14924
16267
25819
21701
8718
14928
22653
15975
12727
20354
13472
14217
24227
17548
16013
27107
30009
26281
22249
16525
29627
25206
24224
22197
19922
25294
24665
11200
16875
28159
35466
23688
24228
15148
32790
34069
23651
26533
18557
7903
20859
18028
25170
19371
25890
19866
24116
15022
11180
28260
19045
21363
7630
24000
22287
22353
22363
17922
23348
26246
26435
15228
13613
33758
8873
18357
6249
20110
21491
22293
27093
17996
27255
27831
22585
19725
29358
10632
18854
21395
14833
32574
33040
