None
None
None
None
None
None
None
None
None
None
None
None
None
None
None
None
None
None
None
None
None
None
None
None
None
None
None
None
None
None
None
None
None
None
None
None
None
None
None
None
None
None
None
None
None
None
None
None
None
None
None
None
None
None
None
None
None
None
None
None
None
None
None
None
None
None
None
2.668649137020111
2.636587142944336
2.4654203057289124
2.5282352566719055
2.5578800439834595
2.3974979519844055
2.5434754490852356
2.5772287249565125
2.410319983959198
2.1491270065307617
2.0354175567626953
2.1523371040821075
2.2071042358875275
2.1050466299057007
2.0010428726673126
1.942614734172821
1.7677724361419678
1.829409807920456
1.3893520534038544
1.5494931936264038
1.1387998908758163
1.1629385650157928
1.0211337506771088
0.9003307074308395
0.8531372100114822
0.3775871768593788
0.1852742675691843
-0.06423022970557213
-0.18732596561312675
0.2081896923482418
0.002881869673728943
-0.4245894104242325
-0.20623914897441864
-0.6187057644128799
-0.6283791363239288
-0.34807900339365005
-0.19414444640278816
-0.3262542877346277
-0.11159494519233704
-0.33164187520742416
-0.11804806441068649
-0.039574868977069855
0.35453068278729916
0.05808290094137192
0.3692624010145664
0.18245186656713486
0.11918225325644016
0.1518016830086708
0.1263931579887867
0.05681934207677841
-0.31660185754299164
-0.24097831919789314
-0.009414885193109512
-0.21577950939536095
-0.15268827229738235
-0.241429403424263
-0.24785659462213516
-0.24044742435216904
-0.061734333634376526
-0.25281551107764244
-0.10884752124547958
-0.2350210901349783
-0.0577998049557209
-0.17509888112545013
0.23375342041254044
-0.018148265779018402
-0.11879862844944
0.06721438467502594
-0.27914056926965714
-0.1870415098965168
-0.36490581557154655
-0.5029942691326141
-0.41399141773581505
-0.3840712048113346
-0.3316966649144888
-0.19577381014823914
-0.16999506205320358
-0.018599634990096092
-0.02379070222377777
-0.43577344715595245
-0.27311834692955017
-0.2312117964029312
-0.4124194532632828
0.10188651829957962
-0.12667852640151978
0.15939262509346008
-0.04807135462760925
-0.11946507263928652
-0.20980591513216496
-0.32328879833221436
-0.1866149827837944
-0.6507962793111801
-0.5900252014398575
-0.5144712962210178
-0.6042987555265427
-0.49035457521677017
-0.4689759165048599
-0.3049837350845337
-0.32789331674575806
-0.20100551843643188
-0.047240651212632656
-0.14898348599672318
-0.34567730873823166
-0.030520569533109665
-0.036386482417583466
-0.16735171526670456
-0.20679417997598648
-0.151817437261343
-0.4090883173048496
-0.3513406068086624
-0.3109484538435936
-0.30460409075021744
-0.5403157398104668
-0.5642254203557968
-0.5900981351733208
-0.40195126086473465
-0.33031759411096573
-0.1980064958333969
-0.4299088083207607
-0.33946092799305916
-0.4374791122972965
-0.002439122647047043
-0.3836049921810627
-0.5053321123123169
-0.26798906177282333
-0.4997730702161789
-0.04120281711220741
-0.20205032266676426
-0.03986278921365738
-0.23854484409093857
-0.31250486616045237
-0.3888413980603218
-0.5243928655982018
-0.4768209531903267
-0.3484555520117283
-0.45074670016765594
-0.6313787400722504
-0.2880639284849167
-0.30857252702116966
-0.3620358407497406
-0.12532909028232098
-0.1852714829146862
-0.11340732127428055
-0.34958186745643616
-0.29607880115509033
-0.40520407259464264
-0.39776443131268024
-0.574530303478241
-0.6830243468284607
-0.38124297466129065
-0.42053456231951714
-0.3659401573240757
-0.024776794016361237
-0.3093865215778351
-0.18080945312976837
-0.3683546558022499
-0.3263908922672272
-0.47432825341820717
-0.5682035684585571
-0.16083092987537384
-0.3478941023349762
-0.3426515460014343
-0.16868422459810972
-0.4722827300429344
-0.46537428349256516
-0.4908285103738308
-0.6408689320087433
-0.5133678764104843
-0.47888924926519394
-0.4138254001736641
-0.22027400974184275
-0.128992373123765
-0.018517715856432915
-0.2792644780129194
-0.2485941369086504
-0.18876893818378448
-0.4051266647875309
-0.44047537446022034
-0.4816832020878792
-0.6865144297480583
-0.43012635409832
-0.5276286751031876
-0.3450609017163515
-0.2617606222629547
-0.47458406537771225
-0.07300061732530594
-0.10571654886007309
-0.4166373796761036
-0.20729989185929298
-0.43818243220448494
-0.49844661355018616
-0.34489140287041664
-0.359733697026968
-0.36459994316101074
-0.2531581725925207
-0.36859154887497425
-0.22574222832918167
-0.29110143333673477
-0.36195889860391617
-0.4022093960084021
-0.5347544327378273
-0.4403111860156059
-0.5568548366427422
-0.34515983425080776
-0.30486514419317245
-0.010092373937368393
-0.20879391953349113
-0.13898521289229393
-0.1854633018374443
-0.4965289384126663
-0.42109878174960613
-0.5095352996140718
-0.5837356522679329
-0.16159315779805183
-0.32307834550738335
-0.3682528994977474
-0.4081972949206829
-0.38090646266937256
-0.3020559847354889
-0.28139183297753334
-0.17765326332300901
-0.5059695616364479
-0.03544130176305771
-0.34007092379033566
-0.3770886491984129
-0.4869867339730263
-0.3076024930924177
-0.29985781759023666
-0.2518076552078128
-0.2071660473011434
-0.37833964079618454
-0.47546376287937164
-0.34091126173734665
-0.27053561620414257
-0.3922683484852314
-0.3532596994191408
-0.39990050345659256
-0.4684007912874222
-0.19792871177196503
-0.42248740792274475
-0.15764938294887543
-0.3243313319981098
-0.5066851824522018
-0.17634383402764797
-0.6255496889352798
-0.2515426352620125
-0.46873024851083755
-0.27115320414304733
-0.31261298805475235
-0.14550257194787264
-0.3086843006312847
-0.5490110218524933
-0.4555836021900177
-0.29063254967331886
-0.29041111934930086
-0.2656105160713196
-0.07132116332650185
-0.1324976459145546
-0.5353928357362747
-0.27630336210131645
-0.548850491642952
-0.4846130609512329
-0.38812527619302273
-0.42418524250388145
-0.1593757290393114
-0.21193306893110275
-0.15440485626459122
-0.2581635192036629
-0.3380555994808674
-0.49975332617759705
-0.3901778906583786
-0.29530981555581093
-0.5555356964468956
-0.5016848333179951
-0.3941355310380459
-0.44959191232919693
0.033073995262384415
-0.197176031768322
-0.06686741672456264
-0.32020248658955097
-0.4727616384625435
-0.27805065736174583
-0.3159744329750538
-0.44234540313482285
-0.47909605503082275
-0.15635483153164387
-0.40017425641417503
-0.21596673130989075
-0.3471727669239044
-0.1213298887014389
-0.13416782021522522
-0.20597564335912466
-0.390993095934391
-0.2310734330676496
-0.620223231613636
-0.3633614145219326
-0.3393014380708337
-0.3755606934428215
-0.22123359516263008
-0.3988334462046623
-0.08713975269347429
-0.07291409280151129
-0.2388912122696638
-0.20494472049176693
-0.33273325487971306
-0.6617573797702789
-0.4095695987343788
-0.39609403908252716
-0.5694843828678131
-0.46115852147340775
-0.12512899190187454
-0.2508764751255512
-0.09041191078722477
-0.25749221071600914
-0.38704217970371246
-0.3176002837717533
-0.19312667287886143
-0.25290099903941154
-0.1964837647974491
-0.41410794481635094
-0.4196610078215599
-0.10185181349515915
-0.3643488436937332
-0.2734045721590519
-0.3775685057044029
-0.28495071455836296
-0.09661585371941328
-0.16262604855000973
-0.46398796141147614
-0.3354329001158476
-0.33641761913895607
-0.36106114834547043
-0.4282288420945406
-0.2667364068329334
-0.28508181124925613
-0.35428495705127716
-0.07627400383353233
-0.461064413189888
-0.1536784153431654
-0.3837849013507366
-0.3698626011610031
-0.2512688599526882
-0.28408604487776756
-0.4265349581837654
-0.07983171194791794
-0.08119692094624043
-0.19735958240926266
-0.1747163124382496
-0.20558234304189682
-0.5194105058908463
-0.4199596047401428
-0.5154775585979223
-0.5037716925144196
-0.21181944385170937
-0.28515410982072353
-0.36730496771633625
-0.01954110898077488
-0.2825484247878194
-0.13565951958298683
-0.18988468684256077
-0.0205986388027668
-0.09058122150599957
-0.2866520285606384
-0.38647136092185974
-0.46227850019931793
-0.642102800309658
-0.3665258437395096
-0.3853779286146164
-0.20725541096180677
-0.2824036553502083
-0.24766354635357857
-0.0919667724519968
-0.03527403948828578
-0.06432103831321001
-0.051405804231762886
-0.03397515416145325
-0.27409013733267784
-0.23612173274159431
-0.3742379043251276
-0.3968733102083206
-0.4194239596836269
-0.34583715721964836
-0.0948012974113226
0.03245727904140949
-0.01433617528527975
-0.1281073223799467
-0.11179568991065025
-0.13738537207245827
-0.3763926476240158
-0.351236280053854
-0.3140110392123461
-0.22772151418030262
-0.26269819028675556
-0.15558109432458878
-0.10296227037906647
-0.3748599458485842
-0.2541513554751873
-0.13713399786502123
-0.19648455269634724
-0.2994689829647541
-0.3431331664323807
-0.4205959364771843
-0.3431077226996422
-0.32557015866041183
-0.01324499398469925
0.03895765542984009
-0.10208836942911148
-0.14974095672369003
-0.2728831544518471
-0.21519454568624496
-0.24093091115355492
-0.20440289564430714
-0.07181528396904469
-0.21853000298142433
-0.3247990235686302
-0.23761914670467377
-0.1995906000956893
-0.25218938663601875
-0.13372112065553665
-0.042987750843167305
-0.20925968512892723
-0.08385680709034204
-0.3105105049908161
-0.37953170761466026
-0.26368074864149094
-0.29828234016895294
-0.08868510741740465
-0.06764896493405104
-0.04225429706275463
-0.06424517231062055
-0.13066514069214463
-0.1821543611586094
-0.40115389227867126
-0.47180330753326416
-0.3356639798730612
-0.29709117114543915
-0.20263530686497688
-0.02102079801261425
-0.17029341123998165
-0.07718936214223504
-0.2477809302508831
-0.08852550201117992
-0.0785621888935566
-0.3396447226405144
-0.3676603138446808
-0.45631688833236694
-0.40569786727428436
-0.06438156217336655
-0.05430168658494949
-0.20792344212532043
-0.20069549279287457
-0.25650548189878464
-0.36281768232584
-0.2752877864986658
-0.4095878042280674
0.02725015440955758
-0.20538649428635836
-0.008812181651592255
0.1531196255236864
-0.06806528940796852
-0.23265433683991432
-0.072847381234169
-0.16544423019513488
-0.6007062271237373
-0.4586966410279274
-0.4863889813423157
-0.25352806970477104
-0.3875039368867874
-0.38834669440984726
-0.1434547957032919
0.008311654441058636
0.1763259433209896
0.18330975621938705
0.09995843470096588
0.06603431329131126
-0.2535656224936247
-0.19996230490505695
-0.36250422801822424
-0.24245895445346832
-0.11201264522969723
-0.1940174326300621
-0.022448386996984482
-0.1984971184283495
0.013063296675682068
-0.12427953025326133
-0.21009803749620914
-0.5066105723381042
-0.42809895798563957
-0.22850735113024712
-0.24380015209317207
-0.10422555264085531
-0.05571041628718376
-0.12736596539616585
0.06862139515578747
-0.1587590705603361
-0.469532135874033
-0.3675263822078705
-0.26866815611720085
-0.43166887015104294
-0.22126386314630508
-0.20868529379367828
-0.008971125818789005
0.10358277335762978
-0.12140899989753962
-0.12253293907269835
0.03837735764682293
-0.15845032036304474
-0.3537668948993087
-0.21259120339527726
-0.41490065306425095
-0.38977423682808876
-0.3872804716229439
-0.22051595896482468
-0.08828063402324915
-0.03410196863114834
-0.1125174630433321
-0.0715874694287777
-0.04512370424345136
-0.09686413034796715
-0.3897879421710968
-0.40275394916534424
-0.5159437656402588
-0.4075692668557167
-0.06698606163263321
0.07249797135591507
0.07027515210211277
-0.08665531687438488
0.06217122729867697
-0.16520987078547478
-0.1591157834045589
-0.24569597467780113
-0.23884339071810246
-0.40799354016780853
-0.21024558506906033
-0.22595656430348754
-0.09998680651187897
-0.1771925063803792
-0.1408131904900074
-0.0632877815514803
-0.08243769593536854
-0.030888060107827187
-0.03603735938668251
-0.1780810342170298
-0.08502037823200226
-0.26546791568398476
-0.3175307735800743
-0.41170935332775116
-0.392316784709692
-0.3657158836722374
-0.15824112622067332
0.038149891421198845
-0.11873835138976574
0.06495465524494648
-0.09476344473659992
-0.20618162490427494
-0.15524854697287083
-0.2507829200476408
-0.36265935748815536
-0.3043277785181999
-0.1303857797756791
-0.06438875198364258
-0.026774097234010696
0.16015196032822132
0.03477594628930092
0.029563612304627895
-0.03568477742373943
-0.5874349251389503
-0.2751999795436859
-0.49498510360717773
-0.4595463201403618
-0.23433511145412922
-0.23479104973375797
0.02561327815055847
0.09774631634354591
0.13927857764065266
0.1307207066565752
0.008080150932073593
-0.07918059173971415
-0.22778519056737423
-0.2124554067850113
-0.46478159725666046
-0.3015862666070461
-0.25286079943180084
-0.10145186586305499
-0.06961994711309671
0.07689398527145386
0.13492535147815943
0.02143401140347123
-0.2110762819647789
-0.013285635970532894
-0.122547572478652
-0.16548636928200722
-0.3963097184896469
-0.37967462837696075
-0.45374563336372375
-0.17745868023484945
-0.04955184459686279
-0.07025214890018106
-0.004534118343144655
0.07586163841187954
0.07574985735118389
-0.1944626159965992
-0.12301209196448326
-0.16666865535080433
-0.2711651176214218
-0.16122216917574406
-0.07395128067582846
-0.25081617385149
-0.15690413489937782
0.010984241962432861
0.0009459396824240685
-0.07009665295481682
-0.03345316927880049
-0.07364157680422068
-0.38352907449007034
-0.2234150394797325
-0.3649331033229828
-0.36705975979566574
-0.18006231635808945
-0.1771494671702385
-0.03398432396352291
-0.017807267606258392
0.05272763967514038
-0.041251867078244686
0.00872627180069685
-0.055627408204600215
-0.33102086931467056
-0.37170853465795517
-0.23466074094176292
-0.2822897955775261
-0.12310649640858173
-0.0019367411732673645
0.062004548497498035
-0.06793717481195927
0.015209258068352938
-0.04951103776693344
-0.11920560151338577
-0.19379747938364744
-0.2667425237596035
-0.1195822530426085
-0.11827525496482849
-0.09818384516984224
-0.08635294064879417
0.026725251227617264
-0.02253185585141182
-0.2147292043082416
0.0984947644174099
-0.13726268289610744
-0.18099837005138397
-0.09808580111712217
-0.08550553862005472
-0.1695257688406855
-0.015575894620269537
0.014346098527312279
-0.047330030240118504
-0.16631696932017803
-0.2223931197077036
-0.18996790051460266
-0.09686538809910417
-0.06367324222810566
-0.08770351042039692
-0.11381194368004799
-0.1587239857763052
-0.08477364666759968
-0.07113353908061981
-0.0935692279599607
-0.23326193448156118
-0.3122464567422867
-0.12105378974229097
-0.058089999947696924
-0.09444892918691039
-0.07457383163273335
-0.05440477863885462
-0.10923938360065222
-0.24535369127988815
-0.007919215597212315
-0.1212826520204544
-0.21062139049172401
-0.007475201040506363
-0.04133612522855401
-0.1623813696205616
-0.14340932108461857
-0.1276816539466381
-0.07826843531802297
-0.07310604583472013
0.04868512274697423
-0.0819571795873344
-0.13097074534744024
-0.019215535139665008
-0.12292543798685074
-0.24411418475210667
-0.18369323248043656
-0.20847735833376646
0.042908281087875366
0.01239977777004242
0.07798789255321026
-0.07416064850986004
-0.23582512512803078
-0.030452157836407423
-0.15729856677353382
-0.21542812325060368
-0.20403078570961952
-0.07247735327109694
0.02001974731683731
0.08182168938219547
0.02969012875109911
-0.016798981465399265
-0.11854397039860487
-0.10211854055523872
-0.262075774371624
-0.3145909607410431
-0.2792463079094887
-0.015178169589489698
-0.08000084338709712
-0.10023379977792501
0.03867541393265128
-0.0615913518704474
-0.041104355826973915
-0.16999384202063084
-0.20027165114879608
-0.022692850790917873
-0.15196838602423668
-0.10253248549997807
0.0048982808366417885
-0.08320792950689793
-0.1647402737289667
-0.14381351508200169
-0.08828828507103026
-0.05190431047230959
-0.16067218594253063
-0.003533137496560812
-0.023159909062087536
-0.06162097956985235
-0.14669664576649666
-0.13761778734624386
-0.2074231505393982
-0.03193866414949298
-0.03652520477771759
-0.03849131194874644
-0.16682151705026627
-0.05561144009698182
-0.057757867500185966
-0.19578126817941666
-0.11409097164869308
-0.10678813140839338
-0.09401010442525148
0.028971760999411345
-0.06593363918364048
-0.051145202945917845
-0.09542324487119913
-0.12496776599436998
-0.2287861928343773
-0.16509491577744484
-0.04109358415007591
-0.11590523831546307
-0.20988040044903755
0.028314745984971523
0.11063585989177227
0.1088421419262886
-0.061307644471526146
-0.026051724329590797
-0.1335402224212885
-0.22235668823122978
-0.15280637703835964
-0.1017317408695817
-0.19786633737385273
0.022761623840779066
0.18982331454753876
0.06071558874100447
0.1536935344338417
-0.12118913047015667
-0.09963952749967575
-0.08138591144233942
-0.23114361613988876
-0.10007241275161505
-0.19736148789525032
-0.11652315780520439
-0.07044122647494078
0.0844939248636365
0.012532254680991173
-0.06252601090818644
0.008996765594929457
-0.14260219177231193
-0.21057417709380388
-0.2779819630086422
-0.09843556862324476
0.03529045870527625
0.11870589852333069
0.05113042378798127
0.05023610172793269
-0.06370806926861405
-0.20455046137794852
-0.13645785488188267
-0.19766707718372345
-0.031140659004449844
-0.060232993215322495
-0.06278149038553238
-0.07863562367856503
-0.02242532977834344
-0.08056289982050657
-0.07706350833177567
-0.1151625532656908
-0.11303306370973587
-0.040348303969949484
-0.06876169331371784
-0.058193597942590714
-0.18454444408416748
-0.10351550951600075
-0.113681172253564
-0.0040464457124471664
-0.12362754065543413
-0.04026547400280833
-0.04191406210884452
-0.08846189547330141
-0.0787669294513762
-0.042411455884575844
-0.07102301809936762
-0.12279665097594261
-0.19572161510586739
-0.10269421059638262
-0.1530898753553629
-0.07831746712327003
-0.02720714919269085
0.03009987249970436
-0.04970555193722248
-0.21589963510632515
-0.16870033740997314
-0.3172187954187393
-0.15241714380681515
-0.07395788468420506
0.029298972338438034
0.07473779958672822
-0.014088546857237816
0.035419125109910965
-0.08370921667665243
-0.2115238979458809
-0.17343640327453613
-0.10845866240561008
-0.08089378848671913
-0.04073487361893058
-0.004916238831356168
-0.0461851442232728
-0.11949959769845009
-0.014379535336047411
-0.14066852442920208
-0.1059951763600111
-0.21340718865394592
-0.004415593110024929
-0.06572508625686169
-0.0006177332252264023
-0.043637811206281185
-0.05638966476544738
-0.0639609876088798
-0.15058186650276184
-0.12478920537978411
-0.04894253489328548
-0.015245662070810795
-0.11311486270278692
-0.1019849767908454
0.061633625999093056
0.014650888741016388
-0.03423974709585309
-0.04350088816136122
-0.12285771360620856
-0.06490940134972334
-0.15494104102253914
0.008158588781952858
-0.009436703752726316
-0.00034203147515654564
-0.055303783155977726
-0.1497193370014429
-0.13849738612771034
-0.15690501779317856
-0.15447047725319862
0.001446714624762535
0.023927049711346626
-0.04479153314605355
-0.033136517740786076
-0.1193308737128973
-0.12012019753456116
-0.16526626236736774
-0.10328964376822114
0.02434285287745297
0.056598418392241
0.04018856305629015
0.04539964208379388
-0.09990166779607534
-0.12324084155261517
-0.07700842805206776
-0.11884665116667747
-0.06466527748852968
0.009564628824591637
-0.00226332014426589
-0.0025158091448247433
0.024612789042294025
-0.11971508525311947
-0.07955048326402903
-0.20913531631231308
-0.15544461831450462
-0.12194735964294523
0.08364271861501038
0.06058314070105553
0.11064189206808805
0.05527218617498875
0.042766205966472626
-0.07557850261218846
-0.06566132046282291
-0.11092957714572549
-0.14016719721257687
0.05564923770725727
-0.02485385164618492
-0.03744774963706732
-0.04088485520333052
-0.10802049469202757
-0.09190384019166231
-0.028650273918174207
-0.018196962773799896
-0.11745970789343119
-0.07845818856731057
-0.062292199581861496
0.0015580523759126663
-0.07520696520805359
0.06943889008834958
-0.008786344900727272
-0.005664267111569643
-0.1066241655498743
-0.0988560039550066
-0.10475425235927105
-0.09878955408930779
-0.12504839710891247
0.025186691898852587
0.06629480398260057
0.09590785019099712
0.03782945405691862
-0.1384080769494176
-0.09508218057453632
0.029127516550943255
-0.11537688784301281
-0.009983385913074017
-0.056830535642802715
-0.05501011200249195
-0.16383128240704536
-0.061593627789989114
-0.06150265131145716
-0.0572277782484889
-0.05496812565252185
-0.027578138280659914
-0.003156132297590375
-0.05126037169247866
-0.08765836525708437
-0.11788617260754108
-0.019645162858068943
0.004568675998598337
-0.13463211338967085
-0.03446726896800101
-0.0042167711071670055
-0.13568325154483318
-0.037029839120805264
-0.02491421438753605
-0.0319480556063354
-0.08262933697551489
-0.10827079974114895
-0.0992085738107562
0.04351244168356061
-0.016416789032518864
-0.022642873460426927
-0.08988302759826183
-0.047986033372581005
-0.05814344296231866
-0.11351159401237965
-0.2393743395805359
-0.040883774403482676
-0.08530281018465757
-0.048022978007793427
0.035084585659205914
0.041344243101775646
-0.05562224704772234
0.009363065240904689
-0.07860834337770939
-0.12206410616636276
-0.08762592636048794
-0.0961781982332468
-0.05080421641469002
-0.09014279954135418
0.03935337997972965
0.08073445642367005
0.007979331538081169
0.03956890292465687
-0.0673119886778295
-0.08924306929111481
-0.17286797799170017
-0.08268449641764164
-0.09726383537054062
-0.1090809665620327
0.04373847786337137
0.09116883389651775
0.10183954052627087
-0.0075848400592803955
-0.17088585998862982
-0.06672539748251438
-0.10777977015823126
-0.05738982371985912
-0.12645376194268465
-0.07453548535704613
-0.02039718208834529
0.05425944738090038
0.028561823535710573
-0.05979042896069586
-0.08708872646093369
-0.14276972971856594
-0.22470528446137905
-0.18098310008645058
-0.13920545764267445
-0.09827195620164275
-0.011764075723476708
0.11754427757114172
0.03476565517485142
-0.03623682726174593
0.06866813357919455
-0.04432567022740841
-0.08999647200107574
-0.10513946879655123
-0.1394402040168643
-0.06893112976104021
0.011162179056555033
-0.07100465148687363
0.009716721251606941
-0.02194666489958763
-0.06928591523319483
-0.16688030026853085
-0.1443696953356266
-0.20644912123680115
-0.06613230239599943
0.01721456926316023
0.0159382913261652
0.027208789251744747
0.03575538843870163
-0.11342749651521444
-0.1015067957341671
-0.1375928595662117
-0.08224000036716461
-0.07805322110652924
-0.14381402113940567
-0.11172517761588097
-0.05637399898841977
-0.004489095648750663
0.033655411563813686
0.032597677782177925
0.01732158102095127
-0.07355154771357775
-0.15577449649572372
-0.13106168620288372
-0.21808662079274654
-0.06844006571918726
-0.11777493171393871
-0.09400428086519241
0.03901821747422218
0.018801997415721416
0.018577218521386385
0.018163373228162527
-0.05848628841340542
-0.1699319500476122
-0.06563073047436774
-0.18862741068005562
-0.16746647004038095
-0.09393639303743839
0.04013558477163315
0.0697466405108571
0.11966181732714176
0.04100846033543348
-0.02108731772750616
-0.06323248147964478
-0.20638975873589516
-0.14831474050879478
-0.20698823779821396
-0.24736691638827324
-0.1746549755334854
-0.0622991556301713
0.07586635230109096
0.05028192885220051
0.03807027079164982
0.030818962957710028
-0.10982638178393245
-0.1889868788421154
-0.05912793055176735
-0.1693359799683094
-0.015766211785376072
-0.009395016357302666
-0.03395963693037629
-0.11450792849063873
-0.0832411041483283
-0.10152423940598965
-0.08946786558954045
0.07547621428966522
-0.06856511440128088
-0.12464852537959814
-0.04801611602306366
-0.05772940814495087
0.048587753903120756
-0.0006791464984416962
-0.03693838091567159
-0.06592216342687607
-0.14851471781730652
-0.1426769234240055
-0.163252342492342
-0.09309910051524639
-0.07885877229273319
0.08971526846289635
0.07637104578316212
0.14009058102965355
0.10073342360556126
0.01427281554788351
-0.0676714472938329
-0.1161425206810236
-0.1600709818303585
-0.2070566825568676
-0.10277504846453667
-0.048905353993177414
-0.024725027848035097
-0.0038152842316776514
0.03177662193775177
-0.05882784817367792
-0.10500442562624812
-0.05608146172016859
-0.01169221242889762
-0.1700520422309637
-0.10461917333304882
-0.07525998260825872
-0.1201848890632391
-0.09757399931550026
-0.142387293279171
-0.04362507630139589
-0.08470055647194386
0.053612357936799526
0.10820138454437256
0.0658702477812767
0.025021451525390148
-0.10427234787493944
-0.08363696094602346
-0.1447262465953827
-0.1303127072751522
-0.22526594437658787
-0.12815474532544613
-0.08053665421903133
0.009043039754033089
-0.006711720954626799
-0.004052251111716032
-0.00396670401096344
-0.05025098565965891
-0.18471753783524036
-0.13259874191135168
-0.09185172244906425
-0.0877781119197607
-0.03427887335419655
0.06103680748492479
0.01036564726382494
-0.004992574919015169
-0.1511228159070015
-0.10248649306595325
-0.05586238019168377
-0.09155389666557312
-0.06512489030137658
-0.03416346269659698
0.06790290027856827
0.017195056192576885
-0.027285529300570488
-0.15510587394237518
-0.1419561728835106
-0.17989500984549522
-0.11520134098827839
-0.006652809679508209
0.016119384672492743
-0.047198155894875526
-0.05221019289456308
-0.1678009293973446
-0.09259602800011635
-0.23402957990765572
-0.05475995782762766
-0.048638404347002506
-0.012014513835310936
-0.12226575054228306
-0.07948463066713884
-0.11788073950447142
0.029674462042748928
0.0506280935369432
0.01156214950606227
0.005490034352988005
-0.12179428711533546
-0.13895653747022152
-0.1362658953294158
-0.05684543959796429
-0.05213816976174712
-0.1461740790400654
0.016643327078782022
-0.03256776183843613
-0.0894941370934248
0.015289218630641699
-0.04259993601590395
-0.20224212110042572
-0.1703130416572094
-0.0736633725464344
-0.010596383130177855
-0.03830600809305906
-0.0817534402012825
-0.09365033358335495
-0.029783069621771574
-0.10786668956279755
-0.05714451218955219
-0.01960738282650709
-0.10185015108436346
-0.02418911748100072
-0.055610375944525
-0.10167609760537744
-0.04343016922939569
-0.049870770424604416
-0.04075305862352252
-0.04966898914426565
-0.05999478790909052
-0.09272656496614218
-0.1164651857689023
-0.08244310552254319
-0.07643857318907976
0.02258385345339775
0.048931864090263844
0.08028991147875786
-0.13248894456773996
-0.08365142333786935
-0.036496152402833104
-0.06968170776963234
-0.16679432336241007
-0.14098955132067204
-0.12012183107435703
0.01555490493774414
0.004504567012190819
0.06298383884131908
-0.0038934731855988503
-0.06589042907580733
-0.06897537969052792
-0.18261356465518475
-0.16218569315969944
-0.10305748879909515
-0.035436103120446205
0.007545534987002611
-0.08885349682532251
-0.03814734984189272
-0.05112540093250573
-0.14437109045684338
-0.006455856608226895
-0.03340882854536176
-0.11310256458818913
-0.10722919180989265
-0.07389105763286352
0.04200067464262247
0.06543105840682983
-0.007016791962087154
-0.027204136364161968
-0.15778941474854946
-0.15162179805338383
-0.09593967068940401
-0.12276051193475723
-0.09796225745230913
-0.11852540681138635
0.08648963924497366
0.16757260635495186
0.2211105301976204
0.17299722135066986
0.1276739677414298
-0.002092585084028542
-0.05540774390101433
-0.11787025723606348
-0.134884275496006
-0.28973112627863884
-0.1213310956954956
-0.09852659609168768
-0.03939936589449644
0.009489919990301132
0.12449434027075768
0.08118778001517057
0.034347280859947205
-0.035506767220795155
-0.0214252898003906
-0.21163737028837204
-0.180489681661129
-0.2653230130672455
-0.23545004054903984
-0.21871139481663704
-0.1385890421224758
-0.12205028207972646
0.08610404189676046
0.1348515748977661
0.04642932675778866
0.16310799214988947
0.11742905201390386
0.08820575755089521
-0.09513314440846443
-0.073914282489568
-0.016451931092888117
-0.12951525673270226
-0.13011232763528824
-0.09800031781196594
-0.012454938376322389
-0.05422987975180149
-0.0771821802482009
-0.032046941574662924
-0.18673016875982285
-0.09516865015029907
-0.1297648474574089
-0.19399073347449303
-0.05998757644556463
0.06966171599924564
0.08620543964207172
0.02531800977885723
0.011822943575680256
-0.025081857573240995
-0.2173912525177002
-0.07656483072787523
-0.08597034402191639
-0.11267607007175684
-0.0935519253835082
-0.032220415538176894
0.0847226670011878
0.07755805552005768
-0.05569175258278847
-0.019120273180305958
-0.18418464250862598
-0.20954709872603416
-0.15486241318285465
-0.14271639101207256
-0.09561305306851864
-0.03040381520986557
0.029523590113967657
0.006342494860291481
-0.0048581622540950775
-0.1775614283978939
-0.13441581651568413
-0.08468010649085045
-0.0065403475309722126
-0.10941706877201796
0.006053597200661898
0.04663088696543127
-0.06383387616369873
-0.1341181118041277
-0.05445736390538514
-0.033357493579387665
-0.03480900730937719
-0.15189950913190842
-0.1344166323542595
-0.08993495628237724
-0.06185866962186992
-0.06955054553691298
-0.05601197108626366
0.010738013312220573
0.01459592254832387
-0.07685209065675735
-0.08145222021266818
-0.08914538752287626
0.05346514796838164
0.07165858638472855
0.07689586188644171
-0.017408588901162148
-0.042168356478214264
-0.18144292756915092
-0.1945951282978058
-0.19800521060824394
-0.16750269010663033
-0.17682934738695621
0.0054995277896523476
-0.059546651784330606
-0.026915269903838634
0.03856602730229497
0.005891457665711641
-0.0821518711745739
-0.1771742319688201
-0.11430043261498213
-0.10323126427829266
-0.046463694889098406
-0.08159687370061874
0.00892852433025837
-0.013607511296868324
-0.07096592290326953
-0.04769566748291254
-0.09614329412579536
-0.07986454013735056
-0.07087577320635319
-0.025997493299655616
-0.05315749510191381
-0.07000673399306834
-0.01795379724353552
0.0005336375907063484
-0.05150022194720805
-0.03410405991598964
-0.07100022118538618
-0.10799332708120346
-0.038097637705504894
-0.08568090619519353
-0.06773800076916814
0.01967299566604197
0.026375798508524895
-0.005201183492317796
-0.023808715166524053
-0.07962941564619541
-0.14616894721984863
-0.19573098421096802
-0.10678641311824322
-0.08263279683887959
-0.11536544567206874
0.041070490377023816
0.08883935306221247
0.07385220006108284
0.11189554259181023
0.11505934037268162
0.05625381274148822
-0.01655541779473424
-0.1788465417921543
-0.21948416344821453
-0.21194278821349144
-0.20524882152676582
-0.12813771329820156
-0.09438418131321669
-0.007743825321085751
0.01519032334908843
0.048484951083082706
0.0483956472016871
-0.0001245157327502966
-0.06264545023441315
-0.11636341363191605
-0.1539122387766838
-0.08185288868844509
-0.0863598994910717
0.046077690087258816
0.06364286877214909
0.03437500121071935
0.054947884287685156
-0.0050430146511644125
-0.06808522948995233
-0.15073060058057308
-0.0716264033690095
-0.06672453321516514
-0.04659935389645398
0.0019468977116048336
0.041649398393929005
-0.0022171514574438334
-0.03668152820318937
-0.05555413756519556
-0.12689967826008797
-0.14191268756985664
-0.06024276977404952
-0.07751218788325787
-0.10224338993430138
-0.004197370260953903
0.06306437402963638
0.07107469160109758
0.022680327761918306
-0.0594089386286214
-0.10059358552098274
-0.08995206002146006
-0.02758610714226961
-0.08222531341016293
-0.04964419919997454
-0.007423603441566229
-0.0504075032658875
-0.04560460615903139
-0.0796692674048245
-0.008745625615119934
-0.03560676518827677
-0.028015502262860537
-0.06047311890870333
-0.08671373501420021
-0.08901992719620466
-0.13248232658952475
0.04770534485578537
0.028303539380431175
0.09061022277455777
0.04261042503640056
-0.0711093817371875
-0.07222907594405115
-0.0607567778788507
-0.06548900529742241
-0.0730364853516221
-0.04377396125346422
-0.012556472793221474
-0.08690394554287195
-0.09267823491245508
-0.0611475151963532
-0.037494616815820336
-0.0029191700741648674
-0.04573286836966872
-0.012780976947396994
-0.08862152509391308
-0.030273089185357094
-0.21748077124357224
-0.10312999505549669
-0.04092623479664326
-0.07284378353506327
-0.07158417534083128
0.01640706742182374
0.018526467494666576
0.021223789546638727
-0.042421792168170214
-0.05669482913799584
-0.03926983196288347
-0.08305734116584063
-0.129039634950459
-0.058991446159780025
0.010327708907425404
0.030670315260067582
0.04056503809988499
-0.038617754355072975
-0.0812423238530755
-0.07650946080684662
-0.08145048283040524
-0.10819739941507578
-0.0466045131906867
-0.05255484953522682
-0.02281944127753377
0.03078853478655219
0.0011545349843800068
-0.07839774992316961
-0.061161264311522245
-0.01744684553705156
-0.02428769739344716
-0.11983691342175007
-0.026057930663228035
-0.04086579894647002
-0.12889635749161243
-0.05493125319480896
-0.001554371090605855
-0.08096789941191673
-0.13124924153089523
-0.09452673234045506
-0.04689719062298536
-0.032645861618220806
-0.004517703666351736
-0.08537214621901512
-0.038760680705308914
-0.12050406262278557
-0.06472721882164478
-0.08683604933321476
-0.027095633558928967
-0.035740580409765244
0.01683987583965063
-0.030959301511757076
-0.07559272926300764
-0.033967665396630764
-0.09767591767013073
-0.07722291210666299
-0.0886612981557846
-0.038611223455518484
-0.017843216308392584
0.005559287033975124
-0.0709590979386121
-0.0929740983992815
-0.09404559526592493
-0.05536179710179567
-0.025430256966501474
-0.029350411146879196
-0.021820998867042363
-0.09430792881175876
-0.03805012349039316
-0.11128316912800074
-0.05508151347748935
-0.09710820484906435
-0.028317284770309925
-0.04236469371244311
-0.09881174936890602
-0.04944869922474027
-0.09519560867920518
-0.040533099323511124
0.0076511526422109455
-0.03283289726823568
-0.02131715731229633
-0.14294320810586214
-0.10133863799273968
-0.05149419233202934
-0.050746817141771317
-0.03190152090974152
-0.03543664957396686
-0.035693594720214605
-0.06732985936105251
-0.10147783160209656
-0.10643437691032887
-0.12991066742688417
-0.040330322459340096
-0.03845413262024522
0.02841949090361595
-0.024583960534073412
-0.011613651178777218
-0.1159306038171053
-0.09903996530920267
-0.13320793956518173
-0.10487912129610777
0.007212852127850056
-0.01682508154772222
-0.04793901229277253
-0.04049629112705588
-0.07900856761261821
-0.12355635687708855
-0.05420514289289713
0.007339373230934143
-0.006136584095656872
-0.028613062342628837
-0.04947857093065977
-0.07481078244745731
-0.03846185561269522
-0.07066733948886395
-0.016862123913597316
-0.022728240583091974
0.0038072981406003237
-0.03582605812698603
-0.12368627078831196
-0.15261218324303627
-0.16061111353337765
-0.07388884667307138
-0.0361185884103179
-0.027437645010650158
-0.003929995931684971
-0.0407725207041949
-0.07371040899306536
-0.11093077436089516
-0.07890149857848883
-0.04453222337178886
0.040598009480163455
-0.0019097644835710526
-0.04050069738877937
-0.03887290321290493
-0.10885392315685749
-0.09608873166143894
-0.10513096675276756
-0.016601008595898747
0.0015300900558941066
-0.01987884915433824
-0.05704984534531832
-0.07444172352552414
-0.06762776523828506
-0.04872625693678856
-0.05818119226023555
-0.01833840785548091
-0.056908171623945236
-0.051464637159369886
-0.02154790284112096
-0.0649278424680233
-0.09213513135910034
-0.03630389366298914
-0.020975663559511304
-0.058766649570316076
-0.013178346678614616
-0.06938895583152771
-0.06393057946115732
-0.09195210877805948
-0.02479080343618989
-0.008370337018277496
-0.02223560237325728
-0.0817421143874526
-0.0935386847704649
-0.041604019701480865
-0.03699839999899268
-0.06983300764113665
-0.05535459704697132
-0.048546758480370045
-0.0996268056333065
-0.037410751450806856
-0.004045451118145138
-0.0022131020668894053
-0.044762616977095604
-0.08787717670202255
-0.11275546997785568
-0.0571210125926882
-0.03858315106481314
-0.012309176672715694
-0.04086756752803922
-0.04313040059059858
-0.05434461822733283
-0.06640653870999813
-0.06524797342717648
-0.010905103757977486
-0.03148875664919615
-0.1095276465639472
-0.08136317599564791
-0.04697476187720895
0.016287726582959294
-0.007009450811892748
-0.03825269266963005
-0.030865918844938278
-0.08756634406745434
-0.13176776096224785
-0.1035611480474472
-0.08742590807378292
-0.015915994998067617
-0.034192553255707026
-0.04136361344717443
-0.03446476557292044
-0.05073375371284783
-0.1275172382593155
-0.060000162571668625
-0.03892321651801467
-0.03833058895543218
-0.06190280709415674
-0.006475936155766249
-0.06219799816608429
-0.05251366668380797
-0.05068598687648773
-0.06455007335171103
-0.06639287946745753
0.01760134333744645
0.017652623588219285
-0.008656828664243221
-0.020961533300578594
-0.09792940318584442
-0.1084196250885725
-0.12474176660180092
-0.07492126151919365
-0.07852014480158687
0.029030347242951393
0.03876826958730817
0.07251972332596779
0.03497179737314582
0.010882928501814604
-0.07846483355388045
-0.06945778336375952
-0.04982035793364048
-0.0578282019123435
-0.032127307960763574
-0.09901948738843203
-0.022667198907583952
-0.03962427470833063
-0.05191006697714329
-0.04592455644160509
-0.09703079424798489
-0.04465664434246719
-0.0524840634316206
-0.012787504121661186
-0.06879917439073324
-0.05187532026320696
-0.052675601677037776
-0.035339122638106346
-0.02704858430661261
-0.12868338264524937
-0.0827123112976551
-0.05378950014710426
-0.03732572542503476
-0.0384300546720624
-0.07443988975137472
-0.07379800640046597
-1.6520032659173012e-05
-0.0016827224753797054
-0.02377669617999345
-0.08823024854063988
-0.06155187729746103
-0.08015231415629387
-0.048593302723020315
0.011204496549908072
0.011947319726459682
-0.05469936737790704
-0.05095878127031028
-0.052490613888949156
-0.08021849114447832
-0.04511799942702055
-0.047480658162385225
-0.040657373145222664
-0.023987489752471447
-0.09326586499810219
-0.04607127234339714
-0.04666259791702032
-0.035767561523243785
-0.043832128401845694
-0.05741903465241194
-0.07228321116417646
-0.058967215940356255
-0.06579974852502346
0.028197682462632656
0.027348226867616177
0.018888164428062737
-0.03146202443167567
-0.04082771297544241
-0.10326741263270378
-0.09269556030631065
-0.07579183392226696
-0.07079612277448177
-0.05236870236694813
0.0284278632607311
0.01777699962258339
0.035953412763774395
0.023264321964234114
-0.03267256903927773
-0.07367207063362002
-0.1190907433629036
-0.1152148675173521
-0.10069231316447258
-0.054920933209359646
-0.014865867095068097
-0.013304017833434045
-0.04158836882561445
-0.0450259221252054
-0.11098357941955328
-0.11597917973995209
-0.04494532966054976
-0.07878310838714242
0.013078209711238742
-0.025558285764418542
0.015939265256747603
-0.053323579020798206
-0.0873436089605093
-0.03968057222664356
-0.06376815401017666
-0.039164077024906874
-0.05446359608322382
-0.09101512096822262
-0.05913097970187664
-0.023964404594153166
-0.07299210503697395
-0.056256152456626296
-0.04199060192331672
-0.020643843803554773
-0.05530946142971516
-0.07699134852737188
-0.09316087979823351
-0.023579078959301114
-0.011486678966321051
-0.04335425631143153
-0.052719553001224995
-0.07359609566628933
-0.05054604262113571
-0.07424428313970566
-0.02535137254744768
-0.009952120948582888
-0.03925455524586141
-0.09494157508015633
-0.08050104510039091
-0.02633799856994301
-0.03599424101412296
-0.03259386541321874
-0.06031574681401253
-0.027387072332203388
-0.051638104720041156
-0.06596953887492418
-0.016868220176547766
-0.06837816582992673
-0.046616257168352604
-0.022272322326898575
-0.03535340307280421
-0.0543254092335701
-0.1213455144315958
-0.11438677832484245
-0.11877501383423805
-0.077924570068717
0.01392819662578404
0.02625773334875703
0.006617317907512188
0.01457418454810977
-0.012936879880726337
-0.08045400679111481
-0.08070165850222111
-0.08718220330774784
-0.04309501824900508
-0.014361348701640964
-0.04033432505093515
-0.057924685068428516
-0.045611378736793995
-0.07954631373286247
-0.0577122513204813
-0.02138240565545857
-0.03643237706273794
-0.03795690182596445
-0.06031687092036009
-0.06493793055415154
-0.04105383763089776
-0.05913278553634882
-0.03707279497757554
-0.08343461900949478
-0.07236780575476587
-0.01449454645626247
-0.02287673531100154
-0.014357580221258104
-0.06263359845615923
-0.01570433098822832
-0.10711821541190147
-0.03728960268199444
-0.06930842250585556
-0.025977435754612088
-0.018410353339277208
-0.05488340649753809
-0.07127329241484404
-0.05522714275866747
-0.03630828997120261
-0.05295804049819708
-0.0364409601315856
-0.08174215070903301
-0.03589915088377893
-0.048581390641629696
-0.03837150277104229
-0.030348531901836395
-0.03071016166359186
-0.04792420845478773
-0.06963050831109285
-0.05760366655886173
-0.016579846036620438
-0.03405196208041161
0.011061511002480984
-0.03040532418526709
-0.09145133476704359
-0.0931751187890768
-0.06756296847015619
-0.041925974655896425
-0.05949035380035639
-0.026242345105856657
-0.04394051060080528
-0.03440872672945261
-0.06016248697414994
-0.02418689150363207
-0.06832692306488752
-0.06251480942592025
-0.012742620310746133
0.011313320137560368
-0.0035627256147563457
-0.022587713785469532
-0.07015370391309261
-0.09064964391291142
-0.0870806835591793
-0.09052496962249279
-0.03769450634717941
0.004278252134099603
0.00179554452188313
0.00903922168072313
-0.03327773651108146
-0.07659000810235739
-0.09059261716902256
-0.09230604022741318
-0.09864398837089539
-0.07201276905834675
0.005488661117851734
0.05423125484958291
0.03664519498124719
0.03876610938459635
0.009447310585528612
-0.028704755008220673
-0.08080451376736164
-0.11027519777417183
-0.09707942232489586
-0.06479691341519356
-0.04486022610217333
-0.005459692794829607
0.022218901198357344
0.025503525510430336
-0.011604530998738483
-0.03428310435265303
-0.07449399400502443
-0.08090417739003897
-0.06802100036293268
-0.03885561600327492
-0.015562152955681086
-0.021251738304272294
-0.038610941264778376
-0.05126717407256365
-0.06025145202875137
-0.056510972790420055
-0.015346156433224678
-0.009571501519531012
-0.0021402512211352587
-0.01545799826271832
-0.0795527845621109
-0.08109594136476517
-0.09875364229083061
-0.06877056322991848
-0.03145292622502893
0.0037881590833421797
0.023727056104689837
-0.00591042370069772
-0.045366255566477776
-0.06179430428892374
-0.06410042475908995
-0.05314845126122236
-0.019306326285004616
0.004268445307388902
-0.01783579052425921
-0.02852255292236805
-0.07714752480387688
-0.08818894252181053
-0.06366930156946182
-0.05598238296806812
-0.012108796858228743
0.008564392570406199
-0.0015463009476661682
0.00432152533903718
-0.03975394228473306
-0.058663129806518555
-0.07173725217580795
-0.042638382874429226
-0.0550680672749877
-0.008019509492442012
0.04060153476893902
-0.006334482925012708
-0.04991545667871833
-0.055885725654661655
-0.041066634468734264
-0.029682369902729988
-0.01267941587138921
-0.027276534121483564
-0.0432683601975441
-0.049244910944253206
-0.04522037412971258
-0.03422583406791091
-0.024353547021746635
-0.02915352093987167
-0.0328530166298151
-0.04792599240317941
-0.05482637230306864
-0.05518151121214032
0.03133876994252205
0.0295178284868598
0.03298642812296748
-0.010563765070401132
-0.017719889990985394
-0.09790239296853542
-0.10884314775466919
-0.09074223414063454
-0.09581625461578369
-0.05288679525256157
-0.011371692409738898
0.009890718734823167
0.012184367864392698
0.004005286711617373
-0.03096344042569399
-0.05004166625440121
-0.05776809994131327
-0.0671319542452693
-0.023301862180233
-0.04300757125020027
-0.023437789641320705
-0.03685086406767368
-0.035720509476959705
-0.04615854285657406
-0.024419626453891397
-0.02142689237371087
-0.0591330211609602
-0.03152811317704618
-0.0294471331872046
-0.01887666597031057
-0.03418694157153368
-0.06860514264553785
-0.04542930983006954
0.008675159653648734
-0.003381245769560337
-0.01462643692502752
-0.04227108508348465
-0.04950107913464308
-0.03752780146896839
-0.04160064738243818
-0.018540310207754374
-0.03032495640218258
-0.06114187464118004
-0.030023206607438624
-0.02731134509667754
-0.024230653885751963
-0.03919287212193012
-0.046082618180662394
-0.02054232475347817
-0.019214618485420942
-0.038980160374194384
-0.034509483724832535
-0.03989093750715256
-0.03872100031003356
-0.029496956150978804
-0.021308567374944687
-0.04792537912726402
-0.06674743816256523
-0.025842797476798296
-0.044164652936160564
-0.017025195760652423
-0.04288712260313332
-0.02272374159656465
-0.032561372965574265
-0.06547224428504705
-0.07106530293822289
-0.05151261016726494
-0.04489300632849336
0.0003655388136394322
0.013619047531392425
-0.0008173778187483549
-0.01861090469174087
-0.07880485709756613
-0.056993926875293255
-0.1130090607330203
-0.030472131446003914
-0.03353290061932057
-0.003515200412948616
-0.07663347199559212
-0.028397338930517435
-0.05737632606178522
-0.036728414706885815
-0.026571913855150342
-0.04842744255438447
-0.03450772073119879
-0.024132963735610247
-0.03547121351584792
-0.0582522489130497
-0.057725921273231506
-0.03622408607043326
-0.02699706284329295
-0.02712905267253518
-0.06064195930957794
-0.028481331653892994
-0.03391608316451311
-0.058531043119728565
-0.03987949341535568
0.007212315336801112
0.03114200523123145
0.02204766485374421
-0.02080086385831237
-0.062488920986652374
-0.05290492717176676
-0.05549771897494793
-0.03131909295916557
-0.010367800714448094
-0.032700574956834316
-0.0766482288017869
-0.08382620103657246
-0.014312453335151076
-0.0489090911578387
-0.011587353656068444
-0.04519453039392829
-0.03291387646459043
-0.025528706144541502
-0.0277162897400558
-0.042058548890054226
-0.04304124973714352
-0.06381299812346697
-0.03890019003301859
-0.03231812221929431
-0.03969385847449303
-0.051928987726569176
-0.0894873533397913
-0.057767878053709865
0.015355219249613583
0.01140715554356575
-0.030548407463356853
-0.05520654050633311
-0.014907363685779274
-0.027359947562217712
-0.06615737918764353
-0.08940946310758591
-0.06199450232088566
-0.030880698934197426
-0.006822384428232908
-0.024410142097622156
-0.02325911563821137
-0.0425195237621665
-0.05162723269313574
-0.04741713497787714
-0.030883340863510966
-0.0058738423977047205
-0.024986429139971733
-0.04071470955386758
-0.04879972990602255
-0.055509136291220784
-0.027965938323177397
-0.01543220633175224
-0.03513331734575331
-0.06023576483130455
-0.04478463297709823
-0.06334846094250679
-0.006638982682488859
-0.0026200122374575585
-0.018994242855114862
-0.01896874001249671
-0.0766230896115303
-0.0711697293445468
-0.07531199790537357
-0.08105090633034706
0.007315860828384757
-0.008801666088402271
0.0021531858947128057
-0.00813906581606716
-0.065916464664042
-0.047147540375590324
-0.05343399941921234
-0.03146826266311109
-0.00257103331387043
0.001306165475398302
-0.03196283825673163
-0.03092776658013463
-0.06319949869066477
-0.051525289192795753
-0.02157748583704233
-0.03126357542350888
-0.023730244487524033
-0.04307729844003916
-0.036769927479326725
-0.046302111353725195
-0.02979359682649374
-0.003010414424352348
0.008514331770129502
-0.009609123109839857
-0.03573191957548261
-0.08182499371469021
-0.06629962287843227
-0.059280114248394966
-0.017391956178471446
-0.01745510578621179
-0.01093338301870972
-0.062514903023839
-0.02818189631216228
-0.04137611808255315
-0.055761704221367836
-0.013284894172102213
-0.008187538362108171
-0.06696311291307211
-0.023437016643583775
-0.0586139066144824
-0.029012084007263184
-0.07790927030146122
-0.07532777544111013
-0.021494064247235656
-0.015558412414975464
-0.021865365095436573
-0.05248714657500386
-0.06303680315613747
-0.03535039024427533
-0.009928359650075436
0.009911484143231064
-0.0218854290433228
-0.03798908460885286
-0.059936726465821266
-0.11458936892449856
-0.06417184579186141
-0.046007371274754405
-0.002194404834881425
0.03291282802820206
0.015132635133340955
0.027335766004398465
-0.0325747950701043
-0.046590850688517094
-0.040311018005013466
-0.0669282665476203
-0.06133073754608631
-0.007231778930872679
0.011736159736756235
0.008195987436920404
-0.02183656138367951
-0.04734937474131584
-0.05666670901700854
-0.06945775030180812
-0.06770623847842216
-0.029821188683854416
0.012115544639527798
0.026349892606958747
-0.004038084764033556
-0.03841422777622938
-0.06132002640515566
-0.07038808893412352
-0.039751406759023666
-0.043583473190665245
-0.024282872560434043
-0.00740317499730736
-0.036486700642853975
-0.04921089857816696
-0.0691085709258914
-0.06484175845980644
-0.04167025722563267
0.015970601118169725
0.029025618452578783
0.008651379379443824
-0.008828012505546212
-0.02817328367382288
-0.05569057073444128
-0.12786449119448662
-0.09375382959842682
-0.13771022856235504
-0.047918729949742556
-0.02385186729952693
0.0157960768265184
0.04243911802768707
0.023123003775253892
-0.008430086425505579
-0.006769079947844148
-0.06619949080049992
-0.08489060401916504
-0.09076511953026056
-0.09336474537849426
-0.04466843488626182
-0.007739161024801433
0.024195991922169924
0.02354372967965901
-0.0007950295694172382
-0.03841008897870779
-0.041836841963231564
-0.03716211672872305
-0.03712988551706076
-0.044352546567097306
-0.005733462516218424
-0.015502787195146084
-0.02473471686244011
-0.06081086490303278
-0.05633349483832717
-0.04905632045120001
-0.03777644829824567
-0.01255622785538435
-0.014511909568682313
-0.03894877865968738
-0.03757361136376858
-0.04252620879560709
-0.045925796031951904
-0.038529173005372286
-0.015902485698461533
0.005067600752227008
-0.022339848335832357
-0.018870925530791283
-0.06545526068657637
-0.09123417362570763
-0.08833373710513115
-0.058153838850557804
-0.02624804386869073
-0.02986869029700756
-0.011489166063256562
-0.035367167787626386
-0.05648837611079216
-0.048260352574288845
-0.007828116184100509
-0.03344955341890454
-0.0136989630991593
-0.006830424536019564
-0.04633787041530013
-0.04210644029080868
-0.036770643666386604
-0.05166564183309674
-0.002205140219302848
0.008320731809362769
-0.02475629886612296
-0.0441251490265131
-0.06723585072904825
-0.017708230472635478
-0.047483202535659075
-0.03536532446742058
-0.01596843870356679
-0.025811425410211086
-0.0653542410582304
-0.045769799035042524
-0.0431329938583076
-0.017576181795448065
-0.046737201511859894
-0.02702503278851509
-0.012492169335018843
-0.0383951454423368
-0.04252205044031143
-0.025434328708797693
-0.0231680836295709
-0.043318163603544235
-0.04263275861740112
-0.005768966861069202
-0.03463981579989195
-0.0394590119831264
-0.04423781903460622
-0.0450118463486433
-0.014418668288271874
-0.021697325399145484
0.0005340711213648319
-0.047817969461902976
-0.04322036821395159
-0.043470134027302265
-0.020839055883698165
-0.022654930828139186
-0.0218622290994972
-0.061200994066894054
-0.06296435371041298
-0.059433222748339176
-0.043646412435919046
-0.0005974900122964755
0.028605603147298098
0.022619197145104408
0.007516336743719876
-0.03435997199267149
-0.04426221828907728
-0.07982706278562546
-0.04468597657978535
-0.026675906032323837
-0.019737145281396806
-0.04008815810084343
-0.04171760380268097
-0.0017177953850477934
-0.005047608516179025
-0.003985886229202151
-0.03864253079518676
-0.0861257053911686
-0.08728990890085697
-0.07517113257199526
-0.058713266626000404
-0.013252032455056906
-0.008172058151103556
-0.01338219444733113
-0.03801182843744755
-0.030172329861670732
-0.07905887626111507
-0.0682360390201211
-0.07526896148920059
-0.020808301167562604
-0.015209855395369232
-0.00937884603627026
-0.022940513212233782
-0.05137568851932883
-0.08427154086530209
-0.05848188046365976
-0.01202887948602438
-0.0031484003411605954
-0.020539883407764137
-0.03400039207190275
-0.034243580885231495
-0.061759560368955135
-0.06487471982836723
-0.049106399063020945
-0.03403087821789086
0.005169692914932966
0.017075346258934587
0.008741121622733772
-0.00462003774009645
-0.0387813956476748
-0.03467439208179712
-0.05998058523982763
-0.05699910968542099
-0.030442405492067337
-0.012902781134471297
-0.013707299716770649
-0.04428894445300102
-0.04464129684492946
-0.03824619948863983
-0.00857612513937056
0.007309052103664726
-0.03642513556405902
-0.01673870487138629
-0.02255908725783229
-0.06782884709537029
-0.08836774062365294
-0.03614658024162054
-0.04236030485481024
0.0026833158917725086
0.0011854536714963615
0.005430803168565035
-0.024525477085262537
-0.05792814586311579
-0.0919990986585617
-0.06316123716533184
-0.056934171356260777
-0.02306618442526087
0.0007288400083780289
7.943704258650541e-05
-0.013900242163799703
-0.06147998012602329
-0.0331414919346571
-0.09789570048451424
-0.09239575453102589
-0.07452247850596905
-0.03482410032302141
0.0012059386353939772
0.03351175948046148
0.028283671010285616
0.02498436497990042
-0.03935685131000355
-0.04096378572285175
-0.07391949836164713
-0.036039263708516955
-0.008587456308305264
-0.00980707397684455
-0.03792092623189092
-0.058442359790205956
-0.09425309672951698
-0.08050505723804235
-0.04592015501111746
-0.006793258711695671
-0.0034744759323075414
0.005203529202844948
-0.047566836001351476
-0.06784432381391525
-0.06822326965630054
-0.05883915815502405
-0.025705981301143765
-0.018096758401952684
-0.035406365524977446
-0.03416169714182615
-0.03884141240268946
-0.07786222733557224
-0.06843769550323486
-0.022041608346626163
-0.01756386342458427
-0.02461140090599656
-0.023770464584231377
-0.047299218364059925
-0.07181686908006668
-0.06704791262745857
-0.056690506637096405
-0.024754841346293688
-0.007636248948983848
-0.006232192739844322
-0.046678267419338226
-0.05682254955172539
-0.032422646414488554
-0.013436588575132191
-0.06160626746714115
-0.020767319481819868
-0.09179459512233734
-0.06499248743057251
-0.0381826248485595
-0.003521320642903447
0.005939191498328
0.014476980082690716
-0.014312433544546366
-0.023660103790462017
-0.09067017026245594
-0.1057736948132515
-0.13214187696576118
-0.08927489817142487
-0.07441681576892734
-0.04210248123854399
0.011470993980765343
0.03927571838721633
0.05236451420933008
0.03001306112855673
-0.0034145796671509743
-0.011349440552294254
-0.06467527337372303
-0.12589252181351185
-0.11256468296051025
-0.07745152153074741
-0.11642745696008205
-0.02972028311342001
-0.008974981145001948
0.03293817210942507
-0.019177911803126335
0.03641819069162011
-0.006785190664231777
-0.03787721088156104
-0.1044217050075531
-0.09008245542645454
-0.08356324583292007
-0.04081067687366158
0.002852858044207096
0.0004927436821162701
0.015411775035317987
-0.0227773601654917
-0.045772505924105644
-0.0883258655667305
-0.08032647520303726
-0.03646398149430752
-0.045963772572577
-0.029508940875530243
-0.055769501719623804
-0.03847289690747857
-0.03366239462047815
-0.04248606273904443
-0.06324408203363419
-0.01888039440382272
-0.051129383966326714
-0.01553359255194664
-0.03376594581641257
-0.024702213238924742
-0.04338242392987013
-0.032299673184752464
0.0035235744435340166
-0.04735734686255455
-0.052691646851599216
-0.014891323866322637
-0.008730042492970824
-0.05437007360160351
-0.056332146748900414
-0.02669573575258255
-0.0436531025916338
-0.053848039358854294
-0.034202213399112225
-0.013416845118626952
0.0004244933370500803
-0.00498785637319088
-0.014202339109033346
-0.058893715031445026
-0.043305206345394254
-0.06860264437273145
-0.08564486168324947
-0.047885695938020945
-0.023427371284924448
-0.026636141119524837
-0.05543685797601938
-0.02997970557771623
-0.01165435230359435
-0.02990791294723749
-0.048282111063599586
-0.03455037483945489
-0.02035074634477496
-0.0367844570428133
-0.044252379797399044
-0.03410556260496378
-0.02578633837401867
-0.05734334513545036
0.009258214849978685
-0.016502612736076117
-0.031003128737211227
-0.06424547079950571
-0.05441784905269742
-0.07915741764008999
-0.042971835006028414
-0.018267721869051456
-0.02022943296469748
-0.05076676979660988
0.00048738543409854174
-0.07543522026389837
-0.030861379113048315
-0.016098052263259888
-0.022279351018369198
-0.037025682628154755
-0.045776684768497944
-0.00804557022638619
-0.032344454899430275
-0.04942496493458748
-0.02779423724859953
-0.0074256532825529575
-0.03188202250748873
-0.036731886211782694
-0.012805263424525037
-0.01195666752755642
-0.06746252439916134
-0.04347837180830538
-0.025612811092287302
-0.04455743869766593
-0.02222022251226008
-0.009678977774456143
-0.020535739604383707
-0.0688784341327846
-0.05516080558300018
-0.05063376482576132
-0.033719673519954085
-0.008495622489135712
-0.00774550752248615
-0.03606299962848425
-0.05516902403905988
-0.02633817121386528
-0.028310808120295405
-0.05628261715173721
-0.04964702948927879
-0.016135613666847348
-0.019528927514329553
-0.01683840644545853
-0.046033590100705624
-0.05564000550657511
-0.042423206847161055
-0.03719848580658436
0.0019218120141886175
-0.00879765278659761
-0.05427414830774069
-0.024735793471336365
-0.0438321796245873
-0.0296866400167346
-0.025341653265058994
-0.03040333092212677
-0.0429655141197145
-0.04561418993398547
-0.026710498612374067
-0.027011747006326914
-0.024413478560745716
-0.023722270503640175
-0.07696843380108476
-0.07941023260354996
-0.059937041252851486
-0.03842349909245968
-0.01474646630231291
0.01242512499447912
0.010736901604104787
-0.0012487716739997268
-0.030572019517421722
-0.04487213771790266
-0.0456659235060215
-0.03172055026516318
-0.025629810406826437
-0.03513052128255367
-0.04664427926763892
-0.04033873463049531
-0.01568873948417604
0.014848147460725158
0.002596356498543173
-0.03787287324666977
-0.01451905642170459
-0.06016400828957558
-0.054591137915849686
-0.033424426801502705
-0.039065024349838495
-0.003924510325305164
0.002987485146149993
-0.010349640739150345
-0.026012846501544118
-0.047496750485152006
-0.046535417437553406
-0.0285117095336318
-0.021385537926107645
-0.020972433034330606
-0.03497915156185627
-0.0284366300329566
-0.04404966300353408
-0.028041525278240442
-0.016992797958664596
-0.025772760156542063
-0.03825191408395767
-0.014128898037597537
-0.03238413389772177
-0.030114985769614577
-0.02901153126731515
-0.026785563910380006
-0.009068036917597055
-0.028115713968873024
-0.01885336497798562
-0.062292166985571384
-0.0575712900608778
-0.055206768214702606
-0.05150182172656059
-0.01786156150046736
0.023302284069359303
0.003104153322055936
-0.01045582676306367
-0.01300983817782253
-0.07988014072179794
-0.10409249179065228
-0.0790713606402278
-0.07078632339835167
-0.04817265970632434
0.010378610924817622
0.005048416671343148
0.02604326279833913
0.014807740866672248
-0.01906769280321896
-0.04094255995005369
-0.07869727723300457
-0.06965162698179483
-0.048148006200790405
-0.050208319909870625
-0.011727944889571518
-0.0021513733081519604
0.02415036753518507
-0.010377841477748007
-0.008510154206305742
-0.060587234795093536
-0.07104565296322107
-0.07700624410063028
-0.050990073941648006
-0.014032183913514018
-0.025742649333551526
-0.008985173713881522
-0.021619044709950686
-0.03158817766234279
-0.058372548781335354
-0.052108277566730976
-0.02566012367606163
-0.027005628682672977
-0.025291917845606804
-0.011211205273866653
-0.03211684850975871
-0.044075679033994675
-0.04727493366226554
-0.030998430214822292
-0.011327303829602897
-0.01840106677263975
-0.03324387944303453
-0.03306079935282469
-0.028905614279210567
-0.011637712712399662
-0.010698216035962105
-0.02873754035681486
-0.045731558464467525
-0.029805877711623907
-0.028670449275523424
-0.02277222089469433
-0.021282420959323645
-0.013041305937804282
-0.047051649540662766
-0.04330443264916539
-0.03948024660348892
-0.018569633772131056
0.004897589678876102
0.004004828864708543
-0.013577448320575058
-0.046411242336034775
-0.07284489180892706
-0.05673380382359028
-0.04891662299633026
-0.02321152063086629
-0.01907161413691938
-0.016120387357659638
-0.020445626229047775
-0.02730176760815084
-0.04483205731958151
-0.018028537859208882
-0.03302077390253544
-0.008296580839669332
-0.011622108286246657
-0.027969064190983772
-0.06453770026564598
-0.05493686255067587
-0.05351687874644995
-0.03947849664837122
-0.0022154209145810455
0.012973220087587833
0.027323334477841854
0.015990559244528413
-0.007333113928325474
-0.03310504416003823
-0.05394255742430687
-0.06010826397687197
-0.053545148111879826
-0.01791257574222982
-0.012500479933805764
-0.010744440834969282
-0.019246693467721343
-0.07113773841410875
-0.08127698581665754
-0.06143986992537975
-0.09152626991271973
-0.017868811963126063
-0.03711121540982276
0.0254899722058326
0.030397860042285174
0.019000100903213024
0.020210430724546313
0.0045431689359247684
-0.010299640707671642
-0.07816013600677252
-0.10787574574351311
-0.09859480150043964
-0.10096692480146885
-0.07664131559431553
-0.045978968031704426
-0.02163120871409774
-0.00025165174156427383
0.006242479954380542
-0.01775528385769576
-0.040933932177722454
-0.033805462066084146
-0.059472329914569855
-0.020106571726500988
0.002793965279124677
-0.007886889390647411
-0.02079031220637262
-0.044408001471310854
-0.0292942994274199
-0.028313488699495792
-0.011494599690195173
-0.0037153005541767925
-0.014923859620466828
-0.03516355389729142
-0.049921752884984016
-0.045634216628968716
-0.032237336272373796
-0.0017572250217199326
0.006095294782426208
0.012903207243653014
-0.002766170771792531
-0.03150341287255287
-0.05225411895662546
-0.05732392752543092
-0.05500016687437892
-0.028513625264167786
-0.007340529467910528
0.015637371107004583
0.002626804169267416
0.005811356124468148
-0.03318998799659312
-0.0454928744584322
-0.05148989241570234
-0.051985906437039375
-0.002487261197529733
-0.007486596237868071
-0.0075598598923534155
-0.023209596518427134
-0.028675983659923077
-0.05603778921067715
-0.06916135363280773
-0.032661702716723084
-0.021666517393896356
-0.008105166722089052
-0.014819215517491102
-0.04486047104001045
-0.03914331621490419
-0.0305932373739779
-0.015669550775783136
-0.01247279578819871
-0.0045236514415591955
-0.03164406167343259
-0.022293113404884934
-0.03444923274219036
-0.03234233474358916
-0.009094854933209717
-0.009895108756609261
-0.03475823998451233
-0.027663347544148564
-0.024936027359217405
-0.031234126538038254
0.0007343203469645232
-0.006611736956983805
-0.00982744013890624
-0.0023759030736982822
-0.035640425980091095
-0.05378813110291958
-0.030837584286928177
-0.02302963240072131
-0.006337903905659914
-0.014456978999078274
-0.02612499287351966
-0.028396969195455313
-0.020914792083203793
-0.022670497884973884
-0.03700036182999611
-0.02325115678831935
-0.0069923977862345055
-0.03214874875266105
0.006946672569029033
-0.01607960439287126
-0.02645255095558241
-0.030243870802223682
-0.014727507252246141
-0.019849820993840694
-0.04843536484986544
-0.05299037043005228
-0.039163912646472454
-0.02703876793384552
0.00975730421487242
0.00590689922682941
-0.007812427851604298
-0.01753339427523315
-0.043520179111510515
-0.04808094073086977
-0.043990762904286385
-0.025528055150061846
-0.014334005303680897
-0.018132472061552107
-0.018285609083250165
-0.006491942331194878
-0.03589058667421341
-0.04251179564744234
-0.03603357169777155
-0.02047995664179325
-0.008153690345352516
-0.004115831747185439
-0.03247054130770266
