None
None
None
None
None
None
None
None
None
None
None
None
None
None
None
None
None
None
None
None
None
None
None
None
None
None
None
None
None
None
None
None
None
None
None
None
None
None
None
None
None
None
None
None
None
None
None
None
None
None
None
None
None
None
None
None
None
None
None
None
None
None
None
None
None
None
None
-0.04200350202154368
-0.023423615988576785
-0.004591190092241959
0.013601991202449426
0.03261363931233063
0.052714471239596605
0.07216558430809528
0.09251164575107396
0.11389954411424696
0.13666767836548388
0.16119265044108033
0.18352723540738225
0.20777625078335404
0.2390408143401146
0.268847793340683
0.29713037284091115
0.3337352587841451
0.36683124164119363
0.41008787183091044
0.44329943507909775
0.49852580670267344
0.537764466367662
0.5787681126967072
0.6342739947140217
0.6830531721934676
0.7503680428490043
0.8040742082521319
0.86876399256289
0.926558269187808
0.9328187415376306
0.9884804356843233
1.0468881409615278
1.0479973834007978
1.0823725759983063
1.083794740960002
1.065042421221733
1.0434652548283339
1.047619516029954
1.0174044948071241
1.0076981037855148
0.9796215742826462
0.9591921027749777
0.9379709456115961
0.9321343023329973
0.9266023673117161
0.9277096521109343
0.9427417255938053
0.9548963587731123
0.9720885287970304
0.9932615123689175
1.0224140342324972
1.0309621095657349
1.046046108007431
1.0715590808540583
1.0696347262710333
1.090062951669097
1.0923474542796612
1.1023453455418348
1.0939150881022215
1.1150044724345207
1.1123677492141724
1.106167733669281
1.1060081850737333
1.1159463208168745
1.111334728077054
1.1320136431604624
1.1430210378021002
1.166103670373559
1.1887791398912668
1.2121462374925613
1.2293552868068218
1.2513672392815351
1.2528211753815413
1.2480305507779121
1.2490912470966578
1.2410617265850306
1.238849027082324
1.2293302658945322
1.2307507265359163
1.2337114438414574
1.24464775249362
1.2421793136745691
1.2475359998643398
1.2504482381045818
1.2579190731048584
1.274409119039774
1.2970440536737442
1.3259048759937286
1.3668987601995468
1.3894898742437363
1.4234336018562317
1.4426050260663033
1.4553896598517895
1.4548949040472507
1.434731911867857
1.425873763859272
1.3881114609539509
1.3586825504899025
1.3264274671673775
1.3122105598449707
1.299071341753006
1.2846343852579594
1.2913067117333412
1.3044177144765854
1.305612850934267
1.3467748500406742
1.3768639899790287
1.4038778357207775
1.4349906034767628
1.4638142548501492
1.4871023185551167
1.514270905405283
1.5516905039548874
1.5579609498381615
1.5500081814825535
1.5333084240555763
1.525502398610115
1.529115442186594
1.5045275427401066
1.530024740844965
1.4711006619036198
1.5182133130729198
1.5093876421451569
1.5035467557609081
1.50235640630126
1.4879815615713596
1.51401012763381
1.5370901934802532
1.5486994497478008
1.5823156610131264
1.624681033194065
1.647960975766182
1.686536144465208
1.651307139545679
1.717547845095396
1.6591648273169994
1.677071787416935
1.6567735262215137
1.6205752603709698
1.6414269655942917
1.6383184641599655
1.633097916841507
1.6555357314646244
1.6469607576727867
1.738405019044876
1.7863502092659473
1.8180837072432041
1.8439217396080494
1.7546210996806622
1.81447222083807
1.7944773510098457
1.8092229217290878
1.7596122398972511
1.6838906221091747
1.7510869204998016
1.690080914646387
1.8289999850094318
1.8560669496655464
1.7839903198182583
1.8948558159172535
1.896051861345768
1.8880085945129395
1.8852051682770252
1.9503554292023182
2.0286385379731655
1.949864972382784
1.8442589975893497
1.9343420900404453
1.8728228360414505
1.8231083489954472
1.7825394049286842
1.8376107290387154
1.8554041720926762
1.8919895067811012
1.9156478978693485
2.009817462414503
1.9120137579739094
1.9462437331676483
2.068531382828951
2.0723072811961174
2.1407333724200726
2.0561407282948494
2.179862555116415
2.127491395920515
2.0717105641961098
2.069691177457571
2.136517256498337
1.9858746193349361
2.106541644781828
2.0761484280228615
1.9507141038775444
2.0701172091066837
2.1381842494010925
2.201625242829323
2.201330427080393
2.2385148368775845
2.2974286787211895
2.2197842225432396
2.2443003095686436
2.227225389331579
2.1663628965616226
2.15767964348197
2.117610901594162
2.211354434490204
2.1228624992072582
2.234503097832203
2.0661851093173027
2.2650436460971832
2.4139155969023705
2.11260374635458
2.3830610290169716
2.3878407813608646
2.394548837095499
2.557292178273201
2.272959042340517
2.3720201030373573
2.336612820625305
2.3290451616048813
2.2584466338157654
2.200929496437311
2.3729647658765316
2.2380223982036114
2.4689052551984787
2.393216624855995
2.491574063897133
2.25814351066947
2.457906410098076
2.471793372184038
2.474112134426832
2.5767813995480537
2.5293825678527355
2.3192132599651814
2.3136715590953827
2.4859439432621
2.309945911169052
2.3712616227567196
2.344765532761812
2.383050639182329
2.5894709788262844
2.365530613809824
2.6421105936169624
2.5996250435709953
2.5344516336917877
2.7922736182808876
2.706905633211136
2.8242859169840813
2.560775212943554
2.633113071322441
2.44972887262702
2.747951216995716
2.6337415911257267
2.5316550508141518
2.8097635358572006
2.620092198252678
2.6884864047169685
2.7154716849327087
2.8099278435111046
2.7645894065499306
2.6380906775593758
2.7368258833885193
2.684050425887108
2.6425740867853165
2.666524276137352
2.6679260432720184
2.78895353525877
2.636422410607338
2.7219192013144493
2.527604002505541
2.7146150320768356
2.784435160458088
3.018693968653679
3.0726151168346405
2.962684154510498
2.7946793287992477
2.743110716342926
2.4708688855171204
2.8724193274974823
2.6387939453125
2.844848558306694
2.6396819576621056
2.7443470284342766
3.074903316795826
3.0929226726293564
3.088958665728569
2.8974900618195534
3.0378833413124084
2.834087483584881
2.92168740183115
2.695449650287628
2.9981331676244736
2.862583763897419
3.010549910366535
2.8558094054460526
3.1372666358947754
2.8920344412326813
3.0777865424752235
3.1494573801755905
3.107022501528263
3.212665006518364
2.7880731001496315
2.886840485036373
2.9964976236224174
2.8222251683473587
3.0328527465462685
3.0624999701976776
3.0261614620685577
3.130359135568142
3.1172919496893883
3.126643568277359
3.0746153369545937
3.1873654052615166
3.0348876789212227
3.042185425758362
2.886172376573086
2.9315405413508415
3.0491574481129646
3.216910421848297
3.3717010393738747
3.373307690024376
3.295678347349167
3.192870818078518
3.431549906730652
3.047486461699009
3.1277715042233467
3.047798089683056
3.130234159529209
3.2060066163539886
3.2481133565306664
3.0462444201111794
3.19570205360651
3.287418521940708
3.255990982055664
3.2706879675388336
3.2433556392788887
3.0999902933835983
3.19721682369709
3.315375655889511
3.0542593747377396
3.4273545667529106
3.380692407488823
3.3193002492189407
3.501978352665901
3.3763933032751083
3.357061840593815
3.2116581946611404
3.333566315472126
2.9659378230571747
3.200048230588436
3.3946685567498207
3.3277566581964493
3.4811331927776337
3.337427407503128
3.3454583659768105
3.4929776191711426
3.3801429122686386
3.298004910349846
3.5159793347120285
3.2058021053671837
3.2789521887898445
3.3709413930773735
3.3480836302042007
3.417686715722084
3.2574441954493523
3.3912724554538727
3.499163530766964
3.505157545208931
3.701610565185547
3.7119007632136345
3.6270640417933464
3.4668235555291176
3.470101311802864
3.2802131474018097
3.1820738539099693
3.2550028786063194
3.4821904599666595
3.5914480835199356
3.643192693591118
3.75292294472456
3.7416945174336433
3.4426637068390846
3.469502732157707
3.5207472816109657
3.410025976598263
3.4851444736123085
3.3968752026557922
3.3706502839922905
3.589428037405014
3.437032036483288
3.6159006655216217
3.6452481970191
3.9195094406604767
3.725158140063286
3.872865952551365
3.7664635851979256
3.769054189324379
3.6199769526720047
3.60591396689415
3.761413626372814
3.6350298672914505
3.548121877014637
3.735205002129078
3.4518663585186005
3.584537588059902
3.5324832051992416
3.697985425591469
3.6329060941934586
3.4326147213578224
3.6060579493641853
3.45226389169693
3.5199978724122047
3.7578608989715576
3.7022832930088043
3.8254145309329033
3.5126742646098137
3.567178264260292
3.9069038778543472
3.8818093612790108
3.855348750948906
3.545469895005226
3.7790506556630135
3.6525317281484604
4.048409655690193
3.8361694514751434
3.8095050901174545
3.9800884127616882
3.9703927412629128
3.527987278997898
3.9876826480031013
3.7026322558522224
3.828252322971821
3.694901630282402
4.047562777996063
3.7562188133597374
3.9957818910479546
4.037050485610962
3.9879331216216087
4.038048654794693
3.980758972465992
3.676307238638401
3.9309478998184204
4.026322208344936
3.951232396066189
4.1227864027023315
4.051666751503944
4.16601038724184
3.814896158874035
4.0258578062057495
4.133061423897743
3.923003926873207
3.935332775115967
4.029217950999737
4.265731379389763
3.986506797373295
3.9818458035588264
3.805301196873188
4.1180677860975266
3.892886660993099
3.682672046124935
3.9432773143053055
3.8495750799775124
3.8724226281046867
3.956371635198593
4.238002292811871
4.137520834803581
4.298146679997444
4.230593234300613
4.530056357383728
4.195256136357784
3.9887867867946625
4.071646764874458
3.8692373484373093
4.114535383880138
3.992745228111744
3.98189178109169
4.040805771946907
3.9819857627153397
4.272214896976948
4.092089168727398
4.197219640016556
4.338840574026108
4.24196919798851
4.201652675867081
4.044556841254234
4.359605111181736
4.320813208818436
4.1831758469343185
4.205957554280758
4.302255764603615
4.5281678438186646
4.469321824610233
4.229343704879284
4.196829915046692
4.149816982448101
4.45581229031086
4.405468642711639
4.27192610502243
4.376163616776466
4.407069966197014
4.488350540399551
4.417095750570297
4.485024496912956
4.502617970108986
4.5976094007492065
4.316123016178608
4.175178095698357
4.4464545622467995
4.564235404133797
4.650150299072266
4.851887032389641
4.673959396779537
4.7254300862550735
4.535049811005592
4.455696143209934
4.8208396434783936
4.552842698991299
4.56937063485384
4.544776104390621
4.808781713247299
4.740930646657944
4.809245809912682
4.627737835049629
4.645928122103214
4.691315189003944
4.933575659990311
4.851647660136223
4.744645401835442
4.803795158863068
4.973666325211525
4.419833742082119
4.827833384275436
5.154089078307152
4.893785156309605
4.752845615148544
4.865130349993706
4.707105502486229
4.4408203065395355
4.355518080294132
4.304236046969891
4.544536478817463
4.2862159460783005
4.895134672522545
4.911828741431236
4.77547100931406
4.886319123208523
5.133578926324844
5.084127768874168
5.0971924513578415
5.118884086608887
5.290842264890671
5.182225942611694
4.85124945640564
4.844940260052681
5.0513118505477905
4.675915405154228
4.762074284255505
4.969802588224411
5.035328507423401
5.073101490736008
5.098784998059273
4.9282466769218445
4.91175340116024
4.909532889723778
5.0615018755197525
5.182506248354912
5.393064543604851
5.352581784129143
5.090422227978706
5.406634733080864
5.133839309215546
5.353297710418701
5.3942036628723145
5.335041120648384
5.120539948344231
5.0290011167526245
5.1160353273153305
5.08369018137455
4.904575377702713
5.197089105844498
5.306819885969162
5.500352293252945
5.476167485117912
5.559924006462097
5.372253358364105
5.10001976788044
5.430534914135933
5.196612730622292
5.155200883746147
5.157172009348869
4.781924240291119
5.656407505273819
5.136221647262573
5.552313134074211
5.10859514772892
5.712086632847786
5.266594246029854
5.652419924736023
5.278243452310562
5.148816272616386
5.301735922694206
5.700490415096283
5.675214946269989
5.619298189878464
5.433201000094414
5.7644317746162415
5.392900258302689
5.56882107257843
5.579565674066544
5.709402546286583
5.703992113471031
5.36478553712368
5.225743010640144
5.325933411717415
5.695984974503517
5.6047452837228775
5.485791951417923
6.1090396493673325
6.01171201467514
5.479114726185799
5.637620061635971
5.511239767074585
5.664003521203995
5.558544412255287
5.804956629872322
5.767142355442047
5.699702739715576
6.1559387892484665
5.8551646918058395
5.500268757343292
6.015646278858185
5.75726954638958
5.990320295095444
5.128193601965904
6.03561195731163
5.611575588583946
5.896661251783371
5.5200347155332565
5.932548567652702
6.134103178977966
5.922678545117378
5.93659895658493
5.761259689927101
5.929551362991333
5.7795737236738205
6.025439158082008
5.825109079480171
5.67236553132534
6.15458619594574
5.9137642830610275
5.807411462068558
6.0155337154865265
6.254694238305092
5.86128294467926
5.691491082310677
6.120054244995117
6.28809055685997
5.6346434354782104
6.2490503937006
6.156806766986847
6.116261854767799
6.104945123195648
6.110086053609848
5.880827233195305
5.950164347887039
5.875642716884613
6.068425610661507
6.384772181510925
6.187426283955574
5.828006461262703
6.1310578137636185
5.965164497494698
5.5557029247283936
5.843397855758667
6.3032940328121185
5.984820604324341
6.141017943620682
6.565949395298958
6.264655739068985
5.965734019875526
5.998739242553711
6.328448757529259
5.809826835989952
6.004756510257721
6.292822048068047
6.486595720052719
6.1137958616018295
6.605094864964485
6.367928862571716
6.118860140442848
6.6563079208135605
6.373738810420036
6.240376576781273
6.563011959195137
6.168347403407097
6.458354964852333
6.2838165909051895
6.199319168925285
5.701747447252274
5.877344980835915
6.741841703653336
6.313996002078056
6.290661230683327
5.956940189003944
6.6952526569366455
5.966753795742989
6.4231066852808
6.240368738770485
5.9453273713588715
6.511453539133072
6.601567089557648
6.5684590339660645
6.552548930048943
6.404055669903755
6.992960050702095
6.547672837972641
6.541770562529564
6.6353146731853485
6.382904678583145
6.597478732466698
6.366623744368553
6.633339941501617
7.021294936537743
6.775457605719566
6.665473252534866
6.71465340256691
6.772383451461792
6.870179086923599
6.5363466292619705
6.420529365539551
6.673550099134445
6.559909954667091
6.652631387114525
6.440634369850159
6.643120273947716
6.838678389787674
6.948724091053009
6.701771706342697
6.797435909509659
6.399000197649002
7.08801731467247
6.433648869395256
7.158095449209213
7.098674714565277
7.04172120988369
6.905450373888016
6.821261167526245
6.277379885315895
6.748647302389145
6.201316595077515
6.771952658891678
7.287974625825882
7.351457789540291
6.710009530186653
7.130859091877937
7.010300129652023
6.610029518604279
6.494463935494423
6.978322401642799
7.05955083668232
7.363911435008049
7.014132872223854
7.208025425672531
7.152484521269798
7.317360460758209
7.391672134399414
7.419412702322006
6.562182188034058
6.820910826325417
6.845781192183495
6.988669142127037
7.270434722304344
6.483349114656448
6.896614819765091
7.307100281119347
7.339490324258804
7.322928503155708
6.907585114240646
7.166012138128281
7.398917958140373
7.430766373872757
7.3040492832660675
6.853320494294167
6.678151607513428
7.462510973215103
6.97812782227993
6.7138782143592834
7.496179133653641
6.885030135512352
7.511045157909393
6.923156306147575
7.325425162911415
7.388033419847488
7.208083271980286
7.791895300149918
7.552287295460701
7.265848457813263
7.605047956109047
7.695684134960175
7.331227481365204
7.707620665431023
7.497578501701355
7.3553528636693954
7.083921626210213
7.071950167417526
7.493041157722473
7.0972293466329575
7.750984087586403
7.126350358128548
7.245992958545685
7.473971962928772
7.500798344612122
7.411637336015701
7.593128979206085
7.742578431963921
7.825123235583305
7.430491924285889
7.7984282076358795
7.151637315750122
7.571602895855904
7.008133813738823
7.249996453523636
6.463611900806427
7.44560606777668
7.487299546599388
7.651152327656746
7.564515456557274
7.572343185544014
7.903864547610283
7.322259917855263
7.815966874361038
7.6691493690013885
7.648154780268669
7.657693594694138
7.100451350212097
7.965815961360931
7.780389979481697
7.422752946615219
7.9142836928367615
7.711937308311462
7.955791473388672
7.787143290042877
7.473897963762283
7.691462844610214
7.745246648788452
8.189550876617432
7.877419829368591
7.801172390580177
7.542778566479683
7.995103970170021
7.719780161976814
7.634389236569405
7.527367547154427
8.081424415111542
8.320341229438782
8.040865257382393
8.110851138830185
8.177177682518959
7.896668180823326
7.8348813354969025
7.923263490200043
8.293864697217941
8.274352014064789
8.278984978795052
8.36673852801323
7.903729647397995
8.26831790804863
8.072041630744934
8.03079803287983
7.901024401187897
8.371303975582123
7.685070589184761
7.800886958837509
8.396572604775429
8.539876788854599
8.364559322595596
8.21583877503872
8.105956628918648
8.220945924520493
8.263523653149605
8.201600193977356
8.292427942156792
7.877175524830818
8.08425959944725
8.189666733145714
8.212387442588806
8.347481861710548
8.519380062818527
8.391790717840195
8.544843673706055
8.369145676493645
8.233235239982605
8.401324972510338
8.539799898862839
8.48104190826416
8.291864037513733
8.594435542821884
8.632244884967804
8.701977849006653
8.493297517299652
8.657783418893814
8.358853816986084
8.387201443314552
8.233075886964798
8.425166696310043
8.441025525331497
8.237082555890083
8.439753532409668
8.634062349796295
8.698673754930496
8.458681374788284
8.654141917824745
8.516914039850235
8.610963240265846
8.529740750789642
8.741868138313293
8.756356239318848
8.640019834041595
8.587251290678978
8.531707555055618
8.751516669988632
8.597180098295212
8.355002030730247
8.447226285934448
8.564182430505753
8.481628596782684
8.611027777194977
8.650814652442932
8.846260905265808
8.470814138650894
8.72944775223732
8.651705980300903
8.616811245679855
8.230033233761787
8.811474084854126
8.56419463455677
8.378116309642792
8.707346469163895
8.873973906040192
8.565846860408783
8.825936704874039
8.668371319770813
8.840826094150543
8.603277802467346
8.766989707946777
8.881679713726044
8.9837486743927
9.00981518626213
8.99181443452835
8.991400420665741
8.727097034454346
9.063825339078903
8.679064735770226
8.876238316297531
8.886234045028687
8.68012748658657
8.90857894718647
8.936029344797134
8.796034768223763
8.92852184176445
8.833159923553467
8.845194727182388
9.020797193050385
8.967185378074646
9.173644214868546
9.09315538406372
8.813538551330566
9.079621970653534
9.15516522526741
9.107886016368866
8.96161225438118
9.020791172981262
8.866221368312836
9.155842512845993
9.107186645269394
9.069853335618973
9.016463041305542
8.997716099023819
8.937123745679855
9.190341055393219
9.006322264671326
9.200334966182709
9.237748056650162
9.214615672826767
9.22438508272171
9.002333790063858
9.049798309803009
9.084397971630096
8.922594577074051
8.92061272263527
9.14774751663208
9.275319010019302
9.018163323402405
9.17699345946312
8.976064264774323
9.012006282806396
9.165534973144531
9.03473436832428
9.213843435049057
9.22860848903656
9.05827397108078
9.34480544924736
9.38327044248581
9.209907442331314
9.24611222743988
9.143165826797485
9.349654883146286
9.269674628973007
9.35813057422638
9.147815108299255
9.241056233644485
9.47637590765953
9.602217763662338
9.615850180387497
9.594859153032303
9.469771772623062
9.266307771205902
9.426972061395645
9.211318761110306
9.099394112825394
9.520741283893585
9.46276381611824
9.555611938238144
9.521623820066452
9.338811248540878
9.262457430362701
9.370750397443771
9.076878547668457
9.150887042284012
9.531927198171616
9.653143644332886
9.268469899892807
9.61198702454567
9.4089415371418
9.521362960338593
9.525477975606918
9.420291185379028
9.631844997406006
9.600961029529572
9.151922404766083
9.809100419282913
9.542244791984558
9.468603670597076
9.633370220661163
9.656881600618362
9.648474782705307
9.709699898958206
9.519330143928528
9.500426977872849
9.174486964941025
9.49839124083519
9.596152067184448
9.48289966583252
9.612983644008636
9.619645327329636
9.730265349149704
9.321977406740189
9.512565821409225
9.661846041679382
9.646140664815903
9.370784223079681
9.643555760383606
9.678268909454346
9.65367016196251
10.060262501239777
9.85553839802742
9.735661387443542
9.53066486120224
9.801437616348267
9.63553899526596
9.80932441353798
9.738957822322845
9.429538995027542
9.637270361185074
9.7480009496212
10.024405598640442
9.78448012471199
9.976489335298538
9.867121934890747
9.944092363119125
9.924213737249374
9.711701780557632
9.591697245836258
9.804003924131393
9.957257986068726
9.659086048603058
10.00754103064537
9.852815181016922
10.047948062419891
9.74730721116066
9.918201744556427
9.665129035711288
9.9254390001297
9.973780900239944
9.974748104810715
10.087113201618195
9.934269040822983
9.775759935379028
10.022809952497482
9.982205837965012
10.027202993631363
9.69804909825325
9.95487841963768
10.219893485307693
10.255059272050858
9.478407800197601
10.320302039384842
10.186496704816818
10.078245788812637
10.248648792505264
10.083494633436203
10.27054613828659
10.154340982437134
10.188476890325546
10.286889880895615
10.558991342782974
10.301039934158325
10.351587146520615
10.39523497223854
10.471995413303375
10.187152653932571
10.28652936220169
10.295950919389725
10.156201303005219
9.982453733682632
10.359552472829819
10.278423249721527
10.164026618003845
10.160485118627548
10.017626583576202
10.09037521481514
10.299755185842514
10.172137647867203
10.305795729160309
10.32428640127182
10.209735542535782
10.37688758969307
10.172804921865463
10.304630905389786
10.008255571126938
10.246645212173462
10.671490550041199
10.796641826629639
10.278845101594925
10.666979491710663
10.444497048854828
10.354650914669037
10.420572817325592
10.168947368860245
10.609568685293198
10.647745281457901
10.241794884204865
10.680985182523727
10.533196419477463
10.611388027668
10.4715496301651
10.288612723350525
10.353153258562088
10.348969995975494
10.517709791660309
10.733569413423538
10.686985045671463
10.613101154565811
10.493586122989655
10.360373854637146
10.281405836343765
10.29655173420906
10.451142936944962
10.320903152227402
10.783747464418411
10.813305765390396
10.435084521770477
10.7826067507267
10.891413509845734
10.647619426250458
10.562589049339294
10.534556299448013
10.707081943750381
10.331157684326172
10.7482191324234
10.394343197345734
10.974827259778976
10.712933659553528
10.580968022346497
10.328995496034622
10.564823061227798
10.573730766773224
10.577718943357468
10.886759459972382
10.760648488998413
10.697500675916672
10.684867888689041
10.471378773450851
11.018132984638214
10.596699208021164
10.753011405467987
10.797388046979904
10.71522068977356
11.109454810619354
10.791657596826553
10.770749568939209
10.624021112918854
11.002332717180252
11.01590284705162
10.971143305301666
10.737486809492111
11.060093373060226
11.002142876386642
10.825663030147552
10.96931380033493
10.778372257947922
10.54585748910904
10.980292290449142
11.059323787689209
11.165347903966904
10.900263905525208
11.223748475313187
11.049680531024933
11.314472287893295
11.02600547671318
11.243829369544983
11.175718784332275
11.055304139852524
10.538620084524155
11.001406580209732
10.70179882645607
10.914802521467209
10.652678906917572
10.938189685344696
10.90341106057167
10.787105977535248
10.953140616416931
10.899854898452759
10.825379401445389
11.33569249510765
10.48147988319397
11.001179546117783
10.70287635922432
11.34785383939743
11.221156567335129
10.892326593399048
11.293026089668274
11.124224990606308
11.153824269771576
11.115622997283936
11.073205202817917
11.205979704856873
11.260463744401932
11.0889692902565
11.551509588956833
11.137699723243713
11.168952822685242
11.492099851369858
11.280621349811554
11.417740881443024
11.4179807305336
11.32524162530899
10.898889631032944
11.209604680538177
11.619771748781204
11.548307299613953
11.507343202829361
11.524641662836075
11.240129590034485
11.232878893613815
11.38677629828453
11.179336428642273
11.110617280006409
11.39881119132042
11.09520772099495
11.245907992124557
11.515130460262299
11.692949116230011
11.139535635709763
11.75152775645256
11.458884984254837
11.540184020996094
11.362113445997238
11.664577692747116
10.864726960659027
11.103648364543915
11.129098504781723
11.519277542829514
11.588052213191986
11.97472295165062
11.473372876644135
11.828933030366898
11.631207376718521
11.569285422563553
11.226111739873886
11.590006321668625
11.694824993610382
10.84011110663414
11.350739538669586
11.43109205365181
11.552641987800598
11.364294797182083
11.730171173810959
11.827761799097061
11.53190803527832
11.6707464158535
11.500180006027222
11.991980493068695
11.310857594013214
11.333402156829834
11.39453610777855
11.55451512336731
11.632144302129745
11.819952607154846
11.234646320343018
11.440148741006851
11.337953478097916
11.562562733888626
11.369573205709457
11.346855849027634
11.808953285217285
11.456255435943604
11.841605812311172
12.125599294900894
11.81240600347519
11.52378836274147
11.13833487033844
11.653174966573715
11.827463001012802
11.34141093492508
11.670775979757309
11.702706158161163
11.422922223806381
11.829627186059952
11.88760957121849
11.68098333477974
11.792619168758392
11.97086164355278
11.648198425769806
11.953272610902786
11.77393713593483
11.797016769647598
11.951507598161697
12.095313549041748
11.6571184694767
12.011571139097214
11.696134358644485
11.757828205823898
11.78311288356781
11.833683371543884
11.90487289428711
11.93929836153984
11.522497534751892
11.849254131317139
12.145613253116608
11.749158352613449
11.614112585783005
11.806786060333252
11.732403367757797
12.196334809064865
12.00921556353569
12.227488070726395
12.089681327342987
12.076317131519318
11.93005084991455
12.237796396017075
12.424163788557053
12.03279048204422
12.006530672311783
12.437417775392532
12.471725940704346
12.084319710731506
12.17467913031578
12.11178570985794
11.701468884944916
11.987371355295181
12.148048728704453
12.22013932466507
11.816417902708054
11.669284045696259
12.043809562921524
12.17202314734459
12.012226819992065
11.773640125989914
12.202468991279602
11.755364298820496
12.037010133266449
12.462674856185913
12.333503246307373
12.220225483179092
12.532681465148926
12.477205961942673
12.237013012170792
11.991755306720734
12.155649781227112
12.317863881587982
12.360854893922806
12.356360405683517
12.388869315385818
12.35738131403923
12.399843037128448
12.529052078723907
12.143166214227676
12.32279023528099
12.16614893078804
12.469024956226349
12.31961303949356
12.49355298280716
12.597461581230164
12.496374279260635
12.771824091672897
12.749790638685226
12.137272626161575
12.273168951272964
12.391357630491257
12.422806084156036
12.429728746414185
12.579152554273605
12.57453379034996
12.615378707647324
12.262537479400635
12.51101365685463
12.546595692634583
12.650380551815033
12.63031354546547
12.603933811187744
12.712996035814285
12.42254588007927
12.542803555727005
12.275461256504059
12.782536834478378
12.644142061471939
12.817881613969803
12.462645590305328
12.758466243743896
12.668504118919373
12.722107887268066
12.598523288965225
12.395404249429703
12.806580901145935
12.806369990110397
12.788611322641373
12.583967834711075
12.919225066900253
12.988027215003967
12.942467510700226
12.590782076120377
12.64285397529602
12.259143263101578
12.777151584625244
12.836528450250626
12.836669981479645
12.91814050078392
13.017856508493423
12.61275029182434
12.405368596315384
12.724264919757843
12.988666296005249
12.853148460388184
12.977955013513565
12.728450059890747
12.823168605566025
12.935163140296936
12.844677090644836
12.882560580968857
13.11810427904129
12.901710003614426
12.975046783685684
13.087527751922607
12.657565593719482
13.033595234155655
13.021491289138794
12.723502814769745
13.170004278421402
13.24783906340599
12.650667756795883
12.759421855211258
12.662817537784576
12.647579699754715
12.746426790952682
12.694603592157364
13.034163892269135
12.9594204723835
12.830000847578049
12.956667929887772
12.614197105169296
13.00204747915268
13.20646658539772
13.072218477725983
13.11548125743866
13.095190525054932
12.926579654216766
13.212467938661575
13.02265402674675
13.237236738204956
12.911887615919113
13.346310198307037
13.111128211021423
13.146706402301788
13.348891854286194
13.240332663059235
12.991885870695114
13.070182770490646
13.048117011785507
13.110742300748825
12.939205437898636
13.32377776503563
13.457587718963623
13.324716120958328
12.948276817798615
13.298982381820679
13.209389358758926
13.075756579637527
13.220590025186539
13.052752256393433
13.391274690628052
13.373353719711304
13.533008307218552
13.29889291524887
13.222474932670593
13.266683608293533
13.118376314640045
13.446974486112595
13.355253368616104
13.367210626602173
13.421008616685867
13.471552699804306
13.43367201089859
13.029163211584091
13.504638522863388
13.507028847932816
13.189524292945862
13.23479238152504
13.216593235731125
13.132585883140564
13.3434878885746
13.529617577791214
13.350892037153244
13.481656074523926
13.517681568861008
13.597484707832336
13.533439874649048
13.25277093052864
13.541023671627045
13.284925162792206
13.375455677509308
13.40268588066101
13.47923058271408
13.251497894525528
13.367568552494049
13.722068339586258
13.610190063714981
13.50345242023468
13.693404734134674
13.565456300973892
13.44717013835907
13.569409370422363
13.317402571439743
13.567585974931717
13.647294104099274
13.607548773288727
13.62377879023552
13.711540222167969
13.552269339561462
13.584790766239166
13.605669558048248
13.628979057073593
13.405023366212845
13.438539206981659
13.223435282707214
13.75970858335495
13.730322629213333
13.652607262134552
13.606129497289658
13.815315574407578
13.744754552841187
13.825305312871933
13.774613797664642
13.652825355529785
13.79454118013382
13.501996636390686
13.815049529075623
13.812149733304977
13.580689787864685
13.833007633686066
13.633991569280624
13.844411253929138
13.84350374341011
13.71721637248993
13.815093249082565
13.746627688407898
13.620250821113586
13.726964324712753
13.593555510044098
13.589522868394852
13.842414140701294
13.767202913761139
13.829266846179962
14.069497853517532
13.867758840322495
13.558303982019424
14.027582824230194
13.745234310626984
13.69418951869011
14.042830407619476
13.794292509555817
13.791696816682816
14.012325882911682
14.091323018074036
14.03860455751419
14.120945155620575
13.950847655534744
14.027786523103714
13.864592134952545
14.06249850988388
14.12084811925888
13.909631669521332
14.055906265974045
13.907871156930923
14.119814336299896
13.7897327542305
13.842477142810822
13.642564922571182
13.810258120298386
14.057669401168823
14.04374173283577
14.16475635766983
14.197539240121841
14.036698162555695
14.052767246961594
13.902244240045547
14.274314790964127
14.056054145097733
14.192686349153519
13.939660847187042
14.133235335350037
14.286480814218521
13.919941574335098
14.057637214660645
14.143879473209381
14.293750762939453
14.10736471414566
14.01502612233162
14.045066803693771
14.231157839298248
14.167976588010788
14.33337676525116
14.42541417479515
14.342307299375534
14.343285262584686
13.990503191947937
14.195225477218628
14.46273985505104
14.40039673447609
14.399172395467758
13.958203136920929
14.08046755194664
14.09298488497734
14.30457991361618
13.926973402500153
14.05639699101448
14.31047409772873
14.420351266860962
14.168678492307663
14.378113776445389
14.25383523106575
14.147050201892853
14.118517369031906
14.40480750799179
14.208803504705429
14.408343136310577
14.483317732810974
14.444105446338654
14.522460162639618
14.403619945049286
14.49879115819931
14.428746521472931
14.596707373857498
14.486398369073868
14.456280499696732
13.972848385572433
14.592353254556656
14.548405319452286
14.4459687769413
14.458570897579193
14.461259007453918
14.469574183225632
14.399877488613129
14.412149906158447
14.32805609703064
14.689145177602768
14.54851347208023
14.593969225883484
14.596821695566177
14.346527874469757
14.202775657176971
14.41981115937233
14.55526876449585
14.72858652472496
14.39839830994606
14.71633729338646
14.723269283771515
14.352017790079117
14.354157000780106
14.533507853746414
14.603108704090118
14.670913428068161
14.617679059505463
14.669242411851883
14.524872332811356
14.587783426046371
14.441307991743088
14.380079418420792
14.430902868509293
14.616792261600494
14.678027302026749
14.748060643672943
14.832944095134735
14.448769479990005
14.598232686519623
14.550331622362137
14.75248247385025
14.616125345230103
14.605297148227692
14.534922510385513
14.563096135854721
14.758886456489563
14.69980862736702
14.873872876167297
14.348314315080643
14.440474897623062
14.82449272274971
14.6642444729805
14.990912705659866
14.371906876564026
14.749428540468216
14.724737852811813
14.721832633018494
14.762218743562698
14.751237154006958
14.643923282623291
14.613623559474945
14.932967692613602
14.54317456483841
14.772471696138382
14.798266351222992
14.659471690654755
14.977999985218048
14.74967086315155
14.899564892053604
14.932527959346771
14.77345222234726
14.997015058994293
14.649374037981033
14.961141407489777
14.959598034620285
14.777327209711075
14.829086631536484
15.048292428255081
14.76771405339241
15.064401537179947
15.076624393463135
14.833948940038681
14.89840179681778
14.887011975049973
15.10788306593895
15.134624063968658
14.76095736026764
15.182877629995346
14.929377377033234
14.743955194950104
15.064592003822327
14.81573012471199
15.07984921336174
15.12105742096901
14.854252725839615
15.03652247786522
14.89254891872406
14.978967666625977
14.714253336191177
15.081103205680847
14.780597299337387
15.10398879647255
15.324464321136475
15.1859630048275
15.083523482084274
15.071548789739609
14.659837633371353
14.919542104005814
14.856789737939835
15.20227962732315
15.149858981370926
15.205388516187668
14.940778642892838
15.120226800441742
14.999173253774643
14.835221141576767
14.854351729154587
14.908688247203827
15.268438398838043
15.265156090259552
15.227073103189468
15.292106330394745
15.071458131074905
15.265888780355453
14.731510937213898
15.1493861079216
14.899243205785751
14.96893885731697
15.091433256864548
15.151877015829086
15.444447576999664
15.050253987312317
15.167250841856003
15.455566585063934
15.146348029375076
14.954007178544998
15.101355910301208
15.28151649236679
15.418535619974136
15.296872973442078
15.388567507266998
15.110755205154419
15.198800414800644
15.18872332572937
15.217895776033401
15.09031680226326
15.14090085029602
15.412699341773987
15.265283852815628
15.02635544538498
15.263059228658676
15.4277803003788
15.344577580690384
15.384931951761246
15.438560158014297
15.479484140872955
15.34215322136879
15.528905063867569
15.643297642469406
15.41796138882637
15.453483790159225
15.45043596625328
15.345202267169952
15.187499076128006
15.197676807641983
15.281513154506683
15.505271673202515
15.56640037894249
15.541132777929306
15.435683697462082
15.297164261341095
15.580459922552109
15.4111967086792
15.254399478435516
15.402407228946686
15.393375754356384
15.449351251125336
15.66287276148796
15.459688007831573
15.581404685974121
15.515385657548904
15.034174650907516
15.550498276948929
15.349951982498169
15.25755888223648
15.605830073356628
15.572551906108856
15.51685106754303
15.625856459140778
15.628120601177216
15.188805848360062
15.511916816234589
15.547471910715103
15.641366630792618
15.534106850624084
15.56641274690628
15.673069268465042
15.498090267181396
15.686161577701569
15.567569494247437
15.636356830596924
15.48926031589508
15.752521723508835
15.436511546373367
15.75205048918724
15.884663432836533
15.470605075359344
15.768160313367844
15.842821627855301
15.517533630132675
15.422295719385147
15.686058014631271
15.49979367852211
15.702013105154037
15.772701293230057
15.789495199918747
15.835670471191406
15.898708194494247
15.967150121927261
15.686637163162231
15.817917555570602
15.84589633345604
15.586848497390747
15.889596164226532
15.775550067424774
15.786663144826889
15.707312524318695
16.017430782318115
15.746335715055466
15.439186334609985
16.00354900956154
15.680056393146515
15.979305028915405
15.827316790819168
16.110206067562103
15.719526678323746
15.7602519094944
15.88601940870285
15.908264487981796
15.904408931732178
16.084776431322098
16.163859218358994
15.996027410030365
16.09961500763893
15.922300398349762
16.015828371047974
15.854045033454895
15.855055272579193
16.041952580213547
15.845197528600693
16.162228733301163
16.21491014957428
16.224960058927536
16.00894394516945
15.90038651227951
16.02962762117386
15.826646864414215
15.806742578744888
16.103692173957825
16.084745794534683
16.160195410251617
16.242983400821686
16.113467007875443
16.313359141349792
16.258368968963623
16.169096410274506
16.05547133088112
16.012606501579285
16.067289024591446
15.990512758493423
16.219020754098892
16.09353405237198
16.196862876415253
16.256630778312683
16.18010115623474
16.25958162546158
16.187399715185165
16.063367247581482
16.33590167760849
16.296647906303406
16.270235061645508
16.143729209899902
16.233404725790024
16.31532073020935
16.32675999403
16.26106557250023
16.354273110628128
16.30989283323288
16.299798399209976
16.247402518987656
16.27146092057228
16.34297090768814
16.27670305967331
16.17639183998108
16.404562890529633
16.39365777373314
16.414260864257812
16.28908935189247
16.297037065029144
16.32491385936737
16.406707286834717
16.347557246685028
16.413581788539886
16.530127108097076
16.427262723445892
16.396051734685898
16.36064052581787
16.32644608616829
16.474420309066772
16.458818674087524
16.52541834115982
16.45066738128662
16.485809564590454
16.22310894727707
16.351070165634155
16.443817645311356
16.38518399000168
16.44542944431305
16.447771728038788
16.573856234550476
16.557815313339233
16.526847422122955
16.361496835947037
16.640645682811737
16.55048033595085
16.59345704317093
16.47983878850937
16.552086234092712
16.51352286338806
16.446169763803482
16.453382819890976
16.56024658679962
16.434403955936432
16.48085868358612
16.422226071357727
16.521593630313873
16.41060757637024
16.59828555583954
16.573821425437927
16.60860389471054
16.78200250864029
16.635287880897522
16.702342569828033
16.58751142024994
16.57614529132843
16.618559420108795
16.563923120498657
16.691651105880737
16.81982445716858
16.736095070838928
16.713331818580627
16.60172873735428
16.60169744491577
16.539133965969086
16.65422421693802
16.74345773458481
16.641642034053802
16.67192107439041
16.718800485134125
16.676047205924988
16.704387605190277
16.718223869800568
16.803004205226898
16.755013167858124
16.65568220615387
16.78972738981247
16.687535762786865
16.768230974674225
16.602614104747772
16.773041307926178
16.84455418586731
16.70221036672592
16.849835753440857
16.81446897983551
16.73409515619278
16.665266931056976
16.747820794582367
16.763811826705933
16.77594643831253
16.886806905269623
16.813727259635925
16.800872325897217
16.833429098129272
16.76790952682495
16.864101767539978
16.839267075061798
16.79277330636978
16.712599873542786
16.77444577217102
16.83424264192581
16.74776166677475
16.80276244878769
16.7098069190979
16.881319880485535
16.77096951007843
16.71078062057495
16.620952665805817
16.892602741718292
17.00716984272003
17.0141122341156
16.847177505493164
16.84607446193695
16.85203856229782
16.791272401809692
16.949806094169617
16.8458833694458
17.025491654872894
16.73649287223816
16.982293605804443
16.700227677822113
16.707564175128937
16.617905974388123
16.865907073020935
16.81997537612915
16.636604636907578
16.910195350646973
16.821899473667145
16.928220570087433
16.930190682411194
16.92191618680954
16.868424952030182
16.869467675685883
16.8429913520813
17.067435026168823
16.855508744716644
16.66102433204651
17.145122706890106
17.028880774974823
16.91387516260147
16.870734095573425
16.847569584846497
16.860023975372314
16.897741496562958
16.80422270298004
16.774077832698822
17.113391935825348
17.126794159412384
16.789779663085938
16.89070564508438
17.178098022937775
16.96915090084076
16.532164990901947
16.806289434432983
16.790366053581238
17.091369330883026
17.06182897090912
17.011055409908295
17.02943354845047
16.953295648097992
17.06553965806961
16.803722202777863
17.114659428596497
16.97821944952011
17.03949898481369
17.088239431381226
16.996186435222626
16.901120722293854
17.07608252763748
17.246016323566437
17.015206396579742
16.93078100681305
16.746930837631226
17.183753728866577
17.156008005142212
17.24179095029831
17.111795783042908
17.32115000486374
17.289835333824158
17.30642068386078
16.899503350257874
17.15563577413559
17.087837874889374
17.34189623594284
17.354818165302277
17.19361025094986
17.14712417125702
17.201737642288208
17.168036699295044
17.02862536907196
17.049150705337524
16.989318430423737
17.13824737071991
17.211294889450073
17.154300212860107
17.323249995708466
17.007643699645996
17.268967390060425
17.096900403499603
17.02146017551422
17.403987169265747
17.308049261569977
17.38943076133728
17.36873322725296
17.027548670768738
17.30270528793335
17.112466156482697
17.287933826446533
17.455082893371582
17.287298440933228
17.467286825180054
17.205266773700714
17.369262278079987
17.308657944202423
17.2915540933609
17.44474446773529
17.355885088443756
17.215933084487915
17.465615332126617
17.52443516254425
16.983728289604187
17.53633862733841
17.35894066095352
17.49813038110733
17.298823297023773
17.365250945091248
17.167513132095337
17.483689785003662
17.407468140125275
17.66246336698532
17.393723249435425
17.421919226646423
17.36919790506363
17.341780722141266
17.332754254341125
17.376953542232513
17.207610189914703
17.588427305221558
17.404134690761566
17.496077716350555
17.372985005378723
17.32486128807068
17.21348738670349
17.508677065372467
17.186430990695953
17.416771948337555
17.39549320936203
17.36352926492691
17.45649343729019
17.350264251232147
17.59538382291794
17.372480034828186
17.38444870710373
17.64950716495514
17.256012320518494
17.318663001060486
17.60550343990326
17.562627732753754
17.702807664871216
17.270181000232697
17.556725323200226
17.517503321170807
17.380940198898315
17.428663194179535
16.949117064476013
17.528371512889862
17.27423131465912
17.612896263599396
17.890824139118195
17.614689648151398
17.515690803527832
17.613814413547516
17.63963782787323
17.34487283229828
17.613673090934753
17.62504881620407
17.781601905822754
17.53152322769165
17.60377323627472
17.526464343070984
17.728724420070648
17.573546946048737
17.30626392364502
17.661289155483246
17.656819939613342
17.57925146818161
17.527381539344788
17.45125013589859
17.520275831222534
17.701155483722687
17.427576959133148
17.767485201358795
17.801957726478577
17.781411111354828
17.725310742855072
17.60564523935318
17.48307454586029
17.549834370613098
17.350310027599335
17.724963784217834
18.012871026992798
17.604398369789124
17.9135605096817
17.68284833431244
17.885816276073456
17.681690871715546
17.659919559955597
17.549423575401306
17.500359177589417
17.470206677913666
17.73797243833542
17.897266447544098
17.878757894039154
18.009621739387512
17.464126527309418
17.88935697078705
17.789523601531982
17.499210596084595
17.70950084924698
17.932110905647278
17.722920536994934
17.96690946817398
18.05728965997696
17.817407190799713
17.78546303510666
17.9965997338295
17.849721312522888
17.689507961273193
17.72691297531128
17.70772224664688
17.825042843818665
17.882129669189453
17.704328417778015
17.655617892742157
17.606373071670532
17.691193997859955
17.772506177425385
18.169346570968628
18.05913132429123
18.024719536304474
17.893424570560455
17.936761438846588
17.912355542182922
17.94597625732422
17.871227204799652
18.09327781200409
17.9844172000885
17.970911502838135
17.716165959835052
17.953262865543365
18.052699089050293
17.869332015514374
18.04490977525711
18.136983036994934
17.855173647403717
17.801631093025208
18.098519027233124
17.868485867977142
17.94919002056122
18.03833931684494
18.01336818933487
17.851301312446594
17.75262087583542
18.130529761314392
18.1189723610878
17.874577701091766
18.02513861656189
17.859322607517242
17.826374650001526
18.106953144073486
18.190116047859192
17.867278039455414
17.951470136642456
18.12444233894348
18.24413639307022
18.017246425151825
18.07611632347107
18.185238361358643
18.057240068912506
18.180571734905243
17.947107911109924
18.14146649837494
17.97898894548416
18.02083283662796
17.907467901706696
18.20228511095047
18.128657817840576
18.271553874015808
18.206991314888
18.18571448326111
18.18564623594284
18.217686533927917
18.179382383823395
18.266731679439545
17.943023085594177
18.151764810085297
18.11178296804428
18.139780580997467
18.33651226758957
18.236782252788544
18.079724192619324
18.15301775932312
18.38736093044281
18.02808368206024
17.781348884105682
17.897686660289764
18.35572838783264
18.534494400024414
18.026829659938812
18.38913232088089
18.145573139190674
18.180466294288635
18.17196935415268
18.16216802597046
18.24375170469284
18.084527909755707
18.16692841053009
17.70917445421219
18.121437966823578
18.216995537281036
18.357710361480713
18.34497570991516
18.45451009273529
18.541440069675446
18.087709188461304
18.132737159729004
18.276775777339935
18.168314278125763
18.47148436307907
18.383934319019318
18.59609752893448
18.35688328742981
18.408527076244354
18.609888970851898
18.548679172992706
18.250361561775208
18.278375566005707
18.290851354599
18.30827087163925
18.40398532152176
18.534520208835602
18.31095415353775
18.418106079101562
18.611797213554382
18.30108416080475
18.36703461408615
18.332967400550842
18.10229766368866
18.18630415201187
18.321994721889496
18.343596577644348
18.41917324066162
18.401172399520874
18.2113915681839
18.376354932785034
18.202183723449707
18.33951985836029
18.37141305208206
18.582581400871277
18.476830542087555
18.085416436195374
18.221398055553436
18.55958354473114
18.584148287773132
18.626343250274658
18.41871738433838
18.42580270767212
18.6954425573349
18.36904287338257
18.562368035316467
18.32748305797577
18.189254343509674
18.514170169830322
18.592083275318146
18.485832810401917
18.54000848531723
18.49117797613144
18.64475977420807
18.439142048358917
18.574330925941467
18.24376755952835
18.767170548439026
18.42883986234665
18.507454931735992
18.72944062948227
18.59848064184189
18.626218020915985
18.39743798971176
18.537283539772034
18.47381955385208
18.18971210718155
18.46437007188797
18.261445462703705
18.449071645736694
18.79012942314148
18.755979120731354
18.48951381444931
18.432181894779205
18.49443632364273
18.621777594089508
18.37648570537567
18.588372111320496
18.558603286743164
18.500143349170685
18.514559388160706
18.41625863313675
18.647196412086487
18.60385227203369
18.604729056358337
18.658581912517548
18.453654944896698
18.570960879325867
18.548713326454163
18.67674195766449
18.485561907291412
18.634038865566254
18.766428887844086
18.7442045211792
18.436526477336884
18.44770324230194
18.5633682012558
18.834558069705963
18.7830570936203
18.636596083641052
18.651809632778168
18.54539680480957
18.45220386981964
18.729450464248657
18.653825998306274
18.686542510986328
18.768694281578064
18.78263682126999
18.78356248140335
18.490787088871002
18.805748283863068
18.822099208831787
18.771857261657715
18.59331727027893
18.508004903793335
18.639303147792816
18.75114542245865
18.97846406698227
18.958555161952972
18.747372448444366
19.051032543182373
18.94976580142975
18.76555746793747
18.64374476671219
18.529691994190216
18.637024641036987
18.08530193567276
18.546968936920166
18.657563745975494
19.062831163406372
18.72733223438263
18.992710411548615
19.276097416877747
18.803687274456024
19.069588780403137
18.900653779506683
18.685525000095367
18.258735239505768
18.38740998506546
18.454591631889343
19.012666165828705
18.677655041217804
18.824761271476746
18.760684967041016
18.923112869262695
18.574161410331726
18.79328066110611
18.59577304124832
18.703454673290253
18.916139602661133
18.890744864940643
18.81618857383728
18.825653731822968
18.306343734264374
18.920601069927216
19.110112965106964
18.62227690219879
18.841152250766754
18.96584975719452
18.985507488250732
18.956716239452362
18.773570656776428
19.04221260547638
18.97667360305786
19.117259860038757
18.824470102787018
18.90568518638611
18.70680183172226
19.00490641593933
18.798949539661407
18.873724222183228
18.908928215503693
18.636573612689972
18.899757385253906
18.888010263442993
19.220678865909576
18.98378348350525
18.939918041229248
19.071281671524048
18.814574599266052
18.984711289405823
18.955300331115723
19.07443678379059
18.63766211271286
19.248628795146942
18.816260397434235
18.890837728977203
19.223993062973022
18.948241651058197
18.92788141965866
19.256170392036438
19.334176003932953
18.910317182540894
19.37837302684784
19.379475593566895
19.293309211730957
19.020683109760284
19.077734291553497
19.12292915582657
19.208225309848785
18.663182616233826
19.027472376823425
19.07876980304718
19.172589004039764
19.160212695598602
19.318964779376984
18.98737096786499
19.126302421092987
19.15918678045273
19.1426984667778
18.917682349681854
19.373750030994415
19.1434143781662
19.236380577087402
19.21468812227249
19.400201559066772
19.17026460170746
19.34415167570114
18.81646353006363
19.41415548324585
19.158754229545593
19.529612600803375
19.287358462810516
19.417714774608612
19.211229979991913
19.31937336921692
19.519711196422577
19.183798730373383
19.47018939256668
19.167392432689667
19.299658477306366
19.441063225269318
19.1777606010437
19.342721223831177
19.127954959869385
19.477010905742645
19.54986923933029
19.31810748577118
19.398989379405975
19.364202201366425
19.289214730262756
19.25012308359146
19.193712830543518
19.5722519159317
19.500352680683136
19.33747661113739
19.45582467317581
19.290615797042847
19.4813734292984
19.603484869003296
19.585965275764465
19.56797820329666
19.185649871826172
19.303222179412842
19.540455102920532
19.101991295814514
19.68016278743744
19.568624079227448
19.286423921585083
19.46941512823105
19.331136882305145
19.463448226451874
19.60479760169983
19.541829586029053
19.48281556367874
19.125593304634094
19.43948346376419
19.465097427368164
19.50540268421173
19.6177219748497
19.436872363090515
19.571220636367798
19.412597239017487
19.555021166801453
19.69679480791092
19.534426152706146
19.417269587516785
19.75501048564911
19.355860114097595
19.13139146566391
19.555102348327637
19.699595510959625
19.670582354068756
19.462532103061676
19.58093160390854
19.71890902519226
19.536067306995392
19.66199880838394
19.625921607017517
19.780255436897278
19.659032106399536
19.628989219665527
19.553403913974762
19.411004900932312
19.334873378276825
19.608155965805054
19.60660409927368
19.84213525056839
19.81223374605179
19.634217739105225
19.811912059783936
19.525468707084656
19.591114401817322
19.631329655647278
19.875454425811768
19.75075477361679
19.65294849872589
19.475602090358734
19.618087828159332
19.63348090648651
19.912069261074066
19.78453004360199
19.826392650604248
19.69559109210968
19.72054612636566
19.720646262168884
19.789647459983826
20.020762085914612
19.87120360136032
19.811997950077057
19.38092565536499
19.499166190624237
19.604030907154083
19.38342982530594
19.852600693702698
19.796313762664795
19.800965666770935
19.882988333702087
19.7662011384964
19.769158005714417
19.673747301101685
19.405367970466614
19.75684106349945
19.686402797698975
19.743113160133362
19.987614810466766
19.777470529079437
20.00246149301529
19.98303508758545
19.87689459323883
19.635456323623657
19.487910568714142
19.78664219379425
19.642366766929626
19.995523691177368
19.84920221567154
19.882860600948334
19.962824523448944
19.934488236904144
19.87026482820511
19.950399339199066
19.779137313365936
19.79927545785904
19.585375726222992
19.882702589035034
19.98615252971649
19.95035469532013
19.73016983270645
19.71116530895233
19.756277084350586
19.67872703075409
20.02245318889618
20.151172161102295
19.971032083034515
19.91861653327942
19.73194307088852
19.885038912296295
19.9615016579628
19.90600299835205
19.89285534620285
19.994047462940216
20.05913609266281
19.992736279964447
19.823181927204132
20.066391944885254
19.98280394077301
19.91018944978714
20.017655611038208
19.88446432352066
19.950633466243744
19.766512989997864
19.989416241645813
19.816616773605347
19.96895742416382
20.04206746816635
20.009349644184113
19.92170637845993
20.03521740436554
20.212796688079834
19.945647180080414
20.08739674091339
20.21872228384018
20.190484642982483
20.070203185081482
19.799124240875244
20.11024045944214
19.7804172039032
19.945805430412292
20.040456295013428
20.259380519390106
20.004790544509888
20.203084468841553
20.097249805927277
19.87288510799408
19.955249667167664
19.87742978334427
20.168461441993713
19.784416913986206
19.941129624843597
20.272297382354736
20.138861417770386
20.097527146339417
19.936878561973572
20.018800795078278
20.037677466869354
19.890020072460175
19.977324724197388
20.174137234687805
20.235088288784027
20.2675302028656
20.002746522426605
20.24699181318283
19.956834852695465
20.107600033283234
20.08244115114212
20.005311965942383
20.03508710861206
20.1442893743515
20.322751820087433
20.189826011657715
19.81476354598999
20.281722128391266
20.26865291595459
20.226747751235962
19.978734493255615
20.176565527915955
20.051026821136475
20.052967071533203
20.151377081871033
20.27045840024948
20.491890370845795
20.205581486225128
20.35233849287033
20.279440999031067
20.07046365737915
20.07447189092636
20.14711558818817
20.44422036409378
20.29951024055481
20.034979462623596
20.416129052639008
20.08466225862503
20.562883496284485
20.412575125694275
20.287043869495392
20.371619045734406
20.09667432308197
20.18821132183075
20.36633163690567
20.24777102470398
20.253161430358887
20.485183238983154
20.322221279144287
20.171708285808563
20.41488951444626
20.214767575263977
20.137585282325745
20.02779656648636
20.239044845104218
20.230887532234192
20.174939572811127
20.324150264263153
20.2176313996315
20.48223865032196
20.195813357830048
20.296334087848663
20.11076408624649
20.573552310466766
20.605654001235962
20.00344318151474
20.328815817832947
20.125563740730286
20.581708550453186
20.35469561815262
20.354328632354736
20.486064195632935
20.576981902122498
20.25047641992569
20.41254687309265
20.43068093061447
20.2339968085289
20.583210349082947
20.519190788269043
20.371208906173706
20.49365258216858
20.430050790309906
20.543838560581207
20.561284065246582
20.555936217308044
20.51760894060135
20.391744792461395
20.451312601566315
20.426803648471832
20.662031829357147
20.592888355255127
20.4593368768692
20.730126082897186
20.35267925262451
20.621601104736328
20.606829404830933
20.738112449645996
20.714546620845795
20.277764439582825
20.4951873421669
20.602086305618286
20.703303933143616
20.667669415473938
20.340617775917053
20.682241082191467
20.44136941432953
20.442666888237
20.41846591234207
20.58799582719803
20.420745134353638
20.43806028366089
20.869980573654175
20.841590762138367
20.690403163433075
20.675561785697937
20.71598094701767
20.37744963169098
20.602323472499847
20.380129098892212
20.806665360927582
20.816429018974304
20.637530624866486
20.806595146656036
20.6528422832489
20.472256302833557
20.775643169879913
20.837424516677856
20.881530940532684
20.616061806678772
20.81121999025345
20.739858329296112
20.84354966878891
20.52766841650009
