0.656921207155
0.8267617426
0.826825479755
0.9792971902800001
0.9999622362249999
1.0
1.0
0.99999472053
1.0
1.0
1.0
1.0
1.0
1.0
0.99999420058
1.0
1.0
1.0
1.0
1.0
1.0
1.0
0.99999884
0.9999996000000001
1.0
0.99996864789
1.0
1.0
0.9999917015750001
1.0
1.0
1.0
1.0
0.990413710405
0.9386931442249999
0.01487603833999994
0.8598070965800001
0.997989381875
0.99996786564
1.0
1.0
0.999969784
1.0
1.0
1.0
0.999989305665
1.0
0.99999951783
1.0
1.0
0.99985410129
0.99475619968
1.0
1.0
0.999548477285
1.0
0.999971257245
0.970215009005
0.9864363164700001
0.991334402565
0.99487026379
0.9539150682199999
0.9745927086449999
1.0
0.99997959469
0.995625139665
1.0
0.983995527155
0.97827939618
0.956802816165
0.007609353609999962
0.007609353609999962
0.86515452896
0.9920709845600001
1.0
1.0
0.9964053030300001
0.991191292135
0.9910776367099999
1.0
0.9675142743199999
0.960060036095
0.9958828125
1.0
1.0
0.903339222545
0.99090416333
1.0
0.9847901507550001
0.953618319695
0.9742754773550001
0.9863586633400001
0.9187929817550001
0.986666479665
1.0
0.977279297965
0.9725066266250001
0.97231276145
0.9964819001799999
0.952680999305
0.9650164323
0.938093772455
0.93465170966
0.9342650842699999
0.960443602085
0.826213565705
0.007874142854999955
0.9068134637099999
1.0
1.0
0.99297732214
0.99297732214
0.918900380075
0.923815403105
0.94865514897
0.9886546610999999
0.89405461121
0.9914068068049999
0.9914068068049999
0.976907410005
1.0
0.90255818418
0.8877793627
0.88780332266
0.88783331664
0.88783331664
0.970482295505
0.81888495326
0.978530491345
0.87644831786
0.89757862565
0.8484062449950001
0.9005736589250001
0.976493988195
0.861882536195
0.8476369949100001
0.968265300795
0.81818
0.9673788621149999
0.88380558548
0.98213837816
0.977767904885
0.005393748504999967
0.7584879237350001
0.980658331665
1.0
1.0
1.0
0.98409821893
1.0
0.97107775227
0.98017539078
0.97156547655
1.0
0.968808221375
0.96581848
0.92990698324
0.9729508196700001
1.0
0.8328813118699999
0.8641230307900001
0.8888813518650001
0.8818996206849999
0.864123311285
0.842879864025
0.823704419115
0.9798565842000001
0.857262883495
0.8742256246250001
0.793492316925
0.7962885873900001
0.986318548955
0.99996771677
1.0
1.0
1.0
0.9773714741999999
0.967325658185
0.004515645660000009
0.7462155026049999
0.8525793614049999
0.9902273464900001
1.0
0.84570088
0.98436608479
0.999993866505
0.832075847585
0.986494578915
0.851371844175
0.988768962405
1.0
1.0
0.8957042525650001
0.8487535005
0.976499949985
0.813716853035
0.985438632275
0.83756054422
0.7814720112
0.7722324567550001
0.782832566935
0.768656646235
0.6975551596449999
0.667164569605
0.713308941625
0.96875449556
0.76986908145
0.77836384723
0.72991596
0.713001216715
0.692277185245
0.67843425481
0.99010792317
0.9951262399999999
0.0010339070449999416
0.63163398039
0.84332145991
0.97687801063
0.7734897599999999
0.97006350095
0.8330376834750001
0.81092307385
0.9940226543699999
0.915727908835
0.90070110022
0.997500698185
0.93163244761
0.9063017291350001
0.991990318065
0.908341819635
0.992682546365
0.9493401719650001
0.99656778322
1.0
1.0
1.0
0.8751923607650001
0.98997901247
1.0
0.919858574145
0.89769568
0.9218696799999999
0.8623657736900001
0.8666418325499999
0.8659767999999999
0.833711151005
0.986970506265
1.0
0.7070907818450001
0.68027179088
0.0005254490799999622
0.6004041999999999
0.7633060159999999
0.7797894442800001
0.7985177483949999
0.799774652395
0.9571757648449999
1.0
0.7176502749750001
0.760612272635
0.7717077892199999
0.826998083065
0.83954905301
0.8452527947199999
0.83948053557
0.982335103835
0.8734607056950001
0.8206835432899999
0.87801139886
0.995777511725
0.917256249375
0.98558208
1.0
0.990327497755
0.993070917295
1.0
0.99999447558
0.9804095371099999
1.0
0.9522298170200001
0.9877672501749999
0.771549616035
0.980726937345
0.73816986904
0.7291055577750001
0.7566622634349999
1.1036005000059959e-05
0.8404344641249999
0.6941160610599999
0.7358889688250001
0.976119711305
0.76932035144
0.7580876936900001
0.992741398225
1.0
1.0
0.80251087326
0.86656028651
0.967612364075
0.764053525355
0.9828890441050001
0.749368053475
0.7960232912399999
0.714098670665
0.71682739726
0.765190122965
0.799513835095
0.9739675133
0.7452714072
0.753886211725
0.7862567581050001
0.791318877755
0.9534219106749999
1.0
0.99632988048
0.999866693445
0.9999860056000001
0.823639624525
0.798823534105
0.7861318241
0.72319923939
0.7201341197650001
0.0009057451049999508
0.54299701816
0.8329408118399999
0.793292729275
0.8333540303250001
0.8470170191449999
0.9873009099100001
1.0
1.0
0.890696672015
0.93382720544
0.774633649905
0.97569020902
1.0
1.0
0.872105629435
0.9162100129899999
0.90535540918
0.985939815555
1.0
0.93052299721
0.99149139073
0.903595360465
0.88639032097
0.9886529042550001
0.9021682183
0.975537046295
0.98176082433
1.0
0.89946650612
0.9268889555200001
0.92043860772
0.87395976473
0.85329920802
0.98579687875
0.7665101200000001
0.014772910684999951
0.86662316951
1.0
0.8562598162199999
0.973110731465
1.0
0.8505068349349999
0.9910091809200001
0.999999761195
0.8339399598400001
0.9722483116899999
0.8092231623150001
0.86671425723
0.8442620938650001
0.7994358635850001
0.980824121005
0.88375798587
0.988381626295
0.8005409721550001
0.8602037177699999
0.9886796085499999
0.88900896538
0.9600337301199999
0.99853329327
0.9908802074999999
0.999191230355
0.99758371837
0.9717707248699999
0.99930671181
0.97909287795
0.978451434855
0.9814691163250001
0.97860439297
0.9994535380899999
0.999960008
1.0
0.03769930235000007
0.806528808665
0.9837853374650001
0.9999939498149999
1.0
1.0
0.99159792083
1.0
1.0
0.999970904
0.999350344965
0.99956071001
1.0
0.99998713158
1.0
1.0
0.999193971665
1.0
1.0
1.0
1.0
1.0
1.0
1.0
1.0
1.0
1.0
1.0
1.0
0.9990762105250001
0.999970777535
0.99891436
0.9422645245
0.99330393985
1.0
1.0
0.05245759936000002
0.651211687195
0.975029026725
0.93190596491
0.97808873338
0.9980603260350001
1.0
1.0
1.0
1.0
1.0
1.0
1.0
1.0
1.0
1.0
1.0
1.0
1.0
1.0
1.0
0.99998872113
1.0
1.0
1.0
1.0
1.0
1.0
1.0
1.0
1.0
1.0
1.0
0.999997759775
1.0
0.99289868987
0.06590355857500006
0.82618193961
1.0
1.0
1.0
0.993641504905
0.9991409692850001
0.999988329655
1.0
0.9998917999999999
1.0
0.99230369465
0.999913184505
0.9568756195050001
0.9639431427449999
0.99186750675
0.985658460615
0.9982974944899999
1.0
1.0
1.0
1.0
1.0
0.9988430572249999
1.0
0.9971756160849999
0.99981443175
1.0
0.999977545535
1.0
1.0
1.0
1.0
1.0
1.0
1.0
0.06775549228000004
0.7653118983799999
1.0
0.9956554278899999
1.0
0.99998848115
1.0
0.984484794095
0.99519562995
0.98688136
0.99980142071
0.9988562936350001
1.0
0.985596081175
0.98676658329
1.0
0.99999172192
1.0
1.0
1.0
0.9798292385999999
0.98466554487
0.99999711827
1.0
0.99996026065
0.982670890375
0.981978069035
1.0
0.997771216825
1.0
1.0
1.0
1.0
1.0
1.0
1.0
0.07287055527999997
0.78130829249
0.91846342515
0.8520035019
0.996766425495
1.0
0.93358257037
0.99645288
0.9996728727149999
0.999973455745
0.999983076
1.0
1.0
1.0
1.0
1.0
1.0
1.0
1.0
0.971964797445
0.9313587994
0.8850186688
0.9455299589049999
0.997288192435
0.997439767605
0.83381884087
0.8904773584900001
0.833387077415
0.768688877805
0.872534263505
0.914210503065
0.97568515406
0.9234729416449999
0.972524045575
0.8117269561749999
0.9850276725800001
0.08786575742500005
0.55452998404
0.817501276935
0.78774845608
0.8526646589550001
0.979806542245
0.839992860705
0.874522302445
0.84626732
0.92581479704
0.99395012469
0.95729299248
0.99704665201
0.98643885943
0.9969286384049999
1.0
1.0
0.9948675199999999
1.0
0.98811612515
0.999943456965
0.845928272825
0.8741518851000001
0.98732586207
0.908830443045
0.871273825235
0.84970639274
0.8429115924599999
0.883782145355
0.99645120512
0.885581564245
0.8456311115549999
0.86305638872
0.8573645999999999
0.867410532615
0.9950408261500001
0.08715779288499995
0.753492230115
0.8542730765400001
0.969403398615
1.0
0.7144470928500001
0.7116893459799999
0.7242722550899999
0.71680339932
0.7610649995
0.77896718859
0.74946495641
0.77981930193
0.8870556911399999
0.8872286715400001
0.86965479725
0.891056017635
0.992376024855
0.9999514074649999
1.0
0.999985679905
1.0
0.90413462615
0.94480143455
0.9986180871300001
0.872894992505
0.8587806722699999
0.84426953133
0.869815991195
0.8432148593150001
0.97464138414
0.8403732109
0.8046960320650001
0.853665004985
0.96302091346
0.9141980253299999
0.07752607411999998
0.57965641128
0.875650634935
0.8866537548600001
0.947409204855
0.9646055383400001
0.9968186437300001
0.999996089775
0.997123777065
0.9928314768500001
0.94004419116
0.99876933812
0.9732957463899999
0.920859754025
0.893142068415
0.9913747199999999
0.8734545091
0.9400422988499999
0.886255582235
0.9975557776899999
0.952440838325
0.920778312285
0.8907046
0.905341225875
0.91560510723
0.9046657443599999
0.90043156
0.90344708
0.940045805485
0.990318044285
0.99878506955
0.9678649205250001
0.9964801436099999
1.0
0.986702980595
0.95506090782
0.09369038411500005
0.541927931035
0.8255778982099999
0.77147239828
0.826361363865
0.8067680240099999
0.78622237329
0.8248640064
0.8353301469850001
0.9919807580750001
0.918419436115
0.9266016800000001
0.93964979502
0.9861679401500001
0.92427563396
0.907304770475
0.8736748474849999
0.832855221945
0.8024143114850001
0.845266646665
0.778583566575
0.730020322775
0.7661480485600001
0.765613156055
0.77608822647
0.78017429855
0.77611010787
0.8345319165999999
0.97718195278
0.81101592179
0.95476840632
0.8238210926549999
0.823307246665
0.8478725692
0.756309754875
0.7687240582
0.07384155666999999
0.57584752475
0.9284453863850001
0.90247483536
0.934419693785
0.9304813858
0.9350708400000001
0.83603554403
0.738431037595
0.73535583792
0.7324405907
0.99514855769
0.821318806745
0.769246962265
0.7677056671650001
0.78901556
0.8030596126949999
0.8593462210199999
0.8107704488649999
0.98701392557
1.0
0.8344243151349999
0.8279736721
0.9811660151599999
1.0
1.0
0.8061651365150001
0.8627451754400001
0.8188235835850001
0.8805376111950001
0.996618054305
0.85669744613
0.82392149158
0.8395102441
0.84209873038
0.7778882399999999
0.08632104810499994
0.506942616525
0.7498102000000001
0.7569481303750001
0.978504418955
0.8143608338349999
0.78100222111
0.82310990703
0.794550363655
0.75718772559
0.7567825703700001
0.78410131789
0.8243492856450001
0.8040649361000001
0.68707048193
0.78394725055
0.775502986715
0.947384215785
0.9999836792000001
0.7581365142750001
0.85960829078
0.95978347339
0.85656768402
0.8155982407050001
0.8040537960099999
0.84750413917
0.851704848965
0.8268457211750001
0.78439711625
0.76025169796
0.6642840811449999
0.70707910418
0.970761022555
0.6800803278700001
0.66295593085
0.9616641837250001
0.13383524982500006
0.501498848735
0.97383329535
0.775615043895
0.83113751128
0.8289183081699999
0.8355083749750001
0.7614182109250001
0.759433832035
0.776503136585
0.82361991801
0.92000320064
0.94250056983
0.94539209581
0.877404009625
0.8206163783600001
0.82139654173
0.818724406305
0.805780298625
0.77845286414
0.98783395698
0.80862373219
0.77031362499
0.97871086608
0.7426472211099999
0.6869594878449999
0.9269391980849999
0.9062134937349999
0.86458216
0.805609993005
0.7999749226299999
0.775887810745
0.81697152556
0.9887377403850001
0.8038529052900001
0.838857997605
0.11602319583499994
0.7270830221150001
0.7247256452749999
0.769942332635
0.770140068175
0.780946733345
0.783030656935
0.77217377605
0.784755751855
0.7947961246499999
0.7782986501350001
0.7203086103299999
0.695543894655
0.6630703503500001
0.9835168753150001
0.72886550829
0.71510512667
0.6568789737399999
0.669015692155
0.6675586510550001
0.69948225229
0.9843842624250001
0.68974029344
0.96129985969
0.664632759135
0.69261401223
0.65788294341
0.73331420568
0.7470918432649999
0.7171857997600001
0.73202407463
0.72938244351
0.724559102745
0.98185591355
0.74869522859
0.80341515091
0.10988534373999995
0.433281213215
0.735954114715
0.8025687988749999
0.7731802479
0.9830484593850001
0.74734310792
0.78323709273
0.7850933999999999
0.79460757621
0.83755884642
0.80910857143
0.766151655165
0.81731936
0.7795563243699999
0.7754423843699999
0.97371226803
0.7778164183599999
0.969401540155
0.77956871575
0.8216780008050001
0.78325711429
0.761854065405
0.78580099661
0.7340251630400001
0.7717310800000001
0.78252077961
0.72529479792
0.68930421945
0.705749077785
0.6862137758649999
0.98031830366
0.732443786865
0.716627738975
0.6906290755950001
0.706941571685
0.10350753974000007
0.539814089955
0.9854835823899999
0.930656774325
0.96453269327
0.96143226321
0.98561163257
0.8253286928700001
0.752511046685
0.756737526245
0.9423104239400001
0.962704028865
0.989024062405
0.8835525999999999
0.9314387708249999
0.99782277466
0.98132445777
0.99173852
0.938541988235
0.9588290755950001
0.9452173669449999
0.888529747025
0.8674904000000001
0.8970015754299999
0.90603689963
0.84887136
0.85339473842
0.88476069572
0.924933253515
0.929532524805
0.9907824382449999
0.8684022800000001
0.9917642130450001
0.768689345495
0.798781192475
0.9800476447650001
0.16227962885500005
0.596747096905
0.9914310168999999
0.967336681005
0.98790302184
0.983591659985
0.934592121575
0.92561742954
0.859176668335
0.82237610452
0.83301453634
0.83757151715
0.837529167085
0.795202633155
0.780278640875
0.780198620415
0.9894549164750001
0.80492225555
0.9861443990050001
0.86776787648
0.85585052
0.86678712
0.89486283036
0.9016850210549999
0.913189761025
0.9069668466299999
0.98942104005
1.0
1.0
0.9160368036800001
0.94085942766
0.9187742880049999
0.95097784
0.918479264145
0.86712450648
0.987805094265
0.17237952986000005
0.478987448785
0.9905007862699999
0.9314523150949999
0.850430126025
0.8222015798400001
0.8498288393500001
0.86236082577
0.861077950465
0.9018134986499999
0.903616313475
0.9940219117950001
0.900527402065
0.921138489245
0.91856864627
0.868297198685
0.89809003912
0.90552736
0.91370621062
0.908213026975
0.9934844825849999
0.904706960885
0.92290689862
0.98247114577
0.96446951317
0.9189149904749999
0.99262837716
0.93915055011
0.9503128179550001
0.98044038095
0.974017158285
0.97519763953
0.96405996402
0.99210303393
0.96468885325
0.81361380276
0.15798267892999995
0.43025801237500005
0.825554951885
0.86232345531
0.99641736
1.0
1.0
0.9026871651349999
0.8667583433349999
0.8552161962700001
0.8484685450699999
0.99236819682
1.0
0.99999932
0.979907710725
0.969371394205
0.96948364
0.9950344
1.0
0.922178201145
0.96352189562
0.92959816037
0.991856028795
0.95016281808
0.996424538895
0.9953191719150001
0.95351110667
0.949988358835
0.9244664006400001
0.9628487570150001
0.9298789442100001
0.867497019405
0.83978086887
0.837343287175
0.837290550945
0.86107196
0.16083374052
0.512388643015
0.9053661999999999
0.988028622825
0.92908478848
0.98493423783
0.983836936035
0.95737860428
0.9487902790299999
0.997194573025
1.0
0.98838328
0.931549790125
0.88147852
0.87801951901
0.9912844110300001
0.867852008795
0.93668624
0.9892082984249999
1.0
0.8663250075000001
0.88583552
0.89240139637
0.88015057644
0.85445788579
0.8517989403199999
0.982919210055
0.8493527724850001
0.7919861627699999
0.8587638727750001
0.8638520252049999
0.942024381485
0.97767157177
1.0
0.881454056765
0.92051676
0.18888495001999997
0.488796785645
0.9693067214900001
0.572701243885
0.5980339301800001
0.6427045032450001
0.84129044624
0.80657837132
0.79782172869
0.7963084616899999
0.7468627937200001
0.745954673315
0.719595831665
0.78362505002
0.776534666535
0.7410949132249999
0.780489102755
0.763258268345
0.697272218335
0.674058417525
0.6437280399
0.71154991981
0.733179010495
0.7396532906600001
0.734310151015
0.7332281723849999
0.69756660334
0.9624194887199999
0.69069356737
0.6918198799999999
0.70493759647
0.699869826985
0.684640744075
0.653954079395
0.635253635545
0.62335975257
0.12494056112000006
0.42982392
0.740495996815
0.610416947115
0.61730094207
0.63218512959
0.6323394773600001
0.63237251725
0.632385275585
0.60459132313
0.6020970532400001
0.58306156
0.989945837515
0.60889435959
0.60268107783
0.61422850873
0.60854878976
0.65321337873
0.953385877175
0.61312063745
0.655415683525
0.68972469668
0.68017791521
0.65646087218
0.6658558404
0.6666287661599999
0.963193921215
0.99996639328
0.656242857145
0.62729116969
0.62715079508
0.65396760324
0.644376035205
0.626248531315
0.67238298043
0.698054376315
0.13371509052499997
0.35770070850999997
0.7562563753000001
0.78532057971
0.968931545775
0.7270824374199999
0.784867481955
0.80346808
0.753817658235
0.76232782045
0.751557974935
0.7772559944
0.772828114375
0.7727504799999999
0.7247400398399999
0.7713026740100001
0.982537102755
0.78071805639
0.884129356795
0.89684171779
0.8969146285349999
0.89692761276
0.970459634035
0.895049001095
0.8114267817699999
0.76617118271
0.785020833335
0.79620506807
0.7867779742750001
0.7089596956650001
0.718348934465
0.6796962475049999
0.6741870103900001
0.668551536385
0.7035542286550001
0.14840879664499998
0.14840879664499998
0.7507307091350001
0.809956543505
0.8592451844450001
0.869325698325
0.869325698325
0.895278220795
0.893215651825
0.893244617535
0.868141395535
0.868141395535
0.73366892283
0.72510251899
0.72363784216
0.74683253435
0.8120646101650001
0.795985625625
0.800243258935
0.793386831605
0.7909311948700001
0.787109156335
0.746543789285
0.7249460095749999
0.7249460095749999
0.957716825145
0.731723549965
0.680309473265
0.7975661443250001
0.89907928072
0.91623015015
0.86662522991
0.870053466335
0.871205623055
0.871242407905
0.863131503005
0.18330822730500004
0.43044998302
0.838836390195
0.85953411482
0.86460313906
0.84945544
0.8508150024950001
0.79514737475
0.8398137841350001
0.8291095871249999
0.8332353480950001
0.790101891705
0.800104748545
0.71546272
0.6814982407050001
0.6985445240949999
0.694717379545
0.69527005015
0.7275605436750001
0.66725268098
0.6876575591249999
0.6776533173
0.68031887245
0.68686272782
0.621503669725
0.619161150645
0.6875803862700001
0.8145935509650001
0.891583296615
0.889523303485
0.961400683005
0.785165956595
0.8537887433750001
0.785681116095
0.8547541319399999
0.85802616
0.198777656935
0.366517696
0.9829463966499999
0.740333179675
0.85084826896
0.80148936
0.788622922695
0.8775894546899999
0.8960624337549999
0.8969444255550001
0.793902978215
0.722016565215
0.722145269055
0.95176056931
0.735117063415
0.74272371833
0.7274132531349999
0.76639688
0.7658210357949999
0.71344210421
0.725759042395
0.7756076599149999
0.7983868118699999
0.759898989495
0.80703798125
0.80304110688
0.8084864
0.7755214957000001
0.8374986831600001
0.82819612
0.8267272473049999
0.8132463081850001
0.74901026308
0.73800255923
0.737937501245
0.7998198439699999
0.18640414221500004
0.351656333965
0.61936301616
0.62874911278
0.63415139458
0.637512413725
0.694863067385
0.7349225092249999
0.7234823883
0.7808016414750001
0.8447866334149999
0.87596576
0.8703912616499999
0.872607582845
0.8943827620749999
0.748562642645
0.745837656905
0.744722535355
0.75568316158
0.69403542229
0.698058465235
0.7004282864550001
0.700459378135
0.668048430315
0.652049740105
0.6246241225
0.7651690078500001
0.773656868625
0.7263423373000001
0.7493853756150001
0.71112130101
0.6793525508649999
0.67698223198
0.6772737495
0.61077369106
0.637917027
0.16270720834499997
0.35080613475
0.75359560264
0.76409054647
0.79521388861
0.796997861495
0.72608985623
0.69416764
0.65342438635
0.58798773793
0.59473085926
0.5786144156749999
0.60035252404
0.613622600895
0.6232286631849999
0.96225190076
0.6615277483750001
0.7669111088999999
0.7475092626100001
0.75597363209
0.7674751076849999
0.75167105421
0.6973543181599999
0.6973455528850001
0.6973805599999999
0.71754769015
0.728906701135
0.7212878499050001
0.7212871116449999
0.699491814095
0.66812918459
0.7239529669449999
0.7574826100050001
0.78349325854
0.790814084225
0.830532826715
0.21931502049999996
0.344442128215
0.9708291170900001
0.6582908437349999
0.67532036741
0.61887080248
0.6443340668149999
0.56059973966
0.9692338956
0.584058063225
0.559234014425
0.59936990194
0.64894747334
0.664368223555
0.6649182109899999
0.6282361710650001
0.627034292015
0.667874561405
0.659821344505
0.65725594687
0.6570410707150001
0.683884720695
0.7307866346549999
0.7321034778300001
0.7314126379150001
0.68111804917
0.7319013605450001
0.6871922892550001
0.7327587397149999
0.7707096478100001
0.7708853914599999
0.8464851907500001
0.761042979485
0.6838467001
0.59733285429
0.6225474212300001
0.16337934813
0.40071290387
0.778374442555
0.7753133313349999
0.7895171185600001
0.7863550314800001
0.749893346675
0.71647996006
0.7278252057
0.63783549645
0.67615876309
0.657162636265
0.6593094547249999
0.6737201678999999
0.7407305669450001
0.7299220359299999
0.68223892402
0.985216208105
0.69354021196
0.989862198285
0.69733920176
0.7433369747899999
0.972828165065
1.0
0.7492731966000001
0.7166329828800001
0.743309876915
0.75072346123
0.76299080414
0.781152870335
0.75146708
0.68484938469
0.704389509375
0.6532620558500001
0.643934376255
0.652734866055
0.18495027102499997
0.41510066434
0.849338065165
0.8215050969400001
0.8347884307450001
0.81070376
0.84451238779
0.814085694235
0.8251295011499999
0.7600395718699999
0.75883247026
0.781916098145
0.79101211149
0.793624907545
0.9866710013000001
0.8184292770699999
0.85779966017
0.82939417398
0.8093066880600001
0.82882192
0.8548749450099999
0.84282437662
0.811117457135
0.75180909909
0.7737933793399999
0.82559756
0.8612380097700001
0.81702386204
0.840014238575
0.86350011001
0.8558264520650001
0.8469177292250001
0.8954704089800001
0.933404059595
0.91583916042
0.9145826330550001
0.27948582043500003
0.38585362699
0.884139158085
0.93579556089
0.8272736810600001
0.813356397915
0.772227011895
0.856642487255
0.876715946945
0.8767711833149999
0.8174221377850001
0.8347938399999999
0.8349129374100001
0.8395618515550001
0.825193102755
0.83190944
0.820906717315
0.907891447435
0.799916177935
0.866650932425
0.841712177565
0.801157547265
0.8409487953599999
0.82240199521
0.8235613394850001
0.8058754249150001
0.81246548655
0.8397239284650001
0.84337779107
0.87499879615
0.884982338235
0.85962480744
0.8837065815699999
0.9655807117799999
0.99474420558
0.953666020195
0.30511056098999995
0.393223756265
0.881261821455
0.887771657165
0.9248164285
0.90109061876
0.8654911971100001
0.86369129261
0.98503111556
0.859153105375
0.907106627895
0.9434843368649999
0.96863009699
0.9834362327549999
0.954712347895
0.921336554075
0.9465676799999999
0.95308196
0.97733257394
0.9786717365250001
0.9414462402250001
0.9121989202149999
0.930472032795
0.9306033310049999
0.977084820535
0.89812569257
0.9193424
0.9193960400000001
0.9193108808299999
0.8837563578
0.9760866433200001
0.8671706488049999
0.9900986437949999
0.8838699157650001
0.851069892045
0.871290849085
0.28338246537
0.363274938285
0.79068820718
0.7965701829799999
0.81643752
0.8013281596
0.8206732979049999
0.834376647005
0.8200196066700001
0.897121335065
0.833420689655
0.80063708
0.82242088
0.8378685063
0.829870736085
0.803491069285
0.996304864865
0.8537703311
0.807076613145
0.79626245614
0.7801162683749999
0.7866561056100001
0.7891704918050001
0.80013353228
0.801176193825
0.99367805561
0.8710212578750001
0.871407755345
0.85755971194
0.8059689168899999
0.8748867600000001
0.8700830384799999
0.805067358545
0.8841074579
0.7990669598250001
0.8038910982199999
0.32715004000000003
0.2592149321650001
0.63868390322
0.625818367345
0.6535562
0.716032631895
0.67709046376
0.6743705482200001
0.662959752445
0.669882508515
0.6249192074100001
0.55255671178
0.564534826515
0.57052148
0.62559812263
0.5619
0.5732178822599999
0.54516781747
0.6890064696499999
0.67278652447
0.960476253645
0.644746291865
0.681916681695
0.6348428685599999
0.6166163823199999
0.59949558233
0.6040286
0.558702145925
0.55357497011
0.599690958355
0.640401079675
0.60893831065
0.580458339985
0.60228753739
0.62195682207
0.633603710725
0.22189502852999998
0.325293649555
0.6147347856350001
0.6147235075749999
0.64830081918
0.654800160385
0.9724329346099999
0.66435710563
0.6333986606700001
0.6570662934849999
0.6192636672649999
0.62434943125
0.65171233564
0.9764556156149999
0.69271529412
0.6745478712749999
0.692678264355
0.6697388178900001
0.660095908775
0.649236472705
0.62880829677
0.628433580445
0.62839243319
0.64107109913
0.6435910085300001
0.62957259237
0.60350073139
0.61995245313
0.5968444712250001
0.64270290332
0.652390424895
0.73157689371
0.704483534455
0.73617317685
0.724534513275
0.747638338015
0.24015874161
0.28991702799999997
0.7192900998
0.72146540341
0.723122001205
0.65648834233
0.681577762225
0.6729279632199999
0.67091585026
0.67094583751
0.682464450435
0.685904756185
0.64847512974
0.64643033042
0.65182221778
0.66854120934
0.67374892
0.6736722382700001
0.729451094595
0.73383673551
0.7338310888099999
0.67386633466
0.661641301955
0.97690634841
0.618647765365
0.64502426728
0.6593621136600001
0.67490574436
0.6877381432999999
0.731653992395
0.7297918829550001
0.81351937768
0.7423410164049999
0.73859372
0.6801219985999999
0.6807054647
0.257574569165
0.262971662835
0.6623703142149999
0.787036835255
0.785075316395
0.980334003215
0.761805480815
0.7774865097650001
0.81513210037
0.742946024145
0.7417441043649999
0.7462414014000001
0.76890604
0.754502768375
0.6857433856599999
0.69166317266
0.69580664
0.6960346157699999
0.6873328411799999
0.69575621302
0.9909848497
1.0
0.69501347666
0.697832330525
0.6991407881599999
0.69911723449
0.7085359048650001
0.729823856145
0.745228066655
0.744255331065
0.9726939387850001
0.7980303175550001
0.74811745937
0.9666999095950001
0.77806084
0.7235975202499999
0.26826707680000006
0.309627060235
0.8091200880350001
0.82248644
0.81732652369
0.93437313283
0.96031211121
0.9623480104000001
0.99842016
1.0
1.0
0.978266040375
1.0
0.9150473447349999
0.840461433855
0.84006473873
0.87299049529
0.7932288000000001
0.75893361336
0.791349985
0.8143614203049999
0.827715677625
0.8299664800000001
0.83348887334
0.872119131915
0.870345017455
0.905549117885
0.963543742505
0.9434773632100001
0.96860378038
0.97704342276
0.88303757017
0.867672767275
0.90643924
0.94204404
0.8903208059050001
0.319135406815
0.30919472905500006
0.77429372812
0.8024152050300001
0.852321533395
0.8416749299149999
0.75587813879
0.7961692169200001
0.7194351982499999
0.74075405893
0.69057465184
0.6741392524300001
0.68682538669
0.69189916201
0.671906706825
0.708659329665
0.69825048
0.69552050385
0.7454196109699999
0.7559419367750001
0.6714616261649999
0.6633437644
0.6911167281799999
0.6837575380900001
0.6978866800000001
0.740372557255
0.7549620521
0.6914269774849999
0.66211361993
0.61654201278
0.636379092545
0.6914463385349999
0.71604041979
0.7016945672849999
0.676923467655
0.69750659736
0.26563363536499995
0.28902436832000006
0.7290205208349999
0.7311034441350001
0.7278961189250001
0.817324275725
0.7798005418949999
0.747975
0.669320486735
0.674816856855
0.6854485138649999
0.699670807455
0.71042388299
0.6612378346000001
0.656256976975
0.70059958088
0.734074907415
0.7292562406299999
0.7369344140899999
0.7378275089949999
0.80653917382
0.8438288694949999
0.85877169169
0.8520082186300001
0.78030752
0.77864088044
0.7582641328249999
0.811699128865
0.7663146672
0.7343011317
0.704434144875
0.6991385322
0.70105282339
0.635461014925
0.61767429719
0.645658210895
0.25711425940999993
0.2668356425349999
0.873009828845
0.868729174165
0.87454351787
0.997857968985
0.883679386575
0.80748517034
0.807148365165
0.807410388155
0.87449837439
0.753858889555
0.9867786308500001
0.76237040592
0.697895718135
0.810375174615
0.8493139303999999
0.984191050155
0.8100361784950001
0.8141556065
0.75099769839
0.79099853634
0.7671028434099999
0.71670519908
0.7472461431
0.74248032064
0.7052830498300001
0.714873246755
0.7161370022
0.723460808785
0.72682756269
0.76659544091
0.76491473054
0.764725382385
0.81057593775
0.814046297225
0.30463202084999996
0.23763258622499997
0.71158475354
0.968038584175
0.6683284943000001
0.661403778865
0.6996735687200001
0.66051884087
0.65823504
0.6622754924500001
0.6457619838
0.63917078719
0.642078645155
0.652144716585
0.65914857943
0.6598197380249999
0.65876702552
0.657514285715
0.66240084
0.62085964
0.6531330399999999
0.6579019553050001
0.58757750827
0.58954862055
0.570347144145
0.59274036
0.6398117694
0.63446115288
0.633330666935
0.59184677532
0.598628045975
0.60152275365
0.6379964003599999
0.630082551745
0.62999656
0.629935321695
0.263778237885
0.31182627450999995
0.7766951867399999
0.7546938099050001
0.752585927335
0.749370034005
0.73790353672
0.78900219517
0.81701864101
0.7989241461700001
0.7743454289749999
0.746471314425
0.75649268244
0.7188578327699999
0.70545923247
0.67663682527
0.70034259481
0.6825393465599999
0.6938124590149999
0.67778167235
0.68356477307
0.7347970408900001
0.74069240279
0.71028698349
0.711306083995
0.7299930288450001
0.776625152575
0.6560701495499999
0.5917246472550001
0.597687328735
0.586875177165
0.96030780042
0.7317411108899999
0.7146801404900001
0.6778451304499999
0.626396543755
0.26595946975
0.23448853873999992
0.714633173845
0.75503973563
0.70758677587
0.675758842315
0.6760685645550001
0.677036927385
0.6892666332749999
0.7423314228649999
0.726294795615
0.72547946688
0.7444573603050001
0.7576310207349999
0.84687698795
0.7444970757900001
0.706128963505
0.729815861585
0.7224987944600001
0.75021131095
0.9683662984550001
0.756316031145
0.69518725911
0.66036681013
0.645507120125
0.646359661495
0.68985588647
0.6731301320549999
0.6566794558900001
0.69532636409
0.7134645581
0.7239776757199999
0.7265917660000001
0.71593444133
0.7023897814600001
0.69627852148
0.31140775112999997
0.20723597640000008
0.725939826435
0.7579110264650001
0.669268208095
0.65527767302
0.65521935613
0.64156366537
0.63508464855
0.61799800658
0.621851349455
0.7356078447050001
0.73284807021
0.762223478695
0.7611582800000001
0.63195044991
0.63919119912
0.676751166965
0.682001323175
0.73168874225
0.7030730926900001
0.6892328843650001
0.644140801605
0.635185438545
0.768256840845
0.7051241877250001
0.735952882505
0.758188490075
0.63607336332
0.636898589575
0.60827212
0.633871559635
0.63553658243
0.624866120655
0.6363205847000001
0.604423708145
0.29484594978499995
0.27927350399999995
0.970429612
0.98294265762
0.845019076185
0.8404605234150001
0.83783929607
0.814692730725
0.7694730127
0.7823978456
0.790854894895
0.8352064490300001
0.8035421956100001
0.7841805249450001
0.7836213024850001
0.785169076505
0.8370211943000001
0.8728403290550001
0.868392082375
0.847210616645
0.842335604085
0.84301612645
0.7647628362850001
0.75187465842
0.81260818127
0.79255950405
0.73424085378
0.7900219392350001
0.798237478805
0.8028
0.749340228045
0.76615174895
0.77482433947
0.8010073601300001
0.7676891206249999
0.7605219878
0.3444914868499999
0.240107994015
0.795912452375
0.779466226755
0.73072056
0.730706849315
0.8292041500399999
0.8394786688050001
0.78399148511
0.792966049815
0.76938229823
0.741245024925
0.76011114008
0.8012598059799999
0.80116844631
0.83920472047
0.7824567667300001
0.78498279527
0.8191867266350001
0.84932731639
0.8942510399999999
0.90061699581
0.895470758125
0.8416719199999999
0.8968076399999999
0.83997725686
0.85291681203
0.80930661066
0.78754041192
0.77064022402
0.77154978562
0.77712403287
0.793655971195
0.8032115223049999
0.784448755125
0.88069112308
0.427366538965
0.25978445487999996
0.8737372674549999
0.8887398424249999
0.850925501205
0.842669480845
0.844006078785
0.8458400079999999
0.8609279202
0.848309138275
0.83965930372
0.80712156
0.7875443481750001
0.7875172220000001
0.8940245600000001
0.84984129587
0.83859380372
0.8760179080649999
0.84715653221
0.86548806239
0.8773618238199999
0.8677102179549999
0.89348967581
0.8642126729499999
0.920902388805
0.925503252275
0.961595841665
0.898120316095
0.915678624275
0.9240925200000001
0.9674815600000001
0.9679852856150001
0.96797885445
0.96795812
0.96635360464
0.96821317868
0.40135136214
0.25992047686
0.92027808285
0.868865126515
0.88780426635
0.993692526835
0.87848863568
0.859240768155
0.92761564313
0.924070982545
0.87500615539
0.8914136
0.94223637636
0.880685395275
0.9101873432950001
0.9301274690100001
0.9339230646150001
0.9338848
0.90893466334
0.913590577385
0.9132932399999999
0.9610974102600001
0.8787845999999999
0.8616292370749999
0.999448445465
0.931657188595
0.90239333799
0.9564988070199999
0.943606559345
0.9622246000000001
0.95530510949
0.94797123479
0.9640109094550001
0.9917401880400001
0.99272210337
0.95870272
0.45123566534
0.22334476913999998
0.772509476845
0.842512321375
0.8571601956299999
0.91353680834
0.907522367765
0.96114138828
0.96235572
0.9577965500050001
0.957055380605
0.9534693991800001
0.9177193277300001
0.8915514097199999
0.8892576785
0.8348545764399999
0.83415108804
0.819798521185
0.8197536648699999
0.819766954425
0.8198185118699999
0.85495487744
0.8561106724099999
0.9747657233949999
0.8123742647800001
0.83266612
0.863903019395
0.89837512
0.85946362186
0.8763328320800001
0.8765811418849999
0.9221617200000001
0.92589613965
0.8757730152350001
0.847288577715
0.86754668533
0.42997594561999997
0.20894984234500008
0.72547707014
0.724454581835
0.71948357821
0.73398653118
0.692013730805
0.707916738285
0.703577706625
0.6813330507800001
0.72266284916
0.727008141165
0.71331153769
0.7177493205450001
0.683463791555
0.6759988824600001
0.72909477702
0.7218776334199999
0.7245151375700001
0.71116717313
0.77053253541
0.71019769331
0.7235499501099999
0.7260042864299999
0.7605369989
0.764789866345
0.738052911745
0.6730139320449999
0.70219028
0.66793993802
0.6666093204250001
0.72468020406
0.7409608230949999
0.74258152337
0.7069013684950001
0.687083219865
0.35518945178
0.17182217326
0.697525832835
0.763430249925
0.7565948686999999
0.7549638198
0.8045109375
0.79758195609
0.7280746963949999
0.698926008655
0.70442752826
0.74741750175
0.7496596627750001
0.764989431625
0.744762032405
0.76022244898
0.72110372149
0.821100469485
0.8233149904749999
0.8483730988299999
0.825075675675
0.766340057985
0.8944990738
0.875982259685
0.7906472923100001
0.788074157305
0.74725590323
0.806912001595
0.887543017655
0.8497139548799999
0.780685080445
0.7448338732249999
0.7412386206899999
0.7359493584600001
0.6858224436899999
0.6946242199249999
0.36377772182499996
0.2954480408450001
0.85531415452
0.8491034855749999
0.81155628
0.7949025692099999
0.778797751005
0.787893047915
0.78786218756
0.76254124
0.804431042395
0.81133491077
0.802300379925
0.7813799020100001
0.855662166215
0.859653809335
0.8761933827949999
0.825455654435
0.8265796359250001
0.844280183965
0.85458848648
0.7784967438149999
0.8203669100750001
0.840555928815
0.8622893845849999
0.876544797105
0.910299450055
0.91319572043
0.8494581353549999
0.8451203836950001
0.871614635125
0.9010883376700001
0.9014256348749999
0.83665932
0.81704587156
0.82741989571
0.19537718690499997
0.746540986225
0.74325746805
0.75319213483
0.8545722377349999
0.84787298028
0.84667951759
0.80547490456
0.7763948892
0.770344627685
0.77029114203
0.784213192505
0.7765541273350001
0.7767206561950001
0.7767206561950001
0.7702516354900001
0.751620631285
0.7714202625500001
0.7714202625500001
0.7536628898
0.89472580774
0.8927009600000001
0.8448301243499999
0.869135087545
0.85195268
0.85195268
0.799007563445
0.77330767689
0.72784422482
0.7290023337
0.7290205112799999
0.701948582835
0.70923270061
0.71614632199
0.778747029405
0.41327665834
0.200335055615
0.835009236605
0.839791525595
0.83951447342
0.8155478453050001
0.862171137115
0.8903208059050001
0.8820244726600001
0.88203100868
0.82176946366
0.81429323459
0.80948474915
0.859493186595
0.9111200079849999
0.8638395034549999
0.844631339715
0.842743286575
0.825630331565
0.824110512185
0.82410859438
0.8556678617950001
0.858057994795
0.8628364254299999
0.86867071713
0.844408501255
0.8416061199999999
0.839106694685
0.8391077688249999
0.7947969837100001
0.8046777888650001
0.776730480105
0.777575064935
0.830720438905
0.82925366196
0.833255473285
0.41910275592999996
0.20415014811999993
0.805176297625
0.7889368769449999
0.847174887535
0.7262699720099999
0.729616858085
0.75617710566
0.7724198122650001
0.77644608461
0.74279539401
0.77532965215
0.785226154
0.6943866519699999
0.64940193632
0.6663202482250001
0.691848223555
0.735924429315
0.74261969803
0.7543023688149999
0.98336762554
0.7424625349849999
0.7302108873400001
0.7555389083649999
0.747779986005
0.7621504887299999
0.7682487300449999
0.766812482495
0.779533666735
0.718287382525
0.755068848535
0.76756452104
0.836659998
0.84396025935
0.8464201262900001
0.847915123705
0.47267788503999997
0.17698505644000004
0.768234901805
0.797425413925
0.8125581330149999
0.8489039839849999
0.8510791841650001
0.8593007487250001
0.86189353582
0.859640906355
0.8232813437300001
0.8132035185900001
0.78624372817
0.781068837395
0.703499939965
0.70063114409
0.6620886850750001
0.65964824201
0.692103992015
0.69426622636
0.6526255587850001
0.653270585885
0.64660225077
0.625537610265
0.679184822765
0.6741279566649999
0.6597369599999999
0.66892729625
0.71394870867
0.7310898504500001
0.665457574245
0.6992100911
0.7022374661699999
0.7407042602
0.6941813162649999
0.6999198076350001
0.385183379835
0.19717380569999993
0.89501837816
0.93946336
0.9434259826
0.8745143882749999
0.9047833517199999
0.985563527295
0.994180189905
0.93369217565
0.8761306130600001
0.845332424575
0.7892929442350001
0.8359866333149999
0.8210846997800001
0.7796396952700001
0.87251070538
0.87511316897
0.86453129313
0.8477892704300001
0.935692896505
0.909796631915
0.7830908400000001
0.7799344445549999
0.7932013974850001
0.8318005816849999
0.8841309986
0.8647308138350001
0.908670150595
0.8798609009
0.8775515527950001
0.79772816155
0.83316117165
0.799747345355
0.83027097811
0.8552801439700001
0.508406295815
0.27029603123499996
0.997496018325
1.0
1.0
1.0
1.0
0.98299389681
0.99765756635
0.923264615385
0.86712859716
0.901057518425
0.951449313145
0.9574924812800001
0.9575187092899999
0.992947433595
1.0
1.0
0.9876497303799999
0.981113226455
0.9408697470599999
0.938472031265
0.9196049669549999
0.97058740142
0.98170154031
0.997256720295
0.9893344806900001
1.0
0.99998936638
1.0
1.0
1.0
0.9999984778700001
0.980136228115
0.9160049865350001
0.9431010916399999
0.543584108765
0.198975596275
0.803729170245
0.846033523125
0.86274245037
0.897581834515
0.8731210178300001
0.8947180986500001
0.843655771935
0.832916736655
0.8677779110450001
0.872017119375
0.8559390958
0.84631928521
0.864209643605
0.88842198418
0.892322109045
0.881853886945
0.9193416074449999
0.8575609404700001
0.84815066387
0.891064698845
0.858177140565
0.8949503057050001
0.891682114715
0.93220432
0.901923179865
0.8883240060100001
0.843278711485
0.867532340895
0.895727064955
0.8986106858049999
0.92399503056
0.9006465227799999
0.856121132115
0.866576602565
0.5168603588499999
0.21064264853
0.943144518065
0.9911843703050001
1.0
1.0
1.0
1.0
1.0
0.9999874627449999
1.0
0.954409579885
0.9376450455850001
0.92676770657
0.974695767035
0.9434434904450001
0.88442747847
0.8648847843449999
0.868640907735
0.90297768828
0.960377398425
0.9714926399999999
0.9064716781450001
0.87881652959
0.878862270185
0.8905759135050001
0.8789609658749999
0.874117970695
0.874145794395
0.978578994705
0.96442545782
0.994426477635
0.9999769844449999
1.0
1.0
0.9999975954299999
0.615126090685
0.15733439662999998
0.78192485877
0.78798854052
0.83530110022
0.82331390385
0.818640176425
0.823337853785
0.7673209200000001
0.7728456
0.82215349626
0.74513796556
0.716752097725
0.7113896458850001
0.732959712805
0.6695418978700001
0.6607797200000001
0.6786789442100001
0.75235086809
0.708640319045
0.7445578862750001
0.698440216085
0.7026095180949999
0.7737874825050001
0.870323349245
0.805556744795
0.7646834349699999
0.7788596459650001
0.78487288
0.861111363865
0.91183153045
0.8971537678399999
0.8608999899750001
0.85566576
0.841343648825
0.895132014065
0.565815120535
0.15180662392500002
0.75559645524
0.7812083767549999
0.862666173385
0.82853989575
0.7550328679700001
0.7789256366699999
0.8392371113350001
0.843081830015
0.84311908809
0.8583333533099999
0.77939675202
0.77868600703
0.7803727627249999
0.751891819635
0.8062103216750001
0.84593959785
0.83818811049
0.88544390049
0.894669607055
0.88734461048
0.8543032271000001
0.8421102923499999
0.877000798405
0.8042364328649999
0.850443442705
0.8719056278799999
0.8863640243299999
0.7708260355050001
0.904101266835
0.912441709195
0.87339631779
0.90794559295
0.85263832
0.778946981205
0.49266092921000004
0.14010399678999994
0.7531283878049999
0.7563746749350001
0.6988630887199999
0.708546586345
0.7817727336200001
0.754435010505
0.67956968303
0.68933296067
0.684298787455
0.6851829846849999
0.6701519519500001
0.6358706187650001
0.65395568443
0.7163966450300001
0.6796395904449999
0.64239173405
0.649627021085
0.67775214136
0.76513287246
0.74458924
0.716184415325
0.72368273661
0.791969489825
0.796422306615
0.71657210326
0.6784765846849999
0.67130283207
0.6715930584800001
0.7016422988500001
0.703478572145
0.7394598960400001
0.728381363725
0.713734613075
0.792583628895
0.461355738985
0.12993052148999995
0.605171114235
0.687841344135
0.6808745525450001
0.627465134405
0.6069626956449999
0.65527899311
0.636716253005
0.621927021065
0.658890729075
0.647574320695
0.6541962302
0.65495607411
0.6264084
0.62498943366
0.613730693465
0.6367520048249999
0.65369841428
0.706422148795
0.7358355896700001
0.708926796995
0.7064595471849999
0.744785962805
0.757291750825
0.7004180640000001
0.6869880228699999
0.643679288285
0.6693159102249999
0.6895166533250001
0.7253705794349999
0.70424024867
0.745565887755
0.72671222633
0.733577942355
0.769374709885
0.454079174925
0.13473409322499996
0.653824514065
0.7081606875199999
0.669931722965
0.74034348521
0.74778292683
0.6782125099899999
0.6482168578549999
0.7176703521600001
0.6622824398500001
0.692646227735
0.68267191213
0.6818173102
0.716827551735
0.63945844065
0.63898917619
0.60138255594
0.613627615315
0.61458528035
0.551963607215
0.558528750375
0.58182723472
0.57740901878
0.5828628611400001
0.568934451435
0.6109109351500001
0.61545662028
0.6820303609149999
0.6761384768750001
0.634230179235
0.632027674465
0.615648940425
0.59672942356
0.6395140690500001
0.669683031695
0.44408306002
0.11639750927500005
0.8737177997400001
0.9030141912199999
0.92265296348
0.898681762765
0.8644605793350001
0.849192109195
0.8511365213050001
0.849849685345
0.7676527802850001
0.85878690822
0.773289962085
0.779334919525
0.7872527910699999
0.77793449072
0.831345378235
0.8062520608249999
0.805175562445
0.7854949627400001
0.86377155511
0.860799358655
0.857219038115
0.8809566673300001
0.8740620724250001
0.9513538
0.8901692061600001
0.8856388143399999
0.841775631175
0.8078812913600001
0.787436416245
0.78876755351
0.7442797040600001
0.7284726728500001
0.7337094627099999
0.868393670505
0.542247110045
0.11467966023999994
0.7347653384
0.76404906795
0.809438851215
0.7770503254250001
0.77731801118
0.7412209029950001
0.73258081314
0.725591877565
0.7055413934
0.70641857858
0.70556821589
0.750470421125
0.7118272490499999
0.697066759805
0.6567900998
0.68269519038
0.6879480108249999
0.6738437931400001
0.6716687624350001
0.7139247512799999
0.7441142115750001
0.7584828068749999
0.724400479855
0.6667615891399999
0.6744713209450001
0.64639972095
0.653016404605
0.6701345977250001
0.73052755418
0.72896258633
0.8073974957450001
0.780071834935
0.74541415311
0.793225002495
0.53372959599
0.115142476265
0.8360672041599999
0.808048631975
0.806034931165
0.78381380276
0.7426218403449999
0.83661915341
0.819659035305
0.8152846463
0.7442421084149999
0.69739571228
0.68477921197
0.7106779844050001
0.77936899769
0.7362074266299999
0.6808094503950001
0.798380631665
0.75773345378
0.753004181255
0.70321293026
0.7462896593049999
0.7068671856300001
0.77420346867
0.7482811318849999
0.763762357185
0.728063557375
0.82665133413
0.900902279805
0.9062143300950001
0.92957300418
0.9781435239899999
0.987750040095
0.876790278055
0.9394590540950001
0.80417438256
0.47778068168
0.09843860925
0.6458411149000001
0.725263368715
0.6490210641449999
0.65605439423
0.652844101125
0.65428524623
0.651352287515
0.65215951336
0.665883588975
0.66667065413
0.68970018998
0.71023677632
0.67797695145
0.974220443375
0.66508321197
0.690357457015
0.69248770804
0.7822771804049999
0.7862127386
0.808479368255
0.80031013797
0.7312377351
0.72911953493
0.99705756117
0.73725123094
0.7110528887550001
0.72759728136
0.69672674535
0.7347189898800001
0.86674840516
0.82849471053
0.8238102850300001
0.81286549895
0.74989742356
0.472979169915
0.09082249204000006
0.627895722035
0.6412746523
0.6130230853950001
0.6668814615149999
0.7148553144700001
0.7196364946
0.688215486195
0.69989239476
0.6320798881
0.64643811807
0.6602990560349999
0.68103696152
0.6840830566099999
0.62832277406
0.625073547875
0.719634329255
0.67547508744
0.691395280945
0.672007394085
0.62279358074
0.62279130695
0.6578187399700001
0.608390560945
0.6713591226300001
0.6390797794499999
0.6965526115649999
0.7959210688999999
0.816795318595
0.805611694275
0.79673816212
0.7612133466550001
0.746967673535
0.7443429713249999
0.7753833932149999
0.52498556527
0.13336891191500005
0.854293915135
0.826431262445
0.8926188861
0.8467701940400001
0.848303416585
0.797583975965
0.8440434912699999
0.8759449408950001
0.87748302151
0.877891083565
0.840094216195
0.83118409933
0.83122428371
0.7620720007999999
0.745379433265
0.7831870363000001
0.785240616245
0.8069028960799999
0.8549677625
0.8569655726200001
0.853982826475
0.80965792328
0.801308183915
0.767419121755
0.79355626688
0.8242141244650001
0.8244755804649999
0.76894366056
0.7678967973649999
0.70323552185
0.700223141825
0.6854453429149999
0.761456840425
0.7437325723449999
0.54288756573
0.10767307360999999
0.7313814682950001
0.84329811019
0.749427874425
0.727099124205
0.790576906845
0.86924884
0.79282846861
0.80742739152
0.8232572230599999
0.84474108
0.85829769023
0.849421419305
0.8441811139950001
0.83581582849
0.8318982466700001
0.821869586085
0.8027320732050001
0.818419457735
0.8283538446100001
0.7844793676199999
0.7989336532700001
0.831344678305
0.84767011713
