None
None
None
None
None
None
None
None
None
None
None
None
None
None
None
None
None
None
None
None
None
None
None
None
None
None
None
None
None
None
None
None
None
None
None
2352.3310546875
2398.126220703125
2328.47607421875
2655.85888671875
2324.036865234375
2249.590576171875
2255.88134765625
2264.05908203125
2247.16650390625
2923.95556640625
2543.56689453125
2524.693359375
2185.564697265625
2565.86474609375
3113.15380859375
2124.038818359375
2202.92919921875
2158.606689453125
2526.904052734375
2091.625
2386.63671875
2129.13330078125
1974.115234375
2278.473876953125
2238.06298828125
1890.0380859375
2140.004150390625
1922.3583984375
1859.9486083984375
1880.5333251953125
2102.224365234375
1734.630859375
1855.3349609375
1825.9832763671875
1670.93115234375
1651.891845703125
1533.8673095703125
1781.2430419921875
1796.96630859375
1544.7705078125
1481.403564453125
1992.87353515625
1828.9954833984375
1363.435791015625
1516.2962646484375
1504.611083984375
1291.8388671875
1404.418701171875
1380.0048828125
1322.8466796875
1179.3236083984375
1045.6376953125
1403.7357177734375
1043.252685546875
1257.8846435546875
937.20849609375
1010.806640625
963.2493896484375
825.6099243164062
1002.720947265625
950.0006103515625
813.5980224609375
887.9498901367188
926.8033447265625
860.1732177734375
847.8587036132812
857.34521484375
746.025146484375
759.7984008789062
622.554443359375
697.3946533203125
649.7393798828125
625.34814453125
827.7929077148438
740.967529296875
764.0711059570312
600.685546875
581.1973876953125
558.4435424804688
533.2387084960938
683.5289306640625
624.6822509765625
846.9993896484375
927.0799560546875
519.38134765625
797.9707641601562
680.24267578125
765.2749633789062
589.6480712890625
685.0518798828125
674.8848876953125
499.23114013671875
600.0452880859375
603.4739990234375
516.238525390625
491.53851318359375
562.91943359375
659.7179565429688
538.37890625
548.424560546875
648.598876953125
496.80584716796875
609.8771362304688
585.2244873046875
514.8187255859375
624.53662109375
604.2354125976562
482.6462097167969
492.52423095703125
547.8495483398438
545.1275634765625
621.4781494140625
473.1929931640625
442.8229675292969
576.1166381835938
605.4224853515625
664.940185546875
645.7294311523438
709.2390747070312
731.9046630859375
540.6993408203125
649.2900390625
665.5771484375
565.0166625976562
679.0736083984375
524.445068359375
575.8128051757812
460.7756652832031
482.0781555175781
445.6503601074219
565.3616943359375
469.5223388671875
541.9220581054688
659.4622802734375
676.2211303710938
467.7896728515625
623.406494140625
478.38525390625
619.3065185546875
520.2047729492188
488.66778564453125
481.3604431152344
498.4034423828125
479.06317138671875
495.3348083496094
424.8200378417969
688.4888916015625
460.76708984375
578.123779296875
603.6431884765625
593.4566650390625
595.5459594726562
459.79180908203125
578.0758056640625
713.352294921875
659.4442138671875
750.6218872070312
480.6418151855469
470.49591064453125
478.1722717285156
510.8995361328125
452.0852966308594
631.0055541992188
646.7763671875
591.5431518554688
711.0309448242188
610.2354736328125
454.27703857421875
467.02581787109375
601.620361328125
471.134521484375
614.2373046875
616.013427734375
516.880126953125
492.1793212890625
610.9606323242188
501.49468994140625
493.9095458984375
654.6091918945312
492.06878662109375
444.35107421875
597.209228515625
680.417236328125
479.08807373046875
801.0885009765625
486.9552307128906
544.7778930664062
465.79571533203125
508.2121887207031
573.443115234375
616.3883056640625
423.58709716796875
578.0144653320312
518.9236450195312
608.76123046875
582.255126953125
482.29864501953125
472.7110900878906
476.5654602050781
607.1602783203125
591.7869873046875
630.2611083984375
748.04931640625
743.18359375
629.1668701171875
420.8796081542969
604.5853271484375
466.50189208984375
446.41552734375
591.5692138671875
464.2439270019531
516.1083984375
641.1160278320312
500.9676513671875
478.41363525390625
710.450927734375
431.10919189453125
452.07806396484375
457.55914306640625
742.669189453125
697.90380859375
529.766845703125
567.1802978515625
579.598388671875
450.7132568359375
459.0425720214844
693.912109375
541.9442138671875
475.07525634765625
525.63134765625
536.8177490234375
638.9990844726562
598.3253173828125
518.7186889648438
712.2503662109375
506.9031066894531
558.7898559570312
522.7490234375
454.77813720703125
523.753662109375
487.17669677734375
571.2753295898438
533.6396484375
478.521240234375
550.06494140625
582.9917602539062
474.7263488769531
512.9456787109375
509.82073974609375
485.0948486328125
526.816162109375
465.9373779296875
486.10699462890625
467.7794494628906
559.5567626953125
457.97119140625
428.8521728515625
493.8804016113281
568.3905029296875
481.15545654296875
485.7266845703125
573.0253295898438
490.8634338378906
596.8345947265625
467.69451904296875
495.76171875
614.1798095703125
576.80615234375
468.8558654785156
576.9039306640625
496.4763488769531
474.36328125
602.8916015625
496.88427734375
454.87701416015625
477.99591064453125
711.6219482421875
541.7572021484375
566.67822265625
499.5924377441406
567.2587890625
466.9901123046875
562.1993408203125
477.9327392578125
521.3612060546875
475.10565185546875
546.7556762695312
800.6732788085938
693.985595703125
462.51641845703125
516.8624877929688
485.03497314453125
548.0546264648438
512.8251342773438
578.8499755859375
627.6930541992188
444.0172424316406
448.96685791015625
729.39208984375
605.349853515625
530.8637084960938
512.9810791015625
612.5792846679688
442.19842529296875
630.3046264648438
485.4552307128906
504.25518798828125
640.9481811523438
524.7265014648438
574.736083984375
486.48529052734375
586.23828125
435.42193603515625
540.9231567382812
468.6263427734375
610.2590942382812
494.1439208984375
538.6183471679688
536.1599731445312
447.7693176269531
600.8912963867188
461.56304931640625
403.08563232421875
505.06903076171875
513.5888061523438
667.4158935546875
502.1422119140625
583.9423828125
454.6545715332031
479.27984619140625
471.79583740234375
500.2602233886719
683.1134033203125
441.156982421875
444.3979187011719
529.3590087890625
502.77215576171875
632.1356201171875
754.0534057617188
566.6480102539062
434.53497314453125
606.02587890625
561.4847412109375
718.0281982421875
502.88580322265625
482.80255126953125
513.5712280273438
608.2388305664062
399.5520935058594
452.240478515625
470.539306640625
460.8977355957031
572.4696044921875
618.0694580078125
487.7322998046875
506.77862548828125
675.8265991210938
431.9520263671875
550.1232299804688
734.8597412109375
449.39666748046875
471.0887756347656
461.4510192871094
685.1111450195312
722.4390258789062
549.1600341796875
551.2625732421875
628.297119140625
512.2057495117188
541.5762939453125
451.7242431640625
552.054443359375
611.4718017578125
501.635009765625
614.9832763671875
517.3660888671875
663.965576171875
742.8851928710938
512.1920166015625
740.925537109375
680.96240234375
823.3984375
424.076416015625
749.0048828125
510.1302490234375
639.2444458007812
608.114013671875
742.1787719726562
587.6309814453125
695.75341796875
437.80206298828125
725.260498046875
492.8526611328125
646.546630859375
608.4091796875
766.2892456054688
828.4891357421875
611.958984375
729.424072265625
626.5343627929688
512.7559814453125
489.50567626953125
715.8564453125
587.07861328125
607.9685668945312
505.9004211425781
507.24066162109375
555.2175903320312
622.177490234375
659.9427490234375
632.9736328125
821.7811279296875
643.3548583984375
454.169921875
601.5936889648438
823.6439819335938
509.5152893066406
461.335205078125
671.5013427734375
506.99713134765625
833.6294555664062
497.22869873046875
697.4384155273438
689.68701171875
664.7268676757812
601.3277587890625
546.8464965820312
761.246826171875
679.1980590820312
792.696044921875
623.2374877929688
636.9547119140625
478.62982177734375
507.96563720703125
600.627197265625
691.1048583984375
497.1055908203125
533.8865966796875
733.8573608398438
565.4508056640625
840.8009033203125
862.7890625
587.1591796875
607.8038330078125
814.4256591796875
712.0505981445312
777.4560546875
605.4393310546875
619.4104614257812
794.1163330078125
525.039794921875
661.1461791992188
544.265625
607.288818359375
711.9554443359375
622.4344482421875
858.8919067382812
487.1787109375
734.8964233398438
644.94921875
547.899169921875
880.0196533203125
490.14312744140625
492.50555419921875
656.944580078125
869.7021484375
743.4172973632812
780.33056640625
705.0506591796875
639.9684448242188
511.4934387207031
928.0787353515625
570.89208984375
636.0941162109375
593.4093017578125
514.233154296875
684.7429809570312
605.2600708007812
639.2625732421875
490.5738830566406
754.76025390625
784.763671875
627.59033203125
565.1915283203125
769.5593872070312
658.2875366210938
501.25543212890625
687.9749755859375
684.216552734375
673.2002563476562
611.4320068359375
582.6417236328125
567.3648681640625
560.4204711914062
601.3536376953125
760.606689453125
649.7489624023438
515.3253173828125
573.802978515625
1016.9805908203125
684.0769653320312
841.3594970703125
731.6728515625
557.0885009765625
733.40380859375
534.4317626953125
499.2275695800781
549.404052734375
583.6177978515625
509.6883544921875
532.1106567382812
603.3668212890625
586.576416015625
671.6304931640625
768.1943969726562
604.068115234375
955.0194091796875
746.4556884765625
566.5352172851562
589.288330078125
521.8780517578125
517.044921875
619.40869140625
755.4661865234375
554.355712890625
935.6824951171875
526.3543701171875
686.3419799804688
467.72576904296875
839.7938232421875
883.244873046875
540.712646484375
580.0662841796875
657.353759765625
591.360595703125
535.9132080078125
706.014892578125
667.4298095703125
484.20526123046875
769.017578125
679.5492553710938
604.8316650390625
464.49700927734375
491.04425048828125
418.765380859375
462.6605224609375
739.956298828125
784.7275390625
641.912353515625
549.2191772460938
659.6861572265625
783.2769165039062
649.7784423828125
732.3700561523438
531.7943115234375
940.9925537109375
766.6846313476562
439.9833984375
696.554931640625
759.0322875976562
746.2144775390625
918.0670166015625
506.352294921875
954.4091796875
479.54315185546875
475.1272277832031
634.00439453125
896.4207153320312
631.4273071289062
785.730224609375
577.8222045898438
910.1895141601562
565.2815551757812
733.110107421875
499.04278564453125
469.80218505859375
633.5802001953125
512.8526000976562
687.7939453125
642.5394287109375
733.8814086914062
564.9873657226562
746.0789184570312
868.302734375
494.4271240234375
597.4481201171875
708.5098266601562
703.7218017578125
674.6393432617188
850.02099609375
517.0382080078125
538.1971435546875
622.4765625
558.898193359375
456.559326171875
660.6082153320312
657.3741455078125
777.3167724609375
748.6168212890625
563.717041015625
539.5825805664062
594.8343505859375
608.865966796875
881.1452026367188
550.5767211914062
655.493408203125
829.8121948242188
581.9752807617188
710.5107421875
821.1870727539062
567.6293334960938
721.4760131835938
612.3223876953125
612.7706298828125
446.6424560546875
772.1393432617188
561.5091552734375
656.2255249023438
909.6617431640625
440.04803466796875
358.4197998046875
620.0560302734375
712.2493896484375
647.199462890625
589.9271240234375
703.1923217773438
801.8970947265625
617.2192993164062
395.3521728515625
651.8213500976562
698.7583618164062
666.0407104492188
673.6918334960938
664.9478149414062
695.466552734375
719.5709228515625
665.2955932617188
544.091552734375
513.7466430664062
828.903076171875
730.421142578125
616.6641845703125
616.2288818359375
581.747314453125
582.8306884765625
631.5670166015625
513.977783203125
665.8137817382812
930.801025390625
771.178466796875
570.66748046875
536.2401123046875
588.2366943359375
763.78759765625
626.4791259765625
618.6962890625
654.3047485351562
418.84454345703125
396.2152404785156
661.477783203125
659.3239135742188
635.8480834960938
606.35400390625
690.5294189453125
624.7105102539062
844.535400390625
698.0567016601562
816.2777099609375
723.9761962890625
596.829833984375
836.001953125
539.9623413085938
661.2960815429688
720.04248046875
617.7880859375
678.537109375
661.5415649414062
904.7516479492188
815.0763549804688
706.8171997070312
699.26123046875
653.2520751953125
795.333740234375
535.777587890625
469.60015869140625
851.04150390625
707.227294921875
609.75146484375
853.786376953125
780.8070068359375
645.3989868164062
419.66021728515625
419.60125732421875
678.8355712890625
919.2645874023438
642.1309814453125
519.48828125
816.9066162109375
748.27490234375
716.212158203125
664.9450073242188
694.0828857421875
797.4591674804688
616.1762084960938
612.4481201171875
527.37548828125
523.5347290039062
583.8373413085938
604.0903930664062
854.4859619140625
779.562255859375
508.47100830078125
772.65380859375
786.0484619140625
654.572021484375
902.8953857421875
446.1036682128906
846.69384765625
820.3763427734375
589.84375
815.7890625
600.9301147460938
549.7799072265625
382.379638671875
546.872314453125
831.7025146484375
1003.30224609375
667.7243041992188
636.06396484375
724.7250366210938
546.6588134765625
828.4417114257812
838.1905517578125
586.2686767578125
703.0718383789062
650.8309326171875
515.1546630859375
963.131591796875
845.8659057617188
699.2017822265625
620.460693359375
656.4884643554688
825.61962890625
535.5296630859375
821.5240478515625
546.02099609375
465.786865234375
674.6925659179688
789.638916015625
868.8228759765625
618.6473388671875
517.334716796875
757.2394409179688
622.5469970703125
648.420166015625
539.8306884765625
899.9368896484375
727.0333251953125
644.211669921875
572.286865234375
744.7265014648438
712.427490234375
728.26171875
707.110107421875
547.5335693359375
650.8927001953125
643.0632934570312
556.3076171875
771.565185546875
536.9593505859375
991.890380859375
646.1663208007812
931.8348999023438
791.0467529296875
781.2049560546875
567.1943969726562
746.6810302734375
647.736083984375
638.0004272460938
645.0
803.8075561523438
873.082275390625
667.3516845703125
686.5562744140625
685.576416015625
678.6998291015625
660.5364990234375
633.14208984375
901.0458984375
889.2943115234375
688.6089477539062
713.7950439453125
817.5953979492188
786.7294921875
834.8148193359375
683.6270751953125
658.436767578125
846.314697265625
692.4075927734375
663.0610961914062
782.41796875
755.037353515625
433.48236083984375
745.2193603515625
811.639892578125
565.4320678710938
686.751953125
597.7025756835938
734.1231689453125
651.4888305664062
469.324951171875
753.997314453125
580.1575317382812
678.363037109375
702.7205810546875
654.9232788085938
567.459716796875
863.3528442382812
707.4926147460938
949.730224609375
619.8809814453125
719.7740478515625
730.4176635742188
550.2175903320312
707.698486328125
728.197021484375
602.765625
722.0865478515625
554.4891967773438
601.9071044921875
671.485595703125
722.6066284179688
800.6449584960938
907.5689697265625
697.9060668945312
654.6231079101562
751.6546020507812
407.7433166503906
467.06640625
556.7879638671875
478.58709716796875
595.2459106445312
616.72802734375
944.5326538085938
455.3143310546875
608.9002685546875
652.2877197265625
676.9574584960938
539.3817138671875
826.7734985351562
678.058837890625
770.0069580078125
496.29986572265625
694.1541748046875
581.0848388671875
897.289794921875
606.8046875
615.9552001953125
668.3350830078125
615.5660400390625
501.2861328125
659.7774047851562
486.0047607421875
461.15887451171875
678.3382568359375
558.4122314453125
930.2906494140625
580.120849609375
687.1923828125
574.0277709960938
663.76513671875
696.0858764648438
653.8585205078125
549.3978271484375
688.698486328125
731.8779296875
782.1212158203125
719.5733642578125
900.7501831054688
471.53704833984375
823.8384399414062
564.4589233398438
619.2147827148438
684.407958984375
508.1653747558594
848.3750610351562
671.3674926757812
750.5689697265625
648.5736694335938
740.11572265625
563.870849609375
569.2411499023438
626.690673828125
570.5299072265625
755.6146240234375
677.248779296875
863.763916015625
477.9029541015625
768.887451171875
612.1116943359375
684.55029296875
701.2670288085938
446.91009521484375
792.5543212890625
464.6634216308594
521.6342163085938
512.679443359375
660.6072387695312
594.2025146484375
556.888671875
635.9846801757812
587.8351440429688
828.418212890625
610.5909423828125
820.1141357421875
619.0562744140625
601.7001342773438
698.8839721679688
658.9993286132812
647.6895751953125
530.593505859375
627.9182739257812
643.8521728515625
505.94964599609375
648.438232421875
548.77587890625
814.5911865234375
572.7903442382812
562.984619140625
827.4248046875
461.7386169433594
679.1329345703125
498.9453430175781
545.9649658203125
593.450927734375
601.2640380859375
574.5770874023438
778.2520751953125
573.1368408203125
548.4295654296875
693.924072265625
624.900390625
756.2981567382812
691.27294921875
586.6826171875
973.5389404296875
661.4466552734375
654.10205078125
555.65185546875
631.2337646484375
706.2953491210938
495.69891357421875
628.7685546875
796.7626953125
632.9794311523438
601.6502685546875
499.45654296875
557.8477783203125
641.29931640625
599.0938110351562
593.8782958984375
659.2952880859375
529.6546630859375
784.8221435546875
408.39520263671875
671.7813720703125
541.6790771484375
704.4484252929688
620.7334594726562
472.90411376953125
544.3003540039062
573.3076782226562
643.0012817382812
565.916748046875
791.9007568359375
679.5588989257812
634.7913818359375
576.635986328125
515.3924560546875
590.9306640625
601.64111328125
604.6549072265625
811.5866088867188
636.637451171875
671.7980346679688
590.4620361328125
694.5106201171875
701.122802734375
560.6102294921875
545.2147216796875
668.93701171875
528.5006713867188
634.0632934570312
610.7545166015625
592.380615234375
579.1969604492188
434.1382141113281
832.470703125
459.0171813964844
624.495849609375
536.0015869140625
639.1209106445312
534.4049072265625
615.5255126953125
639.9999389648438
579.062255859375
755.344970703125
588.061767578125
633.517578125
755.4288330078125
653.8157958984375
804.105712890625
635.4093627929688
700.8485107421875
679.646484375
780.6371459960938
553.927001953125
629.393798828125
888.8504028320312
493.6965637207031
677.895263671875
740.4363403320312
927.6173095703125
619.5174560546875
622.6611938476562
702.5936279296875
783.5153198242188
558.9224853515625
827.738037109375
709.9971923828125
749.2178955078125
816.9793701171875
652.4515380859375
546.6707763671875
715.4515380859375
620.1753540039062
508.19000244140625
560.1672973632812
696.6846923828125
738.927734375
692.6884765625
835.9275512695312
597.5224609375
733.3914794921875
651.6312866210938
643.3291625976562
649.5685424804688
574.15673828125
612.95458984375
576.7549438476562
578.9117431640625
1048.2509765625
574.6131591796875
647.144287109375
591.2528076171875
738.1849975585938
562.4686279296875
673.1025390625
747.2625122070312
717.8641967773438
754.0990600585938
707.909423828125
928.5758056640625
611.2447509765625
595.8916015625
601.064697265625
651.7197875976562
641.6961669921875
690.8553466796875
736.5941162109375
571.552734375
608.8912353515625
615.8930053710938
544.3126831054688
717.5186767578125
633.1630859375
828.5106201171875
532.60986328125
772.3604736328125
561.781982421875
383.056640625
785.27978515625
616.4214477539062
728.1302490234375
827.429931640625
732.37744140625
901.4512329101562
609.2091064453125
646.2471313476562
583.5380859375
693.5112915039062
504.55322265625
399.072265625
661.2259521484375
586.6519165039062
449.1152038574219
442.305908203125
621.9669799804688
702.5314331054688
343.02337646484375
687.7113647460938
748.9454956054688
669.8826293945312
499.1202087402344
851.9175415039062
566.5585327148438
804.4888305664062
627.8713989257812
580.28271484375
760.7994384765625
732.2803955078125
734.3054809570312
626.4771728515625
543.4871215820312
496.050048828125
475.8894348144531
615.2286376953125
253.45199584960938
675.6324462890625
527.0811157226562
612.880859375
423.644775390625
498.18536376953125
695.0198974609375
620.3314208984375
749.8692626953125
579.059326171875
726.45751953125
425.8385009765625
459.7371826171875
349.5751647949219
505.01904296875
711.1011352539062
683.351806640625
678.142578125
332.72161865234375
785.3646240234375
682.2296142578125
411.2231140136719
674.8216552734375
611.8011474609375
437.7725830078125
855.7333984375
613.2366943359375
908.0331420898438
602.0081176757812
596.3673706054688
845.1444702148438
604.04736328125
533.4724731445312
382.1973876953125
702.9945068359375
683.7498779296875
294.0567932128906
743.9849853515625
451.2503356933594
431.356689453125
648.8785400390625
638.8964233398438
571.3482666015625
568.2818603515625
654.8878173828125
476.2803955078125
530.9666748046875
676.498046875
622.2142333984375
652.251708984375
446.82763671875
581.2029418945312
488.3802185058594
449.3077392578125
589.9466552734375
658.698486328125
671.82421875
565.9983520507812
549.7384033203125
546.5279541015625
773.024658203125
598.67041015625
384.6287841796875
488.0143737792969
466.6946105957031
754.6100463867188
766.1512451171875
406.3968505859375
631.4666748046875
400.2974853515625
494.9184875488281
715.2654418945312
530.6273193359375
439.91937255859375
719.7872314453125
323.77288818359375
654.8368530273438
370.82086181640625
690.7682495117188
566.221435546875
480.73687744140625
370.0023193359375
566.531494140625
795.682373046875
502.3167724609375
543.57177734375
439.839599609375
517.923583984375
379.4253845214844
501.6631164550781
611.6068725585938
698.082275390625
601.3463134765625
549.3318481445312
626.9796142578125
359.6771240234375
506.17584228515625
331.46453857421875
533.7183837890625
554.1793823242188
536.6446533203125
280.67041015625
353.43359375
664.512451171875
514.6236572265625
699.187255859375
371.9494323730469
461.3335266113281
400.130615234375
708.8048095703125
302.2504577636719
503.71136474609375
443.5255126953125
311.91064453125
538.857421875
406.0375671386719
381.677001953125
257.17340087890625
680.94482421875
467.8411865234375
449.5653076171875
173.8099365234375
353.62109375
573.166748046875
706.4268798828125
564.480712890625
589.893310546875
639.7568359375
506.23577880859375
537.4716186523438
625.8883056640625
350.31280517578125
408.2197265625
672.671630859375
728.39306640625
604.6217041015625
362.75225830078125
362.5450744628906
597.5254516601562
511.5392761230469
223.7799072265625
444.044677734375
536.948486328125
667.6064453125
373.424072265625
522.4464721679688
542.3026123046875
481.3721008300781
284.1727294921875
568.9799194335938
537.119140625
711.265380859375
491.7078552246094
454.03021240234375
345.3422546386719
581.0801391601562
225.9674530029297
563.7255859375
529.6760864257812
300.7315979003906
311.0537109375
447.33648681640625
471.0106201171875
429.0899353027344
538.2647705078125
578.2786865234375
460.4024963378906
595.0961303710938
410.65142822265625
386.45623779296875
688.2281494140625
363.9079895019531
794.8388061523438
417.557373046875
348.40362548828125
395.07769775390625
173.98355102539062
593.8935546875
445.0701904296875
419.130615234375
428.2594299316406
339.55926513671875
462.9106750488281
671.20556640625
482.4124450683594
318.830078125
481.0811767578125
653.1129760742188
386.923095703125
251.504638671875
308.44549560546875
473.8023681640625
369.63592529296875
290.89697265625
451.22015380859375
302.99725341796875
501.6663513183594
501.9888916015625
380.5796813964844
523.4552001953125
377.62451171875
481.87799072265625
428.759765625
178.98272705078125
370.3296203613281
293.8578796386719
351.26708984375
382.15447998046875
399.28314208984375
497.562744140625
676.3336791992188
269.721435546875
716.3453369140625
401.20660400390625
410.3697509765625
462.54925537109375
453.71600341796875
346.3904113769531
545.747802734375
485.23822021484375
429.66571044921875
302.8483581542969
248.443603515625
245.02679443359375
509.6153259277344
354.14520263671875
432.892333984375
350.1159973144531
482.26837158203125
510.80047607421875
647.7572021484375
522.9443969726562
349.5216369628906
453.0158386230469
414.47265625
473.2945556640625
506.607666015625
282.96240234375
331.13031005859375
334.10699462890625
507.450439453125
227.34640502929688
415.5849914550781
390.8246154785156
301.64605712890625
218.7285614013672
200.35736083984375
553.0740966796875
386.08746337890625
255.401611328125
361.271240234375
495.36737060546875
495.8186340332031
441.96759033203125
326.50128173828125
592.9146728515625
336.727294921875
634.4345703125
272.88885498046875
590.55908203125
591.9223022460938
396.8975830078125
392.34710693359375
289.92352294921875
251.88743591308594
360.10089111328125
407.83343505859375
357.1336975097656
467.93121337890625
469.2288818359375
319.003662109375
437.412353515625
460.36865234375
489.61651611328125
566.4036865234375
455.9112548828125
475.49298095703125
395.4506530761719
395.601318359375
340.1512451171875
317.718017578125
636.12158203125
269.0089111328125
367.6380615234375
196.970458984375
517.2486572265625
613.855712890625
366.3946533203125
381.14453125
470.24932861328125
238.74571228027344
231.72512817382812
410.6181640625
364.4835510253906
359.9308776855469
263.4246826171875
302.53143310546875
366.4678955078125
361.53350830078125
445.197509765625
343.74249267578125
454.2350158691406
895.8668212890625
361.65753173828125
233.96234130859375
413.29693603515625
442.0264892578125
352.49224853515625
349.6410827636719
426.7397155761719
387.906494140625
287.0230712890625
224.16632080078125
241.3555908203125
338.47900390625
286.62030029296875
346.00048828125
293.3334655761719
433.4953308105469
638.9131469726562
669.6209716796875
486.659423828125
520.4715576171875
1061.328125
449.80670166015625
341.83270263671875
577.559814453125
213.09234619140625
546.3770141601562
374.49591064453125
278.3238830566406
428.00286865234375
442.7813415527344
642.02880859375
528.7526245117188
536.356689453125
614.4844970703125
432.01849365234375
360.0556640625
321.80181884765625
519.1837768554688
248.83587646484375
646.3531494140625
386.0249328613281
313.92626953125
388.60150146484375
244.23703002929688
325.62786865234375
354.96514892578125
519.6622924804688
377.93011474609375
305.18182373046875
219.97369384765625
191.17611694335938
419.10223388671875
889.7476196289062
361.009765625
452.2417907714844
504.4132385253906
419.1769714355469
546.1383666992188
307.79156494140625
433.99835205078125
491.9322814941406
400.03289794921875
627.634521484375
612.7429809570312
470.44122314453125
632.6892700195312
373.91400146484375
415.9861145019531
588.5590209960938
347.23211669921875
188.94667053222656
387.44354248046875
427.57012939453125
723.092529296875
439.17218017578125
570.0628051757812
608.2145385742188
676.7911987304688
499.8492431640625
386.15155029296875
458.7784729003906
356.86090087890625
598.216064453125
442.08544921875
515.3388671875
545.550048828125
322.37091064453125
546.087890625
436.1776428222656
393.60821533203125
424.7324523925781
416.5113830566406
746.27392578125
321.1349182128906
386.07525634765625
375.2381591796875
384.7305908203125
591.54736328125
372.57916259765625
416.7687072753906
646.5172119140625
233.1436767578125
186.97804260253906
394.2488098144531
259.970947265625
692.9920043945312
420.47857666015625
594.1175537109375
233.94198608398438
503.3111572265625
624.920654296875
455.2081604003906
235.92996215820312
731.696044921875
487.34698486328125
518.1248779296875
494.6806640625
324.31414794921875
478.83544921875
477.9212951660156
222.4796600341797
525.0517578125
418.25860595703125
462.10992431640625
418.4725036621094
471.4580993652344
388.721923828125
412.96807861328125
847.3964233398438
412.44171142578125
431.6697998046875
475.2826232910156
364.5662536621094
470.21697998046875
515.7481079101562
310.8624572753906
360.44927978515625
294.3080139160156
462.17529296875
577.7220458984375
270.917724609375
368.43701171875
643.21728515625
573.6151733398438
354.7991638183594
401.25067138671875
332.9937438964844
315.4173583984375
337.39154052734375
785.2908325195312
227.57470703125
588.8294677734375
183.17080688476562
590.703857421875
746.8779907226562
322.01995849609375
342.4110107421875
430.4765625
378.0950927734375
413.91485595703125
229.200927734375
495.2772216796875
304.91314697265625
558.2538452148438
352.1298828125
488.70574951171875
343.8543701171875
675.136474609375
184.73773193359375
316.8685302734375
296.2689208984375
262.9939270019531
542.30078125
396.02667236328125
470.20751953125
282.9812316894531
263.00537109375
616.8143920898438
296.6988525390625
270.15509033203125
436.77935791015625
710.7005615234375
536.222900390625
465.521728515625
548.17431640625
342.20489501953125
624.5697021484375
253.9476318359375
314.16278076171875
455.2237548828125
320.12109375
465.2287902832031
485.6174621582031
534.998291015625
531.7662963867188
511.33416748046875
362.46044921875
480.9444580078125
233.9635772705078
294.59515380859375
532.314453125
616.013427734375
556.357177734375
528.922119140625
492.6166687011719
373.78265380859375
521.330810546875
309.0584716796875
270.7430419921875
401.7805480957031
338.1597900390625
538.8951416015625
278.6007385253906
357.40887451171875
215.91038513183594
425.1007995605469
399.47247314453125
445.0095520019531
398.08782958984375
553.279541015625
743.7100219726562
318.0146484375
263.24346923828125
461.4731750488281
268.19879150390625
407.74993896484375
352.0690612792969
459.9901123046875
213.34893798828125
556.6456909179688
373.4041748046875
347.06707763671875
478.9278564453125
325.5740051269531
386.5220947265625
395.98358154296875
312.8503723144531
295.5364990234375
328.2726745605469
395.6130676269531
268.38385009765625
241.4964599609375
255.52127075195312
521.8432006835938
326.7201232910156
646.7527465820312
336.1751403808594
397.9493408203125
456.50115966796875
635.228515625
554.7247314453125
147.10140991210938
239.4772186279297
396.7819519042969
634.373291015625
583.7470092773438
524.274169921875
599.0803833007812
458.09576416015625
478.7353210449219
295.8323059082031
401.722900390625
299.4796142578125
322.50396728515625
352.6253662109375
430.1435852050781
470.6883850097656
488.2989807128906
313.09564208984375
362.6463623046875
488.1363525390625
324.9226989746094
318.7188720703125
200.09217834472656
335.93603515625
202.77410888671875
609.89306640625
381.6383056640625
215.20928955078125
595.66796875
308.4185485839844
336.25390625
266.79925537109375
256.1231384277344
563.98193359375
371.1897888183594
257.11602783203125
645.4423217773438
487.6697998046875
342.4761047363281
286.51416015625
358.80706787109375
631.1917114257812
332.13720703125
584.6438598632812
288.0709228515625
277.3826904296875
350.05865478515625
299.8486328125
110.86651611328125
290.244140625
414.0471496582031
457.08984375
536.293701171875
434.04351806640625
424.5252685546875
332.32171630859375
296.37322998046875
577.5811157226562
306.00250244140625
276.35272216796875
392.6103820800781
466.78662109375
528.62890625
461.0325927734375
431.18585205078125
366.9662780761719
395.5552978515625
753.017333984375
567.26171875
372.8807067871094
403.2617492675781
534.5029296875
210.23907470703125
357.72821044921875
750.727783203125
233.70896911621094
463.68914794921875
427.009033203125
396.80255126953125
407.0703125
369.3270568847656
607.9659423828125
450.7003479003906
453.44024658203125
379.95440673828125
521.8700561523438
611.244873046875
521.3903198242188
370.50091552734375
536.3844604492188
314.1822509765625
513.140869140625
284.04461669921875
335.4622802734375
659.5775146484375
392.17327880859375
378.92926025390625
405.1763610839844
377.593505859375
392.434326171875
369.6033630371094
370.8151550292969
524.233154296875
418.04498291015625
485.938232421875
366.29443359375
264.7919006347656
303.56439208984375
234.68109130859375
500.877197265625
429.22283935546875
331.4413757324219
491.49127197265625
385.7747497558594
355.89404296875
306.4689636230469
302.2913818359375
465.2824401855469
373.31744384765625
346.38787841796875
430.41522216796875
336.23388671875
261.0067138671875
363.51324462890625
327.13446044921875
603.25830078125
295.23681640625
397.52630615234375
327.55328369140625
435.4214782714844
407.1265869140625
346.05938720703125
322.0405578613281
553.2890625
431.18927001953125
465.24993896484375
412.1856689453125
353.6097412109375
376.3736267089844
264.17291259765625
286.98736572265625
737.9222412109375
328.171630859375
523.2672729492188
396.2871398925781
265.2997741699219
547.4348754882812
563.375
367.5885009765625
249.61328125
467.706787109375
632.8145751953125
342.71429443359375
276.01318359375
377.65631103515625
332.5491027832031
479.6216125488281
334.8391418457031
268.41680908203125
566.6981811523438
362.42266845703125
255.91690063476562
383.8507080078125
519.3575439453125
211.59207153320312
438.51324462890625
489.29705810546875
314.56622314453125
356.31976318359375
440.9540100097656
403.6420593261719
478.55218505859375
203.92578125
475.2908935546875
362.13330078125
486.7335205078125
508.48944091796875
434.8267822265625
295.4526672363281
513.459716796875
344.7262878417969
463.13836669921875
373.9554443359375
595.1793212890625
596.9154052734375
257.60821533203125
230.55284118652344
422.60247802734375
469.48858642578125
592.3004150390625
522.0844116210938
412.5932922363281
421.70330810546875
337.1133117675781
512.0527954101562
483.2989807128906
530.2169189453125
377.60418701171875
403.529296875
635.1000366210938
462.7464904785156
512.48974609375
618.228759765625
461.55902099609375
548.0125122070312
480.57635498046875
460.80841064453125
321.95562744140625
325.46685791015625
407.70458984375
348.3255615234375
374.32135009765625
247.5200653076172
305.05926513671875
324.26177978515625
482.8182373046875
401.15936279296875
506.9736633300781
450.45770263671875
406.88360595703125
621.150634765625
335.4803466796875
257.828369140625
373.400146484375
425.15130615234375
573.26123046875
524.4638671875
421.92901611328125
301.71612548828125
269.0108947753906
274.9566650390625
294.15643310546875
408.2589111328125
281.43756103515625
264.6212158203125
315.7781982421875
215.30613708496094
286.98175048828125
301.996337890625
318.3608093261719
226.96783447265625
274.34320068359375
255.53863525390625
245.47714233398438
270.59698486328125
407.8906555175781
392.28643798828125
457.15191650390625
230.53903198242188
360.1339111328125
195.9689483642578
289.89971923828125
674.3926391601562
386.763916015625
316.9542236328125
282.06951904296875
192.26303100585938
478.39752197265625
299.039794921875
426.0116882324219
363.2755126953125
690.36767578125
425.87591552734375
285.00592041015625
158.63885498046875
459.02984619140625
209.13497924804688
497.39605712890625
437.050537109375
364.13238525390625
359.3182067871094
259.18353271484375
417.38726806640625
422.3167724609375
449.19976806640625
414.4153137207031
253.16378784179688
399.73626708984375
432.4671936035156
299.5211181640625
429.07891845703125
346.5317687988281
211.39219665527344
438.38836669921875
150.592529296875
253.14532470703125
278.1951904296875
263.09576416015625
211.50595092773438
381.02288818359375
463.20269775390625
357.28472900390625
371.6982727050781
565.199951171875
270.197509765625
176.06210327148438
195.86886596679688
311.24871826171875
215.49176025390625
326.343505859375
239.43887329101562
392.8592224121094
356.7702331542969
330.2126159667969
273.6902160644531
209.21707153320312
297.94256591796875
235.7484588623047
347.3045959472656
397.93402099609375
293.12884521484375
236.00970458984375
379.9214172363281
170.31809997558594
321.56219482421875
253.9481201171875
126.59507751464844
362.08380126953125
378.0576171875
222.2001953125
362.56744384765625
157.2202606201172
269.8154296875
371.65045166015625
323.24066162109375
193.03927612304688
360.26629638671875
332.51605224609375
228.12197875976562
330.2411804199219
488.26031494140625
136.3251953125
270.11669921875
198.166015625
275.2735290527344
520.3115234375
206.9891815185547
199.48773193359375
288.8439636230469
191.95407104492188
313.26959228515625
457.04156494140625
362.603271484375
248.44598388671875
153.9028778076172
350.618896484375
242.69761657714844
206.7362060546875
225.54376220703125
196.24993896484375
383.39434814453125
250.63870239257812
243.03892517089844
291.501953125
172.58197021484375
455.0708923339844
218.0521240234375
401.6141052246094
352.5799560546875
362.9111328125
348.27386474609375
331.7906494140625
307.74310302734375
136.00225830078125
260.7601623535156
172.88392639160156
289.0259704589844
295.350341796875
380.69219970703125
289.3227844238281
281.39093017578125
241.40513610839844
253.3147735595703
202.7003936767578
337.31695556640625
294.962158203125
213.27670288085938
262.74053955078125
363.36419677734375
239.1451416015625
249.409423828125
281.3210144042969
215.59698486328125
488.8027648925781
367.04193115234375
320.01995849609375
239.79087829589844
221.64193725585938
387.8367919921875
231.88113403320312
192.87078857421875
328.41729736328125
294.26141357421875
386.7867431640625
390.16546630859375
474.4250793457031
210.22955322265625
208.53936767578125
327.376220703125
306.9497985839844
365.79962158203125
230.71572875976562
452.13311767578125
211.5147705078125
226.843994140625
647.453857421875
209.5231475830078
204.65811157226562
282.01123046875
280.0731201171875
445.12890625
365.1413269042969
380.73785400390625
257.7000732421875
207.17623901367188
453.9950866699219
335.93743896484375
326.3548278808594
346.90582275390625
190.5914306640625
476.72662353515625
196.49195861816406
269.5553283691406
182.38751220703125
299.7383728027344
438.4879150390625
475.3755798339844
257.468994140625
172.53004455566406
257.95904541015625
292.1674499511719
558.0447998046875
705.998291015625
258.46685791015625
190.9733123779297
462.7615966796875
443.0001525878906
177.23875427246094
511.5131530761719
266.0699462890625
678.8576049804688
333.49761962890625
377.2906494140625
370.11279296875
458.14361572265625
485.3758544921875
221.5550537109375
181.87277221679688
483.5628967285156
347.5703430175781
277.76544189453125
359.56561279296875
648.6194458007812
571.9985961914062
166.91119384765625
447.3625183105469
260.56915283203125
548.5067749023438
176.73178100585938
324.0804748535156
281.5437316894531
322.90594482421875
432.5725402832031
368.3847351074219
124.50720977783203
255.71800231933594
802.9730224609375
619.0863647460938
619.97802734375
386.62652587890625
555.5870361328125
783.38330078125
192.43887329101562
440.67547607421875
263.10723876953125
415.430908203125
514.9410400390625
534.2918701171875
231.35418701171875
211.52064514160156
398.9661560058594
496.27398681640625
391.94610595703125
325.3501281738281
596.3343505859375
876.031982421875
373.91241455078125
503.9062194824219
409.69964599609375
548.6119995117188
351.7939453125
456.5513610839844
304.7384033203125
407.61712646484375
294.4090881347656
670.0941772460938
226.589599609375
346.225341796875
447.5725402832031
508.6551208496094
385.53759765625
509.9318542480469
439.6798400878906
300.02581787109375
402.589599609375
489.05670166015625
287.1548767089844
559.330810546875
283.14105224609375
342.2893981933594
415.9756164550781
258.70037841796875
178.42169189453125
252.2146759033203
226.95010375976562
661.1632080078125
364.5371398925781
808.1026611328125
435.7254638671875
533.847900390625
346.379150390625
480.22601318359375
314.79302978515625
469.2159423828125
298.88848876953125
547.1754150390625
292.6562805175781
401.61517333984375
303.2613525390625
467.0225524902344
340.3861083984375
399.40594482421875
494.7396240234375
479.5374450683594
299.5908203125
142.45587158203125
271.70794677734375
237.5891571044922
446.5754699707031
660.475830078125
321.4766845703125
528.7059326171875
432.593017578125
492.1529541015625
448.72222900390625
73.57444763183594
289.01568603515625
489.9806823730469
624.8544921875
476.0486145019531
475.22393798828125
557.9542236328125
558.4056396484375
360.7138977050781
565.211181640625
706.6942749023438
226.765380859375
200.66497802734375
583.7344970703125
561.1091918945312
464.1846923828125
206.3575439453125
315.38946533203125
464.4049072265625
245.69313049316406
340.3937072753906
467.8581848144531
581.0083618164062
238.9387969970703
174.65032958984375
197.9296417236328
247.34368896484375
377.7948913574219
407.6356201171875
254.95809936523438
196.68719482421875
469.3337097167969
507.1725769042969
372.532470703125
370.0300598144531
385.70721435546875
345.1334533691406
385.6612548828125
350.4800720214844
512.3343505859375
431.2186279296875
445.781494140625
683.38232421875
326.53094482421875
389.45068359375
314.52801513671875
367.9375
377.8974609375
284.3319091796875
349.30865478515625
307.41644287109375
712.666015625
235.61436462402344
356.37939453125
687.7505493164062
357.225341796875
298.8283996582031
371.0143127441406
463.1854248046875
332.15167236328125
442.4141845703125
300.09808349609375
352.87493896484375
387.0484619140625
494.6497802734375
422.3782958984375
219.96104431152344
489.9945068359375
536.1976318359375
387.890869140625
379.05291748046875
695.0343017578125
522.3848876953125
342.94500732421875
296.1120300292969
552.8837280273438
376.8419189453125
410.27069091796875
339.3666076660156
520.2388305664062
503.6465759277344
497.40631103515625
310.2299499511719
523.3377075195312
199.51609802246094
331.5196228027344
330.99468994140625
340.1805419921875
405.7667541503906
522.0888671875
452.71832275390625
382.8031311035156
586.601806640625
572.7158203125
455.03619384765625
548.263916015625
442.30902099609375
647.8538818359375
281.5712585449219
639.8641357421875
247.17147827148438
686.5260009765625
293.9531555175781
440.91815185546875
518.8397216796875
327.12060546875
373.5318908691406
434.3319091796875
351.06365966796875
388.10687255859375
441.72943115234375
422.2669372558594
513.0183715820312
693.6614990234375
574.9793701171875
424.68060302734375
346.5742492675781
442.2615966796875
397.5151672363281
313.0443115234375
377.352294921875
697.8906860351562
657.8106689453125
487.2803039550781
338.1625061035156
248.09872436523438
620.0799560546875
237.3727569580078
303.70697021484375
363.01654052734375
422.4854431152344
537.9173583984375
337.86309814453125
592.4066162109375
462.9648132324219
245.96792602539062
347.5001220703125
674.6463623046875
287.587890625
498.74176025390625
507.6654052734375
565.935302734375
301.882080078125
654.8412475585938
620.49609375
600.76171875
430.6231384277344
618.14794921875
595.887939453125
273.9429931640625
406.8061218261719
586.5422973632812
314.9277038574219
392.568115234375
581.376708984375
340.05194091796875
335.90155029296875
420.89373779296875
488.97882080078125
296.15576171875
345.28912353515625
363.08587646484375
384.81982421875
376.7158508300781
276.9119567871094
441.84320068359375
535.50830078125
576.1121826171875
272.7859191894531
526.193115234375
538.8154907226562
444.90936279296875
320.7042236328125
593.5624389648438
402.6406555175781
551.1875
444.9709167480469
492.9872131347656
334.6281433105469
622.4161376953125
501.4410400390625
530.6910400390625
605.898681640625
312.528564453125
270.47296142578125
472.84588623046875
537.0030517578125
343.28955078125
257.7677001953125
705.489990234375
320.09423828125
420.6080322265625
478.64495849609375
345.94586181640625
569.5382690429688
447.9150390625
475.8997802734375
556.6063232421875
384.9011535644531
615.6573486328125
610.0518798828125
698.9063720703125
421.70562744140625
754.4953002929688
453.12860107421875
308.02093505859375
646.1488647460938
518.2526245117188
790.439697265625
368.7259826660156
626.843505859375
518.7837524414062
566.4078369140625
607.6332397460938
393.13909912109375
364.1320495605469
515.4581298828125
519.6982421875
413.9701843261719
433.14373779296875
505.82257080078125
408.66497802734375
380.75933837890625
559.9078369140625
499.18707275390625
660.8768920898438
336.6239013671875
421.11932373046875
428.6793212890625
535.775146484375
411.79034423828125
508.85284423828125
538.8155517578125
583.375732421875
578.0908203125
595.1373291015625
361.2450256347656
449.35906982421875
494.2952880859375
496.7108154296875
663.5640869140625
590.7711181640625
627.8870239257812
664.6808471679688
819.0155029296875
499.71771240234375
689.41796875
725.2003173828125
436.62957763671875
541.8411254882812
605.2392578125
552.5389404296875
583.1173095703125
664.4413452148438
662.4899291992188
572.7333374023438
688.82421875
581.3778076171875
527.56103515625
537.9594116210938
959.8331909179688
432.5084228515625
382.9053039550781
575.3067626953125
561.2740478515625
523.451171875
750.45458984375
594.780517578125
606.3312377929688
579.24951171875
773.4876098632812
463.46636962890625
400.21160888671875
485.153564453125
334.01214599609375
605.54541015625
614.9046630859375
543.3216552734375
491.04595947265625
806.7679443359375
552.8706665039062
424.29351806640625
740.9952392578125
504.8193054199219
666.3300170898438
520.46826171875
391.5499572753906
696.572265625
503.94482421875
843.6739501953125
755.2506103515625
574.9554443359375
629.7955322265625
378.278564453125
421.24993896484375
377.947021484375
436.59466552734375
515.8447265625
402.9585876464844
524.1005859375
636.6115112304688
288.8420104980469
478.8143310546875
486.87835693359375
620.803466796875
466.5024719238281
443.44183349609375
643.73291015625
383.2045593261719
559.6463623046875
508.8306884765625
426.596435546875
1039.1990966796875
492.0242614746094
547.5043334960938
551.8431396484375
806.89013671875
640.9853515625
297.38629150390625
560.670166015625
850.6536865234375
547.3778076171875
587.6458740234375
604.7283325195312
337.0728454589844
377.40032958984375
639.6527099609375
521.7738037109375
392.837890625
539.901123046875
510.5314636230469
714.4146728515625
611.2991943359375
605.565185546875
637.6212158203125
761.993408203125
885.54345703125
1075.9052734375
617.5455322265625
962.9000244140625
611.9859619140625
466.5516357421875
558.7567749023438
663.626953125
438.17578125
596.71826171875
392.2473449707031
315.09112548828125
489.7291259765625
447.73321533203125
579.491455078125
702.5641479492188
637.8959350585938
440.0581359863281
695.8441162109375
480.86346435546875
717.93505859375
809.4896240234375
579.0506591796875
792.0111083984375
848.159912109375
702.3131103515625
646.794921875
405.0099792480469
598.5386962890625
980.7941284179688
709.1825561523438
882.870361328125
608.92724609375
599.9656372070312
826.294921875
530.1090698242188
384.0028076171875
560.146240234375
427.6553955078125
628.86865234375
342.7857666015625
454.8245849609375
506.7769470214844
437.8868103027344
803.072509765625
429.15081787109375
626.447021484375
721.845947265625
454.200439453125
433.4613037109375
525.6102905273438
620.1222534179688
604.45166015625
422.1393737792969
689.7949829101562
780.2801513671875
554.5646362304688
712.0057983398438
625.263427734375
232.63552856445312
503.9538879394531
589.2054443359375
586.07275390625
614.6713256835938
593.1461791992188
592.3298950195312
604.3580322265625
564.6357421875
631.1424560546875
444.81024169921875
540.6136474609375
692.2177734375
554.6600341796875
461.6905822753906
498.6469421386719
451.98089599609375
447.24969482421875
600.3107299804688
529.5904541015625
730.2041015625
510.2793884277344
751.9617309570312
442.40203857421875
618.947265625
427.87762451171875
461.1393127441406
719.510498046875
509.34014892578125
690.2246704101562
828.3233642578125
568.529541015625
577.3264770507812
486.67547607421875
465.60662841796875
335.00054931640625
471.1572265625
379.80743408203125
610.3555908203125
693.413330078125
384.7120361328125
360.1993713378906
428.49969482421875
691.0663452148438
402.0952453613281
549.2554931640625
331.9786071777344
391.7026672363281
580.9417724609375
614.0029907226562
288.64117431640625
652.3006591796875
788.9360961914062
484.0440368652344
641.4015502929688
595.12841796875
704.5467529296875
565.5858154296875
527.2122802734375
559.4061279296875
470.48907470703125
640.7885131835938
559.4859008789062
700.25390625
359.09991455078125
584.201904296875
525.494873046875
405.0220642089844
511.71722412109375
550.3924560546875
592.2675170898438
488.76324462890625
365.305908203125
410.56353759765625
477.92681884765625
392.23162841796875
457.88018798828125
626.6627197265625
365.072265625
241.13502502441406
598.8289794921875
509.7226257324219
494.0889587402344
564.375
484.0096130371094
642.5077514648438
465.158935546875
501.5638122558594
522.2984008789062
474.66046142578125
642.5928955078125
510.1719665527344
451.578369140625
604.5537719726562
682.9522705078125
576.002685546875
692.1893310546875
655.0926513671875
651.7021484375
483.21600341796875
563.5938720703125
240.33306884765625
369.6950378417969
533.56201171875
767.8010864257812
630.1451416015625
670.640380859375
468.2470397949219
313.50909423828125
327.7082214355469
349.13006591796875
492.27294921875
676.273193359375
538.022216796875
621.6817626953125
367.306396484375
467.61700439453125
510.26611328125
367.5509948730469
488.86297607421875
561.5469360351562
941.2720947265625
459.83319091796875
546.8712158203125
691.00732421875
532.60400390625
390.6763916015625
554.9075927734375
426.33770751953125
657.7545166015625
499.49554443359375
665.7869873046875
489.16644287109375
547.4200439453125
485.7784118652344
454.37689208984375
366.24285888671875
626.18115234375
567.3115234375
533.10302734375
403.82421875
725.6821899414062
676.47705078125
322.8822021484375
524.218505859375
399.69207763671875
485.9127197265625
476.3246765136719
525.9812622070312
520.556640625
635.7732543945312
499.5733337402344
524.613037109375
787.7006225585938
361.6614685058594
634.5833740234375
509.74261474609375
389.1402282714844
564.8732299804688
469.8265075683594
414.90753173828125
397.0475769042969
623.5841064453125
534.092041015625
465.151123046875
439.6671447753906
590.6193237304688
527.8399658203125
500.063720703125
352.9378662109375
491.66754150390625
441.6610107421875
347.10211181640625
580.4169921875
419.6862487792969
472.5394287109375
296.89825439453125
386.263671875
435.4892578125
580.240966796875
364.0986328125
314.59552001953125
311.7091369628906
478.2359924316406
655.4686889648438
338.9678039550781
579.2747192382812
564.41259765625
471.1861572265625
559.873291015625
493.75482177734375
543.8753662109375
508.494873046875
514.7701416015625
375.348388671875
305.9786376953125
498.7760314941406
540.460205078125
383.9019470214844
390.1726989746094
541.0568237304688
410.85931396484375
438.1407470703125
612.678955078125
305.6910400390625
312.8861389160156
377.12591552734375
633.420654296875
553.76416015625
548.8514404296875
513.1241455078125
636.1351928710938
385.1744689941406
348.1597900390625
284.5648193359375
573.5733642578125
693.8671264648438
649.0875854492188
379.4898376464844
345.059814453125
410.03961181640625
489.5501708984375
530.1448974609375
364.0308837890625
431.00750732421875
487.57220458984375
461.6484069824219
481.2198791503906
540.030517578125
307.06427001953125
536.6804809570312
244.85348510742188
549.7245483398438
262.7909851074219
205.1597137451172
407.0277099609375
538.6613159179688
589.8978881835938
429.7486267089844
376.2697448730469
542.6558837890625
268.0090637207031
565.506591796875
596.00537109375
778.473388671875
600.9513549804688
449.4725646972656
370.54510498046875
329.01422119140625
294.1253356933594
320.8097229003906
469.501708984375
184.35696411132812
177.14706420898438
302.580810546875
220.951904296875
289.8570251464844
553.3380737304688
175.31260681152344
536.9266357421875
516.2048950195312
208.61990356445312
353.8575744628906
334.8712158203125
139.60595703125
315.6331787109375
556.79541015625
543.6092529296875
349.96063232421875
442.16033935546875
605.940673828125
298.751708984375
723.4705810546875
425.4599304199219
503.947265625
329.1589660644531
518.9105224609375
519.9046630859375
195.95071411132812
515.2000122070312
511.5511474609375
218.21774291992188
365.033935546875
151.28439331054688
377.1107482910156
584.1742553710938
181.49014282226562
287.74462890625
862.7081298828125
453.57269287109375
719.6799926757812
301.2882995605469
539.59619140625
437.4152526855469
399.4593505859375
276.7622375488281
517.9710693359375
282.09600830078125
279.6930847167969
628.5926513671875
161.96221923828125
572.3814697265625
388.0227966308594
650.6099853515625
316.5440979003906
568.264892578125
458.26910400390625
187.13424682617188
273.9413757324219
357.7958679199219
375.2389831542969
436.8438720703125
459.3902587890625
523.498291015625
268.58624267578125
205.6038818359375
438.22674560546875
343.4732360839844
329.0994567871094
580.1897583007812
383.9793701171875
430.5966491699219
353.2321472167969
472.25762939453125
253.4691162109375
263.38525390625
558.6713256835938
387.9810791015625
409.861572265625
309.19866943359375
270.8901062011719
540.3800048828125
339.7404479980469
324.4985656738281
274.6301574707031
471.7371826171875
497.749267578125
274.07623291015625
238.12600708007812
406.4211730957031
197.0819091796875
592.532958984375
241.146240234375
308.65533447265625
286.111083984375
264.26080322265625
506.9890441894531
318.4575500488281
278.9841613769531
264.54345703125
396.4725341796875
479.07916259765625
215.12799072265625
468.9628601074219
437.39691162109375
458.51947021484375
376.9900817871094
395.0220947265625
391.0506591796875
242.30015563964844
731.7957153320312
253.74356079101562
203.0139617919922
475.49981689453125
372.52099609375
