0
0
24938
21793
20747
25604
17049
23080
20109
18400
21345
21501
16350
16957
17380
19017
21941
23693
19171
19611
17899
15663
18967
18005
21557
19366
21966
19371
20526
18242
24033
19536
18149
27394
98512
37018
18601
24548
25730
18219
17333
19258
22899
20792
22585
20085
22391
18776
22506
17701
21822
18612
19367
23491
18481
19346
35889
23707
39910
22153
22917
16004
16723
20153
25053
41857
20294
20248
42603
29132
98720
37179
22981
17725
40587
41311
19862
20003
16685
17952
18001
19425
16681
18087
46258
19587
16236
20047
20051
42782
19370
41614
20917
18021
16595
17021
17693
17700
40888
21326
14990
16999
15049
18087
19051
21136
98757
35368
20499
18767
43729
24395
20013
22579
14403
19210
17773
16877
16756
43072
23749
15732
45702
22309
17566
16904
15797
15885
18145
18823
17903
16716
16619
17141
19351
21289
20120
17710
16851
17737
15853
24803
98977
56762
27008
15145
15642
11252
14124
20575
17438
13675
13387
15399
15479
14542
15754
19414
13127
16703
13450
46108
22848
16180
16234
14962
13593
16712
19545
16362
17870
44883
28215
46351
26508
14868
14757
18868
98908
39248
16480
19809
15394
15634
17809
17942
48187
42647
27511
47403
19237
15852
16433
48747
27662
17800
17640
19437
16304
53712
28283
15041
50059
25606
50546
24862
17235
19817
16569
19010
53551
26722
17771
18828
98920
39874
24273
56832
27611
59996
28398
19917
22597
19134
20654
18594
18700
62664
23201
23515
21121
57968
54472
23786
21064
60380
30588
59911
58452
26055
19827
17966
21867
19784
23994
59093
58231
30445
60941
27286
99046
38744
19555
54606
26876
18184
17132
16025
52894
26342
21398
18740
20499
18316
15767
18211
24451
54335
31320
19816
55824
26702
17517
15279
23071
23720
20965
54244
28125
18367
21591
19058
19866
19094
54402
27251
99147
67908
30061
54918
52705
27754
55808
51612
28362
20060
22879
53670
26070
19309
19969
51317
28606
19428
18234
22521
17391
24086
19968
21181
19230
16796
22761
16933
18218
17746
18019
61574
25053
16482
20399
17910
99052
67383
22984
17466
50319
24034
19849
50672
23589
49728
45012
46915
22397
52717
26034
15939
15102
13443
53340
49752
21239
17799
16495
53384
21495
17715
16556
17143
17044
15425
13567
18613
15883
18221
58440
26752
98759
35620
16494
15388
16647
17083
14119
13288
16343
17508
17329
18498
51777
50980
20697
15963
16206
17990
15810
15409
56050
23758
56951
23072
14068
56099
29132
57402
55687
23690
20503
55242
23528
21272
17606
15624
99066
40787
38282
30887
25943
14368
10238
12567
10923
35868
19932
35730
23743
10855
38822
20582
11726
9984
41377
32440
20152
37359
18913
8987
9036
12566
10846
12922
12134
35285
20575
36722
21488
13634
10534
37128
98540
40027
14354
42645
21325
39887
22848
14215
12427
38120
33557
21613
38524
36715
23720
40144
35809
24244
12944
41029
36211
35590
32323
25465
14663
12854
14869
12242
13069
17145
69697
39859
37579
38176
40652
98859
57781
20729
38596
38448
35588
39683
67046
44929
26587
14411
15944
13992
11753
67546
49086
23293
70222
26128
11556
11378
15167
11340
13920
63723
26262
70813
21514
66812
44465
44733
24567
13942
12451
13600
15010
98678
44878
19113
18673
17567
19298
18923
15324
13866
17889
19219
13265
73394
27956
75931
59414
24451
16760
77026
30192
80471
25175
52159
26597
15344
46833
23469
50740
46614
26060
14614
52983
48349
48374
25990
11172
98806
43687
60006
22288
14561
18613
76151
57818
60479
24040
15282
13538
74277
60293
63119
74238
63540
78060
62410
75970
59153
61108
25445
15389
14569
57348
20827
15907
17794
17363
19669
17408
58925
24532
59380
98420
78112
23087
66847
65851
64385
61609
61260
22506
17999
22086
16979
62830
60020
23925
17851
63506
27125
16672
17731
67756
25984
16175
16256
17548
68068
66972
26778
18596
68302
29327
18380
18475
17833
69095
28605
96679
74928
27861
62020
58757
59392
56574
55037
28777
19771
58193
53386
54477
55567
23933
58719
24782
59551
28487
13738
62100
28519
62107
26123
59820
25122
58497
55291
55436
23894
17005
20820
18009
56338
26820
18176
98731
47800
17777
70147
25076
16671
17137
16644
70791
26389
69790
24848
68798
65492
65763
24989
15519
16846
12198
67620
64166
24347
17799
70360
64053
64028
76516
65647
28096
13915
17539
16923
18525
18701
16361
98416
98420
77869
72572
58203
56699
62526
76656
62852
29197
73658
61327
13776
16294
75113
60979
58333
62305
28550
81465
61517
58888
58554
63103
64370
68507
78257
63972
66175
18640
73395
63680
70793
61034
18788
58384
97717
47517
85441
59112
59758
22558
15935
14033
58430
26869
17906
15095
14127
59487
64299
58909
55638
55769
56260
52890
52804
23264
16613
16273
17604
20034
61504
25689
17380
15007
15280
61368
62581
30289
16133
95152
86574
70120
75187
67506
64161
62683
67831
26648
79745
65242
65291
77557
66209
75878
65505
63184
63751
62945
67603
75111
68507
67042
25840
19240
15902
20366
79676
73538
72375
77290
73193
81172
71287
68134
68203
97909
65269
62123
24359
62569
22455
15102
62969
61886
23717
16068
20375
15346
15968
62996
27246
16171
17838
20471
63437
24766
64380
23338
62293
25883
61969
60662
63455
63521
28169
63465
61168
26846
62773
97167
77694
59195
59050
58442
58202
22721
17836
18074
13987
62474
22294
16027
61103
27014
62478
28538
16425
61679
23287
61676
61447
60793
60372
60223
24451
62312
22151
64274
22929
64084
63181
62983
63468
65328
23487
97951
53241
21134
58265
26234
58868
57534
26608
59945
26504
58508
57005
29334
19623
21183
18914
61705
58821
25773
21216
64945
24427
65896
64083
25792
66503
25024
64852
62665
62241
62437
62478
63114
63633
63081
24125
98179
53810
62419
57392
56220
20824
58850
54366
19383
13356
57039
55761
53705
22299
54781
21125
54902
22350
12948
17103
12247
15374
54582
19930
54062
22583
56127
24455
56589
23604
56367
53551
26237
15842
14968
14738
93279
47462
19892
51047
23216
51196
50868
49408
49462
50395
50088
27033
15712
55977
25839
14496
16066
16050
12904
54482
21698
56274
22701
15019
13947
56724
21790
57185
21942
13711
15337
14242
12042
53254
51500
49817
95780
75891
43843
39332
39857
41357
41505
41374
41553
23076
11824
49917
23843
12327
12443
11492
49906
24093
48991
48428
49434
46123
45335
25644
50998
49088
48339
19639
12101
52307
20145
12369
12137
9654
49400
21419
92952
77093
21919
50108
47228
20222
50504
20788
49765
50972
51777
25090
10493
11349
53917
20889
54343
47907
52280
48254
49136
22973
10715
51110
44586
43008
45880
47112
40831
22569
12323
13831
48259
42639
20356
14272
92886
73316
36176
39175
37812
23518
10488
9846
40415
35075
36411
19967
43155
34410
34593
38171
37502
17705
42927
24688
12609
39874
33856
34003
39932
21265
47742
37859
37236
40140
36687
35038
34628
35012
36434
42639
95584
80655
65301
67160
65686
63566
63425
29178
63185
62251
61668
62328
63184
64420
63829
63784
64404
67091
29904
18667
65469
62576
26579
65152
61110
23888
18121
17134
64447
63430
63971
63166
63268
63115
63712
23790
97268
78577
60228
23597
61022
24338
19684
16886
19120
61585
26531
61496
62627
62424
62033
63926
66543
66644
66235
66448
66571
25305
68264
25936
17355
69041
67512
69344
67701
68171
68918
69196
69128
23709
17846
68934
96095
82309
60905
61631
22251
12436
55932
54897
23849
56115
56190
53792
54777
57775
26214
15854
63094
60798
58942
60812
60841
60303
61477
61262
64135
66712
23957
68908
66143
61135
66665
65486
22969
65026
66098
64576
94729
81716
63630
61372
61888
24000
61936
62281
61707
28423
64014
64239
63180
22518
63882
64806
65071
25372
64241
66642
27330
66936
68052
62970
64452
25543
16771
67808
65653
21218
65071
29250
66263
66922
27151
67704
94862
80148
57729
56523
56828
56691
55750
55343
24570
58095
56466
27123
16189
60384
57666
59107
58436
59019
59395
24057
16257
61203
60688
60551
61393
59608
60843
61232
61256
63024
62398
63001
63078
62230
61916
21136
96280
83743
62143
64505
65683
66102
63667
63240
61826
62837
64195
64197
27295
15127
18458
64439
65897
68953
68259
66212
23267
69189
65747
69085
65411
23127
67472
64865
69666
66450
66310
66046
66349
66923
66358
66674
93519
82366
23202
66565
61598
63874
63281
62683
26321
17337
63593
59461
65105
64980
63600
63505
62073
24640
62923
61379
62466
24240
15725
62894
61475
63719
64961
66001
65360
66101
65317
65209
65358
65970
66068
24909
96149
81191
25366
62321
58951
58393
26279
61562
60165
24570
61488
21425
61878
59311
61479
59138
58550
58715
58756
58670
25423
63074
27026
62517
57978
62226
24267
18795
61291
57661
59020
21481
60973
56643
62633
61530
94679
82153
22191
67383
64836
68581
28296
14057
67800
66542
73074
25766
16257
70279
24792
74992
28158
68471
67457
68094
69132
67250
67261
68222
67919
68962
69019
69281
69116
69124
26695
69106
62632
66558
67787
69427
95348
82121
62086
60627
60078
60506
61272
61876
24636
20920
54947
22435
64996
56202
22879
18356
57900
57985
23926
66887
60020
65337
64148
64512
65489
64716
65182
65284
65381
64862
65596
66101
67960
67697
67621
68119
95537
79447
19425
47701
41480
19811
41233
39871
43465
19864
37381
39147
39770
35871
36091
34793
34701
36081
20304
37618
37220
21386
42488
40954
19604
11581
12285
50870
46530
50857
49503
48527
48911
20657
49560
42986
93810
78437
49216
50314
41871
38002
36987
37187
36061
36571
39048
41523
37469
37115
39690
38382
44447
40852
44229
45503
43562
20070
12164
46010
20616
11233
42026
42287
17162
45613
43965
44074
44150
40902
43209
39472
93119
80015
47256
50468
50013
50638
25874
51008
50394
22690
50633
47752
52199
52370
53618
50680
49482
49382
48457
46563
47310
47146
22747
49898
43654
52012
49757
48850
49665
47644
45533
44772
47016
46240
46587
46437
92610
79976
46062
44222
48480
48991
48394
22120
49484
45623
46131
49006
48843
48421
47352
49675
49920
17914
47711
48982
46419
49815
49493
21248
47251
47705
46796
51313
50735
47186
45879
44864
48014
49798
44963
44959
92598
86140
68431
67491
66720
66257
67328
65187
65920
65659
67309
67941
68536
68121
69968
70154
69790
69861
69455
69360
69687
69573
68857
69158
69204
69631
70779
70750
70177
27224
72144
62992
68521
25113
69509
62633
94278
84097
64116
64305
26462
65182
59570
64342
63447
21243
65306
23773
64235
59732
63350
62213
62795
62249
62235
62362
63147
62980
62932
63085
22243
66899
63390
62431
62653
63874
65261
65036
64404
65108
64572
64298
93629
83545
62105
61869
61556
61271
60890
60549
60703
62560
63191
23578
63860
57968
63415
64521
63411
63497
64285
64407
64731
64573
65943
65516
64882
65085
64801
65604
65412
64323
24483
19330
56977
57766
67445
65939
92226
83861
61448
62071
61559
61138
61228
61395
61281
61420
61437
61395
61414
61621
59898
59813
59025
59271
57991
58061
58858
59430
59663
59908
60595
25073
62869
57127
63200
63557
60726
62955
65009
62808
61945
62544
93451
83141
55470
51998
53076
52348
49729
50322
50635
50510
50787
51593
51506
49749
50159
52045
52800
52965
55598
57262
57286
57215
59981
60541
62185
66074
66345
20321
13618
57763
52925
62393
57025
57176
55908
57750
93017
85023
24573
61681
25305
61552
59618
61570
61260
58792
26930
62845
58649
58845
25097
58712
62968
61167
59548
58606
58571
59513
58754
61389
62391
61836
61117
63796
25620
66717
60469
67962
68485
68806
25741
70495
92704
82470
55743
55103
56170
55815
56585
58754
59901
60366
59370
56350
56189
56038
58846
59770
60310
59708
59112
59042
24424
65260
50317
56699
60647
19822
64604
50464
53582
59134
56480
62098
61843
63109
63377
62766
93044
85068
62048
61420
63549
63503
22856
62025
54732
60956
59811
21918
62248
56529
58875
21404
62206
57669
55357
59385
58312
59838
58158
58573
21306
58713
55704
57621
26213
56506
53538
55749
23279
15609
53475
55327
92519
88783
70771
73094
72102
72663
29040
14117
58309
56705
66657
73174
71893
73006
72012
69219
68960
24941
69117
59648
66181
69167
71780
71367
71670
72102
71093
69817
69228
26216
67297
58404
25328
15462
58932
58560
93322
87870
69873
69448
68663
68980
68815
68632
66949
67393
67404
69520
25511
69859
55879
65227
27718
69246
55167
66819
66428
66956
65979
67399
66714
67728
67467
66250
67332
66992
67491
67085
64824
64064
64433
63320
92149
84165
60014
58972
60580
60745
60228
60277
60383
60837
61237
61493
61045
61238
60998
60638
60735
61119
64255
61483
60280
61803
61738
22666
63318
58552
63493
66142
60375
25831
65051
59967
25258
62082
59867
63304
91675
83404
56996
24525
61893
55979
25700
65321
52985
62312
64418
61261
54514
53795
57650
57474
56402
56222
56166
58684
60504
59554
57826
57193
56868
58411
59409
60437
58516
59328
59447
57349
58708
60113
61369
60767
92018
82698
52255
51976
57291
59824
57421
51038
53140
54170
53473
52485
51033
51151
50864
50038
52106
55598
57899
58853
58823
57804
57223
19880
62102
49175
49183
48748
43350
19123
56428
20415
53866
49840
52720
52210
90376
66355
65149
59735
52125
59292
54617
21835
61945
51719
55852
19440
59180
50020
56729
56482
58742
19070
60994
50764
57929
57260
57042
56601
57371
57282
59959
65646
20378
70041
51633
61012
62971
63986
65984
65124
93634
83228
44842
42487
48190
19641
12037
11351
45981
41056
44813
45067
42455
45391
48372
45118
40159
44067
45217
46967
47894
48908
47929
48032
19028
46854
42359
45681
40560
43792
46078
19757
47774
41599
41576
44906
90086
81450
45518
43024
38568
38017
33958
35914
36460
16111
39532
35050
38945
32304
37627
35580
36673
15851
38359
33662
17244
39730
32847
40083
32368
36523
34928
32013
32805
34992
36267
37279
34894
33717
33615
19967
91152
80428
46025
50151
44800
41273
43830
41364
17012
50129
36515
47678
47576
43514
17608
50017
33468
48091
46923
41372
43380
43032
41852
43965
21113
48874
32818
46577
48232
44686
42993
41529
16853
46159
34897
49028
89920
87252
62186
59058
58961
58576
57927
57149
56633
58396
60377
61974
62867
63728
64403
64811
64956
65006
65786
20206
70347
54167
65193
65189
62417
64262
63272
65759
63248
65189
60250
61630
59851
59444
19722
61640
90218
69095
23640
71051
68897
69663
69665
73063
74375
73585
73715
25443
72418
71796
74251
74083
74652
73257
72843
71313
70971
70228
69211
68797
26666
69457
69078
27470
69849
63712
66317
71589
69588
68862
68235
67829
91522
88887
62056
61972
62952
64726
64489
64508
63708
63631
63690
63165
25056
62690
63302
54292
57419
67197
62908
59305
59464
57614
59463
58300
56740
67608
63346
60254
57436
62411
67037
62020
60040
62897
63357
61938
90745
87645
61140
58004
57292
59034
58614
59717
58592
57912
57413
56619
57189
57082
56544
57268
57511
57982
58407
58107
62648
22256
62550
62809
56374
62575
65856
66323
65968
66091
65282
67507
66700
65633
63852
63232
91001
87776
63816
62842
62056
69039
63743
63775
53833
61685
60528
62037
63135
67245
60421
74732
57299
61192
55828
64103
66001
23731
69995
63484
53292
57626
65694
64918
67055
65821
62583
63220
72706
66795
65210
60964
90557
87419
58435
25234
64769
66224
56508
58842
62251
65870
64034
63407
61617
60901
60546
61398
64426
61453
61313
61487
62173
60237
59839
60508
59302
57897
58004
57811
56435
54976
56459
57202
57261
58942
69491
62406
91123
86837
56901
56440
60665
58738
59528
62150
61622
61560
61693
60788
62364
60042
62890
62578
60691
59524
60609
58231
63587
58989
70671
62815
64414
60891
64784
64313
65222
65407
67235
68042
67192
67594
67255
68430
91117
86674
48217
44124
60033
54509
50993
49239
52785
55051
53412
55272
54935
53075
53517
52200
48299
60484
56341
54905
53410
55342
57800
57736
57397
56669
53923
54794
56500
59951
64823
63055
58228
53818
61787
60560
90237
87691
59697
48790
50046
53266
46162
47945
48370
50471
53740
51651
45194
48042
48386
48139
48171
47713
41285
49260
46779
45528
48500
48864
52097
38164
53850
49567
43978
44081
47492
52293
44219
49375
43729
49284
88089
87707
59127
54401
47622
57265
51638
49993
58886
53795
45826
61184
57514
51334
57433
55028
52571
55198
57329
58690
57307
61377
60588
60320
58756
53199
49756
51172
61322
53712
53835
56011
53259
20322
52717
59318
86182
85631
51042
44301
43616
44514
41869
41412
41746
42309
40633
35751
53329
41704
33597
52010
55638
45763
41110
41875
53762
41168
52853
48443
52821
51262
49721
54512
42401
51731
54621
14880
53217
44941
55165
88993
89444
57957
57560
65772
64609
60746
60689
55258
62958
62833
60916
18078
61146
52099
56287
59230
62599
58655
63717
56587
61204
65802
62161
72439
66599
16894
14252
60275
52100
67423
66599
66154
63619
56631
66356
87376
73954
58363
17822
16077
12860
52982
58921
60081
60763
54097
59043
60340
57529
58114
61539
61340
60731
57030
58095
65434
62157
61750
61707
65887
67787
62687
62420
64664
67085
65632
60279
64471
69939
63147
62086
91535
91400
55731
53494
69210
66799
66043
59203
70216
68303
64315
55699
19248
69591
24420
57115
67074
67946
66330
65859
68073
64568
64203
68120
65159
62684
67139
70096
66251
22703
70716
71719
68757
22564
74352
68556
89585
83470
45409
43884
67781
63975
50036
48417
62711
64838
56779
55573
65742
63294
58835
58264
70860
68910
59675
58431
70166
70262
61300
60728
20049
71822
69130
58440
55009
18581
72952
65500
57954
52456
68173
70273
88676
89966
64820
63689
69479
69325
64380
66474
67202
65751
20044
70266
23015
67357
70933
67771
68723
69293
70859
66649
64719
64857
66872
66253
66417
67945
70398
69013
67508
20568
20171
69415
66448
64317
64583
70233
89670
89832
58566
57001
65271
61041
59432
57793
15430
15587
61190
56542
59847
60949
57760
60550
67767
64716
64251
65839
66826
65189
64335
64454
68303
63785
65936
67708
64608
66645
62813
65008
64142
62118
68864
73331
90126
90314
60134
57599
65675
61795
60560
56385
56261
57467
57439
59012
58975
62195
63017
66012
66864
66749
67359
66187
64763
64477
63750
64285
23301
69227
66659
63627
64902
70892
69962
68119
19130
74996
68747
71626
89968
92002
69346
70289
76856
76166
69010
71864
70033
72812
72186
70828
70893
73971
75198
75953
73142
73190
71845
71939
73268
74059
74235
73430
72855
72896
73692
72890
73367
73441
71289
69362
68448
68705
70070
68565
89333
76420
65854
24137
73488
64205
66281
63477
69155
66640
63983
68793
69760
69562
69451
70140
73488
73221
69594
69407
68634
68376
69404
72149
71493
70061
71481
71254
73418
72886
71687
73713
75482
76061
75269
91606
91355
24571
65947
70256
56696
60621
73184
70217
61541
65987
70656
66488
65761
67387
67148
67341
68855
69004
70035
69455
24316
71888
68742
68241
71828
73852
72783
70706
73402
73900
73685
22386
19409
71940
23521
90873
92410
65740
65413
62917
65405
65599
19204
75021
58984
59363
64334
66352
67705
20058
68105
58468
69597
70106
68554
71928
75124
20729
75435
17904
60212
57875
66853
71693
73278
71657
74700
74831
76085
20925
78397
85717
91971
56164
17265
59060
45350
56480
49276
55142
47233
47773
60913
56328
46319
45452
52555
55085
14780
47054
42928
59828
17110
50760
41989
58741
59238
62072
46041
55459
60985
60268
