None
None
None
None
None
None
None
None
None
None
None
None
None
None
None
None
None
None
None
None
None
None
None
None
None
None
None
None
None
None
None
None
None
None
None
None
None
None
None
None
None
None
None
None
None
None
None
None
None
None
None
None
None
None
None
None
None
None
None
None
None
None
None
None
None
None
None
1.111463762819767
1.0660750698298216
1.076810708269477
1.0470247268676758
1.056084606796503
1.0838780142366886
1.0831978935748339
1.1136373933404684
1.0650837905704975
1.007816730067134
0.9286634251475334
0.9483703151345253
0.9919804241508245
0.9721130542457104
0.9483038671314716
0.9086834033951163
0.8678566906601191
0.9317308999598026
0.7828597500920296
0.8670172598212957
0.6865049069747329
0.6992684742435813
0.6834190115332603
0.6552330972626805
0.6264544357545674
0.47833922039717436
0.41757442196831107
0.3247112136450596
0.3058525645174086
0.4158856229914818
0.3011738925706595
0.13478358383872546
0.16275352969387313
-0.016691297802026384
-0.08009960973868147
-0.03569365142175229
-0.08084084818256088
-0.1270572474641085
-0.06894935401214752
-0.22472824181022588
-0.19529565679840744
-0.14990540780127048
-0.016346531687304378
-0.12019279651576653
0.008615779246611055
-0.05551879957033634
-0.04376512675662525
-0.026785792055306956
0.011837529978947714
-0.00039149902295321226
-0.1259882434969768
-0.09748695199232316
0.0028248808666830882
-0.06696873615146615
-0.032209791213972494
-0.05346677519264631
-0.025501008436549455
-0.08712605414621066
-0.007905769678473007
-0.10992282706138212
-0.09004451682267245
-0.1471668544691056
-0.0407389372412581
-0.10529338000014832
0.06207600458583329
-0.03728732981835492
-0.04899192741140723
-0.009261935338145122
-0.12940464296843857
-0.12755376463974244
-0.16600718814879656
-0.22995292948326096
-0.1880696543958038
-0.17451833363156766
-0.161681447760202
-0.09835038700839505
-0.07999704201938584
0.0017994032123169745
0.012875036693003494
-0.1266627723016427
-0.08645118938875385
-0.09583227339317091
-0.16136944596655667
-0.044240378119866364
-0.14140897104516625
-0.044800683004723396
-0.09688271497725509
-0.12792925177200232
-0.1745293381427473
-0.16891379532171413
-0.14450599974952638
-0.29750397246243665
-0.28527458757162094
-0.1966470293700695
-0.2157436286652228
-0.14889376429346157
-0.17936698102857918
-0.13926037357305177
-0.144270142482128
-0.04324236619868316
-0.06367175513878465
-0.09120918338885531
-0.20048863923875615
-0.15283606987213716
-0.05849819598370232
-0.14436694754112978
-0.11190810009247798
-0.15005093161016703
-0.27290305588394403
-0.27364450541790575
-0.2226052635232918
-0.17090439097955823
-0.24903417432506103
-0.25156447500921786
-0.23428025282919407
-0.1817243357654661
-0.1423776596202515
-0.06236156530212611
-0.2143805181258358
-0.07548687208327465
-0.29517498635686934
-0.15018077450804412
-0.14911773502535652
-0.29773933150318044
-0.2633399933401961
-0.32705129258101806
-0.0877789014884911
-0.11353994405362755
-0.09425195469520986
-0.18867628159932792
-0.15129291120683774
-0.20173778306343593
-0.15606850193580613
-0.31077752192504704
-0.17553407304512803
-0.27722193964291364
-0.2718465970829129
-0.17535953206242993
-0.17331700920476578
-0.13905735488515347
-0.09658507243148051
-0.1503744670189917
-0.2108432481472846
-0.34038475004490465
-0.22905762861773837
-0.2611741237924434
-0.24064246478519635
-0.28521173942135647
-0.40720007941126823
-0.11172064710990526
-0.14726491924375296
-0.12177276524016634
-0.012900635250844061
-0.1748018468497321
-0.17196811537723988
-0.3648974662646651
-0.19547585281543434
-0.20420402846866637
-0.3877936333883554
-0.21199487935518846
-0.14255336322821677
-0.20501970600162167
-0.11741529335267842
-0.2595618201303296
-0.12207693562959321
-0.2228044329676777
-0.43395545799285173
-0.2961676847189665
-0.26525408375891857
-0.290661042323336
-0.21360818234325052
-0.18000773416133597
-0.08359169811592437
-0.13983139222909813
-0.21318338214041432
-0.19368697328900453
-0.36378500424325466
-0.35851679602637887
-0.3145530498586595
-0.3282624001149088
-0.17932489568920573
-0.30613771989010274
-0.03412360164657002
-0.0947292817872949
-0.21232540463097394
-0.1781323238974437
-0.13646205991972238
-0.4303833900485188
-0.2251351974264253
-0.34262370091164485
-0.49643397610634565
-0.26049881961080246
-0.16870250686770305
-0.16386892506852746
-0.17250721482560039
-0.14421307152952068
-0.14881121914368123
-0.17018906155135483
-0.20657582700368948
-0.3477347657608334
-0.38562434048435534
-0.3923801511991769
-0.3897015342954546
-0.192197668395238
-0.17646849200536963
-0.03751616319641471
-0.25965192684088834
-0.10860754182795063
-0.06340266859479016
-0.4616551361687016
-0.2355932887585368
-0.34745719481725246
-0.30206751823425293
-0.08818870753748342
-0.30622491327812895
-0.20297294041665737
-0.2465692105179187
-0.23278816044330597
-0.306301556629478
-0.3152499331627041
-0.22407144375756616
-0.3369639605516568
-0.10271520218520891
-0.16424615190044278
-0.12506882787420182
-0.36276013124734163
-0.23871755349682644
-0.19546315114712343
-0.18234812418813817
-0.19073596622911282
-0.2330745919025503
-0.46522495441604406
-0.40609288041014224
-0.205795134534128
-0.3461095109814778
-0.2899672888452187
-0.34988640528172255
-0.32418461990891956
-0.14427334431093186
-0.4455346765171271
-0.19413250364596024
-0.24766537910909392
-0.46734412119258195
-0.2151498682796955
-0.31215009558945894
-0.21441886655520648
-0.30923630129836965
-0.3040037555329036
-0.2881175715883728
-0.07285779941594228
-0.17374950274825096
-0.34796739218290895
-0.23054334046901204
-0.35467158386018127
-0.2782462574541569
-0.29272217479592655
-0.08640407599159516
-0.18339390559413005
-0.45012727100402117
-0.2877130557317287
-0.41688037135463674
-0.39466614098637365
-0.3483557382132858
-0.28015495563158765
-0.13705139164630964
-0.13841381484962767
-0.17143132726778276
-0.33061274886131287
-0.3498373763868585
-0.38719838089309633
-0.2664520087564597
-0.17076364399508748
-0.2998504138085991
-0.3397330232837703
-0.3411529758013785
-0.5019502916838974
-0.10121158283436671
-0.2506417734257411
-0.10519143810961396
-0.31864971155300736
-0.46198902325704694
-0.18606676007038914
-0.20756704185623676
-0.14490386203397065
-0.38831224758177996
-0.18318772157454077
-0.31698578456416726
-0.09315501875244081
-0.33044164994498715
-0.21443786537565757
-0.27703460882185027
-0.2122530673223082
-0.369964477562462
-0.26716224377742037
-0.5541549162007868
-0.16767851082840934
-0.2530641263729194
-0.21440603805240244
-0.0773366859939415
-0.4153391149593517
-0.30277323664631695
-0.20397099765978055
-0.37282324879197404
-0.27865119706257246
-0.3278287733992329
-0.3864910313859582
-0.317403509397991
-0.2628334716428071
-0.35430577871738933
-0.39133724095881917
-0.16335890666232444
-0.255862302496098
-0.2858203925425187
-0.3035923312418163
-0.4597179312258959
-0.2709743945451919
-0.21129760643816553
-0.16607921296963468
-0.1787441995111294
-0.3157448333222419
-0.3697916404926218
-0.0785248358752142
-0.2719318269591895
-0.24631545296870172
-0.4440274107910227
-0.3162312048661988
-0.2921410853159614
-0.2853238091620085
-0.49806819681543857
-0.39365964115131646
-0.3055202682153322
-0.22081431790138595
-0.3881110024958616
-0.29129765345714986
-0.38462134246947244
-0.3959566555568017
-0.24354626642161747
-0.5332217907998711
-0.1846103633288294
-0.37958456319756806
-0.35140999377472326
-0.18756988630048
-0.20584906279691495
-0.2021903654676862
-0.22787882955162786
-0.0468049583141692
-0.36509744718205184
-0.3001077889930457
-0.3702069098944776
-0.4926588369999081
-0.39777084835805
-0.5424055527546443
-0.39551761356415227
-0.21568408120947424
-0.2471265234053135
-0.30301046988461167
-0.1010570592188742
-0.4127811749567627
-0.31534754958192934
-0.23674211045727134
-0.2591223612835165
-0.2198614994995296
-0.32243852007377427
-0.42851179192075506
-0.4275598858803278
-0.42595348600298166
-0.2818693744484335
-0.286199685651809
-0.18853764864616096
-0.3177679616055684
-0.2155856164731631
-0.23627951194066554
-0.1912186845438555
-0.34203765825077426
-0.21299215873295907
-0.16809575346997008
-0.24836289920494892
-0.23415675794240087
-0.2056615129695274
-0.36022031246102415
-0.22214153090317268
-0.04062154272105545
-0.14529016261803918
-0.16801276453770697
-0.3348181350302184
-0.32508569140918553
-0.17861720569635509
-0.30238399852532893
-0.2985721172299236
-0.26015880960039794
-0.06460485809657257
-0.2243375249672681
-0.08196492453862447
-0.22864238161128014
-0.20856893016025424
-0.27944730524905026
-0.32462184538599104
-0.18436547822784632
-0.2724460497411201
-0.4110494868364185
-0.3566355009097606
-0.4610371253093035
-0.21873775706626475
-0.28146128123626113
-0.04918264584921417
-0.04450833056762349
-0.17766459698032122
-0.1310860303346999
-0.2716720951611933
-0.19378740014508367
-0.30606119798176223
-0.16297825041692704
-0.16707367764320225
-0.2645805920474231
-0.282288906397298
-0.26300298920796195
-0.24718292201578151
-0.1558542352868244
-0.1995588017452974
-0.05858148625702597
-0.15343447991472203
-0.023415510106133297
-0.2024492843702319
-0.4737765868194401
-0.23139527393504977
-0.26821503206156194
-0.45053674197697546
-0.11717080148810055
-0.14474979520309716
-0.09604580968152732
-0.1325494735792745
-0.25400580358109437
-0.3975462767848512
-0.3163695795228705
-0.2856344369938597
-0.23088418052066118
-0.16072828602045774
-0.2418405140924733
-0.35121619096025825
-0.1258016303763725
-0.22046385913381528
-0.13561657450190978
-0.1335512102523353
-0.23749493691138923
-0.3261339801829308
-0.40638114826288074
-0.4005296114482917
-0.13689522189088166
-0.18078212323598564
-0.24409687391016632
-0.28288465610239655
-0.15514973946847022
-0.33712114254012704
-0.3768209762638435
-0.23333537159487605
-0.06700474629360542
-0.023120898520573974
-0.19005956494947895
-0.063256332767196
-0.18262125429464504
-0.36608973931288347
-0.2279371042677667
-0.3815751832444221
-0.5354759099427611
-0.318740462178539
-0.44715657900087535
-0.07371112612599973
-0.2648999923840165
-0.24326348082104232
-0.14822970738168806
-0.0987610728625441
0.002614629071103991
-0.08445567219314398
-0.2245554786059074
-0.3283301263290923
-0.4053709511645138
-0.27080574608407915
-0.22582701767532853
0.029512892593629658
0.02145321198622696
-0.02582005935255438
0.004658173318603076
-0.20105945761315525
-0.061015009458060376
-0.21489412656228524
-0.3871350920526311
-0.43014771374873817
-0.33782454556785524
-0.227427023666678
-0.11855783587088808
-0.16726769422530197
-0.15535517144598998
-0.17540916102007031
0.06278277956880629
-0.18177301358082332
-0.3020801127422601
-0.23511818094993941
-0.2401552509254543
-0.3080700308564701
-0.31984507717425004
-0.2792782727337908
-0.13780950350337662
-0.01957090469659306
-0.047534122539218515
-0.1255708718817914
-0.012387816546834074
-0.153193222155096
-0.30418634184024995
-0.2702126687509008
-0.2916276719770394
-0.17335229845775757
-0.29558116928092204
-0.21956438053166494
0.010339967062463984
-0.0433891509892419
-0.14052336316672154
-0.2210015388263855
-0.02677077987755183
-0.10297926206476404
-0.20968083897605538
-0.240793075208785
-0.2872866423567757
-0.24732975009828806
0.015410824329592288
0.01985647060791962
0.0687390088714892
-0.03918705051910365
-0.060497224349091994
-0.18521212879568338
-0.24798287951853126
-0.15978575602639467
-0.20253564827726223
-0.3776537301018834
-0.12324888791772537
-0.1301586361878435
-0.11096804981207242
-0.04295144921343308
-0.17364956031087786
-0.11766034773609135
-0.2483803975628689
-0.12083352998888586
-0.12089370444300584
-0.1303759611255373
-0.04625850520096719
-0.10906731747672893
-0.20363879634533077
-0.23858503729570657
-0.20993192578316666
-0.11138103396660881
-0.031457276694709435
-0.08895548117288854
-0.12532258108694805
-0.02619491863879375
-0.21711155580123886
-0.22545259294565767
-0.13764137757243589
-0.09098669611557852
-0.220788654522039
-0.13952781367697753
-0.0860569771889459
-0.013675772032001987
-0.06047674341243692
-0.022633717384451302
-0.08962759654968977
-0.08811949493247084
-0.15357335555017926
-0.2293832486611791
-0.07532892930612434
-0.09150127877364866
-0.14203380164690316
0.024500832485500723
-0.010340778670069994
-0.019469783030217513
-0.12128160083739203
-0.12365142955241026
-0.17776529449474765
-0.19687173166312277
-0.08029899680695962
-0.13666286071384093
-0.03619148650614079
-0.08226394924167835
-0.018757189325697254
0.019695449653227115
0.04029446859203745
-0.11562578182201833
-0.08313002283102833
-0.04831536961137317
-0.18226206713006832
-0.24005018308525905
-0.09675943587353686
-0.0873420009156689
-0.07754661016224418
-0.18242341739824042
-0.10619684575794963
-0.0976402044761926
0.06375621327606495
0.025867396569083212
-0.027131062583066523
-0.05555393442045897
-0.05055878381608636
-0.07763295131007908
-0.15827404835727066
-0.14090723491972312
-0.1258697259472683
-0.11936015110404696
-0.0862252119986806
-0.05154984109685756
-0.14626506553031504
-0.11313079291721806
0.020209782058373094
-0.028930211468832567
-0.13253268093103543
-0.030764496281335596
-0.04390744981355965
-0.22449509511352517
-0.06712194411011296
-0.12224088481161743
-0.1630300954275299
-0.06791309439631732
-0.043981216793326894
-0.05686834918014938
-0.10573157947965228
-0.08313784582423978
-0.11073493582080118
0.02189536887453869
0.044978547979553696
-0.11265388752872241
-0.10518769052578136
-0.06111813767347485
-0.21712513845704962
-0.07589252508478239
-0.10293178149004234
-0.02834504695056239
-0.15881632216041908
0.006442486250307411
-0.040773682178951276
-0.07080907558247418
-0.11838485758198658
-0.17292850409285165
-0.061639730411116034
-0.056593980349134654
-0.06405056959374633
-0.10099437151075108
-0.07458938111085445
-0.07972110384434927
-0.1750216907239519
0.06064158322988078
-0.0630806897443108
-0.1294155836221762
-0.08559164742473513
-0.11584184342063963
-0.10310730023047654
-0.07178055361146107
-0.025091373092436697
-0.058446469411137514
-0.20649249624693766
-0.1254694692470366
-0.11559152162408282
-0.04481456702342257
-0.032045028172433376
-0.07841953372280841
-0.1258539674381609
-0.06169088892056607
-0.1282732155523263
-0.10864333080826327
-0.12958414043532684
-0.17011071473825723
-0.14989088766742498
-0.005051516036473913
0.031517108727712184
0.003253503906307742
-0.0367155963613186
-0.029505303649784764
-0.21536859848129097
-0.2523064811248332
-0.1075335525238188
-0.10042889069882222
-0.12580883456394076
-0.0008619954169262201
0.059662252315320075
-0.01732890099810902
-0.04154726803972153
-0.07131013173784595
-0.1396476408840499
-0.18123069033026695
-0.049967627186561
-0.07607534792623483
-0.016252285975497216
0.059633419281453826
0.003863963491312461
-0.11263941786819487
-0.1414553388931381
-0.23201372448238544
-0.06380105817515869
-0.09297048588632606
-0.033557124581420794
-0.11919124246924184
-0.18319199643156026
-0.0026631144237398985
-0.05100606561245513
-0.12348559436213691
-0.20819072611629963
-0.14009162044385448
-0.17009544163011014
-0.026870215646340512
-0.025571958722139243
-0.008219575334805995
-0.028407383731973823
-0.04557888995623216
-0.15471050282940269
-0.24088179151294753
-0.21134852175600827
-0.07706446290831082
-0.06411096041847486
-0.03169595074723475
-0.009590073124854825
-0.07032687744504074
-0.09309406612737803
-0.21687386714620516
-0.15295749017968774
-0.06315408797854616
-0.04819454417702218
-0.07266957467072643
0.01671430316491751
-0.012139131809817627
-0.1149087340963888
-0.11746951076747791
-0.11572878871447756
-0.1276633637608029
-0.13910684525035322
-0.024207231035688892
0.01263612329694297
0.026346415872467333
-0.029603259928990155
-0.07104963855817914
-0.2581518101505935
-0.1438562786061084
-0.19018711405806243
-0.07826920355728362
-0.11650292278500274
0.03501131757366238
0.08947901043575257
-0.03742178866741597
-0.03412144115554838
-0.10920411819097353
-0.20061492378590629
-0.1485468714381568
-0.1696520653204061
-0.04981505170871969
-0.021309958276106045
0.018692838260903955
-0.13715696358121932
-0.14951693595503457
-0.07505616848357022
-0.162697186722653
-0.18594502301129978
0.008360841620742576
0.07299298935822662
0.12159974715905264
-0.040617636135721114
-0.010391412390163168
-0.1241426159394905
-0.21588130458258092
-0.21774703869596124
-0.1702031590975821
-0.25484574609436095
-0.07880541913618799
0.07552927819051547
0.015619136003806489
0.13456766683816568
-0.124288310384145
-0.1071615891669353
-0.03549231677095577
-0.16334561514668167
-0.10008350998396054
-0.17452113807667047
-0.10451030414697016
-0.018888812228397
0.08804123794470797
0.013790862103633117
-0.11574601181200705
-0.08284158426249633
-0.14578029449330643
-0.21480743505526334
-0.29254874447360635
-0.08987093160976656
-0.014706114103319123
0.12863951525650918
-0.009901696175802499
0.0376980228429602
-0.02513070241911919
-0.1575413590471726
-0.11357489286456257
-0.1850484639289789
-0.0879394497605972
-0.09332808380713686
-0.0014171335305945831
0.014046996424440295
0.016482510545756668
-0.007894796566688456
-0.06638169039797504
-0.18777769213920692
-0.25952651642728597
-0.1529679359518923
-0.10920483342852094
-0.0375590709518292
-0.033789283130317926
-0.06792468110506888
-0.04045261692954227
-0.05375511343663675
-0.15754334100347478
-0.19395472513861023
-0.1063906384515576
-0.07781838183291256
-0.050621649861568585
0.048285209290042985
-0.006482903030700982
-0.04823962898080936
-0.23051250659045763
-0.0781096747959964
-0.18966812611324713
-0.1971498492275714
-0.10286558519146638
-0.02381376399716828
0.009329242195235565
-0.03246133139691665
-0.04453893734898884
-0.19343953527277336
-0.16137746279127896
-0.16312292008660734
-0.03946427246683015
-0.023272662081581075
-0.10018305578341824
-0.021077096927911043
-0.06325281725730747
-0.15378433372825384
-0.09551658562236298
-0.04473644979589153
-0.03401912045228528
-0.04568856046535075
-0.1037110451834451
-0.1128922266070731
-0.10883832652325509
-0.001305059817241272
-0.015931607369566336
0.0005513981723197503
-0.2146959974852507
-0.1124862702563405
-0.12263218536099885
-0.012329694116488099
-0.003631766972830519
0.06348190894641448
0.015847802125790622
-0.12703294996754266
-0.10840595613990445
-0.044187246523506474
-0.08719614523215569
-0.10390588743030094
-0.019457268143014517
0.028634247144509573
0.006532718878588639
-0.05549129432984046
-0.06380793679636554
-0.1270729895841214
-0.00639433318428928
-0.1020356369849651
0.06915318916435353
0.03002184018259868
0.011195707287697587
-0.10178870407980867
-0.1390293113727239
-0.10484692308818921
-0.046353678837476764
-0.0766884998374735
0.03565503429854289
0.04012535815127194
0.04726091504926444
0.03127884879359044
-0.11054131132550538
-0.1452226716792211
-0.1991467793704942
-0.1219344518322032
0.0050122366556024645
0.03880700923036784
0.015011987998150289
0.017132142995251343
-0.05727017504250398
-0.09903759125154465
-0.11704915945301764
-0.14231697289505973
-0.033020413531630766
-0.015416140158777125
0.03540868469281122
0.048925512623100076
0.04911734926281497
-0.045754970735288225
-0.049800485678133555
-0.14411546340124914
-0.09720538160763681
-0.0616461744893968
0.05794459331445978
0.08029317218461074
0.07956397414818639
0.03859097715758253
-0.04396361123144743
-0.11041215143632144
-0.10582834400702268
-0.14377045322908089
-0.1614430948975496
0.0233798787703563
-0.027813194556529197
-0.03192556912836153
-0.07588531573128421
0.01710911737609422
0.011961631666054018
-0.06445596338016912
-0.09553315213679525
-0.09584724643627851
-0.06292254305867573
0.05192192061804235
0.04466841241082875
0.004324405992520042
0.029067781069898047
-0.04628111610918495
-0.053801031259354204
-0.040032950579188764
-0.032071533063117386
-0.05726321569818538
-0.0049829622730612755
-0.101067593524931
-0.03266112792334752
-0.08097392294439487
-0.027640569081995636
-0.06354832721262937
-0.09103120470899739
-0.0018012095461017452
0.01550770431640558
-0.03162298563984223
-0.01731559451945941
-0.04547995759639889
-0.06192350107448874
-0.10641530607244931
-0.08438079029292567
0.018278370651387377
-0.0027908469273825176
0.01703928732604254
-0.04406011751962069
-0.022893010730513197
-0.12028066768834833
-0.06537284858495696
-0.09413581927583436
0.033188576679094695
0.08905891716131009
-0.0012933977050124668
0.027534889391972683
0.039630142840906046
-0.07501517088894616
-0.06342985435549053
-0.03140869065464358
-0.03917232740786858
-0.04009064196725376
-0.02666604732075939
-0.0382568734457891
-0.012777470014043502
-0.0389044645926333
-0.014666883504105499
0.011127145855425624
-0.02614099935271952
-0.02600064744547126
-0.06364260235568509
-0.11609266286450293
-0.00302893254411174
-0.0012533580884337425
-0.07820064512270619
0.04785895157692721
-0.0060344041830830975
-0.08756126551179477
-0.0842942314047832
-0.011029281660739798
-0.028201207620440982
-0.013209169163019396
-0.08299302637169603
-0.04716254986124113
-0.0629226607416058
0.023876245808423846
0.005120316753163934
-0.02562282000144478
0.008486495273245964
-0.01959068569703959
-0.061624065798241645
-0.08801273578137625
-0.026651838939869776
-0.040210403493802005
-0.015085753271705471
0.05703207332408056
0.06165843497728929
-0.013810782409564126
-0.08290003474394325
-0.1476963540771976
-0.09059325349517167
-0.061182298190942674
0.05739564067334868
0.053281369007891044
0.060534559343068395
0.012188457081720117
-0.0489973315197858
-0.08780908682092559
-0.16288767394144088
-0.027781700151535915
-0.003069910206249915
-0.024568725348217413
0.027573050390856224
-0.029751018359092996
-0.07107740960782394
-0.06920278952020453
-0.015155307191889733
-0.07137005738331936
-0.04469628781953361
0.07365161430789158
0.0645932741172146
0.07020551854031964
0.06803198454872472
-0.06529805784521159
-0.07803462164883967
-0.08966356710880063
-0.11635434471463668
0.058063761302037165
0.01942341894459787
0.054601422845735215
0.032975402966258116
-0.058831616732277325
-0.15890633017988876
-0.07729634923452977
-0.021027813636464998
-0.03562883539325412
0.026320348668377846
0.07517588770133443
0.014789178319915663
-0.015127332888368983
-0.08540595010799734
-0.07319661253131926
-0.08424673320405418
-0.11558223739848472
-0.035272939279821
0.0524259696212539
0.07423019350972027
0.07697842281777412
0.07096649850427639
-0.009411447783350013
-0.05288514611311257
-0.13709891346479708
-0.04947065280430252
-0.09645164953326457
0.009440340771107003
0.027913818208617158
-0.01753023091077921
-0.0005678876659658272
-0.08768005167985393
-0.1166590098728193
-0.07286421721801162
0.0059503984957700595
0.004442796598596033
0.013174125961086247
-0.1031404245441081
-0.08739332330878824
-0.005844767259986838
-0.007103897965862416
-0.032780237845145166
-0.041525946548063075
-0.16313895455095917
-0.17498240625718608
-0.09776150311154197
-0.05927413090830669
0.10735083053441485
0.1905582019026042
0.11333392559026834
0.10718512786115753
0.07787472679046914
-0.0045232361617308925
-0.1706702917581424
-0.28304996140650474
-0.261732587357983
-0.2499494655057788
-0.27514475025236607
-0.08875375993375201
-0.04696832486661151
0.11330014369741548
0.16544791191699915
0.2233160398900509
0.17382269561494468
0.15957901073852554
0.08153093808505218
-0.03820241467838059
0.010726286796852946
-0.18458810757147148
-0.3041336298920214
-0.2762099072569981
-0.2510595038183965
-0.17046383768320084
-0.15430097916396335
-0.052305830162367783
0.1223634959969786
0.18061306793242693
0.24350817210506648
0.19142357748933136
0.18264776740397792
0.08482066621763806
0.052248231768317055
-0.09252914211174357
-0.08380519540514797
-0.14920489247015212
-0.14625191773666302
-0.07370712300689775
0.00333317448530579
-0.04243553589731164
-0.013376225317188073
0.07011979591334239
0.08184267350588925
0.025265093543566763
-0.05002842112116923
-0.03268539434066042
-0.1429208258050494
-0.11400587009848095
-0.01024214168137405
0.03866148831730243
-0.021448885701829568
-0.030614420589699876
-0.03725210735046858
-0.09907651084358804
-0.09002567235438619
-0.1337785710929893
0.017033703144988976
-0.035215543990489095
0.06857731252966914
0.09280649619176984
0.04392217268468812
-0.02513879990146961
-0.060322192788589746
-0.03658202178485226
-0.0741321838577278
-0.03760555104963714
-0.006932552962098271
-0.043556993987294845
-0.01595254460698925
0.015410051564686
-0.08435876083240146
-0.004719784094049828
-0.06813954010431189
-0.05823109810080496
-0.05812680687085958
0.0007465786038665101
0.034587949950946495
0.029495467962988187
-0.009455782594159245
-0.0504036545753479
-0.09920691828301642
-0.07623421648895601
-0.0669735598785337
0.039671510152402334
0.04905673492567075
0.05478047739597969
-0.0023036109196254984
-0.12399848383029166
-0.05141920456662774
-0.15695122262695804
-0.09493878472130746
-0.06464999686431838
0.0051959725524284295
0.027625204594414754
0.0711125261586858
0.037454771576449275
0.011593866744078696
-0.10216847769333981
-0.15575924359291093
-0.17622210970148444
-0.11662353712017648
-0.12580894202164927
0.02556311007356271
0.11642919832956977
0.08424958246177994
0.06915060143091978
0.034414653084240854
-0.1264198236676748
-0.10064860383863561
-0.08541999461886007
-0.08364594244631007
0.02427992297180026
0.022809610343756503
0.01085386867634952
-0.015387861248200352
-0.08889057310443604
-0.07319067055505002
-0.15092310258978614
-0.027407769695855677
-0.01563540983488565
-0.013220579199696658
0.016921017951972317
-0.1003215423115762
-0.14276674189022742
-0.1421411678311415
0.00960493397724349
0.049235276579565834
0.04305369284702465
-0.029707364383284585
-0.061976072501011004
-0.09201488918006362
-0.10571000799245667
-0.004912444008368766
0.005315024609444663
-0.00725346561648621
-0.026599670003633946
-0.08756787631864427
-0.10005223668122198
-0.04740369497449137
-0.0030059935088502243
0.0596187954506604
0.06314339589152951
0.03800034877986036
-0.03884236091107596
-0.12788023165194318
-0.140883912499703
-0.1095106626598863
-0.020130524804699235
0.041191462660208344
0.08391979744192213
-0.0728832957756822
-0.0344052236105199
-0.04573451730539091
0.001953510451130569
-0.03641825476552185
-0.0952957738263649
-0.06864547089935513
-0.005903472894715378
0.017606382141821086
0.042053343713632785
-0.0958543176357125
-0.05274956659468444
0.013324629373528296
-0.14316178724402562
-0.03802193111914676
0.05567232065368444
0.05015215667663142
0.05360639838727366
-0.06965563129779184
-0.06496086875267792
-0.0653246591828065
-0.02102447707147803
-0.00015105874263099395
-0.03265855141944485
-0.0302392235971638
-0.0110521118023712
-0.06983728281693402
0.01842741877771914
0.010427994356177805
-0.046046157425735146
-0.07917929638642818
-0.08931996517640073
0.013104085064696847
0.03857346931908978
0.00833796458755387
-0.06712667955434881
-0.14454213610952138
-0.07872854753804859
0.03563448122986301
0.05960273143136874
0.046055264110691496
0.0030627478772657923
-0.10533211641813978
-0.09518149110954255
-0.08689807833434315
-0.03148811948540242
-0.03351567454956239
0.046883590512152296
0.05938002030598
-0.028195185512231546
-0.06612578696513083
-0.025305015515186824
-0.015315579934394918
-0.0289699517088593
-0.1218829743374954
0.02263047757151071
-0.06851203089172486
0.01260908239055425
-0.046630006399936974
-0.025267117413022788
-0.057508796991896816
-0.0577622672135476
-0.035092564514343394
0.034556829967186786
0.004784758584719384
-0.16225211878554546
-0.01054550803382881
-0.07356001341304363
-0.03689089955150848
-0.09768815826828359
0.002402580896159634
0.07008927311107982
-0.06381057159160264
0.023290650060516782
-0.019733361375983804
-0.022209473279872327
-0.1336727114921814
-0.09508284075127449
-0.021129538770765066
-0.05966022366192192
0.06078171994886361
0.02001078378089005
-0.006355148332659155
-0.06097771113854833
-0.10067824996076524
-0.08524715295061469
-0.08119847244233824
-0.035864941630279645
0.05837400739619625
-0.02286021849431563
0.07160554369329475
0.009080813324544579
-0.10093158023664728
-0.20305043426924385
-0.2763772114412859
-0.07354974810004933
-0.04357793110830244
-0.05442521988879889
0.14287263562437147
0.13005144143244252
0.12527191295521334
0.12071430106880143
-0.004096159140317468
-0.08320939194527455
-0.13169192834902788
-0.13303124369122088
-0.13755135459359735
-0.0857006374062621
-0.07608723612429458
0.047632243687985465
0.15716558520216495
0.15874323778552935
0.039246146741788834
0.08880146367664565
-0.013008352545512025
-0.13918943217140622
-0.20771979843266308
-0.15827806844026782
-0.13061955032753758
-0.03441029782698024
-0.0340283924160758
0.025299542074208148
0.012071794692019466
-0.09464055117496173
-0.13171802176657366
-0.10454428932970927
-0.0007204435096355155
0.047467521973885596
-0.050495134863012936
-0.025600644961741637
-0.049026647669961676
0.07881403915234841
0.09107447124551982
0.06766703632456483
-0.061772441637003794
-0.03602635602692317
-0.12226524136713124
-0.14176603907253593
-0.10284111973942345
-0.019361302227480337
-0.027467113366583362
0.07787503889994696
-0.07851627285708673
-0.0641575381741859
-0.0003532109840307385
-1.6788544598966837e-06
-0.08752381200611126
-0.14000146535727254
-0.017767259835181903
-0.013078019292152021
-0.01818987913429737
-0.13993554763146676
-0.06925714535464067
-0.1250879596118466
-0.018211599546702928
0.035915896311053075
0.01267230098892469
-0.03530351218068972
-0.07814134105865378
-0.08302730346622411
-0.13221917444025166
-0.10518516250886023
0.053880839186604135
0.0774583111924585
0.05674046716012526
0.07685814872093033
0.007154336592066102
-0.10640399665135192
-0.09085732106905198
-0.09834027447504923
-0.08866607933305204
0.01772436015016865
0.04539907908110763
0.012551148352031305
0.020953559724148363
-0.01484648740006378
-0.12615517294034362
-0.19091824656061362
-0.1319389974232763
-0.10686899174470454
-0.15420651938620722
0.014960818065446801
0.008476591101498343
0.026643055482452382
0.059784559794934466
0.05964722918361076
0.005770739013314596
-0.10222119340323843
-0.18194393467274494
-0.24741178163094446
-0.18901655869558454
-0.07554842159061081
0.03940613464510534
0.09215619016322307
0.09225337918906007
0.06516735949844588
0.030758931763557484
-0.0645748976021423
-0.08301048915018328
-0.10301721835276112
-0.08164642224437557
-0.09575744146422949
0.06550428039918188
0.09847842151066288
0.13627803229610436
0.0849744445658871
-0.0020163776134722866
-0.03248786568065043
-0.09227154967084061
-0.0811488149483921
-0.12481651516282
0.019000361760845408
0.03184797473477374
-0.0035300040062793414
-0.05199658189667389
0.002577100123744458
-0.032253811237751506
-0.025479640354205912
-0.015366734039616858
-0.0031123013932301546
0.002854614838724956
0.003198515840267646
-0.07664799533085898
-0.13720064342487603
-0.06743285815173294
-0.0009066207348951139
0.040891876808018424
0.05160058395995293
-0.013208166048571002
-0.033126396522447976
-0.055945554573554546
-0.014113164766968112
-0.05691390119591233
-0.0005245521842880407
0.06943377332572709
0.014531629647535738
-0.0631087099245633
-0.04236380392103456
-0.044884475704748183
-0.02872923649920267
0.06651273859461071
0.09534475249893148
0.09754814868210815
0.0327398094086675
-0.07015811277597095
-0.05932616959034931
-0.054059052214142866
0.08096120441041421
0.03491154887888115
-0.004851833728025667
-0.0180889700386615
-0.04365514110395452
-0.13332147998153232
-0.10676670566317625
-0.010154869578400394
0.028312469512457028
-0.07127121293160599
0.04998035880635143
-0.003963912837207317
-0.007132211387215648
-0.03082488573863884
-0.052303182892501354
0.006798029542551376
0.008551832928787917
-0.012633570080652134
-0.14179111176053993
-0.05412473819887964
0.02302966314528021
-0.026103626303665806
-0.01266443039639853
0.0014527310286212014
-0.01258923599471018
-0.03198421879278612
-0.016685241567756748
0.006741223805875052
-0.03356742757023312
0.011587398577830754
-0.06102872399787884
-0.060873833903315244
-0.023821330345526803
0.0036465471930569038
0.06085670354960371
0.0035291700339712406
-0.08444755391246872
-0.12246943589479997
-0.04816389808070198
-0.05329045301186852
0.01142871096089948
0.06955918432504404
0.06251852143486758
0.05699801836453844
0.014745067244803067
-0.05781534190464299
-0.06999812310095876
-0.06141417351318523
-0.04148673669760683
0.015988326961632993
0.07119941947166808
0.05424004027736373
0.05233657104690792
-0.04833983145726961
-0.01944497371732723
-0.12463289857259952
-0.06894658150849864
-0.02756418991521059
0.04232159844104899
0.06803522248446825
0.046846056218782905
-0.003878950505168177
-0.05548121954052476
-0.08128841557481792
-0.04911027828893566
-0.08844782333471812
0.04248938453201845
-0.006384445161529584
0.054154716548509896
-0.0011193716964044143
-0.043119755640873336
0.00016688297137079644
-0.0070049544165158295
-0.0796330282537383
-0.03221297960408265
0.01575823031089385
0.007449175536748953
-0.005123689035826828
-0.029594429302960634
-0.11614272518636426
-0.1355510415014578
-0.06347673645359464
0.004058103062561713
0.05966463067306904
0.054949737579590874
0.005595822309260257
-0.020831152818573173
-0.060081993229687214
0.008340208063600585
-0.006699820693029324
-0.02540632351883687
-0.07778253042488359
-0.09555795748019591
-0.06763194780796766
-0.04431863277568482
0.08009574141760822
0.10825688060140237
0.10287869168678299
0.12173888992765569
0.02130718450052882
-0.028444112635042984
-0.07696201407816261
-0.06832858503912576
-0.010744790197350085
0.019499273297697073
0.006717092219332699
0.0013863728745491244
-0.10443361518264282
-0.07361500701517798
-0.07276896739494987
-0.050712942706013564
0.04136424222087953
0.07094158714244259
0.08096242960709787
0.06564363652159955
-0.03553344978718087
-0.031472718095756136
-0.11836605859571137
-0.059224105469183996
0.059743333637015894
0.003996646122686798
-0.034978495321411174
0.02898312969773542
0.06454967788886279
-0.025546035925799515
-0.06739838541398058
-0.010980894003296271
-0.11536582010739949
-0.06402737789903767
-0.026359209368820302
0.008131943834086997
0.07409809370801668
0.008132798000588082
0.011497754414449446
-0.03156457313161809
-0.00722298827895429
-0.03174354873044649
-0.07794358395040035
-0.08861736571816436
0.017322971409157617
0.04522154436199344
0.04228447514469735
-0.009592248825356364
-0.12338454282144085
-0.12240398670837749
-0.09313666421803646
-0.0718671785434708
0.040775319205522464
0.10011288211171632
0.1422452645638259
0.06163488618039992
0.007263424973416477
-0.0691726080403896
-0.10726396158497664
-0.12054810102563351
-0.08145648473509937
-0.0007561111851828173
0.0692272671876708
0.09101940695836674
0.022758282590075396
-0.024901974422391504
-0.05879496849956922
-0.05152155790710822
-0.06042019691085443
0.03842069652455393
0.006475334583683434
0.037216424869257025
0.034742724485113285
-0.04717096205422422
-0.07867887226166204
-0.048920894259936176
0.00386643287492916
0.0216599839650371
0.0006706853873765795
-0.05415357169113122
-0.045817989061106346
-0.05864324919821229
0.021645030592480907
0.06520724319852889
0.10127537944936194
0.02024489754694514
-0.03966248878714396
-0.04466680231871578
-0.0236695597122889
-0.02817877970301197
0.061111881008400815
0.02201956273893302
0.016093712649308145
-0.03826160828612046
-0.041658284404547885
-0.05169295104860794
-0.053619597772922134
0.059461901619215496
0.060861032754473854
0.0644856739527313
0.032080193086585496
-0.030213685327908024
-0.10787879896815866
-0.07727509667165577
-0.08434479023344466
-0.03976711601171701
-0.0032750104765000287
0.11247197233024053
0.1473487647017464
0.07967206579633057
0.08896095473028254
0.02512312489125179
-0.05284192381077446
-0.13511238794308156
-0.15542197518516332
-0.10203678545803996
-0.04931060924718622
0.03717568210049649
0.05604822816530941
0.06413095709285699
0.0033264985322603025
-0.03288787687779404
-0.06849065780988894
-0.015360112265625503
-0.0274800040278933
-0.022824296698672697
0.06723508237337228
0.06062971697974717
0.036665524246927816
-0.030324207909870893
0.03611948979596491
-0.07895817234748392
-0.08635647079790942
-0.07936584207345732
-0.02919688845577184
0.005817574516186141
0.03299250691816269
0.017662299826042727
-0.06917590781813487
-0.06009158772212686
-0.07391638052649796
0.004946692344674375
0.029850411045345027
0.06045425537740812
0.08681449732466717
-0.036037707950526965
-0.0781577478046529
-0.04039590152024175
-0.007137303298804909
0.04360027486472973
0.037202036459348164
0.02729922662547324
-0.049512345514813205
-0.10052455854020081
-0.09016529226209968
-0.17300650588731514
-0.05551022678719164
0.11170124870841391
0.1296397718542721
0.16878962912596762
0.1379205695957353
0.1431441906024702
0.02007584218517877
-0.03460541680397
-0.12583365832688287
-0.13532458106055856
-0.10893309226958081
-0.054474446005770005
0.06278677721275017
0.015590963572321925
0.049627983125901665
0.030205257021407306
-0.020772778138052672
-0.08427897150613717
-0.13637285030563362
-0.0740144916344434
-0.021732429682742804
0.027274705498712137
0.0635686730965972
0.025799671362619847
0.023573097700136714
-0.06751517657539807
-0.1048753090435639
-0.08000359997095075
-0.007065857691486599
0.012626926665689098
0.009753187816386344
0.027352956471531797
-0.037923127791145816
-0.08422664079989772
-0.057883699406374944
-0.0031671097484604616
0.03494362471246859
0.029199641998275183
-0.01799337416741764
-0.05979678497533314
-0.04312528289301554
0.051157813555619214
0.05482938110799296
0.005367028265027329
-0.041522043458826374
-0.07422703855263535
0.003861278563817905
-0.009963477714336477
-0.038414718248532154
-0.028648622304899618
0.03260908549691521
0.04468503666430479
0.019055600925639737
-0.04236700090041268
-0.10341310365765821
-0.09145415673265234
-0.04157294436299708
0.025036421452114155
0.04722908669646131
0.06353158647107193
0.042788641615970846
-0.06273002087255009
-0.08148025653963487
-0.04568091865803581
0.01277856064189109
0.024696971639059484
-0.013801289373077452
-0.04653206372313434
-0.05674139354596264
-0.005792126527012442
-0.043710445701435674
-0.01300954046746483
0.07567254330933793
0.03807095491356449
0.016694642035872675
-0.10546113946475089
-0.08483946538763121
-0.10557824155694107
-0.07109550314999069
0.052312570354843047
0.08490004754276015
0.09241481297794962
0.020774627715582028
-0.03204798841761658
-0.06183974640953238
-0.06591766189376358
-0.10020421030026228
0.00415122346021235
0.009374653818667866
0.021466239741130266
-0.022445765127486084
-0.051657996849826304
-0.031620857094821986
-0.00791671847764519
-0.0017632475355640054
-0.01896847624448128
-0.05950745531845314
-0.09318256637197919
-0.03461567733029369
0.016648698576318566
0.01942617407621583
0.012880522923296667
-0.04641494700626936
-0.11841520499729086
-0.0645544332001009
0.025173451173031935
0.017801845679059625
0.011658620089292526
-0.0183758830462466
-0.01454804492823314
-0.06533503139507957
-0.06103818003248307
0.005724900200448246
0.00024226664390880615
-0.0021098299912409857
-0.05518275128451933
-0.057034989818930626
-0.028112424493883736
-0.04548154433723539
-0.010299454505002359
0.007824810178135522
-0.0030960246003814973
0.05694886197306914
-0.0019443577839410864
-0.02945318770071026
-0.0494594451301964
-0.05780001836865267
-0.02876653398561757
0.003169213581713848
-0.028632175677671512
-0.006740103048286983
0.032620958398183575
-0.0830097247089725
-0.02310916144415387
-0.05326068650902016
0.018673940136068268
-0.005109395751553336
-0.0699338204558444
-0.022356523215421475
0.0016335331947630038
-0.010633263796989922
-0.06045624159014551
-0.0056717786501394585
-0.01566762645597919
-0.013020539496210404
-0.10528439900372177
-0.10332543174808961
-0.03419402381405234
-0.008193945565835747
0.07031330338213593
0.04929438277031295
0.06766583719581831
-0.04140637722230167
-0.035897898400435224
-0.07418763526948169
-0.058423488517291844
0.014628131393692456
0.0010678487378754653
-0.008293432525533717
-0.03141518437769264
-0.09694496102747507
-0.08674482021160657
-0.015543248260655673
-0.011094492889242247
0.010616914538331912
-0.0006349862496790593
-0.044149933390144724
-0.052263747187680565
-0.03253461926942691
-0.0005633883120026439
-0.005870473774848506
-0.03815250795378233
-0.008988165443952312
-0.010334486258216202
-0.043532740279260906
-0.059437457006424665
-0.041564551425835816
0.034983522491529584
0.06841186259771348
0.05017953575406864
-0.0641192766779568
-0.03225817164593536
-0.0005980973483019625
-0.011915395567484666
-0.04678232961668982
0.005106239598319462
-0.07430502823262941
-0.11945473388504979
-0.01490917056798935
0.04929590727761024
0.0015994379573385231
0.022665222739306046
-0.06712730066465156
-0.09804687454015948
-0.096525821427349
-0.05729294522006967
0.015613975745509379
0.03309827807970578
0.05379011991317384
0.04729594968148376
-0.03313198746764101
-0.01876512232411187
-0.08809430352994241
-0.11236684996401891
-0.1192770490742987
-0.07947259132924955
0.05653449549572542
0.12415008794050664
0.11904204852180555
0.09558913085493259
0.04757151402736781
-0.036928725752659375
-0.064975152414263
-0.07930541564201121
-0.05422209817709245
-0.0005096069271530723
0.0027036886331188725
0.025230335190826736
-0.02617752234073123
-0.014381064696863177
-0.07660841004690155
-0.06549662108591292
0.007456168514181627
-0.003868479179800488
-0.052601347444579005
-0.015305941029509995
-0.0036588004313671263
5.307675928634126e-05
-0.03298099006497068
-0.023495446046581492
-0.005435078463051468
-0.05092344254080672
-0.04591010557487607
0.020508329793301527
0.043400099501013756
0.031030187466967618
-0.05982936590589816
-0.05082676078018267
-0.04398486289210268
-0.0034285970677956357
0.013919834163971245
0.021711031138693215
-0.02389883245632518
-0.05955561314476654
-0.08415274259459693
-0.007485456488211639
0.008412172935095441
0.014782115238631377
-0.018963061907925294
-0.044913245485076914
-0.040492197638741345
-0.01463955600047484
-0.05738024627953564
0.0024209253442677436
0.04381480746087618
-0.01587076902978879
-0.009090634617678006
-0.02453557390253991
-0.028195873397635296
0.010442135891935322
-0.006720236237015342
-0.021128263470018283
-0.01678613730473444
-0.022272459476880613
-0.0502490350518201
-0.04108718586530813
0.058373490643134573
0.00940742478996981
-0.052937875778297894
-0.043018169519200455
0.00477239068277413
-0.007007982238064869
0.0025356365222251043
-0.021307072456693277
-0.027619868560577743
-0.050868426566012204
-0.011706945806508884
-0.020581236567522865
-0.011460753044957528
0.009732304060889874
-0.013093880475935293
-0.04070020976359956
-0.03313692739902763
-0.018756989883513597
0.11772122228285298
0.09303342300700024
0.09981872008938808
0.014341874859383097
-0.042688513232860714
-0.10337894991971552
-0.06945724501565564
-0.03924336002091877
0.0050312988823861815
0.017156656642328016
0.0096356014473713
-0.03871726811183862
-0.021642328529196675
-0.005508147980435751
-0.015749929538287688
-0.007933117842185311
-0.003058663583942689
-0.04766560871939873
-0.02464387692816672
-0.03873002432374051
0.031634348604711704
0.0412195630452743
0.007661202580493409
-0.04220491290584505
-0.04524198867875384
0.017327663602372922
-0.02455847046803683
0.008590386423747987
-0.013252765260403976
-0.018271987330081174
-0.01718517444533063
-0.02341434149275301
-0.041721867499290965
0.04473334148633512
0.06565211618726607
0.02015934861447022
-0.005437351941509405
-0.0521225635789051
-0.07422150566708297
-0.040148825326468796
0.024248697252915008
0.0072062365943565965
-0.03233704558806494
-0.0073763269756454974
0.03069522223813692
0.0285490333656071
-0.018202288047177717
-0.05170074036868755
-0.06596283461112762
-0.03724685726410826
0.01649074629676761
0.031006355686258757
-0.005451728844491299
-0.05558694187493529
-0.0657040928654169
-0.012068453637766652
0.0502295730257174
0.04408319039794151
0.047949043349944986
0.006219780321771395
-0.07668077270500362
-0.09277545954682864
-0.12434670882066712
-0.08897867536870763
0.02378682069684146
0.04783619727095356
0.06872601382929133
0.02484757118145353
-0.04543505931724212
-0.05625349248293787
-0.11520471994299442
-0.033316077908239095
-0.03928702235134551
0.08279969790328323
0.047181584923237097
0.12063882616348565
0.05553126237646211
0.026411442348035052
-0.16486026071652304
-0.12120086798677221
-0.10839231537829619
-0.08138206956209615
0.0023244865442393348
0.05913257622887613
0.09198510758869816
0.04768559225703939
-0.029277607173298748
-0.057051331823458895
-0.0939336980227381
-0.03871151564089814
0.016255814425676363
0.04333912368747406
-0.02407110186322825
0.02448581914359238
-0.0315038559565437
-0.02610412912326865
0.03963732239469664
0.050709377639577724
0.03337805841874797
-0.050287973004742526
-0.10758010245626792
-0.04812086075253319
-0.0076379040474421345
-0.0011073406021750998
0.012482345322496258
-0.04125957797805313
0.000697270646924153
-0.06405527777678799
-0.0853550269966945
0.038702000834746286
-0.043032067915191874
0.06871855659119319
0.08403779401851352
0.05715269213396823
-0.012212433903187048
-0.046869378918927396
-0.10436588103766553
-0.08205414639087394
-0.04503334654924629
0.052814134425716475
0.0776651994929125
0.11812829808332026
0.10273853466060245
-0.021440917946165428
-0.06624927302254946
-0.026424191804835573
-0.09628204381442629
-0.08305174691486172
0.002468732898705639
0.08712740663031582
0.06344008445375948
0.030030705966055393
-0.061759104351949645
-0.050135362644141424
-0.037830841611139476
0.006635869518504478
-0.027067479088145774
0.01974891644931631
-0.015473381878109649
0.05803737832684419
0.024256969074485824
-0.0025967691544792615
-0.08764981827698648
-0.1273098327073967
-0.12250822084024549
-0.053290955431293696
0.0013428688107524067
0.09016891571809538
0.049320696722134016
0.06029834123910405
-0.023823358889785595
-0.040210857638157904
-0.15199655055766925
-0.074971675141569
-0.025845586061279846
0.004566149189486168
0.11436888494790765
0.11944354338629637
0.1093346111192659
0.06942821319535142
-0.0967682115297066
-0.026740882436570246
-0.09716089021821972
-0.09878523196675815
-0.015577604692225577
-0.030152369181450922
0.09174978639930487
0.09530870540766045
0.08008878175678547
0.0637960942403879
-0.007757797713566106
-0.10489763243822381
-0.10009837783582043
-0.09284741591545753
-0.027130770569783635
0.02544814540851803
0.033352951093093
-0.0015404263895106851
-0.009779912787053036
-0.05009560591133777
-0.11343027651309967
-0.10194217846401443
-0.0325974483803293
0.07870463089784607
0.12541209522169083
0.13635794969741255
0.08729629870504141
0.04543492736047483
-0.06451084618311143
-0.0702148067066446
-0.10455567901954055
-0.04646998243697453
-0.025383077689184574
0.10454330305219628
0.17615617517731152
0.12885100714629516
0.15807580656837672
0.07397780555766076
-0.07190610420366284
-0.06988916301634163
-0.1436704049410764
-0.048146066186745884
-0.08639922071597539
-0.007765556725189526
0.0963051309081493
0.09314158997585764
0.06910746300127357
0.0261627475010755
-0.09583815242149285
-0.0649019091615628
-0.09675669933494646
-0.02215636006440036
-0.0017854705984063912
0.05379412797628902
0.03138971894804854
-0.11042198457289487
-0.05352392900385894
-0.03746600475278683
0.018825932034815196
0.032096146322146524
0.009705489479529206
-0.011985613062279299
-0.141990780539345
-0.10935202258406207
-0.03645524424791802
-0.056282205623574555
0.005999017590511357
0.10095011367229745
0.12362811344064539
0.09994319424731657
0.032430227161967196
-0.019864333196892403
-0.1088596940971911
-0.1699676536663901
-0.1817842485397705
-0.1655981843941845
-0.02735010362266621
0.09100794605910778
0.10750329840811901
0.07657566390116699
0.057378708792384714
-0.0484228985842492
0.002186592493671924
-0.12206191255245358
-0.08483768330188468
-0.012880379472335335
0.04788357767392881
0.07027024871513277
0.014751501264981925
0.002109691507939715
-0.131165109880385
-0.12114889657095773
-0.17277724741143174
-0.1865276894532144
-0.1540322841028683
0.03932169310610334
0.09323738742386922
0.10360581753775477
0.0818429536302574
-0.03175187321539852
-0.009556205441185739
-0.05400839637150057
-0.03532449670092319
0.02759818864524277
0.023305477432586486
-0.04186916316393763
0.01213406001261319
-0.05248501262940408
-0.03096034100599354
-0.031331907492130995
-0.001079230998584535
0.03600917065341491
0.01011873604147695
-0.05016547407285543
0.025268468911235686
-0.020416940991708543
-0.0768242065096274
-0.04127580809290521
0.023083330524968915
0.07055571718956344
0.0007126889613573439
-0.03701090155664133
-0.0637815099908039
-0.0014615207437600475
-0.08368685964342149
-0.02373919074307196
-0.024929525039624423
-0.03547015129879583
0.05074270654586144
0.0675379784515826
0.01561974873766303
-0.045121580304112285
0.04228498296288308
-0.015907168181001907
-0.03121557795384433
-0.0391342027214705
0.0007767633433104493
-0.024309315002028598
0.038060687631514156
-0.01702622033917578
-0.06835577895253664
-0.07097967143636197
-0.06399815913073326
0.03317320554742764
0.05880545646232349
0.05607784487074241
-0.0058560766046866775
-0.07013358004041947
-0.08739152205816936
-0.0727367702202173
-0.07457777007948607
0.04323765280696534
0.07265242794528604
0.10633403281099163
0.0724643696567
-0.02880607499537291
-0.09622707922244444
-0.0329928362116334
0.00013126712292432785
-0.024347532791580306
-0.03768201669299742
-0.02248639198660385
0.05702799538266845
-0.03447502271592384
-0.03951358635094948
0.058899557936456404
0.07364310152479447
-0.01177387943607755
-0.056459705578163266
-0.0799184931529453
-0.08929681416702806
-0.13541622000047937
-0.08591342829458881
0.007858937391574727
0.028933066241734196
0.05265224812319502
0.03864001395049854
-0.029610335716370173
-0.06026757631479995
-0.052657049149274826
0.047148043538982165
0.02594056826637825
-0.009512534307305032
-0.07165192702086642
-0.044578930202987976
-0.004111718706553802
-0.026585961881210096
0.007569275729110814
-0.05400365000969032
-0.08188658599829068
-0.061966490306076594
0.032425319659523666
0.08907485147392435
0.09891758829326136
0.04992030732682906
-0.03292091884941328
-0.10871196270454675
-0.11070939063210972
-0.04550820589065552
-0.02493568748468533
0.024639496812596917
0.04047322241522977
-0.005361568532862293
-0.030583781393943354
-0.14345314173260704
-0.020906168676447123
0.004011466851807199
0.038341682600730564
-0.01453037530882284
-0.06527785861544544
-0.029341588626266457
-0.032020933846069966
-0.017041701219568495
0.01302050452795811
-0.06137695263532805
-0.01920378115028143
-0.019194496169802733
0.01625093840993941
-0.003346552843140671
-0.04899533963180147
-0.06657848247414222
-0.011235079604375642
0.02528131894177932
-0.10496499695364037
-0.08275943781336537
-0.0262225731567014
0.04667296304432966
0.04138609535584692
0.021898530365433544
-0.030215864020647132
-0.062039257274591364
-0.10309598227831884
-0.015142778072913643
0.04088296707050176
0.07628752928576432
0.020981317001314892
-0.02271120632030943
-0.07513382551405812
-0.09288179465511348
-0.06956052672467194
-0.016278540846542455
0.005312279921781737
0.02349247588426806
-0.05221955760498531
-0.08015740897099022
0.0305569363408722
0.018360470819061447
-0.022106666219769977
-0.05822837464438635
-0.08439631178771378
-0.052284330333804974
0.011771452598623
0.06001922794894199
0.0073245045605290215
-0.025403855886906967
-0.037781738967169076
-0.01443338488934387
-0.004729297354060691
-0.08691733065825247
-0.0041349313978571445
-0.04341720920638181
-0.029332289583180682
-0.06423622846341459
0.09219074575230479
0.1007081932566507
0.08808556720032357
0.036548329386278056
0.0011890711921296315
-0.15345709305256605
-0.1805958659388125
-0.2691754448460415
-0.12663422076730058
-0.1501425751048373
-0.03598959303008087
0.08347699539444875
0.10120928497053683
0.14353360375389457
0.10196965654904488
0.09183012580615468
-0.12188790557411266
-0.08392037298472133
-0.11560631259999354
-0.07656437052355614
0.0372910168080125
0.06405189196811989
0.03242729104385944
-0.020833943906836794
-0.10499094012629939
-0.18645923217991367
-0.09734842147736344
-0.0042190874155494384
0.006844005089988059
-0.004369931419205386
-0.0652831078532472
-0.06923763584563858
0.0013124934630468488
-0.03923924241098575
0.05294973980744544
0.055471747924457304
0.020202068029902875
-0.03800016504828818
-0.07776228641159832
-0.05720925144578359
-0.021230778598692268
-0.05504268863478501
0.06165344144392293
0.02367690701430547
-0.023045688704087297
-0.09072416462004185
-0.027803590026451275
-0.05123748231198988
0.01139175149728544
0.06369197124877246
0.04098885611165315
-0.015386070270324126
-0.025102834770223126
-0.042654252029024065
-0.03789312908338616
0.01961493882117793
0.0017302375345025212
-0.035961083493930346
-0.0749513456466957
-0.04531244936879375
-0.07530200898190742
-0.03455118741476326
0.03774417782551609
0.1279468676657416
0.12454067663202295
0.1543795409379527
0.038537319385795854
-0.06752272538142279
-0.09368356090271845
-0.10954215764650144
-0.06820816987237777
0.033989710735113476
-0.0046189056952243845
0.07178758559166454
-0.004669372778153047
-0.09584121991065331
-0.14753213222138584
-0.10625173611333594
-0.02166674922045786
0.026265459826390725
0.026431342121213675
0.03445519244269235
-0.03623158643313218
-0.05978934356244281
0.012795666476449696
0.040294508758961456
-0.06345473200781271
-0.13922142091905698
-0.04583281546001672
0.043482377885084134
0.10216779164329637
0.06337341893231496
0.03303891987889074
-0.03755836059281137
-0.11841946637650835
-0.15747872093925253
-0.1397928861915716
-0.042241505358106224
0.02051060425583273
0.034115976915927604
0.01324749971536221
-0.007158893335144967
0.010869046211155364
-0.12678447368671186
-0.02485939225880429
-0.007207619357359363
-0.024871668312698603
-0.07225207140436396
0.027489178304676898
0.0175907009634102
-0.07562346404301934
-0.03547275692835683
-0.0366117315570591
0.06811653716431465
0.08036861820664853
0.05789689967423328
-0.05811656524747377
-0.0119188099342864
-0.09361215420358349
-0.05098289049055893
-0.07257184722402599
0.031124695255130064
0.01513223927031504
0.04149859555764124
0.012562571195303462
-0.0725505888403859
-0.10147302447148832
-0.02354001828643959
0.015996021145838313
-0.015837392820685636
-0.021897563303355128
-0.04138256639998872
-0.02307270566780062
0.002720264363233582
0.026156970641750377
0.024106749493512325
-0.03448331614040967
-0.03426964686877909
0.02940157252487552
0.04285292793792905
0.011843894753837958
-0.05105926836404251
-0.15030453988583758
-0.1464248020783998
-0.06077663864016358
-0.01447861051565269
0.007992416984052397
0.10169045795919374
0.1201022986206226
0.08139713434502482
-0.003931264713173732
-0.05750532360616489
-0.06559009471675381
-0.08670400745177176
-0.015426377911353484
0.0012929108779644594
0.05096624953148421
0.011840416374070628
0.0042576816467772005
-0.12145375702493766
-0.1413333672680892
-0.15487047063652426
-0.061549777718028054
-0.04078351576754358
0.0637581540067913
0.15936886569397757
0.14263172028586268
0.13696949924633373
0.08402187442334252
-0.06142447311140131
-0.05122682295041159
-0.03635476359340828
-0.021330800017494767
0.006448961576097645
0.02435749093274353
0.047192892590828706
-0.052240660283132456
-0.10916789076873101
-0.03075333614833653
0.045706037897616625
0.03955975664575817
0.03878015034570126
-0.03743697938625701
-0.04552459658589214
-0.06645490010851063
-0.02141154437958903
0.06552396950974071
0.11162492063158425
0.09233270251570502
0.06732423885841854
-0.012637210209504701
-0.1369960027805064
-0.0736756382684689
-0.05211512162350118
-0.04263277462132464
0.05249825902865268
0.10228939182707109
0.13540370704140514
0.08215841292985715
0.02921303836046718
-0.08806744054891169
-0.12963516096351668
-0.1332544407050591
-0.10174160049064085
-0.07105682427936699
0.037113151542143896
0.0814039654796943
0.079332831528518
0.07899418011948
0.009994338113756385
-0.060856027936097234
-0.10099330405682849
-0.12910170492250472
-0.05818036468554055
-0.02165420500023174
0.06320212419086602
0.09630607720464468
0.09549266944668489
0.041964787558754324
-0.045594812461786205
-0.041385684031411074
-0.051014723805565154
-0.017844903530203737
0.07053408079082146
0.03549515217309818
0.02355161652667448
-0.01647380427675671
0.00540549450670369
-0.08931219311944005
-0.10285173391457647
-0.039782845400623046
-0.03177240765580791
0.038083188232121756
0.08132828904490452
0.07478851053747348
-0.018644726077582163
-0.012893899634946138
-0.025057118305994663
-0.00594058497063088
0.0007160745662986301
0.0329413476283662
0.009603687800336047
-0.05624138057464734
-0.08730824521808245
-0.020738947692734655
0.00791467428643955
0.0100180689660192
-0.011036152696760837
-0.09576424676924944
-0.06576322462206008
-0.021857861524040345
-0.0033526682564115617
0.07833474831022613
0.0669641722633969
0.06471508904360235
0.03581596078583971
-0.066068981657736
-0.06766362519556424
-0.10324172825494315
-0.053596536759869196
0.008816821104119299
0.024859085257958213
0.0204087676393101
-0.0478610970308182
-0.001982060093723703
-0.03219981416623341
-0.11626330332364887
0.009799615845622611
-0.02753064554053708
0.01685634439036221
0.04103691363707185
0.0032093264345292027
0.03770540092227748
-0.061267383654922014
-0.06285392126301304
-0.06454090831766734
-0.006608605443034321
-0.005147656222106889
0.0394165960024111
-0.05844814417400812
-0.07027911139448406
-0.030108184859273024
0.005547769571421668
0.018484832195099443
0.09791075762768742
0.06875340135593433
0.014651427452918142
0.017647992652200628
-0.11698894773144275
-0.1214964913087897
-0.12082172196824104
-0.1480265366844833
-0.0500158789291163
0.049162673956743674
0.03649250327725895
0.05552351414007717
-0.04487558617256582
-0.04567206636784249
-0.004687877306423616
0.07720694004819961
0.030109495812212117
0.007580005893032649
-0.051593990363471676
-0.07865469160606153
-0.03747453310643323
0.022766960799344815
0.09211079801025335
0.01627183661184972
-0.003785824403166771
-0.12516119953943416
-0.11386059317737818
-0.12544946852722205
-0.05150572537968401
0.026883565478783567
0.08162448048824444
0.05700450464792084
0.025336017199151684
-0.08147075852320995
-0.05350670077314135
-0.01792447991829249
-0.0013181482881918782
0.022519210440805182
-0.03278422659786884
-0.046976421057479456
-0.007221433137601707
0.010374810364453424
0.0049568633949093055
-0.001238927512531518
-0.034860047241636494
-0.03572287960560061
0.013163362495106412
0.012639946005947422
-0.05875291075426503
-0.036322383497463306
0.01628484108368866
-0.00984376933593012
-0.01661111846624408
-0.0011884931882377714
-0.025824728152656462
-0.005850973087945022
-0.007367402547970414
-0.0558524362713797
-0.054751092291553505
-0.06083880926598795
0.05655653240683023
0.07928808633005247
0.08259726446704008
0.0409645878826268
-0.0033493825249024667
-0.06301238236483186
-0.10759249210968846
-0.10884505975991488
-0.0367772836034419
0.005430357705336064
0.06538511595499585
0.07644121035991702
0.054350282494851854
-0.06767802624744945
-0.0740539687758428
-0.06752040790070168
-0.03527260748978733
0.028822607797337696
0.07355387660936685
0.08913560848486668
0.05823584618337918
0.001994073059904622
-0.09470930602765293
-0.15834366076160222
-0.13006950650014915
-0.18441969773266464
-0.06613387436664198
0.013105194158015365
0.05194078740896657
0.12589134574773198
-0.017530156703287503
-0.011658033057756256
-0.0029378294975686003
-0.04617782070818066
0.0002725761796682491
-0.03267016232712194
-0.0054090053199615795
-0.045335873521253234
-0.020753826742293313
0.0020227310678819777
-0.009215366226271726
0.02579367124417331
-0.12850504396192264
-0.18631429225206375
-0.06363416252133902
-0.04724123212508857
0.047286871253163554
0.08877020250656642
0.11394312011543661
0.09355182490253355
0.0830453050439246
-0.021393932081991807
-0.1503690964600537
-0.11629813772742637
-0.17919829359743744
-0.09102195111336187
-0.006269750270803343
0.03379593192221364
0.09450773376738653
0.05007150581513997
0.013374811971061717
-0.07471792120486498
-0.12689310498535633
-0.07443578987295041
-0.07499674064092687
0.014937898173229769
0.0312079969125989
0.0464394612936303
0.008184537859051488
-0.07252307572343852
-0.05396865114016691
-0.04167192461682134
0.010630430580931716
0.001356358545308467
-0.04152592032914981
-0.03120158212914248
0.047704959026305005
0.0053554064652416855
-0.00848270995970779
-0.0012598881148733199
-0.03828311650431715
0.00011458846893219743
-0.06415440058481181
-0.051510126431821845
-0.0034743830547085963
-0.029461513382557314
0.027835993096232414
-0.02174260514220805
0.036642842740548076
-0.006806549725297373
-0.026736495303339325
-0.07086009859631304
-0.10723086437792517
0.01679319844697602
0.003383370021765586
0.007387193704744277
0.0022989652056821797
-0.0954191042619641
-0.07551224368944531
-0.06315460079349577
-0.0240239465238119
0.008993097839720576
0.01511057339484978
-0.05660787997840089
0.007646133228263352
-0.01782470575562911
-0.025034781672729878
0.019816574540072907
0.007048699400911573
-0.0365540614220663
-0.04054334422107786
-0.056113929062121315
0.0036053146977792494
0.015305939392419532
-0.008196644659619778
-0.008853514764268766
-0.018057950597722083
-0.0035648872435558587
-0.026079053467583435
0.027857533714268357
-0.025466008886724012
0.005995809140586061
-0.04335507837095065
-0.033109546868217876
-0.001704816721030511
0.009636393366236007
0.010767218969704118
-0.049395267542422516
-0.028245584555406822
0.01603722355866921
-0.03935674748572637
0.040846302640602516
0.026411564118461683
-0.01564529849565588
-0.07878122039255686
-0.04896333796204999
-0.00044711688292409235
-0.011309878454767386
-0.001425225884304382
0.011285649561614264
-0.043499933832208626
-0.010494719476810133
-0.025545833650539862
-0.046842024391025916
0.023792067819158547
0.07274701711139642
0.06359566858373
0.019193933554561227
-0.04213714885918307
-0.04029379760322627
-0.08288053175783716
-0.04358445636171382
0.06306761169980746
0.07144216293818317
0.07241839406924555
0.033989756877417676
-0.029089905467117205
-0.049206834373308084
-0.03731626923035947
-0.028573080153364572
