0
0
24671
24945
23936
19627
25106
23104
26645
24864
24075
25397
20462
23060
23377
22985
22403
24573
27127
26111
21271
23854
22534
19637
24674
24936
25769
23773
25477
24095
20705
19795
23488
32136
98306
40183
31409
26653
28228
26823
25420
25717
22363
25662
29606
26094
27855
23885
27533
22053
24931
28969
28083
26917
26801
25486
27726
27412
29208
25403
27152
23108
28738
26593
24643
31501
28175
23597
23757
33858
98606
38454
21176
16912
23651
21522
23525
22837
21032
22693
23850
22663
19604
21635
22392
22297
22746
23547
22433
24814
24966
20613
23334
18703
22858
26735
21140
20433
22575
21956
30786
28233
25165
27703
27054
32134
98716
44866
28025
24027
30964
27547
24798
27476
29605
29253
34250
25490
25978
24363
29743
31950
29086
32862
31364
26244
27588
29384
31253
31976
33987
29145
29423
34838
36315
32079
29522
35872
32859
38923
28649
35567
98891
48797
34653
30850
27288
33647
37903
39484
34938
35224
31443
36626
33992
40208
38462
34641
36437
38883
39038
37310
44226
37271
37931
35082
38208
33080
40922
41521
37220
42597
37565
33084
39336
39531
39289
44417
99021
58304
46347
43784
43351
41017
39765
45373
42469
41949
47471
38734
38168
45920
43774
42813
43619
37241
46909
41951
44357
40091
47524
40286
42086
45425
47369
44386
45853
44944
40748
44343
43369
53475
44102
57941
99099
64714
48347
46774
38467
47181
52348
47813
45968
47604
47036
47285
48820
48339
46612
50330
45903
48869
50132
51730
42924
42085
45310
52553
51367
53662
44487
54665
46174
54190
53791
55525
50585
48423
51194
48662
99194
69791
58048
49659
60681
53352
54522
50029
50223
53208
54403
56282
52249
48954
52000
50720
52011
52218
50721
52244
50693
53135
56076
51724
56944
55172
52190
52119
51883
59822
47695
55606
52116
47725
51737
58357
99134
73102
55197
62751
53488
57210
55024
55457
54363
59832
56810
53720
66053
61173
66743
55160
59130
59030
55898
54843
61412
59781
58395
60139
58257
57630
60099
64983
63852
64257
61000
57499
56793
59668
59265
58199
99067
68146
49047
52372
52763
46702
53895
53261
53425
50079
51787
50764
48289
50411
54397
49229
57288
55614
55041
48974
47579
54085
50818
53301
53276
57358
57455
52390
53930
49014
49949
52877
52815
55158
55028
54300
98772
68179
49610
50414
52602
51260
50435
47625
50689
44574
51719
56402
47389
47168
45674
52067
43810
49599
51330
48544
47663
43255
46117
53320
49173
51005
47467
52757
50039
46770
54387
50276
51487
54270
44831
50427
98557
67462
38890
42048
45682
36545
43607
44876
39706
37245
37374
45000
36185
40313
41891
42262
36083
39478
43344
35171
38262
44549
43687
46168
39276
45552
50584
41446
42006
37395
38368
43921
40194
38363
34564
37159
98179
66415
47139
47870
44369
52051
41563
44371
45319
46681
48319
51218
44713
49093
46142
55914
42213
48766
45636
40732
46346
40599
41646
45701
46241
39410
50374
51730
45879
42979
41814
41810
41690
45323
41762
40384
97864
69246
42830
49556
47200
52809
46224
46819
40360
41171
41415
52451
55861
47091
52081
42893
49854
39913
44878
41883
41952
41895
52065
47137
50125
46528
47146
44782
44444
47782
53604
49805
54335
49939
40654
47978
97718
75217
51853
57476
46003
49366
50256
53492
50768
51726
50692
60529
53404
53809
55044
53976
51155
55267
52674
53281
61678
51112
49048
52191
50246
54448
54112
46508
53881
54665
50397
54947
53366
51801
55242
53931
97939
79109
62319
66211
65729
62535
61188
58198
63762
57758
63736
65999
65694
56771
64676
64818
63717
65578
61124
60937
64158
62265
59924
64458
65556
63237
63853
67113
66923
63169
64510
64548
63697
65680
71418
69402
98199
81194
69349
70688
67998
70286
67304
65778
73021
70921
63618
68468
71859
68712
62883
68725
67524
64459
66289
69435
61463
69732
65518
63224
65645
67288
66304
67528
66625
63280
68047
70868
67073
65547
64954
66558
97836
80649
62337
60356
61139
66042
61820
64565
64357
61181
66893
72483
56241
64313
58678
60713
61333
66002
62776
62887
70966
66935
66868
67263
64439
67196
65279
64068
62069
64020
71115
61638
59613
68267
69355
62591
97741
82141
59114
65385
55152
58448
66878
67945
59194
63716
59899
60701
61791
64286
61199
62181
63672
61807
64639
60302
61858
62759
63851
66565
68670
61671
61699
60268
60276
57937
65551
61897
57201
62635
63713
64922
97824
81391
66272
66714
64782
65783
63080
60820
67483
60839
62161
72889
66462
64267
62963
60405
59597
67295
63667
67110
67479
70612
67030
56815
63878
66492
67714
71004
71215
64101
59004
66784
67261
68851
67866
70932
97625
80106
69690
66302
69816
67924
66861
68632
67321
66141
67853
67561
68596
63921
67545
69591
70083
73339
64766
63622
62927
65835
65320
66805
63003
66207
67339
64348
68606
67288
69528
73017
66023
64245
68509
67101
97195
83584
67997
68936
72519
69697
70319
74511
68214
67734
70991
72196
75224
74028
74000
70857
69427
76213
68857
69658
66054
69009
75760
74641
72404
67212
66257
72367
72376
65293
66946
68646
70668
68881
68195
68907
97408
82623
68699
67583
68639
66847
68723
67262
66711
71789
69645
69358
72725
66831
65159
64622
63790
67041
69617
64091
69329
64915
72315
68491
68621
64459
66188
65537
65876
67853
72802
67002
68432
69731
63452
64227
96678
84598
72830
76217
72243
67032
70977
70287
66977
70466
71549
65846
73600
69498
68997
71683
73100
70605
68912
68768
71729
75842
71341
67991
69288
68831
73778
70208
73378
72032
69676
67355
65080
69540
67057
62196
96989
84126
68889
68468
69898
70062
74959
70508
69217
70062
66719
68550
75108
69344
68543
72960
71643
70014
72347
73741
70888
72127
68367
72262
74895
69852
70097
70611
72021
77384
75334
73143
66584
72272
74017
68765
96712
80919
58855
60819
64970
64418
64524
63675
62380
59294
63149
60180
64707
66654
59675
58480
66446
62027
62333
62951
60663
61814
63622
68381
64965
61541
57074
63308
62050
64609
64910
64560
64003
63203
63857
64748
96356
77713
55464
56109
55717
52328
59795
52225
49203
58904
61275
56266
55814
51694
52427
52995
56203
51518
54916
54397
53872
50542
55194
55372
56007
58661
53056
54054
56968
57092
54973
57500
57440
47672
57718
55945
95882
78772
47340
57748
52422
55040
54011
55488
60817
49595
59034
55248
55162
50883
48036
47673
52550
57905
51087
54006
49933
55499
61424
55534
54771
50108
50807
49316
58123
57641
53542
56522
53073
54171
52150
55251
96106
84242
68112
57091
62077
56851
58311
58870
57397
60170
58397
54320
60140
64661
57213
63846
59376
65036
61155
58278
61622
62611
59711
61361
55562
63925
58356
61372
62479
61247
58571
58399
59647
62847
60795
62281
96307
82727
58241
60619
57861
61887
59771
57302
63986
61795
57541
63886
53801
58810
58663
59241
61186
61935
58727
57974
59555
57766
57684
56234
60338
55968
54170
54079
55703
55593
58464
54934
57927
61909
57156
64031
95938
87078
77587
76299
74947
75294
71539
74485
74977
75559
75504
74855
73310
73236
78517
75860
78035
77991
71929
75522
73913
75776
76664
75156
73344
74276
78937
76223
73763
73123
78769
75832
75440
72602
73817
73723
96147
87059
78689
75758
78252
72676
79044
77062
76365
75807
77037
75664
74447
72184
73599
77565
74473
74891
73873
76534
76316
75983
72792
75655
74301
74189
73102
74616
77437
73458
72163
77544
76553
72258
75435
79364
96883
87825
70386
76220
72065
72914
72956
73203
74722
71864
72654
71922
71480
69368
74449
74269
71888
73792
72254
74190
68169
71835
74923
71604
72903
78161
74057
71253
74737
76713
74155
76944
72210
72637
75008
75616
96314
89216
73793
72595
70196
71140
74519
73311
74705
71680
75054
74753
71479
74806
73990
71000
73569
71763
71457
73113
73394
74748
70608
77712
71247
75800
77565
73322
72739
75339
73084
75978
74368
73070
68787
69214
95354
88876
73003
68475
71459
75360
71667
70469
68138
74469
67827
68724
65467
68715
71604
72346
72567
70664
69706
67609
67206
72826
72125
78137
74882
74473
70074
70101
69162
72322
73230
73729
72959
70472
71697
73397
95800
87606
75654
76374
74497
72580
74332
74010
74016
73634
70783
68898
72598
75259
69020
73328
73117
70274
71730
72024
71007
71160
72937
72534
73101
71457
71135
75155
72416
74605
74825
71767
71361
72328
70980
73770
95968
90344
75410
75902
75812
74643
71612
73727
73210
72058
77306
75038
77984
75555
73453
74647
74083
77565
73493
74671
76037
73770
72100
77867
75908
78254
73518
78033
76907
77654
77975
73232
76479
74878
76006
74460
95758
89229
75019
75846
78411
77544
78339
75327
75150
75445
74236
76359
73832
77655
76408
74074
75425
76228
75053
73656
74208
72257
73955
75705
76088
72807
74072
75208
76675
73828
75734
76060
76579
76322
77209
76148
96061
89236
78262
78436
74868
74340
72650
75655
78720
76252
75458
74482
76232
78557
75074
73254
76313
77210
79140
76600
75872
77551
76692
75837
75221
75935
73842
75470
78234
76037
78128
72906
77487
77016
74160
79770
95963
89581
76344
76618
76978
77113
77128
81182
76447
78721
77084
74596
75608
77471
75505
78475
80656
77898
74386
74939
76377
75429
75017
77494
79750
77066
78752
79694
74970
74521
78312
76032
80060
79706
75982
75829
95731
84736
65074
69376
67742
60020
66755
63572
62003
65477
66897
68503
67201
68099
62541
66009
64056
63951
63218
61628
66198
62839
63506
61919
67087
62811
68156
64387
68943
63531
63104
64045
64168
67755
67396
65922
95154
87873
69352
64187
65673
64924
65206
62461
63650
63081
58325
63944
60566
61301
66197
67500
70165
61965
71660
64509
61486
55953
64678
61271
61725
64736
62585
62365
62213
64523
60756
62881
62580
62161
61016
61123
93532
87943
68038
68858
69505
68170
66407
62024
67126
66846
77314
65457
68772
68198
66556
71498
67076
69883
64510
72270
73062
69527
62846
67641
65799
64824
70785
64050
66962
65890
66493
74868
68646
68372
70154
65353
93956
86979
65610
64636
67098
65456
66940
65504
68687
68568
66631
68559
74331
65211
64660
64009
67321
66809
68209
67310
67758
65388
64372
65982
64501
66200
67757
67666
69160
72070
65271
68694
60736
61277
62924
67164
94050
91071
83884
82532
81814
79743
80375
80777
80966
81035
80474
79254
80107
79907
74650
77382
80069
77805
78151
77853
82489
80750
79551
79329
78306
79216
78605
78668
79177
75856
77661
80999
80797
78950
78599
95280
95344
87451
79130
77006
75993
75564
75482
77051
76945
79270
76844
74980
77166
73323
74984
78256
79927
76673
77286
74938
74380
77660
72629
74966
79288
75409
75297
76354
79276
78021
77593
75507
74632
77154
76626
94860
95054
90799
81685
80121
75955
78102
75223
75959
74937
78593
74909
76879
76776
78503
77766
77870
77362
78597
75580
76475
76291
74697
74356
76468
77049
76620
76694
76948
74349
75158
75984
75015
78322
78463
78915
95082
89503
75045
77564
75965
76918
77198
77772
75966
75628
75420
76566
74421
77925
78389
74047
77897
79101
77590
79366
74843
75821
73101
74895
72711
78087
74589
76610
74138
78807
74598
77776
73265
75257
74016
78478
94994
91031
74064
74187
73562
73904
73926
69104
75114
76866
73529
71919
73289
72825
71960
70998
71332
75323
72594
73940
73298
77162
73288
68455
71362
75836
73626
72132
75528
76240
74534
76518
75695
74306
74096
74135
94443
90624
79342
77692
79573
74265
74081
76759
74146
74057
76058
74256
76216
74721
76185
75935
75714
76820
76904
76462
75997
77589
77750
74983
77719
77056
74021
74952
78095
76274
75827
75321
79256
79142
76511
74465
94312
91944
76678
77585
80895
79015
76114
80536
80827
76533
77238
79155
79908
76534
75148
73830
78528
76151
78073
79167
75774
74348
80194
77248
79723
77758
76377
79435
73700
79936
78353
82286
78399
77842
78254
77255
95289
91276
76647
74374
77782
74149
77046
76083
79583
74425
75213
77561
77035
74435
79185
78301
77550
77075
79535
78501
75156
77071
74644
78395
76409
78973
75606
77258
77991
77743
77236
78056
75452
75727
79483
80936
95636
92753
77961
78424
80507
80351
80803
82783
78999
79482
80008
82544
79239
81889
78467
80151
74940
79704
79920
82527
84434
80957
82014
81693
81727
81816
81054
74731
80094
78510
80975
82014
81868
80951
80095
80609
95723
92594
80686
81697
80831
81227
80481
79692
82157
81934
80162
80669
80807
81521
79099
78225
80072
81802
77622
81721
80984
81371
80945
80591
81724
79358
81346
79298
80418
79910
84463
83351
83112
79174
81821
78579
94621
93142
82392
78330
81034
81672
77690
79746
81508
79967
78798
80594
83087
80265
81741
79885
81565
80870
80058
77325
78841
78418
80687
79171
81741
78841
82269
78131
77745
79416
76406
77685
79217
83635
79361
83313
95415
92396
78160
79796
78858
75462
80584
80080
75878
76487
77707
78581
75183
78400
78492
76742
77826
79018
75109
77377
81493
74317
76802
76040
77653
76603
76730
74681
76145
77881
77067
77997
78115
75640
74979
78147
93742
91580
76774
73749
69270
70318
72027
74515
74398
73485
73330
71398
73026
67569
70933
72202
71721
70000
68859
74306
73356
70696
71152
71098
70904
74125
70229
72817
72927
70509
69714
73698
73053
72789
73768
70981
94205
91876
67953
68191
67477
66156
66556
65867
68445
68442
67991
70243
68062
70606
68843
68611
70563
66969
66747
72629
69791
64706
63983
65332
68860
67413
66947
67929
69035
67683
71800
72134
67194
68717
69761
67383
92008
88581
63343
68487
59241
63558
61689
62939
58561
65589
66142
60609
62996
60601
60446
62642
62380
57167
61618
58044
61062
59593
64038
64764
60206
62508
61276
61026
64540
62136
61576
58790
65671
57396
59905
60653
89920
91484
59611
60658
65368
64688
64456
61766
66022
60773
63468
63241
66439
63685
61098
65111
64317
60360
68428
63152
60096
59567
60193
66633
63724
63463
61070
63308
62038
64485
60111
63847
62725
67223
66389
66920
90902
93267
69081
71567
67925
68690
68530
65888
66644
69882
69964
63693
69292
70400
65613
68671
70455
70162
69585
71735
70604
68598
67711
72254
67458
69282
66019
65215
65552
70874
67408
67789
72428
73093
68879
68703
91914
92298
69130
72841
71837
75871
76107
77807
70182
76099
72234
75626
74304
72150
70218
73613
77118
74489
75642
75433
76517
72528
74337
75782
76931
77563
73184
74654
75687
75875
75328
71357
77062
75551
73874
74604
92793
94307
79546
75855
81607
81528
79632
81056
79467
78469
81257
79909
78814
77021
79523
81180
79578
80063
81396
80185
80180
80846
78077
78713
79119
77722
80386
81343
78653
80005
80255
79868
80200
80724
81353
80546
93491
93647
76471
76075
75121
73955
79002
75095
79938
74913
81192
78925
74543
77720
79217
75465
75144
78824
76751
76356
76762
75924
78151
74895
76786
77846
78482
74269
73121
77988
80459
74444
76202
78923
74915
77867
93621
92674
79005
80171
76998
74250
77040
77399
77827
78542
78133
80908
80004
78426
76598
77047
76669
80486
80526
73818
80246
80423
80839
78475
77343
76398
76523
81942
78771
77892
76610
75334
79437
79473
79082
76427
92806
91198
75547
76832
73971
75260
74362
77086
75486
77510
73136
75523
76962
73245
75660
78162
77407
77068
75058
71783
77376
80231
76440
77877
76781
76769
74490
74054
74134
74490
77993
76768
75659
77331
76448
75577
91445
95135
82347
81605
80197
80242
81458
80376
81767
82733
80415
79448
81607
81904
82459
81793
82895
83384
81381
81177
79172
79087
81459
83294
79713
81264
81533
80360
81320
83206
79688
83855
80061
82026
78522
79318
93365
94026
80355
76146
77185
77229
74885
75707
76862
78712
74289
80291
77855
76660
78828
78214
75454
75072
76578
77247
82343
79259
73317
81800
76663
78254
76464
77497
79925
78396
75384
77105
75399
76103
77183
78661
93890
93751
67875
71644
70933
71182
74505
72904
69148
74984
72924
70068
69958
72281
72650
72350
72849
72342
76949
72805
72636
72991
74279
74353
72881
70074
70649
68446
68820
72530
75036
70612
68458
72285
71691
70730
90767
93383
65753
67995
67957
69340
63978
66499
65653
65758
65944
63888
67060
66254
69448
66912
67332
67617
67467
68065
69000
69678
65382
65969
68050
68961
68388
65729
68597
65902
66686
64662
68612
67794
60255
65384
88144
94341
72335
69505
68961
73788
69664
69551
73414
68229
65197
71372
71739
67017
69975
66393
67921
72553
66357
69704
73664
70043
71412
68530
67070
71925
68267
70320
73883
69054
69195
69185
71275
66414
68827
72789
87964
93198
70460
66736
68563
64345
68793
68116
69388
62296
68550
62748
66057
70501
70972
66876
69248
63937
66461
71958
64700
70392
71165
69789
70097
70441
66148
62525
64227
62635
71113
65251
67004
64480
68747
69360
90244
95461
79902
74540
77142
78705
78293
78444
78328
78940
78281
78518
75389
80874
71382
82252
78953
80823
78643
75048
78595
76501
75708
77491
80451
79905
80722
76838
77677
77765
78571
75612
77273
79919
76757
76796
91703
94229
79295
76002
75668
78105
78155
78260
79280
75675
77431
77439
78378
80304
74382
77710
78707
78318
78636
76256
79883
76674
76964
76576
79892
75857
73962
78101
80504
78933
77774
78103
79245
77845
75449
76611
90261
94904
77813
80408
81316
81267
78198
79239
78466
79308
81365
82358
79445
79971
80108
80302
79267
80286
79133
77948
78247
76971
79632
81415
82297
81405
79513
80175
79637
79844
78452
80169
79229
82457
81115
77854
90248
95685
84313
85138
85022
84175
82003
84724
81981
83943
81674
82882
85062
82335
82476
82374
85512
82240
81407
83684
84996
82853
82243
83806
80774
84518
83538
83084
86026
82049
83602
81665
85152
84579
83725
81882
92224
95736
82374
81862
83248
80157
80035
77494
82128
82381
81086
84026
80431
83258
80864
83227
80516
81800
81998
81755
81708
79940
81982
79050
80734
78167
77218
80979
81508
81694
82333
79264
79330
82633
79050
80988
91364
96658
84232
81572
80714
82350
82116
82174
82347
82373
82493
84132
83805
80012
82716
82312
81428
79428
81619
82605
82406
80563
81670
79606
76542
81026
82691
82224
82317
81778
82954
81797
83404
81410
81447
82535
90981
96609
83394
83399
81619
82689
83802
84389
84100
82634
82127
83639
84427
82376
84757
81738
82165
83162
81529
85005
80045
81021
81375
81798
80929
82846
84370
83211
81612
80038
81445
81817
82862
82197
82047
81190
91549
96726
83458
85873
83271
81689
83581
84577
83854
82322
85787
84274
81789
82638
84687
84289
85270
83226
84478
82619
86618
84156
84341
84811
85404
83697
84014
84776
82841
82650
82534
80013
83512
84750
84252
83962
92167
96785
84713
83774
84000
81396
81935
82622
84972
83492
80034
81895
84080
83971
82544
83754
83961
81093
83795
84827
83143
83803
82643
85345
83792
79456
83457
83162
82735
81988
82054
80179
83194
82769
83411
83152
91963
96223
80443
82907
80490
80890
83211
81119
81116
80401
80470
78873
80604
78999
79951
80339
82163
80662
78493
79660
81507
80087
77797
81118
80354
82608
79501
80619
78184
81852
78868
80697
80744
80467
82050
82126
90556
96327
80508
79203
80415
79334
82048
78561
81858
80792
81881
82451
78432
77617
80272
82378
78534
77547
80960
79698
81028
81053
78901
82528
81426
79517
77342
78561
78419
78538
77783
78826
80222
80504
79667
78995
89646
95123
75036
74176
73691
73352
70589
75025
67913
69185
73725
73831
73474
73292
