0.96304662675
0.9629511244500001
0.99650961538
1.0
1.0
1.0
1.0
1.0
1.0
1.0
1.0
1.0
1.0
1.0
0.99999992001
1.0
1.0
1.0
1.0
0.99999688778
1.0
1.0
1.0
1.0
1.0
1.0
1.0
1.0
1.0
1.0
1.0
1.0
1.0
0.94045922639
0.022281250370000054
0.96359931898
1.0
1.0
1.0
0.9999961676600001
1.0
1.0
1.0
1.0
0.99998384323
1.0
1.0
1.0
1.0
1.0
1.0
1.0
1.0
1.0
1.0
1.0
1.0
1.0
1.0
1.0
1.0
1.0
0.99999511854
1.0
0.9999822807500001
1.0
1.0
1.0
1.0
0.9517988805300001
0.018838045370000035
0.9427409417
1.0
1.0
1.0
0.99994889509
1.0
1.0
1.0
1.0
1.0
1.0
1.0
1.0
1.0
1.0
1.0
1.0
1.0
1.0
1.0
1.0
1.0
1.0
1.0
1.0
0.9999874054100001
1.0
1.0
1.0
0.99998535854
1.0
1.0
1.0
0.9999780756200001
0.96372620201
0.014902862869999953
0.9223653818499999
1.0
1.0
1.0
1.0
1.0
1.0
0.9999851911100001
1.0
1.0
1.0
0.99999783589
1.0
1.0
1.0
1.0
1.0
1.0
1.0
1.0
1.0
1.0
1.0
1.0
0.99953595842
1.0
1.0
1.0
0.9999883630599999
1.0
1.0
1.0
1.0
0.99490658383
0.97222830886
0.00760801437999995
0.91280157177
1.0
1.0
1.0
1.0
1.0
1.0
0.9999936261300001
1.0
1.0
0.9999811999999999
1.0
0.99999791228
0.9999308661699999
1.0
1.0
1.0
1.0
0.9999604790400001
0.99160955904
1.0
1.0
0.9999989628
0.99999583333
1.0
1.0
1.0
1.0
0.99689867841
0.99616898139
1.0
1.0
1.0
0.99997391739
0.97603404425
0.00492139175999997
0.87142401919
0.99998274792
0.9878838661
0.98643076304
0.99467611949
1.0
1.0
0.98904873208
0.99651248
0.99997916376
0.99699477216
1.0
0.99998184908
0.99579232307
0.99999433586
0.9999878933699999
0.99998783513
1.0
0.98707428799
0.99995887963
0.99998783513
0.99997254863
1.0
1.0
1.0
0.9999930525099999
0.99994481109
1.0
1.0
0.99996528332
1.0
0.99334176506
0.9999732959100001
0.99400523948
0.9820759354499999
0.004552188469999965
0.8982039119999999
0.9985645071600001
0.99308005189
0.9958101803599999
0.99999624075
0.99359545046
0.99096665334
0.99998631863
0.99233839062
0.9894153230599999
1.0
0.99969146758
0.9753772886400001
1.0
0.9840385619
0.99915525655
0.9769632
1.0
0.99422740571
0.98343091457
0.99837647765
0.99999511854
0.98919705062
0.99987251251
0.98482775722
0.9767491199999999
0.98236018352
0.9909035195
1.0
0.9948428229699999
0.98041928772
0.99999031322
0.9677781909000001
0.98201839127
0.99311869101
0.0002058804699999746
0.7685815206500001
0.9978159200000001
0.9982648325400001
0.9593847017499999
0.9990480921399999
0.98608790242
0.98376324087
0.99151356663
1.0
0.98624791542
0.9823078341
0.99325449646
0.96580375013
1.0
0.99325387461
1.0
0.99383959106
0.9997620238
0.99872219222
0.99131145709
1.0
0.96508451381
0.9956011995199999
0.97135641791
0.9844461059199999
0.96282925075
0.9970955964799999
0.9971134111100001
0.99362845977
0.99977366947
1.0
0.9964896427900001
0.99762204851
0.99844056811
0.9450887488699999
0.004680686080000014
0.73369298337
0.9704235604899999
0.94328692185
0.97398744502
0.99311462387
0.9663408918199999
0.95181230123
0.9868918536200001
0.9328518689199999
0.9604663999999999
0.99437064587
0.9605534159
0.9807695829599999
0.98960618164
0.99936017655
0.9572585707100001
0.99804471058
0.9825648897799999
0.9424228731400001
0.9778958695900001
0.99490729177
0.96888148222
0.99960770536
0.9980884345600001
0.9920927651900001
0.96078854052
0.91831155578
0.98576876997
0.98976896793
0.96758604091
0.96610629063
0.94283333666
0.9874921983
0.9781332802499999
0.98278694386
0.013470944529999978
0.80282529435
1.0
0.9999979208299999
1.0
1.0
0.9999567024799999
0.99681480148
1.0
0.99998848115
0.99410893821
0.99995357107
1.0
1.0
1.0
1.0
0.99688959104
1.0
1.0
0.99846489298
0.99999840064
1.0
1.0
0.9879708858199999
1.0
0.99521881228
0.99994674153
1.0
0.98152345531
0.98284604517
1.0
0.99996313475
1.0
1.0
0.99992530338
0.999960008
0.023065037500000034
0.8810808697400001
0.9924047969500001
0.9999604879
0.99793454109
1.0
0.99979600922
1.0
1.0
0.9976363237199999
0.99995935464
0.98092979894
0.9958518992400001
1.0
0.9972186923399999
1.0
1.0
0.99995916733
0.9821169981000001
0.9758975692699999
0.98818348991
1.0
1.0
0.99987636291
0.99998184908
0.99975315837
0.99994722278
0.99948837116
0.98976896793
0.9999214006999999
1.0
0.99994692855
1.0
1.0
0.98264552164
1.0
0.03187496054000003
0.8525920016
1.0
1.0
0.99999516655
1.0
0.99998989474
1.0
1.0
1.0
1.0
1.0
1.0
0.9999520545199999
1.0
1.0
1.0
0.99993004197
1.0
1.0
1.0
1.0
1.0
0.9999732639600001
0.99998954509
1.0
1.0
1.0
1.0
1.0
1.0
1.0
1.0
1.0
1.0
1.0
0.042826008629999995
0.80620093581
1.0
1.0
1.0
1.0
1.0
1.0
1.0
1.0
1.0
1.0
1.0
1.0
1.0
1.0
1.0
1.0
0.99993225613
1.0
1.0
1.0
1.0
1.0
1.0
0.99996398559
0.99399292495
1.0
1.0
1.0
1.0
1.0
1.0
1.0
0.99999576085
1.0
0.060369659050000045
0.79948810076
0.99996456709
1.0
0.99995718152
1.0
1.0
1.0
1.0
0.9999646435399999
1.0
1.0
1.0
1.0
1.0
0.99998755361
1.0
1.0
1.0
1.0
1.0
1.0
1.0
1.0
1.0
1.0
0.9999793765
1.0
1.0
1.0
0.99998848115
1.0
1.0
0.99994875587
1.0
0.999936399
0.06568621062999999
0.72235786864
0.9996326652699999
1.0
0.9999242551499999
0.99978806358
0.9975252
1.0
1.0
1.0
1.0
1.0
1.0
0.99994875587
1.0
1.0
1.0
1.0
0.99997192561
1.0
1.0
1.0
1.0
1.0
1.0
0.99994013605
0.99993815382
1.0
0.9999419057200001
1.0
1.0
0.9999483023000001
0.99311004516
0.9999752577300001
0.99999624075
1.0
0.06379784824999996
0.71510234213
0.9280718391799999
0.96617156502
0.90216126269
0.95500661801
0.9750385915800001
1.0
0.97094344772
0.9646377762199999
0.998437505
0.9961088653200001
0.9631683318400001
0.99754946355
0.9667104584999999
0.9918274965
0.9368045472700001
0.9015857185799999
0.9839254399999999
0.9936834316600001
0.9472060624199999
0.93889755511
0.9841872
0.96981654496
0.99997782431
1.0
0.93900894089
0.9390130669300001
0.88967226891
0.9876157260899999
0.98703496532
0.89646122163
0.9698886045599999
0.90709441786
0.9540793418300001
0.97245354142
0.07205993199000005
0.6611049970099999
0.8723065368
0.95180073993
0.91618290513
0.85430281269
0.94514166583
0.9955105468400001
0.9322227381899999
0.8556636336400001
0.90701643398
0.96873405535
0.89500095923
0.86757187156
0.97737157664
0.9147248971399999
0.82237330669
0.9399975195000001
0.99036086826
0.8511186832900001
0.97922740934
0.9901406725399999
0.9999388244699999
0.98666203731
0.8876834301700001
0.9948959583799999
0.94655716857
0.92694905717
0.93562654903
0.87675616877
0.95643715628
0.96247032703
0.91929703741
0.93339162828
0.9700485091100001
0.8847487097400001
0.06114287081999995
0.7217181242499999
0.9999527247300001
0.97841218591
1.0
0.99120609707
0.9458048
0.9890301129
0.9996725930400001
0.9917244034499999
0.8904336497199999
0.89741726863
0.98164872
0.99992056624
0.98181915939
0.96280227977
0.9813740799999999
0.9906537810099999
0.91127641216
0.99087059294
0.93148407478
0.99519625012
0.9731823995200001
0.8875689969
0.94546989398
0.98992276634
0.96251032831
0.93281186729
0.9951162353899999
0.9799727945600001
0.9845192016
0.99255293292
0.99529247075
0.99180165884
0.89196093656
0.99197797726
0.07504457280000003
0.65135726646
0.9721654896499999
0.9979013857
0.98947564642
1.0
0.99908155262
0.9490346134700001
0.9988147554100001
1.0
1.0
0.99998642985
1.0
1.0
0.9846012998699999
1.0
0.99998503185
1.0
0.98794543454
0.98712335234
0.9899097546400001
0.99996930475
1.0
0.97692584449
0.96338910397
0.99985577058
0.99222242654
0.99904406441
0.99571234161
1.0
1.0
0.9999997599000001
1.0
0.9716000797900001
0.99042999499
0.99706514651
0.08642827483000001
0.68885902673
0.98216452195
0.93153214643
0.98683596404
0.99996198463
0.90460108282
0.9899170882899999
0.86704118412
0.9737464552799999
0.9156916783600001
0.83172035575
0.9849770577099999
0.9571540616199999
0.95320809975
0.94215183477
0.9413610877799999
0.97987357057
0.89643252519
0.91283537197
0.9251832000000001
0.96257265094
0.86940952
0.9728313678499999
0.9777156713399999
0.8403116176800001
0.87000428128
0.94314892768
0.9015841973300001
0.9743967206599999
0.9898388083599999
0.95591344
0.8819427433
0.91907160494
0.97030660264
0.9014393124800001
0.08241414162
0.6583901182099999
0.95963566573
0.97194352565
0.96902650265
0.97966136046
0.9845621404999999
0.88680747925
0.9646247550499999
0.9994640071800001
0.99497094737
0.99551539154
0.8819446731999999
0.98006425863
0.97596366189
0.9547690031
0.9769755999999999
0.91985496
0.9804142387100001
0.9931191335699999
0.99124823035
1.0
0.99993210479
0.96013100542
0.9782128187200001
0.8971436005200001
0.9687729043900001
0.9869317360500001
0.9786065550799999
0.84523467653
0.84092006799
0.96691492969
0.9907175786699999
0.99542468494
0.8974851204200001
0.88605023516
0.09115097729
0.61034956713
0.98313596481
0.8900740177900001
0.94440430622
0.91302656501
0.84457860428
0.81387716598
0.8651166001599999
0.94068943937
0.8668472850900001
0.98673476652
0.75194338831
0.9296394865200001
0.77159618129
0.96729245226
0.9112990895399999
0.75469997007
0.92821971944
0.8620787200000001
0.93530693861
0.87665839504
0.73052670188
0.82310218656
0.85330806597
0.9704761981000001
0.9999857299499999
0.78613207585
0.86244894042
0.9797686612000001
0.92841234889
0.85542598464
0.84347953838
0.9439000200000001
0.96891461708
0.8425695760599999
0.08732575557000004
0.6191525961400001
1.0
0.9999743298500001
1.0
1.0
0.99993569286
1.0
0.99998309578
1.0
0.94814002801
0.9921232737100001
0.9999289827600001
0.9999926097
0.9999891265199999
1.0
0.9999275851699999
1.0
0.99994655432
0.99997127138
1.0
1.0
1.0
0.9999811999999999
0.9999679456399999
0.99998491771
1.0
0.99999840064
0.99993134627
0.99999576085
0.96893128614
0.99012662188
0.96195855171
0.9978819154299999
1.0
0.99997577459
0.12893751550000002
0.55505869226
0.85565998404
0.8472730773100001
0.8818159352199999
0.8803663499000001
0.9652595015000001
0.9057101844400001
0.9576401479600001
0.8998102169300001
0.85558472125
0.8931396589799999
0.87103205038
0.9637215721600001
0.9197119199999999
0.83949832536
0.86066225431
0.83733338668
0.93909432
0.9507349226899999
0.93101295368
0.89976976
0.9323854814499999
0.94796392721
0.82788460848
0.8890611885
0.86922924877
0.8430067200000001
0.97252035892
0.90483297894
0.95478067807
0.9592596501699999
0.9487356607
0.8765799680799999
0.96092502005
0.95426766617
0.12404381391000002
0.66333072646
0.98683250401
0.86512409518
0.88160120024
0.87813544
0.92576812288
0.87227834452
0.85481754772
0.87557671068
0.96733237582
0.98077937607
0.79445704
0.92431644836
0.9926641268599999
0.86565615161
0.8529712401299999
0.8434550040000001
0.74764128826
0.8092788350300001
0.9639137042599999
0.95757937238
0.9404130039
0.92318260176
0.80945164395
0.92428587988
0.98173730746
0.97295438175
0.9754790623399999
0.84817316364
0.8400051220500001
0.82064617538
0.8952784282399999
0.80997523046
0.82619541771
0.97510084034
0.14450088831000002
0.59491725698
0.99856585952
1.0
0.9760010379199999
0.99949074872
0.9776263947199999
0.97094408
0.99484277434
0.9999837924199999
0.99482706767
0.9876359635999999
0.95530504
0.96437743222
0.9999190127400001
1.0
0.99997656234
0.99997474273
0.9999997599000001
0.9535170151
0.99684893553
0.99998783513
0.89300199442
0.96596488274
0.96541958979
0.98583665801
0.98043895221
0.99974855318
0.97948547951
0.99909457054
1.0
0.9530420255200001
0.97526343224
1.0
0.99589610078
0.98983994416
0.14289357944999997
0.7164694234000001
0.99997278639
0.9973116000000001
0.93688608756
0.99924087357
1.0
0.9996625474899999
1.0
1.0
0.9999613368
0.99982891422
0.9998340166
0.997661471
0.9984578361600001
1.0
0.99785944
0.99999170158
0.99999054108
1.0
0.99630219022
0.99999234373
1.0
0.9818662401299999
0.99390555056
0.99991962411
0.9967654532799999
0.9976986268400001
0.9999619962
0.99834816
1.0
1.0
0.9999547109399999
0.99475158421
0.99983058824
0.98592643724
0.15879955191
0.71021682086
1.0
1.0
0.99993352
1.0
1.0
0.9999784731899999
1.0
0.99995320468
0.99997343734
0.9911349885299999
0.99999254285
1.0
1.0
1.0
1.0
1.0
1.0
0.9999811999999999
1.0
0.9999879518099999
0.99998384323
1.0
0.9999800700300001
1.0
1.0
1.0
1.0
0.98701115982
1.0
1.0
1.0
1.0
1.0
1.0
0.16427578420999997
0.5915754655
1.0
0.99997920624
1.0
1.0
1.0
0.9999940645700001
1.0
0.99860321775
0.99842386511
0.9999440834300001
0.99998713158
1.0
0.99683512782
1.0
0.99996066753
1.0
1.0
0.99760665397
0.99638270963
0.9864302309299999
0.9850966596899999
0.9999255012
1.0
0.9999785557099999
1.0
1.0
1.0
1.0
1.0
0.9980934341400001
1.0
1.0
1.0
0.9999441452200001
0.16991841155
0.65396186288
0.99237157832
0.99960355768
0.99998059537
1.0
0.99995489353
1.0
1.0
0.9999155319399999
1.0
1.0
0.9999181963300001
1.0
1.0
0.99998055028
1.0
0.99996599499
1.0
0.9999931200000001
1.0
0.99995802099
1.0
0.99998271481
1.0
1.0
0.9999633551
1.0
1.0
0.9999454943299999
1.0
0.99999247624
0.99995736
1.0
1.0
0.99996085651
0.18164710399999998
0.6492299342
0.8014943063400001
0.8593972
0.99816442356
0.8804185499200001
0.96610130339
0.99991281744
0.99761792358
0.9789322670899999
0.96290238499
0.96968340016
0.88879144
0.9802266173399999
0.8663757479099999
0.85120537451
0.9814129361199999
1.0
1.0
0.98245942857
0.98522424
0.99994592
1.0
0.99998244914
1.0
0.97134631316
0.88248576
0.96343287507
1.0
0.99995585324
0.9062042612799999
0.9720251149800001
1.0
0.99993062657
1.0
0.9550910764299999
0.18162338657999993
0.52641303164
0.88629861972
0.79512380572
0.78786381105
0.90968656627
0.82309703288
0.8140172800000001
0.8907224799999999
0.77868713858
0.85639649418
0.8725883411700001
0.74040188019
0.89031264874
0.78687738333
0.8510108070200001
0.93061872
0.82923908391
0.9079724000399999
0.88518439474
0.90595384923
0.86761487702
0.93737573757
0.8511386456600001
0.91305910639
0.8653867573499999
0.8109895999999999
0.81865823441
0.77517096451
0.88938744
0.7711955204500001
0.87480907728
0.8529950129699999
0.97646059148
0.90049877086
0.86534170583
0.17184765633999996
0.47086408331
0.9066183999999999
0.9404156415600001
0.8642747781
0.8440813314600001
0.9563664
0.89581809819
0.9771950015
0.90368751871
0.98276183604
0.9074370074
0.9662851318900001
0.97051061453
0.93829269173
0.94786581316
0.98702750275
0.85882426787
0.95627707045
0.9149865650700001
0.98468521148
0.83189826035
0.7993060019900001
0.8850242308799999
0.8290446512599999
0.7825847200000001
0.8777621924400001
0.9348707477599999
0.88937960329
0.87326304413
0.9852128
0.8697150373699999
0.9935132249599999
0.8746502949699999
0.86019278072
0.89653788969
0.18405728929000004
0.40295045276999997
0.97182326233
0.99999832134
1.0
0.9999440834300001
0.99975548226
1.0
0.90991243642
0.9775026268299999
0.9975238019
0.9999441246999999
1.0
0.9482235765799999
0.96069619848
0.99939988002
0.99997192561
0.9357987446399999
0.9955232761199999
1.0
0.99054878512
0.95008411401
0.99920321156
0.90775249325
0.97960320064
1.0
0.95702940764
0.87345780625
0.95857110289
0.86570866173
0.95115327885
0.9798548370899999
0.98400584409
0.8832208071700001
0.97453568706
1.0
0.21815866387000002
0.57087724965
0.80630465742
0.94185493184
0.9192640128
0.8333281087600001
0.96824226701
0.89573269192
0.9443551824099999
0.9006589458900001
0.91481440399
0.9942938841
0.93682904
0.9918212094
0.92896104104
0.8944462750600001
0.96328279182
0.99999624075
0.9605715885199999
0.99648869825
0.9998086991399999
0.96496706024
0.97793648446
0.8991151830399999
0.82949321105
0.88912895397
0.95103819236
0.96365406703
0.93878553929
0.85681300291
0.83887048
0.85859856
0.9007591199999999
0.9700258630999999
0.9918925851699999
0.89483586152
0.17133470988000002
0.59197887936
0.97834216384
0.9636043613099999
0.995988
0.90563076004
0.83113766546
0.94778119248
0.9341370662899999
0.901745926
0.98878796751
0.98799864014
0.94327982404
0.9363800040000001
0.99823656858
0.99959743281
0.99999160252
1.0
0.95834226887
0.78416908039
0.84650739924
0.99395775155
0.9480936340099999
0.99282965331
0.94337651303
0.98644093135
0.99994144974
0.97685263053
0.9268582586199999
0.99561055695
0.97264384384
0.9585129826
0.8792191082799999
0.9181358210499999
0.8557181836400001
0.86379830051
0.16795322583999994
0.49090810768000004
0.83836944306
0.96659565522
0.98941168948
0.85686120698
0.92515801726
0.90221542149
0.95104781347
0.9518849945000001
0.9197150674
0.9929557316200001
0.8284404790400001
0.9910077854499999
0.99995651652
0.95129652287
0.95271698718
0.9765629926
0.87652585395
0.94969178628
0.94246766209
0.78181762942
0.91835300699
0.82500282141
0.98910866394
0.9473272782
0.84393027817
0.98960111933
0.9090372854300001
0.99444671533
0.7982938456900001
0.88480607514
0.9581195439100001
0.86686634088
0.93277011148
0.88983533647
0.18728152061
0.41309561159999997
0.90077646117
0.86849170419
0.85897460508
0.8642815096600001
0.84425573575
0.9674030905100001
0.9052642242200001
0.7827921552900001
0.9839274179099999
0.84737535668
0.83140226476
0.87947290542
0.86080192077
0.84776770335
0.89878426966
0.82584870923
0.8666887734700001
0.92333615661
0.8351976855500001
0.84933629808
0.80621725726
0.7920333533299999
0.9180786440700001
0.85901800301
0.9777914783
0.82590454864
0.94155538231
0.7776754219500001
0.74555386621
0.8552600658099999
0.82196418926
0.83502168771
0.84162771528
0.8333823955
0.20443413717000003
0.47547009703000004
0.7360361536900001
0.6851760168700001
0.7988034734000001
0.8430433443299999
0.87054944616
0.86332137267
0.7763526384
0.8257925185
0.8265830034
0.77925013972
0.79686460275
0.7427963920599999
0.79466317996
0.7778801522100001
0.732390499
0.7395751900800001
0.6920657205699999
0.79413036859
0.7889473831099999
0.82171223713
0.69113343358
0.7967332800000001
0.78898529089
0.77866520351
0.81458358553
0.78500808323
0.81332007602
0.71934532374
0.71059894264
0.7616588282500001
0.73673992
0.77619512
0.9202544149899999
0.8037191292999999
0.20200189140000002
0.5216097980400001
0.97162731084
0.82385275339
0.90348963305
0.78823824677
0.8899970056900001
0.84630858283
0.95579837659
0.9356966400000001
0.9147906231199999
0.9981502146800001
0.85727736658
0.85277250225
0.9422873521699999
0.8520210000999999
0.9836243478300001
0.9613614356900001
0.82103628692
0.79699342592
0.9409107557
0.9948506177800001
0.98156230661
0.98727522734
0.8152637380200001
0.92416705671
0.84799154115
0.7592835689199999
0.87246053816
0.96366096
0.97661463512
0.9888186623899999
0.88077326396
0.85409252897
0.8673481363000001
0.83817383663
0.19195000904
0.5859805204899999
0.99356086435
0.96432549845
0.94696438192
0.97977273182
0.97730461908
1.0
0.97629398361
1.0
0.9925217112499999
1.0
0.99048293806
0.90003185629
0.9835794953899999
0.97655884058
0.99999095819
0.97310528423
0.98686642125
0.98744710021
0.9896484338999999
0.97721658507
0.96606731018
0.9952116395699999
0.93961485634
0.9674559616499999
0.94611472
0.95949700408
0.97563866305
0.99621113782
0.9753272908799999
0.97745482997
0.9875761610499999
0.9384985443199999
0.9959214886
0.99185695152
0.23408273054000006
0.51067614067
1.0
1.0
0.99999832369
1.0
0.99998642985
0.99998648541
1.0
0.9999565130699999
1.0
1.0
1.0
1.0
0.99931381592
0.99296425643
1.0
0.99058989537
0.99994806342
0.99443200958
1.0
1.0
1.0
1.0
1.0
1.0
1.0
0.9999480903800001
1.0
1.0
1.0
0.99763814083
0.99996448186
1.0
1.0
1.0
0.26047179363999995
0.50296721528
0.9929967487800001
1.0
1.0
1.0
0.9999529082599999
0.9959307376600001
0.9999520671100001
1.0
1.0
0.9918938832699999
0.9846086643999999
0.98731541692
0.9979947552799999
0.9927448773199999
0.9799651063
0.9763251024699999
0.99995338406
1.0
0.97787385014
0.9853361668
0.99438208777
0.9999227204300001
0.98889294872
0.99999295648
0.9999637777999999
1.0
0.99990493309
1.0
1.0
0.99093269499
1.0
1.0
0.9999070214
0.99541272092
0.25161117677
0.51526936694
0.97848193445
0.97244788479
0.9892320766
0.99782561636
0.99996132641
0.99009368864
0.98797299612
0.92544855967
0.9933978602100001
1.0
0.9425511075599999
0.99262788654
1.0
0.9999162865100001
1.0
0.9999817271100001
0.99999029049
1.0
0.9419866093699999
0.9877685201899999
0.98583549127
0.9978305302199999
0.96354224
0.9954838167600001
0.96970247604
0.99393972712
1.0
0.9728178310800001
0.96594342829
0.99794917967
0.9999633130200001
0.99997859719
0.99231263632
0.98814599181
0.27258113841
0.46691347045000003
0.8294184538700001
0.7387067199999999
0.75482655469
0.75462414069
0.74994626627
0.7934239904
0.8709440256000001
0.81815722267
0.82275285628
0.734344
0.80669672262
0.7654596477200001
0.86151791388
0.7917881505200001
0.7532354046
0.8197522647700001
0.82652667401
0.86679720837
0.81408237298
0.74539097729
0.87407814251
0.8291100318500001
0.7782761015799999
0.73086588047
0.8403957118500001
0.84107872978
0.8606884742
0.82572274368
0.82960288346
0.75587606761
0.91319792705
0.7839458941099999
0.75446312619
0.24759311768
0.24759311768
0.45964321464
0.94165714859
0.96750107011
0.97842336467
0.9778219199999999
0.93404274322
0.99976402127
0.94898928429
0.8865162167599999
0.87812979868
0.8802152856000001
0.85651208
0.98777653631
0.9297228122800001
0.99999632918
0.9518800440999999
0.94273918784
0.91523944899
0.95274545455
0.8481981680899999
0.9513999002100001
0.91179873861
0.99029482104
0.96496805985
0.86388095
0.9278175200000001
0.86103608782
0.82724251827
0.97782482248
0.8171045600000001
0.93109460406
0.84690128961
0.8939054037899999
0.95010901796
0.24851176294000005
0.24851176294000005
0.41280571086999995
0.92187029733
0.79976643329
0.9830188875499999
0.99998631863
0.99556695566
0.94521605459
0.99801932193
0.9074743291999999
0.98733856887
0.9877715426900001
0.91575693357
0.94401919616
0.9907349934999999
0.89435686665
0.88435016051
0.91358078078
0.90075641743
0.97955031528
1.0
1.0
0.99995735676
1.0
1.0
0.9745798684500001
0.88636713209
0.9627962475
0.9994787163900001
0.98097427486
0.98097427486
0.9888338264700001
0.99662173304
0.99662173304
0.94219676414
0.26587352
0.44726556722
0.8121727452
0.8121727452
0.8360310733899999
0.8360310733899999
0.85017203526
0.81108777523
0.90140943604
0.88531984405
0.79221908382
0.9948202860900001
0.9948202860900001
0.9886829972900001
0.7838881694600001
0.8915444688899999
0.9741669693599999
0.93723664827
0.89453612942
0.78575982402
0.8933210399999999
0.85117227881
0.9477561737
0.96489208633
0.9889039502700001
0.9999223386199999
0.9551872685399999
0.88004011587
0.88551342061
0.78677297568
0.8959023534099999
0.9102479053899999
0.9033193193200001
0.94588480671
0.99943517628
0.81584713376
0.25643505527999993
0.42261817454999995
0.90859554757
0.9822542112100001
1.0
0.98846347365
0.9510518933
0.99450618124
0.91204614925
0.89549334936
0.97828969382
0.99997195513
0.97888173412
0.95997407965
0.99762823341
0.91035144971
0.941290001
0.9864286684
0.9940625375800001
0.9992647565599999
0.81915687332
0.98913881224
0.92438898863
0.98881839173
0.97587372212
0.90216804072
0.9512676585100001
0.9990828132799999
0.9999785557099999
0.95534834913
0.99299989981
0.9695547937
0.99530314036
0.86958594951
0.94672036815
0.94629037155
0.27886602627
0.40027467625999996
0.7783452656800001
0.8101075200000001
0.89306273651
0.77759509054
0.8224531365300001
0.79818495398
0.80376095904
0.87276246499
0.8754340038
0.80049534093
0.9072129019299999
0.86030887539
0.89563098507
0.9921297729799999
0.81014639216
0.8001700259400001
0.80193096813
0.79724197877
0.80288113396
0.82258411112
0.81052709084
0.8762491645799999
0.7935744800000001
0.79397571757
0.83019650315
0.88521473201
0.8321097787999999
0.79944551198
0.81090781359
0.77998800839
0.76848062481
0.85268210358
0.79705368779
0.82484587211
0.22511936032
0.36284434825999995
0.9291090027
0.82131018204
0.8183649561099999
0.91147789136
0.94861742174
0.8713644
0.87860157921
0.93218033669
0.90887699115
0.83245036919
0.95332568908
0.96689252271
0.95210424387
0.9072402768
0.81699031613
0.8593564487099999
0.9271935335799999
0.93684911225
0.8678007381499999
0.93547768992
0.9477370126
0.94603138271
0.88361006516
0.9919041791600001
0.99429942994
0.86694858972
0.92370519584
0.8525445101799999
0.84508327345
0.84983336663
0.86842702865
0.9466913758500001
0.85066261252
0.92397107661
0.25546278188
0.41743860479
0.9029461254600001
0.9967352044900001
0.8571458748499999
0.8582809752199999
0.83749425794
0.91842788462
0.8187515648400001
0.8753963229399999
0.96802781181
0.8641116130300001
0.87447942412
0.97869772273
0.88893954046
0.8539845321599999
0.85612406631
0.8332326702
0.82333736484
0.83519625349
0.8439082572500001
0.89129572171
0.89559371434
0.86294902743
0.84006585782
0.81483317034
0.93168783811
0.8888207220700001
0.8655714797799999
0.85349255287
0.77314393121
0.8916948486699999
0.9070284857600001
0.8233650174199999
0.83323033156
0.85133691383
0.26104896359000007
0.34738188130000003
0.76410182109
0.7838271718500001
0.86027928
0.85310739704
0.78857676647
0.76643452143
0.83566815766
0.72606280068
0.81766877864
0.7188329478
0.73445156919
0.7561583350000001
0.85271049735
0.80423441526
0.8652103469
0.7984036810999999
0.72841320962
0.7427904306199999
0.71230629076
0.73401398938
0.71978920914
0.80427012883
0.84179984006
0.71999959839
0.71667590337
0.9575932806699999
0.7366254850999999
0.72123760343
0.8281419134600001
0.71093482607
0.74951274471
0.7837640052
0.9101539757299999
0.70650496652
0.23958595298
0.36221873012999994
0.73515041916
0.82644428457
0.77432931052
0.81051330335
0.7587164309900001
0.73618437437
0.72786205241
0.74582376951
0.7595966413399999
0.71763555556
0.81370120385
0.7294520059999999
0.73020634444
0.7133167433500001
0.8110374676500001
0.7479159583
0.88222620855
0.7277654509
0.76058227495
0.69763036449
0.72297102925
0.7159284012399999
0.7344163004400001
0.77795357178
0.74101578895
0.7636813437300001
0.7804334865100001
0.7231884776999999
0.66203954115
0.64102361446
0.7060037577499999
0.7385211830499999
0.73011979655
0.73000544872
0.23624717651
0.34993003298
0.7330091018
0.74875933287
0.6991122528899999
0.70908477696
0.73908327516
0.73313164304
0.71334825063
0.80755443544
0.7579770822899999
0.7971765364200001
0.70992361347
0.9587513584
0.81817081254
0.71953675795
0.76596978489
0.7773177833299999
0.71994938939
0.81965309309
0.78004775404
0.75723610252
0.75310322905
0.78597856073
0.7984567654099999
0.7846036996300001
0.72334630939
0.7388782495199999
0.85216964607
0.77090869087
0.76509815351
0.84651813534
0.81189552
0.67300167866
0.84705873413
0.68579876322
0.23309405622000007
0.41942453419
0.8750706869
0.8651015267900001
0.79142401602
0.83860304487
0.8239347200000001
0.81589818327
0.98008324022
0.8166925421
0.87855568432
0.8223274769400001
0.88790766773
0.89991715623
0.75523723917
0.93777472736
0.9558183018299999
0.7900569378
0.8738704429
0.9959879405
0.8479117258
0.94456116544
0.90285608297
0.97423839599
0.90084557721
0.87926736
0.81630203183
0.9762202933299999
0.87257892836
0.9114051569100001
0.89987720559
0.9320179569
0.83035777644
0.9479197522199999
0.79703923215
0.9466989882800001
0.30266663472
0.38603864888999995
0.9766610396100001
0.97285898359
0.92903834197
0.9744995880599999
0.9358295370499999
0.9311545753899999
0.9897527658299999
0.98217418066
0.99004858689
0.9529927421800001
0.96862098852
0.9656080024
0.99625765281
0.96792694467
0.98760817144
0.98609547819
0.9999850847499999
0.9739816418399999
0.99857219444
0.98043389695
0.97056946916
0.98415987217
0.9901326919200001
0.97996773807
0.99705868934
0.9999764281400001
1.0
0.9388259927799999
0.96700645806
0.90959752099
0.9798095086199999
0.97016701839
0.97245037985
0.9942210568500001
0.32260182745
0.41579130747000004
0.99210359591
1.0
1.0
1.0
0.9999950270700001
0.9999480903800001
0.99996928
1.0
0.99999696909
0.99999967913
0.99999576085
1.0
0.99991431143
1.0
1.0
0.99999112266
0.9898326065199999
0.99541732629
0.99990870437
1.0
0.9999931200000001
0.9999889611
0.91857381593
0.98523253435
0.99997721367
0.9965539815900001
0.99987100627
1.0
0.99994128587
0.9999646435399999
1.0
0.9999870749
1.0
1.0
0.37576882312000004
0.45152785159
0.9999905203
0.9999439368199999
1.0
1.0
1.0
1.0
1.0
0.9999421677100001
1.0
1.0
0.99992753478
1.0
0.99999632918
0.9999877268599999
1.0
1.0
1.0
0.99999782696
1.0
0.9999644497700001
1.0
0.99879332467
0.99999454582
1.0
1.0
1.0
1.0
1.0
1.0
0.99991007814
1.0
1.0
1.0
1.0
0.38818193072
0.36581370477999997
1.0
0.999958984
1.0
0.9999467889900001
1.0
1.0
0.99997192561
1.0
1.0
0.99997391739
1.0
0.99992888711
1.0
1.0
0.99998848115
1.0
0.9999255012
1.0
0.9999093081599999
1.0
0.99999176659
1.0
0.99983918187
0.99994544
0.9999770423000001
1.0
0.9991867117600001
0.99995071357
1.0
0.99688959104
0.99389527316
1.0
0.99882544
1.0
0.3957118785
0.33936055794
1.0
1.0
0.9955580251799999
0.9972629682
0.99995718446
0.99998848115
0.98883648
0.9983124000000001
0.97702706797
0.99998989474
0.9916166116299999
0.99817236553
0.99999112266
1.0
0.99999254285
1.0
0.99999511854
0.99996593878
1.0
1.0
1.0
0.9999811999999999
0.9999870749
0.99996533601
1.0
0.99991056943
1.0
0.9999931200000001
0.99999967913
0.9999341929000001
1.0
1.0
1.0
0.9999823288399999
0.40572797762
0.31105497454
0.98049236313
0.98559248601
0.9020506613200001
0.80246360636
0.97879644888
0.93126538615
0.95032427029
0.94912690152
0.9699769086200001
0.9464442055
0.90889749046
0.89034517259
0.84575569772
0.92888306403
0.9620874448500001
0.93826689358
0.85555960886
0.82600963904
0.89655765316
0.8619706300700001
0.84684620462
0.91909396241
0.84371719439
0.88257610663
0.9087807073999999
0.9340587156
0.8695393988000001
0.8842857313600001
0.90243257919
0.99848998102
1.0
0.8928087182600001
0.89075129327
0.9024091639899999
0.37309284771
0.2611090251
0.72533352661
0.83905974078
0.7896528
0.7693779686400001
0.79214878512
0.72160959424
0.73956680381
0.79392038388
0.8288831033799999
0.7563125599999999
0.7917424296800001
0.79655570927
0.7721262568699999
0.7351523591
0.84438930567
0.7823504972399999
0.91128871113
0.7667907811999999
0.72560569252
0.71030217435
0.78630271679
0.77239077568
0.70640448583
0.94662169736
0.79533253588
0.75618181454
0.8230997003
0.7493684421300001
0.6920730108
0.7812306396600001
0.8419189924
0.75132349476
0.71268082549
0.7585825888000001
0.33293603537999994
0.3828009842
0.89772250599
0.8382917947699999
0.9622014452000001
0.92383618211
0.7822400320599999
0.90181373863
0.83359194015
0.9199615839599999
0.82011549352
0.79354366536
0.95363624362
0.81172346369
0.83341179764
0.9260937074100001
0.8590391199999999
0.8405857724
0.86711710513
0.87169070186
0.90559383938
0.9357240551899999
0.9214944555200001
0.90914552748
0.94392192
0.95454084282
0.79209677549
0.8380280981799999
0.81185558785
0.95018080768
0.82065397079
0.97463437406
0.8852903769
0.8440943483
0.9226156243799999
0.84891019019
0.36881125885
0.28073918170999995
0.85734293429
0.8993764
0.96307561584
0.9471833985
0.91361680168
0.99644096
0.90122827152
0.9736116369400001
0.9092130482799999
0.8891733599999999
0.97795012499
0.88835766394
0.8544801683500001
0.91869715886
0.9121225044999999
0.8554364744699999
0.9476415527400001
0.95354076746
0.95587651704
0.96762821975
0.8633968419
0.8958978349800001
0.9384704231000001
0.99773189362
0.86812553255
0.87557239178
0.8941140050099999
0.85619828034
0.89734370563
0.95624561263
0.99370981173
0.87452887416
0.82593643364
0.9891662033799999
0.39029123192
0.34054449233000006
0.89045712
0.9144517651799999
0.99121623838
0.99756379585
0.9839688666
0.90416417433
0.97417070828
0.93065496
0.94749009674
0.9922105263200001
0.96450291883
0.92542506752
0.94588907496
0.88680449258
0.93281255247
0.86092296
0.9157160412299999
0.9819355868
0.9910160200499999
0.82752195219
0.85956108389
0.85952970812
0.79778760603
0.91737677963
0.88911972803
0.88037912418
0.93696930288
0.99291162791
0.84882656531
0.9766496300699999
0.8573372682
0.87562386443
0.9131568258999999
0.9088160047999999
0.440130002
0.27039336788
0.7823614454900001
0.82468810238
0.78622947411
0.88234272
0.82408431549
0.8916035703499999
0.7925934813
0.77930030997
0.81180943641
0.95456851815
0.7950805636099999
0.86014863432
0.90204341302
0.83317626882
0.79033999198
0.82632162351
0.8387517151699999
0.9851169599999999
0.93734101236
0.99984237679
0.86782126299
0.7839435604899999
0.8008072574999999
0.79117673486
0.83258936425
0.84313832
0.84394362819
0.8924247031800001
0.81896433798
0.74924448
0.78314960504
0.8212659534
0.8387664305
0.84929051387
0.38608988088999996
0.25209719595999996
0.92152993615
0.99023786603
1.0
0.92108753252
0.94092647147
0.95302951801
0.9838393748100001
0.88765244524
0.97624335301
0.8918080350900001
0.8693353914
0.93730909818
0.9954647988800001
0.96741576
0.95413436847
0.90372840795
0.97548681209
0.9398503251600001
0.8460381732800001
0.8730750499000001
0.98579248422
0.85636293112
0.9480793117199999
0.88814685412
0.87010597673
0.94852304
0.98539668066
0.8497399860000001
0.95329181047
0.90070899068
0.9688626588000001
0.9690395362800001
0.9529805780599999
0.9418170802200001
0.38159220884
0.34726640967
0.99884568
0.9628611548799999
0.91874765868
0.98408574285
0.9347192
0.9956339132199999
0.9640555766000001
0.92174448456
0.9830755626700001
0.9880612
0.88587455433
0.87122240739
0.86460273973
0.9024654073000001
0.98595405378
0.97318962283
0.9690428156
0.9882280800000001
0.98206881935
0.93192606521
0.9301481791899999
0.87238532478
0.9901352800000001
0.99893509298
0.96873528825
0.96241466787
0.9628788794400001
0.9251974013
0.9488200840200001
0.98291897068
0.9481274386
0.8979499850099999
0.97999047619
0.92210851659
0.43371116479
0.33897691168000005
0.99175843969
1.0
0.99655768463
0.99610666667
1.0
0.9999811999999999
1.0
1.0
0.99994939856
1.0
0.99998631863
0.99998970984
0.99997729188
0.99999823982
0.99386978417
0.99881187644
0.9999771360299999
0.99187718276
0.99607959204
0.9919948
0.9999242551499999
1.0
0.9991116893499999
0.9954825269900001
1.0
1.0
1.0
0.99674780697
0.99692316927
0.99994742423
0.97549047477
0.9918660909699999
0.9979744629799999
0.99999447558
0.49858194860000005
0.29201377456999994
0.9855102359100001
0.9981846708000001
0.97937152
0.99576145948
1.0
0.9999674660300001
0.99999711827
0.99999298525
1.0
1.0
0.99998254604
0.99992956226
1.0
0.99999125113
0.9999427885600001
0.9999843231400001
1.0
1.0
0.9999242551499999
1.0
0.9842103916899999
0.99990582602
1.0
0.9999507396999999
1.0
1.0
0.9999096401199999
1.0
1.0
0.9999997599000001
1.0
0.99992883903
1.0
0.95201607036
0.50210586069
0.29265100756999995
0.9955160618800001
0.96457770223
0.99748352154
1.0
0.99595021615
1.0
0.99996181709
1.0
0.9987835211999999
0.9979389612999999
1.0
0.97717352529
0.9637507229
0.98093266493
0.9746448865299999
0.9960782886799999
0.9981922223299999
0.99878763955
0.99701334404
1.0
0.9999565147899999
1.0
1.0
0.99991185763
0.9995897169200001
0.9867056305599999
0.98793778044
0.99982454874
0.99998384323
0.99423528
0.99187570802
0.99877100752
0.98694597081
1.0
0.52071446511
0.2271914817
0.82284154754
0.9658780800000001
0.8890785043
0.9206947641400001
0.90613849393
0.89447117865
0.8210858400000001
0.84443712
0.91675494418
0.8518236757600001
0.8945666233399999
0.84543446621
0.99549928
0.73397757382
0.84457259615
0.85989784
0.83725078539
0.9277680662200001
0.8916102687499999
0.83391185763
0.96130311093
0.87232179218
0.7454883127199999
0.85828109842
0.94553064
0.99666513257
0.9034523040100001
0.8821043809500001
0.9419249624799999
0.96455496
0.8120028
0.8767570759000001
0.83339689285
0.90593049915
0.47778275654999997
0.28871706567999994
0.87732801926
0.9625937843500001
0.94356283628
0.86209617924
0.88681758549
0.974461378
0.87445606879
0.8873999200299999
0.95250438781
0.8925494312500001
0.9020391984
0.8827578126600001
0.95837944206
0.9862311253
0.8362159519
0.8158693877500001
0.90515352183
0.9067331800499999
0.89052657217
0.8542990174499999
0.8314332900100001
0.86082096419
0.8390598020600001
0.99434395615
0.9745337481199999
0.9574868799999999
0.91875336933
0.93965596888
0.92679153715
0.95082367526
0.8953776533
0.94487436665
0.90404233738
0.8390764058400001
0.47039187037
0.23069814555999998
0.90380359411
0.76374357436
0.82969255074
0.78723377689
0.83945331605
0.9079280601499999
0.74871468266
0.81578963793
0.77123853688
0.73846917624
0.85736401724
0.76347391782
0.80161095124
0.75367096581
0.7110232754299999
0.71565364781
0.79391971183
0.8352109589
0.8046212740500001
0.77172830491
0.76553360664
0.81058240704
0.767743601
0.8875149499
0.91694466126
0.8139975205
0.7872884088400001
0.8036200199399999
0.7640097101000001
0.7793351594499999
0.7388236658
0.75331633817
0.75235542265
0.78111444623
0.40765462146
0.18435052148000003
0.86915877052
0.90165855836
0.94332235671
0.91893018604
0.92015489804
0.91499741396
0.81756533977
0.90670505152
0.9694196462499999
0.8237089893199999
0.93766573805
0.9188690814499999
0.92127222944
0.91461840736
0.88220650309
0.9940314417499999
0.93337245653
0.8175917534
0.88365412304
0.75103387145
0.80835227818
0.9002704
0.9142531559499999
0.9142277450899999
0.914265557
0.95008337668
0.9622054789
0.9213010471699999
0.8812247844400001
0.9267055883199999
0.8174723872399999
0.80904410441
0.8987249775599999
0.8267515090700001
0.42804132440000003
0.1904261683
0.7302890474299999
0.7676499197400001
0.6944793434700001
0.78529618229
0.87997006503
0.78755025431
0.68980062143
0.71785864
0.75182970891
0.69374662534
0.87489357634
0.65631855422
0.6814617076599999
0.72723847615
0.77027983654
0.8429639410099999
0.75305461454
0.6867236
0.6945291329100001
0.8151002990999999
0.6690632698099999
0.74391906428
0.78918052195
0.83995434501
0.88561932445
0.69946293259
0.81892413793
0.78100297911
0.7301663872299999
0.76597040898
0.82346338831
0.85542784
0.7761236
0.9467397905199999
0.41874011227
0.17474250975000002
0.74885743979
0.7369878080400001
0.82818654637
0.84120659934
0.76318327833
0.82066084175
0.83371091163
0.86720665731
0.8312423115400001
0.73123288
0.82676892391
0.8412470729799999
0.76846842737
0.8286204359099999
0.8411701659699999
0.9768989230199999
0.82238613365
0.8350090017999999
0.78899265927
0.8113472
0.87499361787
0.97410804091
0.9401772177200001
0.77931174883
0.70703430395
0.8207753735100001
0.7556331800899999
0.78612930707
0.80343543063
0.7538917431200001
0.73070102266
0.87943874387
0.8513937818699999
0.83076705976
0.49257765528
0.14874829092
0.7522586762599999
0.7496646464600001
0.74554143228
0.72074522306
0.7605884469299999
0.71874390952
0.7194074577599999
0.78847293038
0.78119094188
0.7876387793899999
0.79106417358
0.7604142714800001
0.69599357881
0.8097712971300001
0.75252573257
0.7181444255599999
0.7204301126699999
0.72271845984
0.775242
0.78414891533
0.7224497699500001
0.8299034839699999
0.78745560466
0.7322580000000001
0.70079823965
0.7239499750699999
0.7766463666400001
0.82995476452
0.8240409640999999
0.77605791421
0.7106821745599999
0.7017104250199999
0.7507344800000001
0.7204810399999999
0.42869275848
0.16505212291000004
0.7750612720000001
0.7841150285
0.7825246400000001
0.80138649107
0.7905085914800001
0.72095947189
0.7697171082900001
0.68854794739
0.70042360972
0.73294936
0.8313367336699999
0.7078346565299999
0.70865350877
0.77186550306
0.72950781531
0.7756466306700001
0.7206240176
0.78348841476
0.83945832079
0.76858891778
0.7529636309100001
0.7193030327200001
0.7423581604999999
0.84911318264
0.8019087326200001
0.7371690399999999
0.7581785621699999
0.7733915831699999
0.83263632
0.77980487805
0.73470745224
0.73334322761
0.7404795347400001
0.78532864141
0.45950566113
0.17763341973999996
0.89832749875
0.86728118376
0.87916455646
0.88969231077
0.87075933014
0.86675305918
0.78202303539
0.8449139199999999
0.99499465283
0.8047891729300001
0.9047696030400001
0.74820567773
0.92538365183
0.8135299631099999
0.80712539858
0.86690306969
0.8173633926799999
0.9119577895500001
0.8395019154
0.92871388193
0.7921114957500001
0.78786218756
0.81942172135
0.9890720657500001
0.76527068241
0.893363333
0.76241135886
0.8568648196099999
0.87850208835
0.89738556289
0.80009309207
0.7968725672599999
0.83870389947
0.83561997193
0.47960619447999997
0.1679444911
0.81637236161
0.76654449021
0.8015892053999999
0.75292776
0.7764345006999999
0.9229684084600001
0.75564800963
0.78889830468
0.79657879672
0.8279778088199999
0.76839113962
0.85901774177
0.83678328836
0.7949459275599999
0.80853083441
0.77020759595
0.81371307392
0.80654622538
0.7784324162099999
0.7373747387299999
0.83017327707
0.80078992101
0.7526330233
0.75005107489
0.8108599342
0.81847608739
0.7593998399999999
0.78688744372
0.83523236349
0.7648397271299999
0.7976355235499999
0.7463951200000001
0.8030063393700001
0.74356784361
0.44861338681
0.17960068792999997
0.73348942894
0.8389896747200001
0.8903409908600001
0.8322072
0.82279156084
0.80798089337
0.77607308997
0.76661235459
0.76330478952
0.8167213521400001
0.8232098380299999
0.96213171411
0.76422976585
0.76944995001
0.97353470694
0.82688490886
0.7810212766
0.75490203918
0.76384113589
0.82533632179
0.8258904377299999
0.83315769424
0.8730294859
0.84125448
0.7910338430800001
0.8169412327
0.78443655352
0.82429737131
0.9262835650700001
0.9704151530299999
0.8172148385799999
0.78632279228
0.87530244098
0.94572420274
0.51439678946
0.21351876615
0.92319273018
0.8629670066
0.88686989322
0.9491467842100001
0.96360736442
0.96486262747
0.983472
0.99998631863
0.9635407659199999
0.9958861138899999
0.9911766819700001
0.99399915773
