None
None
None
None
None
None
None
None
None
None
None
None
None
None
None
None
None
None
None
None
None
None
None
None
None
None
None
None
None
None
None
None
None
None
None
None
None
None
None
None
None
None
None
None
None
None
None
None
None
None
None
None
None
None
None
None
None
None
None
None
None
None
None
None
None
None
None
-0.06104664655867964
-0.046004027244634926
-0.031183887214865535
-0.015854131284868345
-0.0009642969175729377
0.014085132931086264
0.02976203104481101
0.045445833122357726
0.06200240517500788
0.08048542612232268
0.09952519193757325
0.11712408438324928
0.13596152397803962
0.15843893610872328
0.18051809980534017
0.20404258789494634
0.23065250366926193
0.2559713600203395
0.29027439188212156
0.31661649979650974
0.3577416520565748
0.38689880445599556
0.4235855541191995
0.4674586383625865
0.505760601721704
0.560694333165884
0.6038455804809928
0.6597654270008206
0.7178028933703899
0.7520262822508812
0.8235654095187783
0.8994721211493015
0.9498814940452576
1.0354062356054783
1.0969241205602884
1.136550785973668
1.1795097030699253
1.2308467756956816
1.2451302837580442
1.2693901788443327
1.262810431420803
1.2609009332954884
1.2361809015274048
1.228682605549693
1.1972502116113901
1.180575544014573
1.1771859657019377
1.173168856650591
1.1638407092541456
1.1685496140271425
1.1688805222511292
1.1700024548918009
1.1613032463937998
1.1597490813583136
1.1814773809164762
1.1750200968235731
1.1774329785257578
1.198236694559455
1.214464096352458
1.2307944148778915
1.258828017860651
1.2481637578457594
1.2494526077061892
1.2421936355531216
1.244454363361001
1.2566038258373737
1.279163969680667
1.3046133015304804
1.3206539247184992
1.3568322081118822
1.3682368882000446
1.386231567710638
1.367589347064495
1.366724319756031
1.373218223452568
1.3475060854107141
1.3328961934894323
1.299801180139184
1.2905280161648989
1.3025365769863129
1.322326846420765
1.3333620727062225
1.3610012643039227
1.3842877373099327
1.413051813840866
1.4453722648322582
1.4711148478090763
1.5274394489824772
1.555343370884657
1.5677917264401913
1.5725757963955402
1.5794442743062973
1.5637536868453026
1.5410739704966545
1.5189551077783108
1.5109659507870674
1.4616240188479424
1.4344368018209934
1.4138282984495163
1.436883807182312
1.4340577609837055
1.4579902105033398
1.479751244187355
1.4934312961995602
1.526430293917656
1.5636580623686314
1.6033069044351578
1.6332149803638458
1.6451858580112457
1.6687820702791214
1.6726517975330353
1.6782299689948559
1.7018520087003708
1.682520255446434
1.6446650214493275
1.6180091127753258
1.622519288212061
1.6253608204424381
1.6290388479828835
1.6852143369615078
1.604977522045374
1.710904523730278
1.7385926246643066
1.7310223244130611
1.729441050440073
1.6880795173346996
1.7641301192343235
1.7534908056259155
1.786412376910448
1.7883516624569893
1.8280959241092205
1.8520078100264072
1.8551325127482414
1.8105473928153515
1.9574287422001362
1.8288713730871677
1.916621033102274
1.7968957610428333
1.8130064867436886
1.8389298431575298
1.8720218241214752
1.890392754226923
1.9440427161753178
1.9117055125534534
1.989070124924183
2.0194360464811325
2.0256918035447598
1.971693266183138
1.8278385289013386
1.9129128158092499
1.899781595915556
1.8709540329873562
1.9003687724471092
1.8605568632483482
1.9463841207325459
1.8849548250436783
2.0632422007620335
2.0749285519123077
2.007965136319399
2.085466928780079
2.0637968629598618
2.025620937347412
2.066098991781473
2.08653200045228
2.197512436658144
2.0659037344157696
2.0133004263043404
2.1249805204570293
2.09246739000082
2.05046172067523
1.9612536430358887
2.081944305449724
2.08382710441947
2.176594041287899
2.1425038762390614
2.245546441525221
2.1567538119852543
2.1143365539610386
2.2097364217042923
2.182305470108986
2.2376711405813694
2.1406734623014927
2.3167718276381493
2.281677510589361
2.282233402132988
2.318876340985298
2.4622959047555923
2.3274577893316746
2.4284386448562145
2.4069064930081367
2.1435926407575607
2.1761044524610043
2.236167263239622
2.3425125181674957
2.4078178107738495
2.4430024176836014
2.4456115141510963
2.423477154225111
2.454838015139103
2.4970066621899605
2.4428321830928326
2.4149885028600693
2.3504734858870506
2.4205908812582493
2.309926066547632
2.411845624446869
2.22969763725996
2.463559001684189
2.5831998251378536
2.3051829040050507
2.5854817554354668
2.5591720640659332
2.579566389322281
2.7875188663601875
2.4670164585113525
2.576372005045414
2.5291299372911453
2.541950486600399
2.4888333901762962
2.458024024963379
2.649393245577812
2.531312569975853
2.7232262939214706
2.5027441531419754
2.614782437682152
2.4007234945893288
2.611285015940666
2.6944051682949066
2.7169027402997017
2.7914875149726868
2.8101023361086845
2.627019375562668
2.5736872106790543
2.6849428713321686
2.466561507433653
2.5475806780159473
2.5109654515981674
2.5319558903574944
2.718733698129654
2.539559304714203
2.8443713188171387
2.781107008457184
2.8143027052283287
3.028387226164341
2.9384145736694336
3.07345462590456
2.795178882777691
2.852933406829834
2.7071489468216896
2.9041894674301147
2.761104792356491
2.6191235929727554
2.9639992862939835
2.7948870807886124
2.930683948099613
2.9480375796556473
3.069217935204506
2.98940921574831
2.840624213218689
2.9239053055644035
2.8652975782752037
2.801539622247219
2.831782527267933
2.851070709526539
3.031663201749325
2.921193018555641
3.012642592191696
2.770580604672432
2.961490884423256
2.9820373728871346
3.1315991282463074
3.1966210156679153
3.147508166730404
3.014947086572647
2.9454916268587112
2.6303132846951485
3.1144082471728325
2.9201635643839836
3.061776600778103
2.867211565375328
2.911155231297016
3.2477444410324097
3.271298311650753
3.333692766726017
3.035490393638611
3.274277478456497
3.033753953874111
3.1987702921032906
2.9158665761351585
3.254903882741928
3.0918856859207153
3.232854440808296
3.0378433167934418
3.3205141127109528
3.0666304528713226
3.239711210131645
3.2888433635234833
3.291080914437771
3.4263236820697784
3.079819403588772
3.2066455110907555
3.296750821173191
3.1022535264492035
3.2402807474136353
3.2501777186989784
3.164524868130684
3.1717669889330864
3.19564051926136
3.239528149366379
3.292529597878456
3.4357562214136124
3.3227035850286484
3.3327437043190002
3.15005474537611
3.104469060897827
3.3046251982450485
3.4076400101184845
3.59820144623518
3.564208187162876
3.4628380239009857
3.3183115273714066
3.5380960553884506
3.1623053774237633
3.2935780063271523
3.261540338397026
3.364413969218731
3.45676152408123
3.5626604557037354
3.330869309604168
3.4219405949115753
3.5199975073337555
3.4977283477783203
3.44427852332592
3.3930043801665306
3.2467158064246178
3.4213910549879074
3.5125038102269173
3.2792105674743652
3.678058475255966
3.5758617371320724
3.5696737468242645
3.6859858855605125
3.635901130735874
3.60268447548151
3.479804962873459
3.6167068034410477
3.2774621322751045
3.532143644988537
3.666046105325222
3.5547251477837563
3.6519006341695786
3.5024333894252777
3.5612622871994972
3.6410766914486885
3.539016030728817
3.526273585855961
3.79412729293108
3.5143800899386406
3.6376808285713196
3.6967445835471153
3.6176106333732605
3.704457640647888
3.5510702803730965
3.543684095144272
3.6548496186733246
3.679983362555504
3.9215750843286514
3.94270408898592
3.8343558311462402
3.6740621253848076
3.7401873990893364
3.5419079288840294
3.513587385416031
3.6051342710852623
3.863337241113186
3.927175298333168
3.9353510960936546
3.9904804080724716
3.9600596129894257
3.5357575863599777
3.58927845954895
3.7470048367977142
3.678144335746765
3.843535490334034
3.8379687890410423
3.9132963940501213
3.9984622672200203
3.7896051704883575
3.8559815362095833
3.7715631872415543
4.02909692376852
3.878983773291111
4.152587205171585
4.12752228975296
4.136498644948006
3.999447539448738
3.933277726173401
4.053105838596821
3.842037282884121
3.844759374856949
3.99140402674675
3.8203745633363724
3.8833475932478905
3.805819123983383
4.014403752982616
3.904004141688347
3.7585030421614647
3.9460867643356323
3.7866320684552193
3.913999706506729
3.9801251888275146
3.9838708639144897
4.148678861558437
3.8016356751322746
3.948453299701214
4.270667307078838
4.2240355014801025
4.185387931764126
3.9166669324040413
4.030175782740116
3.8939315378665924
4.284680038690567
4.053867466747761
4.015930376946926
4.337550766766071
4.361193463206291
3.9448667243123055
4.429395362734795
4.099712885916233
4.13027498871088
4.007949069142342
4.23478290438652
4.0319783464074135
4.267348907887936
4.255911476910114
4.254040971398354
4.3136948347091675
4.248671799898148
4.056752793490887
4.276856705546379
4.40160571038723
4.301547944545746
4.469578072428703
4.404299318790436
4.4435495138168335
4.063008598983288
4.265959329903126
4.410758309066296
4.178819254040718
4.2904518991708755
4.40134134888649
4.611453726887703
4.267298951745033
4.258345119655132
4.171416357159615
4.333388030529022
4.18268471211195
3.929670065641403
4.248772352933884
4.198856487870216
4.257410615682602
4.2963206097483635
4.558677367866039
4.455244861543179
4.579780049622059
4.470153108239174
4.777357324957848
4.430782958865166
4.178404368460178
4.377851255238056
4.3180073499679565
4.617911323904991
4.5726210325956345
4.613038897514343
4.584733687341213
4.467257931828499
4.622084006667137
4.394865840673447
4.439609125256538
4.520513586699963
4.489111997187138
4.421770766377449
4.368851520121098
4.695246368646622
4.748254984617233
4.617177896201611
4.666405126452446
4.780438378453255
4.8726740181446075
4.8335893005132675
4.506415449082851
4.417021453380585
4.444182343780994
4.7245755940675735
4.6029128432273865
4.472979739308357
4.58765335381031
4.7453722804784775
4.85360062122345
4.839504241943359
4.903850004076958
4.887074127793312
4.965474158525467
4.746023252606392
4.57809454202652
4.795894622802734
4.832101345062256
4.935479000210762
5.091838479042053
4.94782081246376
5.075316280126572
4.768914923071861
4.680045858025551
5.08197483420372
4.914809949696064
4.936757296323776
4.870722711086273
5.193680256605148
5.129692912101746
5.162835791707039
4.960742563009262
5.034005701541901
5.00063069164753
5.232541188597679
5.174369737505913
5.092735439538956
5.195912480354309
5.312901884317398
4.832082122564316
5.164962962269783
5.551574483513832
5.292900592088699
5.022783413529396
5.196271255612373
4.980023115873337
4.7694385051727295
4.7677202224731445
4.700742989778519
4.992404147982597
4.793965771794319
5.41656756401062
5.399209812283516
5.180149808526039
5.280625060200691
5.4604315757751465
5.295669957995415
5.3569775223731995
5.470392391085625
5.551195278763771
5.521405458450317
5.2386303544044495
5.2667505890131
5.492442741990089
5.245417609810829
5.254528686404228
5.3262045830488205
5.352153241634369
5.406950354576111
5.426616683602333
5.285768240690231
5.325569376349449
5.334873467683792
5.476313367486
5.623218134045601
5.8194543570280075
5.744961112737656
5.42976838350296
5.510934442281723
5.340489596128464
5.556434690952301
5.6152216494083405
5.554990828037262
5.527813747525215
5.593789488077164
5.769994184374809
5.699435278773308
5.534029245376587
5.6121233850717545
5.640425503253937
5.712035611271858
5.634661868214607
5.72110353410244
5.587929397821426
5.479395881295204
5.85240538418293
5.77594056725502
5.6767158061265945
5.740445375442505
5.427319765090942
6.088700488209724
5.552383303642273
5.862293764948845
5.5175411105155945
5.856883764266968
5.5128340274095535
5.859640762209892
5.5959756672382355
5.533169075846672
5.782621011137962
6.074541077017784
6.114442422986031
6.0228258073329926
5.851262554526329
6.1480016857385635
5.742549821734428
5.8407774567604065
5.935019448399544
6.072377577424049
6.081885263323784
5.83088806271553
5.668003976345062
5.791603893041611
6.08560337126255
5.923477917909622
5.824427053332329
6.39176981151104
6.240305528044701
5.800476461648941
5.895848214626312
5.79081267118454
6.08825346827507
6.083330005407333
6.27198813855648
6.157762572169304
6.109487622976303
6.46230360865593
6.1289582550525665
5.799989923834801
6.3102962374687195
6.137308940291405
6.3607496321201324
5.7151791006326675
6.402916833758354
6.101700067520142
6.280362293124199
5.980206027626991
6.259024441242218
6.460298657417297
6.299589604139328
6.3091423362493515
6.089891642332077
6.305105268955231
6.2270520478487015
6.486088320612907
6.235615715384483
6.089126005768776
6.509105354547501
6.256097793579102
6.241427898406982
6.4402164965868
6.649084761738777
6.213715568184853
6.154707759618759
6.545191943645477
6.659326553344727
6.179549291729927
6.62262262403965
6.5090537667274475
6.4695310443639755
6.433426350355148
6.497870981693268
6.276443928480148
6.335683047771454
6.290822267532349
6.595815002918243
6.785990938544273
6.654974535107613
6.2720497995615005
6.440062418580055
6.290949687361717
6.042117565870285
6.26299175620079
6.689660370349884
6.522625118494034
6.636090338230133
6.986680492758751
6.75360381603241
6.36383618414402
6.40351440012455
6.552408576011658
6.170709192752838
6.419684901833534
6.689746096730232
6.882113888859749
6.620274797081947
7.063678175210953
6.742470562458038
6.537181347608566
6.958657070994377
6.656795874238014
6.654141440987587
6.916637912392616
6.680780991911888
6.8963573426008224
6.77291813492775
6.664892628788948
6.2811912298202515
6.376024469733238
7.085523933172226
6.693514168262482
6.7352718114852905
6.496999531984329
7.16999939084053
6.62042623758316
6.89453312754631
6.723059356212616
6.4220443069934845
6.803298994898796
6.869398728013039
6.9329506903886795
6.900223270058632
6.850205406546593
7.347006559371948
6.955896243453026
6.961147040128708
7.054477840662003
6.843420907855034
6.975684657692909
6.834664553403854
7.086920380592346
7.3657171577215195
7.061415731906891
7.091406166553497
7.061156705021858
7.093235597014427
7.2362373024225235
7.020776465535164
6.870436564087868
7.127147391438484
7.037173375487328
7.023966312408447
6.82001468539238
6.981937646865845
7.188952073454857
7.325711935758591
7.148397713899612
7.369005039334297
6.98589126765728
7.471917048096657
6.867389515042305
7.407185778021812
7.31988237798214
7.271524369716644
7.231613889336586
7.2365453243255615
6.875695988535881
7.311142131686211
6.78075498342514
7.173797056078911
7.546742781996727
7.5823699831962585
7.042585134506226
7.475173503160477
7.391319394111633
7.04334682226181
6.939095601439476
7.366551473736763
7.400468528270721
7.695867523550987
7.4184960424900055
7.60463485121727
7.5526589304208755
7.734833210706711
7.776960030198097
7.842628329992294
7.021054342389107
7.334800362586975
7.305566698312759
7.43280516564846
7.638592153787613
7.052633225917816
7.353837817907333
7.635740175843239
7.715225070714951
7.644214153289795
7.302611067891121
7.527757838368416
7.722051337361336
7.7902511060237885
7.6925152242183685
7.387342169880867
7.277387335896492
7.87202762067318
7.441184803843498
7.212826415896416
7.901217415928841
7.410302713513374
7.845191031694412
7.3826726377010345
7.675805136561394
7.813391074538231
7.674292251467705
8.162998229265213
7.965981408953667
7.712482243776321
8.007092833518982
8.004407122731209
7.658353477716446
8.051517635583878
7.854636177420616
7.82612469792366
7.691777914762497
7.708689212799072
8.045086294412613
7.616833463311195
8.093108057975769
7.503267928957939
7.601095587015152
7.866087794303894
7.976808711886406
7.980789586901665
8.121629133820534
8.220258608460426
8.216707646846771
7.835244596004486
8.098984003067017
7.59018611907959
7.9137057811021805
7.529271140694618
7.703002393245697
7.167034953832626
8.002313256263733
7.984379947185516
8.05242046713829
7.9275515377521515
7.85972373187542
8.185720309615135
7.735972359776497
8.25085760653019
8.15148364007473
8.170198678970337
8.207427740097046
7.699345350265503
8.384011775255203
8.204614743590355
7.814043834805489
8.258509054780006
8.08515639603138
8.3225367218256
8.22539708018303
7.996815979480743
8.180270120501518
8.175461247563362
8.533658027648926
8.23130002617836
8.21549691259861
8.017191231250763
8.498663112521172
8.203786551952362
8.060647711157799
7.943336322903633
8.393088042736053
8.598133236169815
8.38501912355423
8.50705175101757
8.602466940879822
8.33682344853878
8.235131442546844
8.30504122376442
8.645934879779816
8.67193940281868
8.735968321561813
8.786094099283218
8.356911480426788
8.601404696702957
8.509008347988129
8.440619260072708
8.330583155155182
8.75335967540741
8.157762035727501
8.285796955227852
8.749411076307297
8.876104861497879
8.68426176905632
8.594033539295197
8.525076299905777
8.587461546063423
8.659577399492264
8.66152785718441
8.744561731815338
8.34529572725296
8.53943657875061
8.637072458863258
8.651842325925827
8.763302475214005
8.925952941179276
8.807857155799866
8.995000123977661
8.83004117012024
8.749396979808807
8.854907840490341
8.94221156835556
8.856485426425934
8.69394338130951
8.959462463855743
8.971881240606308
9.067056804895401
8.88234993815422
9.042712330818176
8.750984847545624
8.782767683267593
8.680310845375061
8.853897541761398
8.913217544555664
8.742266356945038
8.961533635854721
9.14018052816391
9.18952888250351
8.959158658981323
9.0855333507061
8.96047928929329
9.023569881916046
8.907718896865845
9.09618791937828
9.115328013896942
9.063797295093536
9.059941053390503
8.966787368059158
9.155040353536606
8.985905468463898
8.782573789358139
8.899519801139832
9.024738192558289
9.017015635967255
9.116872370243073
9.012181997299194
9.190001159906387
8.903514355421066
9.13724160194397
9.100299417972565
9.130981475114822
8.91833958029747
9.342716425657272
9.101377695798874
8.902522325515747
9.117920696735382
9.311101078987122
9.04477995634079
9.254596531391144
9.131745010614395
9.266583442687988
9.073030561208725
9.20160460472107
9.298525333404541
9.304624378681183
9.371003091335297
9.422136038541794
9.484121471643448
9.239745259284973
9.467275142669678
9.149148315191269
9.231427669525146
9.268372476100922
9.084456264972687
9.237896889448166
9.294771015644073
9.295904994010925
9.430367141962051
9.345237493515015
9.350583046674728
9.429603636264801
9.308169096708298
9.535427570343018
9.535049587488174
9.334542036056519
9.503006309270859
9.50484299659729
9.509847074747086
9.36373621225357
9.385311216115952
9.302028268575668
9.478924542665482
9.466213047504425
9.523492634296417
9.447559922933578
9.481855273246765
9.475650638341904
9.67346966266632
9.383827418088913
9.510717034339905
9.574141293764114
9.608305871486664
9.693805992603302
9.501787006855011
9.545017451047897
9.597972005605698
9.435507088899612
9.351407945156097
9.551995515823364
9.702784150838852
9.368328094482422
9.55730950832367
9.444724977016449
9.433704614639282
9.589560836553574
9.516129434108734
9.73119193315506
9.740241974592209
9.502196103334427
9.720705360174179
9.774436175823212
9.58466374874115
9.61113503575325
9.4731385409832
9.79601764678955
9.833633124828339
9.877639502286911
9.70198318362236
9.702158391475677
9.725083589553833
9.846573889255524
9.86617910861969
9.912308901548386
9.843541532754898
9.70972254872322
9.950955152511597
9.799563437700272
9.61470440030098
9.949371099472046
9.800075769424438
9.827723413705826
9.810525387525558
9.689228862524033
9.77248439192772
9.898468554019928
9.653218567371368
9.621253937482834
9.862824529409409
9.917210012674332
9.558555960655212
9.964674860239029
9.830078959465027
9.99753850698471
9.945296555757523
9.939806401729584
10.05850949883461
9.995162218809128
9.458434104919434
10.12905102968216
9.959858030080795
9.96487620472908
10.057940900325775
10.043715059757233
9.992424875497818
10.04956179857254
9.920206278562546
9.891625881195068
9.64961153268814
10.035883635282516
10.033240020275116
9.872730255126953
9.979249447584152
9.988832414150238
10.083640933036804
9.723036080598831
9.915346503257751
10.179286926984787
10.258594870567322
9.945153802633286
10.180801182985306
10.020496159791946
10.000063359737396
10.348462253808975
10.210271924734116
10.118664711713791
9.947242230176926
10.320099145174026
10.135064750909805
10.394320964813232
10.387129843235016
10.07705470919609
10.077470242977142
10.048070102930069
10.161746680736542
9.93463933467865
10.075258642435074
10.002496600151062
10.274796187877655
10.380857557058334
10.334091871976852
10.309065014123917
10.509113222360611
10.552791714668274
10.22776684165001
10.444057762622833
10.266025125980377
10.3636234998703
10.102426141500473
10.151618033647537
9.907327622175217
10.103403478860855
10.249102294445038
10.352412015199661
10.603145062923431
10.555183053016663
10.498316437005997
10.711026221513748
10.669828355312347
10.63258147239685
10.344914942979813
10.415962517261505
10.42112785577774
10.345532149076462
9.699539452791214
10.372547835111618
10.332500517368317
10.374550521373749
10.623701959848404
10.6757133603096
10.896198213100433
10.799317330121994
10.809976547956467
10.698697090148926
10.86534383893013
10.58521181344986
10.616358876228333
10.640179514884949
10.785929054021835
10.598543554544449
10.711706906557083
10.740841746330261
10.667168587446213
10.470583319664001
10.77152955532074
10.617340236902237
10.53375244140625
10.586610198020935
10.489010870456696
10.549832999706268
10.728054791688919
10.616512715816498
10.69885241985321
10.766494035720825
10.598733514547348
10.826705783605576
10.604703933000565
10.753806591033936
10.478469103574753
10.678080767393112
11.008558601140976
11.08091950416565
10.507826298475266
10.963753283023834
10.828122586011887
10.816725641489029
10.972620606422424
10.708751112222672
11.092095226049423
11.067869037389755
10.617249578237534
10.895141214132309
10.807091742753983
10.927624642848969
10.93314328789711
10.81897696852684
10.857703983783722
10.85661432147026
10.890785276889801
11.067289173603058
10.964195102453232
10.930321216583252
10.874049633741379
10.921727001667023
10.829640239477158
10.88209792971611
10.97450241446495
10.750264018774033
11.031199544668198
11.094145953655243
10.766419410705566
11.072500705718994
11.300111383199692
11.204346477985382
11.104663461446762
10.992198944091797
11.122428834438324
10.740371197462082
11.119189888238907
10.735244423151016
11.251249104738235
10.976636588573456
10.924057990312576
10.823321133852005
11.135932475328445
11.202203929424286
11.14568641781807
11.187180310487747
11.109428852796555
11.008298218250275
11.02984881401062
10.959264427423477
11.426148682832718
11.138090878725052
11.220789968967438
11.202150285243988
11.13899341225624
11.498786866664886
11.251291692256927
11.217950195074081
11.035070568323135
11.302277624607086
11.36996740102768
11.31916868686676
11.088640540838242
11.48596078157425
11.389062732458115
11.27003675699234
11.372388631105423
11.219645619392395
11.026662021875381
11.39335960149765
11.502482175827026
11.611164212226868
11.36981475353241
11.587862700223923
11.398653656244278
11.58827269077301
11.311183393001556
11.518632262945175
11.590647995471954
11.477498859167099
11.038091480731964
11.502870887517929
11.150435358285904
11.34942564368248
11.086777061223984
11.282747209072113
11.362022161483765
11.178735256195068
11.264155954122543
11.31018328666687
11.182624787092209
11.741130232810974
11.003154307603836
11.526501804590225
11.249500900506973
11.756863385438919
11.552219599485397
11.291834980249405
11.58516776561737
11.384558856487274
11.397552788257599
11.487638413906097
11.486238420009613
11.704540580511093
11.711336731910706
11.404129594564438
11.911948025226593
11.48502579331398
11.520061522722244
11.895665228366852
11.6645647585392
11.828117460012436
11.868100970983505
11.754587590694427
11.462196409702301
11.598983615636826
11.859371393918991
11.805047899484634
11.80851075053215
11.902549415826797
11.777370661497116
11.78139129281044
11.901654064655304
11.74360477924347
11.624740689992905
11.946663737297058
11.596460700035095
11.767494082450867
11.819604188203812
12.038452714681625
11.417624562978745
11.99032399058342
11.745510786771774
11.96772962808609
11.892164945602417
12.201049715280533
11.555875778198242
11.629961997270584
11.701539009809494
11.92561411857605
11.865919888019562
12.157667189836502
11.64505061507225
12.039689034223557
11.921102464199066
11.862819910049438
11.540727317333221
12.037430435419083
12.224385797977448
11.606278955936432
11.982155740261078
12.111638575792313
12.078944891691208
11.76270842552185
12.096169263124466
12.10428038239479
11.891717195510864
11.9779711663723
11.818571746349335
12.36392092704773
11.88564908504486
11.896183043718338
11.881966322660446
11.86280158162117
11.87036019563675
12.0703085064888
11.588903814554214
11.923813372850418
11.892633438110352
12.150297313928604
11.959897190332413
11.865319818258286
12.17585763335228
11.709196507930756
12.081533342599869
12.397134780883789
12.250375002622604
12.09302145242691
11.962790489196777
12.28193211555481
12.353368937969208
11.905435621738434
11.902694910764694
11.909699469804764
11.52824780344963
11.954290807247162
12.131588011980057
12.045918673276901
12.26376411318779
12.528348505496979
12.218243151903152
12.428871035575867
12.135158985853195
12.011201232671738
12.175754398107529
12.284266650676727
11.971203655004501
12.343033701181412
12.017744392156601
12.320974707603455
12.328769117593765
12.425001472234726
12.454984545707703
12.362010627985
11.87055093050003
12.05536013841629
12.479530364274979
12.24684053659439
12.14507195353508
12.277003645896912
12.252002656459808
12.52805009484291
12.373452693223953
12.595440834760666
12.481993198394775
12.492047131061554
12.32812774181366
12.654511481523514
12.83126112818718
12.396161377429962
12.412544518709183
12.748775035142899
12.735660791397095
12.341019213199615
12.460789859294891
12.43843761086464
12.234684199094772
12.469162076711655
12.505729228258133
12.667181342840195
12.250591546297073
12.103190302848816
12.399291276931763
12.565223217010498
12.406671851873398
12.264430105686188
12.657922595739365
12.30516567826271
12.464965671300888
12.716650396585464
12.538215637207031
12.588218748569489
12.89931309223175
12.915629893541336
12.727227181196213
12.459769457578659
12.557448953390121
12.586705982685089
12.631613701581955
12.632782876491547
12.705187767744064
12.702878922224045
12.776795625686646
12.90071216225624
12.605750560760498
12.737451046705246
12.568613052368164
12.84454619884491
12.666795760393143
12.834869772195816
12.936713010072708
12.882766038179398
13.134941935539246
13.158540219068527
12.528212755918503
12.716784924268723
12.868344455957413
12.9086212515831
12.883370965719223
13.02153292298317
13.040688067674637
13.115608751773834
12.706513702869415
12.843298971652985
12.85796007514
12.902548164129257
12.797119051218033
12.787658035755157
12.922476172447205
12.72647100687027
12.988180071115494
12.854049891233444
13.165560096502304
13.036267518997192
13.141459584236145
12.737043708562851
12.982820481061935
12.897953063249588
13.071919023990631
12.949022054672241
12.854851633310318
13.264390498399734
13.278752207756042
13.185829550027847
12.82417231798172
13.202508479356766
13.28574451804161
13.292218089103699
13.034111320972443
13.095050364732742
12.685875594615936
13.146691083908081
13.139774680137634
12.996701031923294
13.17812642455101
13.316171258687973
12.936013370752335
12.74309155344963
13.191586315631866
13.443750351667404
13.280866920948029
13.33152037858963
13.002652108669281
13.12838727235794
13.26228865981102
13.16803976893425
13.220031976699829
13.405375808477402
13.278864055871964
13.302841007709503
13.459619909524918
13.045770734548569
13.445245087146759
13.378394037485123
13.038729429244995
13.374684154987335
13.4575554728508
12.984497636556625
13.117491066455841
13.17979308962822
13.16520869731903
13.220859438180923
13.060418248176575
13.374918580055237
13.312573432922363
13.144859403371811
13.378124862909317
13.089274942874908
13.395218521356583
13.495836764574051
13.387137591838837
13.422547459602356
13.391203969717026
13.27138563990593
13.644323229789734
13.490033864974976
13.60634097456932
13.15738233923912
13.684771180152893
13.431308627128601
13.499596357345581
13.656256645917892
13.541868507862091
13.28908982872963
13.459517449140549
13.51839131116867
13.553818792104721
13.289452761411667
13.680768877267838
13.79612648487091
13.594700515270233
13.269463509321213
13.682557582855225
13.54307097196579
13.525838494300842
13.547465413808823
13.397574961185455
13.705119043588638
13.733879834413528
13.861875742673874
13.630309373140335
13.454445540904999
13.526948362588882
13.412805140018463
13.784970045089722
13.753834813833237
13.703035682439804
13.80132281780243
13.872563570737839
13.771100044250488
13.338433653116226
13.775280117988586
13.747288256883621
13.379330396652222
13.64740064740181
13.615854054689407
13.579395234584808
13.653448909521103
13.785402923822403
13.628835052251816
13.769881308078766
13.82076495885849
13.914311021566391
13.851858526468277
13.547275960445404
13.830216109752655
13.650557965040207
13.6963492333889
13.753403395414352
13.861410319805145
13.5880326628685
13.724664509296417
14.056395828723907
13.853630125522614
13.835133761167526
14.041331380605698
13.898531913757324
13.805639922618866
13.962538927793503
13.640956819057465
13.928589254617691
14.012345016002655
14.031669795513153
13.987562000751495
14.020976334810257
13.866961658000946
13.949301272630692
13.950749427080154
14.010400742292404
13.669319242238998
13.734434217214584
13.476099789142609
14.178172141313553
14.11736673116684
14.005707740783691
13.96627202630043
14.052574247121811
13.999125391244888
14.037686467170715
13.95152273774147
13.863692581653595
14.071022182703018
13.78061929345131
14.18242672085762
14.1496961414814
13.89454236626625
14.114502906799316
13.822260588407516
14.127965837717056
14.105324268341064
14.046827793121338
14.197840988636017
14.0761199593544
13.9123714864254
13.998221784830093
13.862664103507996
13.884522557258606
14.110957771539688
14.096464067697525
14.162023901939392
14.373054563999176
14.209396004676819
13.842275977134705
14.286399841308594
13.938666075468063
13.957338720560074
14.426133036613464
14.127850472927094
14.259933769702911
14.4336057305336
14.406819373369217
14.262060940265656
14.351290702819824
14.210734695196152
14.336388260126114
14.232110023498535
14.403304189443588
14.466373771429062
14.202546685934067
14.31710198521614
14.088191330432892
14.311386585235596
14.0969839990139
14.192673206329346
14.14250847697258
14.316961169242859
14.407430946826935
14.336299568414688
14.379175156354904
14.433518469333649
14.256712794303894
14.379249513149261
14.270172268152237
14.659564852714539
14.38870221376419
14.543979853391647
14.23397159576416
14.452169716358185
14.574262857437134
14.17501437664032
14.345713704824448
14.39452987909317
14.629628628492355
14.500037848949432
14.376997619867325
14.33275219798088
14.549716085195541
14.464761197566986
14.627147257328033
14.779873788356781
14.650049418210983
14.68600583076477
14.257652699947357
14.500097692012787
14.77574673295021
14.739912658929825
14.712520271539688
14.304835259914398
14.368365854024887
14.404058635234833
14.573412925004959
14.14900004863739
14.395825445652008
14.654848158359528
14.779779523611069
14.45249131321907
14.625902652740479
14.533433675765991
14.437036633491516
14.477082252502441
14.846281230449677
14.584320992231369
14.77633348107338
14.658621430397034
14.61247369647026
14.765676975250244
14.689814358949661
14.86052542924881
14.80464980006218
15.002887547016144
14.774812877178192
14.771871596574783
14.186983317136765
14.805932939052582
14.724308341741562
14.597114026546478
14.584777563810349
14.739780694246292
14.829628974199295
14.920727640390396
14.871229410171509
14.73567208647728
14.947527647018433
14.758512318134308
14.75354951620102
14.788417011499405
14.60703331232071
14.541099518537521
14.788736045360565
14.915066838264465
15.038249790668488
14.572683602571487
14.915943831205368
14.945747911930084
14.626500338315964
14.686107009649277
14.795873165130615
14.987006068229675
14.99022650718689
14.97354570031166
14.995679199695587
14.790350317955017
14.898053765296936
14.84976065158844
14.837096393108368
14.735905557870865
14.874983131885529
14.889507055282593
14.886705249547958
15.026653349399567
14.600152760744095
14.968139410018921
15.066452473402023
15.257443130016327
14.988998502492905
14.955926418304443
14.79134225845337
14.77964660525322
15.040611028671265
15.07545593380928
15.240004062652588
14.754236847162247
14.837052792310715
15.047443330287933
14.855685412883759
15.108601540327072
14.444379359483719
14.912860602140427
14.967137068510056
15.053309589624405
15.108475178480148
15.135014295578003
15.042941689491272
15.041906505823135
15.185889095067978
14.699058949947357
14.97143030166626
15.021680504083633
15.025051712989807
15.347521513700485
15.122889637947083
15.231450885534286
15.2827507853508
15.093008428812027
15.234025537967682
14.88035935163498
15.164476066827774
15.303101658821106
15.170345544815063
15.200847864151001
15.413165211677551
15.080697238445282
15.345582664012909
15.334361135959625
15.152949929237366
15.300267666578293
15.196006149053574
15.404863983392715
15.415907472372055
14.997069656848907
15.467366516590118
15.23222079873085
15.027554631233215
15.293601751327515
14.992322087287903
15.3085315823555
15.44996827840805
15.150344520807266
15.393231689929962
15.244161397218704
15.389342099428177
15.06320071220398
15.327155530452728
14.955174028873444
15.304706454277039
15.627748191356659
15.52491170167923
15.52419638633728
15.506641954183578
15.0665702521801
15.262538135051727
15.201746881008148
15.49972254037857
15.45709964632988
15.446024060249329
15.188152134418488
15.329188644886017
15.266955703496933
15.164277732372284
15.23346871137619
15.248303174972534
15.552752941846848
15.562366515398026
15.433161318302155
15.490062862634659
15.243733912706375
15.627792060375214
15.146717727184296
15.582658112049103
15.340103298425674
15.27376714348793
15.307065665721893
15.319336771965027
15.657070100307465
15.356559187173843
15.457408726215363
15.787309527397156
15.480028539896011
15.33806699514389
15.396402448415756
15.58275642991066
15.659644991159439
15.600445628166199
15.680789679288864
15.369308888912201
15.5367351770401
15.511091709136963
15.580386132001877
15.443839281797409
15.516707599163055
15.690818846225739
15.51068064570427
15.301261246204376
15.490111887454987
15.724402099847794
15.674243807792664
15.67506742477417
15.722460389137268
15.749887526035309
15.618770450353622
15.820482581853867
15.988197594881058
15.715853184461594
15.728146106004715
15.742228031158447
15.568274348974228
15.413022935390472
15.569012612104416
15.597736120223999
15.723507225513458
15.78358569741249
15.656616061925888
15.510469526052475
15.508086234331131
15.904709666967392
15.753465384244919
15.642900586128235
15.835591554641724
15.708149641752243
15.678327769041061
15.8972587287426
15.670588195323944
15.84073194861412
15.838204890489578
15.425347596406937
15.861465364694595
15.710154324769974
15.444368779659271
15.863474071025848
15.938844323158264
15.857433199882507
15.894852638244629
15.897277534008026
15.490270525217056
15.791832208633423
15.793790102005005
15.893960237503052
15.889772593975067
15.868909418582916
16.03228998184204
15.821340709924698
15.975048035383224
15.815154373645782
15.830601155757904
15.781874597072601
15.997694373130798
15.685184270143509
16.10534703731537
16.21558290719986
15.699497103691101
15.972875475883484
16.11947363615036
15.900997459888458
15.795570462942123
15.931463450193405
15.730447232723236
15.975732237100601
16.02048087120056
16.09260258078575
16.2031070291996
16.19611743092537
16.181267380714417
15.914014875888824
16.11812725663185
16.195764392614365
15.882686287164688
16.282335728406906
16.09920832514763
16.01082080602646
15.874483227729797
16.178482681512833
15.926940560340881
15.769091665744781
16.308360636234283
15.962896198034286
16.2942353785038
16.115702390670776
16.401436001062393
15.96848440170288
16.081661701202393
16.199027478694916
16.23272004723549
16.23942130804062
16.38870158791542
16.45994782447815
16.31199672818184
16.364019989967346
16.170135885477066
16.283482402563095
16.13966804742813
16.13578501343727
16.35351225733757
16.15844938158989
16.423988103866577
16.50668442249298
16.493645042181015
16.271745532751083
16.19824707508087
16.316920340061188
16.103022396564484
16.110014617443085
16.436776340007782
16.39277023077011
16.483768343925476
16.5414981842041
16.328140676021576
16.565957129001617
16.472344160079956
16.418879628181458
16.376359969377518
16.38377285003662
16.464250832796097
16.375806599855423
16.5374573469162
16.27356916666031
16.359740376472473
16.49076983332634
16.437367260456085
16.560912489891052
16.49240279197693
16.315754920244217
16.614409625530243
16.52825117111206
16.577229261398315
16.493767023086548
16.56817936897278
16.598257422447205
16.577496826648712
16.524786114692688
16.572144746780396
16.494876861572266
16.48712921142578
16.48175048828125
16.591022670269012
16.727262496948242
16.675496995449066
16.486816883087158
16.65895587205887
16.614492893218994
16.633096933364868
16.609551638364792
16.634862184524536
16.615514636039734
16.660861670970917
16.569113671779633
16.573892414569855
16.72486788034439
16.608881533145905
16.696920335292816
16.686384916305542
16.681178987026215
16.77916419506073
16.688326478004456
16.74857723712921
16.662388503551483
16.77538973093033
16.473644256591797
16.717405796051025
16.762153387069702
16.69200986623764
16.71654212474823
16.68935763835907
16.80761218070984
16.85298216342926
16.811079740524292
16.645364344120026
16.936176359653473
16.79890787601471
16.866548895835876
16.699579179286957
16.837787449359894
16.77564948797226
16.694026231765747
16.703297436237335
16.805507481098175
16.577132165431976
16.711867928504944
16.70234715938568
16.82510906457901
16.64876276254654
16.94153755903244
16.7830348610878
16.801320254802704
16.99444752931595
16.759616255760193
16.892379820346832
16.873762667179108
16.944833755493164
17.008176684379578
16.906491100788116
17.00081306695938
17.07969778776169
16.960971772670746
16.975794434547424
16.84700506925583
16.81506311893463
16.714690566062927
16.840032517910004
16.96465289592743
16.87621110677719
16.92752641439438
16.9966042637825
16.8950138092041
16.933542132377625
16.96296936273575
17.100361227989197
16.985659956932068
16.884613811969757
17.052348136901855
16.938996076583862
17.040171444416046
16.789659917354584
17.023652613162994
17.09939569234848
16.946687757968903
17.137332260608673
17.094741702079773
16.943061411380768
16.865699768066406
16.955251038074493
16.94046711921692
16.980847537517548
17.16158652305603
17.088056564331055
17.109935700893402
17.163162350654602
16.949712574481964
17.051300525665283
17.046725392341614
17.0536350607872
16.981833338737488
17.00583279132843
16.981193840503693
16.83274954557419
16.99233067035675
16.870598196983337
17.210752308368683
17.071509838104248
16.99749445915222
16.82996964454651
17.01961463689804
17.142625212669373
17.146293103694916
17.041173040866852
17.140751123428345
17.232321977615356
17.129040002822876
17.23962301015854
16.963707745075226
17.128922820091248
16.732468336820602
17.120509266853333
16.872614979743958
16.884635984897614
16.784546613693237
17.1543310880661
17.02184522151947
16.89527142047882
17.1290762424469
16.889025449752808
17.079200506210327
17.09118127822876
17.17148917913437
17.066367149353027
17.084135055541992
17.074103713035583
17.304203271865845
17.024419128894806
16.776160717010498
17.395424008369446
17.272686779499054
17.0650691986084
17.00726807117462
17.074773967266083
17.1576429605484
17.261492013931274
17.18253654241562
16.91825008392334
17.300069749355316
17.28274893760681
17.025175631046295
17.1024569272995
17.434641182422638
17.059199035167694
16.659804463386536
16.945897221565247
16.987619161605835
17.287908911705017
17.161674678325653
17.22543430328369
17.261435389518738
17.247789919376373
17.335536420345306
17.138865292072296
17.328255891799927
17.126601576805115
17.136046290397644
17.247640371322632
17.104594945907593
17.0023512840271
17.314323842525482
17.63669115304947
17.32856923341751
17.20504742860794
16.942663371562958
17.415463745594025
17.34977775812149
17.32384991645813
17.295733332633972
17.51410138607025
17.519666254520416
17.56152653694153
17.11694759130478
17.306519329547882
17.21893209218979
17.456788301467896
17.513157308101654
17.439341962337494
17.46728163957596
17.52062302827835
17.4349764585495
17.229320168495178
17.131737232208252
17.152561604976654
17.276985108852386
17.348736345767975
17.2858584523201
17.540947914123535
17.265332996845245
17.562895357608795
17.407768607139587
17.168810427188873
17.557905435562134
17.289017736911774
17.38027709722519
17.40664005279541
17.10891342163086
17.619157373905182
17.49831998348236
17.604156136512756
17.763450264930725
17.414810240268707
17.52135843038559
17.22991943359375
17.457390904426575
17.491508960723877
17.578865945339203
17.75034338235855
17.614016890525818
17.427867650985718
17.685736894607544
17.728116929531097
17.095853984355927
17.76145964860916
17.510381817817688
17.75569188594818
17.561631321907043
17.660885751247406
17.423372864723206
17.660479426383972
17.527645885944366
17.759362518787384
17.395841598510742
17.476076185703278
17.598004460334778
17.630840182304382
17.671997487545013
17.684861481189728
17.331895768642426
17.709004521369934
17.460590660572052
17.48320573568344
17.48508507013321
17.458689391613007
17.39805257320404
17.803469359874725
17.32453989982605
17.71254289150238
17.596198856830597
17.426576137542725
17.62660324573517
17.45857274532318
17.73701548576355
17.452419221401215
17.522673845291138
17.910078287124634
17.553184390068054
17.59101539850235
17.743636548519135
17.732067584991455
17.87276142835617
17.269985139369965
17.731160700321198
17.784718811511993
17.605429470539093
17.705754160881042
17.12930601835251
17.89683324098587
17.592347860336304
17.907900631427765
18.164088547229767
17.791390776634216
17.64882892370224
17.71099990606308
17.821132838726044
17.564196944236755
17.77473247051239
17.753426253795624
18.0122988820076
17.827516973018646
17.891439020633698
17.814422011375427
18.05835235118866
17.82151859998703
17.509179949760437
17.783571183681488
17.76397955417633
17.65654593706131
17.75371891260147
17.695256114006042
17.838431656360626
17.94797658920288
17.556979775428772
17.793747186660767
17.854739487171173
17.91300117969513
18.019371509552002
18.03342193365097
17.99732905626297
17.958093345165253
17.593628227710724
17.88984113931656
18.087113440036774
17.505966246128082
17.911149203777313
17.58062356710434
18.080318868160248
17.981783092021942
17.947887539863586
17.849387228488922
17.74001109600067
17.723402857780457
17.994719624519348
18.062688171863556
17.98157811164856
18.135864555835724
17.53373008966446
17.951396763324738
18.01363778114319
17.807415783405304
18.017469823360443
18.24651128053665
17.949617505073547
18.15360277891159
18.19433355331421
18.007944226264954
17.91592651605606
18.24276328086853
18.078528702259064
17.88887906074524
17.910434186458588
17.804240882396698
17.983579635620117
18.01243495941162
17.937615036964417
17.880139708518982
17.75112372636795
17.786258459091187
17.924597084522247
18.35267072916031
18.271964132785797
18.31595641374588
18.13052761554718
18.109583735466003
18.05340588092804
18.084724605083466
18.022688627243042
18.252614378929138
18.056202948093414
18.123092591762543
17.867950975894928
18.049612164497375
18.176394402980804
18.048106253147125
18.29386806488037
18.42585653066635
18.024681329727173
17.973058700561523
18.226752638816833
17.798307836055756
18.009105801582336
18.258372366428375
18.191504538059235
18.12285041809082
17.987640142440796
18.33055955171585
18.297166228294373
17.86188644170761
18.11944955587387
17.96539169549942
17.923648715019226
18.22894787788391
18.371059238910675
17.85200423002243
18.02672928571701
18.395193874835968
18.540199160575867
18.296217501163483
18.361712157726288
18.388801753520966
18.111364543437958
18.280358374118805
18.036006450653076
18.314376771450043
18.140292823314667
18.187737941741943
18.08276265859604
18.35780495405197
18.29564082622528
18.427293121814728
18.433434009552002
18.38519299030304
18.356827318668365
18.389690041542053
18.334514915943146
18.38496321439743
18.05726993083954
18.233943700790405
18.170744359493256
18.1938037276268
18.388780057430267
18.286408007144928
18.205645859241486
18.33139282464981
18.680274188518524
18.270737051963806
17.963332891464233
18.1038601398468
18.513322949409485
18.706714689731598
18.103984832763672
18.56071299314499
18.257547795772552
18.345186293125153
18.238700449466705
18.362935602664948
18.536185324192047
18.266666173934937
18.339275777339935
17.83577674627304
18.153847098350525
18.262154400348663
18.360200345516205
18.454694271087646
18.6138676404953
18.82207065820694
18.268142461776733
18.148696064949036
18.429899394512177
18.24529993534088
18.55945885181427
18.46528661251068
18.771540641784668
18.48361426591873
18.612120270729065
18.84078598022461
18.72021073102951
18.292586505413055
18.35858690738678
18.406120598316193
18.466869711875916
18.654998242855072
18.717800080776215
18.54720103740692
18.525898039340973
18.777801752090454
18.379070520401
18.53439974784851
18.586185455322266
18.35086214542389
18.413795173168182
18.550743520259857
18.37195897102356
18.524086356163025
18.545103311538696
18.31162655353546
18.514979660511017
18.380702435970306
18.47526240348816
18.453461945056915
18.747219920158386
18.671739637851715
18.348933398723602
18.431119084358215
18.75327694416046
18.774693310260773
18.802659571170807
18.52864569425583
18.44768536090851
18.69813847541809
18.38043338060379
18.701844692230225
18.53726077079773
18.37993973493576
18.82203084230423
18.81361013650894
18.715170323848724
18.821659803390503
18.700103640556335
18.82282906770706
18.615316927433014
18.670946300029755
18.27784538269043
18.82058197259903
18.41486930847168
18.552379608154297
18.873669505119324
18.717315018177032
18.76223313808441
18.600336968898773
18.72014093399048
18.635866940021515
18.400433838367462
18.661524415016174
18.439691185951233
18.621538877487183
18.988502502441406
18.947178721427917
18.62563920021057
18.650265872478485
18.56813496351242
18.656215965747833
18.41869878768921
18.656650722026825
18.71252006292343
18.681102454662323
18.652630150318146
18.6203750371933
18.79424560070038
18.564631700515747
18.670020163059235
18.722673773765564
18.541508495807648
18.73998725414276
18.670460760593414
18.749924182891846
18.601003050804138
18.62983638048172
18.859144389629364
18.910867989063263
18.666386902332306
18.589195251464844
18.708189964294434
18.90331256389618
18.752455830574036
18.758660435676575
18.842190861701965
18.85965198278427
18.675961196422577
18.904454469680786
18.751926720142365
18.71140569448471
18.721860110759735
18.754117250442505
18.809441804885864
18.44971400499344
18.894543290138245
19.036723732948303
19.03256469964981
18.915474951267242
18.747064530849457
18.73693013191223
18.81447285413742
19.065823256969452
19.01111590862274
18.726648926734924
19.11651337146759
18.98389446735382
18.856972455978394
18.821438431739807
18.82450896501541
18.93447607755661
18.367079973220825
18.75447851419449
18.80984455347061
19.164470911026
18.667601346969604
18.93788355588913
19.266134321689606
18.581544756889343
19.132426857948303
19.038334012031555
19.011224150657654
18.56147849559784
18.828347742557526
18.782237112522125
19.199121475219727
18.64114558696747
18.799837231636047
18.696437299251556
18.959366619586945
18.76250249147415
19.045772969722748
18.7716663479805
18.90921413898468
19.099650263786316
18.964362263679504
18.860664010047913
18.841479301452637
18.38239234685898
19.012456476688385
19.234813570976257
18.68979775905609
18.934513747692108
18.99411714076996
19.03380596637726
19.04718178510666
18.96210938692093
19.2385556101799
19.162940442562103
19.24158227443695
18.862564206123352
18.992859721183777
18.958931803703308
19.156260788440704
18.92132967710495
19.028514504432678
19.0928738117218
18.792043328285217
19.056446731090546
19.161565005779266
19.35506296157837
19.005237877368927
19.04874747991562
19.27536553144455
19.007753014564514
19.20983397960663
19.12300580739975
19.1074281334877
18.68930047750473
19.402127146720886
19.008788406848907
19.103106677532196
19.45416349172592
19.068288922309875
18.985705316066742
19.310919284820557
19.458376109600067
19.005415618419647
19.514982998371124
19.57251638174057
19.55206286907196
19.269370675086975
19.224020838737488
19.29697620868683
19.347016036510468
18.75495219230652
19.273266315460205
19.39125943183899
19.433095276355743
19.32632738351822
19.503827273845673
19.075339555740356
19.204466700553894
19.179746508598328
19.12964755296707
18.902539789676666
19.502502620220184
19.26758849620819
19.451078176498413
19.416530549526215
19.619191467761993
19.261291682720184
19.454781234264374
18.942632794380188
19.58079481124878
19.278890550136566
19.718942880630493
19.443186819553375
19.518278300762177
19.262224912643433
19.551962733268738
19.741296589374542
19.285321950912476
19.584275484085083
19.28268015384674
19.33155006170273
19.55955559015274
19.212318658828735
19.460613250732422
19.248232901096344
19.66076910495758
19.70916575193405
19.44122749567032
19.5484761595726
19.44822084903717
19.32233101129532
19.21112209558487
19.309526562690735
19.762286067008972
19.732747793197632
19.59920209646225
19.752921223640442
19.525906682014465
19.635735630989075
19.63167256116867
19.555491626262665
19.610175251960754
19.318460643291473
19.564732611179352
19.82365071773529
19.294347882270813
19.934328615665436
19.74714481830597
19.36652308702469
19.57151836156845
19.43029123544693
19.53726762533188
19.775135338306427
19.713159322738647
19.6877464056015
19.27646631002426
19.476218461990356
19.42860746383667
19.497896134853363
19.698584377765656
19.503721296787262
19.83153235912323
19.732610642910004
19.892828404903412
19.96935349702835
19.667268097400665
19.372357547283173
19.81602430343628
19.47823715209961
19.22166395187378
19.70552533864975
19.829509675502777
19.802517890930176
19.623369991779327
19.81187790632248
19.997201323509216
19.739912688732147
19.858955204486847
19.66534960269928
19.927499055862427
19.814376890659332
19.862001597881317
19.856540203094482
19.673668384552002
19.51442801952362
19.752366542816162
19.66002982854843
19.924584209918976
19.95324355363846
19.834197282791138
20.10763329267502
19.713502824306488
19.755741596221924
19.732317864894867
20.029703617095947
19.947859346866608
19.87805837392807
19.606742322444916
19.842972993850708
19.8151918053627
20.1326784491539
19.932196736335754
19.96284258365631
19.829590320587158
19.867385864257812
19.84835511445999
19.92803454399109
20.183981895446777
20.019847333431244
19.960671484470367
19.531921863555908
19.71298784017563
19.879274725914
19.650766372680664
20.01289802789688
19.824206829071045
19.726777374744415
19.801824033260345
19.712716698646545
19.810150921344757
19.804146766662598
19.773411750793457
20.212631464004517
20.097840011119843
20.07777762413025
20.18725347518921
19.75146061182022
20.000061631202698
19.99398398399353
20.008972823619843
19.855888605117798
19.722533643245697
19.981925547122955
19.772231459617615
20.2039897441864
19.98081648349762
19.974462687969208
20.043961346149445
19.968273758888245
19.935403168201447
20.08764886856079
19.92959749698639
19.981605052947998
19.76480758190155
20.065785109996796
20.11223328113556
20.094659507274628
19.791816294193268
19.79473704099655
19.937839567661285
19.818337619304657
20.191943168640137
20.312092542648315
19.99750852584839
20.087873101234436
19.91185688972473
20.046580910682678
20.105789184570312
20.05991667509079
20.086130023002625
20.158231794834137
20.25386792421341
20.176687359809875
19.869261920452118
20.194093585014343
20.112912833690643
20.119729816913605
20.21551549434662
19.97697204351425
20.072394132614136
19.862654507160187
20.199512243270874
20.081211507320404
20.155328631401062
20.304336965084076
20.178515672683716
19.967695891857147
20.06994938850403
20.187159538269043
20.070559561252594
20.185489058494568
20.44227707386017
20.487429678440094
20.29765546321869
20.006306886672974
20.337554216384888
19.936335921287537
20.103027999401093
20.11350679397583
20.36382704973221
20.104411840438843
20.316248536109924
20.228532791137695
19.98105013370514
20.121059358119965
20.084088265895844
20.40318411588669
19.999159932136536
20.186937272548676
20.505711317062378
20.40585845708847
20.359952926635742
20.146921575069427
20.229120552539825
20.205626308918
19.96801084280014
19.940119862556458
20.172617852687836
20.236885249614716
20.24769949913025
20.021639049053192
20.386489808559418
20.066850066184998
20.40485692024231
20.47556310892105
20.298428237438202
20.313266575336456
20.34324222803116
20.47309046983719
20.286241114139557
19.915442287921906
20.288564383983612
20.235009849071503
20.1672540307045
19.977076411247253
20.26213103532791
20.14257323741913
20.179434895515442
20.350454211235046
20.477091550827026
20.7828409075737
20.39268386363983
20.622121036052704
20.52524995803833
20.21493089199066
20.07831358909607
20.185206055641174
20.605974793434143
20.533555269241333
20.358171701431274
20.710660934448242
20.367180049419403
20.694392383098602
20.50381487607956
20.34220051765442
20.51680761575699
20.43332040309906
20.5013809800148
20.702949166297913
20.447284638881683
20.371648252010345
20.610085368156433
20.410367846488953
20.165791928768158
20.53282940387726
20.427189230918884
20.367649018764496
20.2888166308403
20.490130305290222
20.39681351184845
20.31219619512558
20.40195530653
20.32643049955368
20.661885976791382
20.41659927368164
20.481178522109985
20.249658226966858
20.729865193367004
20.752633213996887
20.132597029209137
20.433543980121613
20.27005034685135
20.780552327632904
20.53988254070282
20.532592356204987
20.677020609378815
20.835773587226868
20.491831421852112
20.618881106376648
20.652038156986237
20.3924503326416
20.7447869181633
20.66813862323761
20.529926896095276
20.662010371685028
20.575796902179718
20.74732929468155
20.811998188495636
20.72717398405075
20.660608530044556
20.587239265441895
20.663023352622986
20.611352920532227
20.898022890090942
20.74838352203369
20.524412155151367
20.863076984882355
20.518766343593597
20.84582793712616
20.841984391212463
20.9502791762352
20.87413203716278
20.428310990333557
20.617964506149292
20.708719968795776
20.93457567691803
20.855766773223877
20.45123016834259
20.923737287521362
20.610561907291412
20.64249461889267
20.611222445964813
20.812973499298096
20.548615336418152
20.537012815475464
21.00516390800476
20.980434715747833
20.900667130947113
20.932798981666565
21.020515024662018
20.64317911863327
20.7611865401268
20.417719662189484
20.834539115428925
20.878006398677826
20.79811054468155
21.059956967830658
20.9245782494545
20.65893816947937
20.91925013065338
20.88561600446701
20.970254063606262
20.634014546871185
21.009076833724976
20.95548939704895
21.101941108703613
20.711066842079163
