0
0
40788
22373
23886
22049
24606
23779
24081
23787
27284
21793
20208
24641
24802
24318
22583
22044
25475
24169
25280
24259
25324
26381
25275
26353
23419
22399
20522
27719
22046
24640
21615
27076
33512
98644
42842
28306
23596
24376
23768
25283
27999
27654
25192
32720
34098
33731
33702
32704
32297
34814
35273
32166
25208
26034
33140
32815
31209
32455
26991
36079
32787
31669
29518
23479
33337
32398
36900
46057
98954
98955
52193
22744
19168
25849
31814
28874
37861
37498
36641
32161
20024
20821
30927
31872
19674
31807
39745
30858
33361
39668
39908
41794
44526
46758
47494
40236
31304
44396
46292
45908
45885
41403
32571
56564
99001
36547
18109
45340
17648
43668
46180
45852
20935
35066
42067
19669
34530
31199
20131
35525
43371
43270
43459
44083
23677
46453
22231
45287
45414
45448
45915
25051
46423
46435
22287
47403
46452
47140
21862
20463
99000
64798
20693
17389
20299
21371
51445
51014
19020
50664
17251
16663
49820
50658
50232
19569
17449
49904
51794
51052
50480
50611
50889
50505
30712
52780
53794
53873
54419
22158
20650
16764
20078
16511
53904
57533
99018
74200
60398
23164
18160
58748
27033
17179
60574
22500
61537
22431
17268
17994
59303
61180
19533
60470
18511
60227
60324
61220
61011
60690
60585
60853
60644
25735
59610
59890
60370
60001
60051
60048
19519
18636
99140
73440
60838
20731
62450
24046
58521
60694
25939
59711
61905
20339
60349
61507
29557
60794
24261
59439
22277
21540
22871
20006
57057
23456
20624
57365
59565
60000
59562
61542
60491
59260
27181
22624
58422
60910
99187
75032
63752
63799
63050
62307
25299
22601
61698
60831
60697
58800
58163
58714
62661
25556
62194
62077
60928
29943
61133
62388
25712
26932
65400
26717
19735
65154
64804
66173
31037
68944
23813
69554
71484
71316
99118
46341
68730
67830
28098
68555
69509
24377
20944
21802
70437
70128
27231
70170
26667
69782
70979
71412
73875
75290
74983
28244
72799
70043
70519
70877
26049
22852
28931
23244
23381
70192
70666
70567
69620
72269
99081
78698
64068
61122
58925
58532
19874
19410
21578
58425
59007
64323
28942
24618
19919
56719
57986
57785
21654
19775
57800
24813
53410
55340
17602
55875
55921
20362
22179
56792
58452
58811
58083
57666
22088
57909
98629
45432
21904
56778
24667
15272
53787
24529
23566
51476
23044
50334
46693
46383
51816
23064
51777
30432
52746
50513
22356
51207
48569
46822
24945
47775
46579
48124
47542
48228
47636
48242
50244
21630
52593
23936
98026
65791
44232
18419
16258
47240
49033
21294
17143
46548
18082
45935
44231
20969
12934
16712
41180
40764
39518
41579
44052
44532
15211
45042
15629
15308
15694
43841
17111
42586
40406
36697
35313
16356
13436
15826
96803
70472
41252
41496
42364
13942
42343
41074
15828
19169
14913
42644
40839
14609
35970
34015
35232
16488
17736
41128
39961
17580
38730
19603
37149
11708
37603
38809
38910
39408
38416
37618
40630
42656
43372
16679
97201
44738
38490
22262
18856
36375
37085
38445
36435
18237
23217
37934
27875
38789
39702
40009
38038
37992
34473
18606
33908
33438
21997
35404
34253
35068
20631
37185
20731
40236
39720
37659
37517
17958
37207
21406
96319
59522
24894
37676
34275
32025
31556
29283
18602
30765
29452
17604
31119
16609
31602
32439
33076
32837
33816
34950
37346
25994
19853
22824
44500
44185
20406
42658
21725
18196
42675
23320
24061
39801
37837
38698
97028
59410
42353
41277
20326
17104
39876
39299
22168
37321
37698
37290
38886
38865
38431
38441
23871
21584
38395
39353
38856
39780
40411
36209
20243
36008
37426
34578
34101
34825
35378
21247
34805
22144
39966
20719
95396
70234
45886
42090
42169
24307
43333
43456
44938
41444
18103
39317
19111
35564
37351
37668
38441
22891
19042
36923
36844
36377
36772
22852
40696
41644
41763
43713
40707
23507
39750
40032
40027
40363
38685
25394
95860
54799
37645
23039
18976
36384
34815
35043
35924
33170
33936
33269
32023
33016
35214
36085
36241
24017
35252
35292
35512
33511
31854
32419
27009
33040
32738
33376
33849
34530
26407
34895
33839
33023
33725
36145
95004
64931
34204
32787
33737
35805
17880
35452
34105
34858
36509
20893
38330
42067
40715
43975
45711
48365
45588
20920
46422
46289
42463
45670
44455
45461
43919
44336
43409
43242
45931
44188
41455
40638
39957
39227
96149
67999
35651
34255
36605
37650
39170
38484
40363
22116
40176
39027
38968
21374
39529
43861
42028
36883
37551
38328
36132
37043
38964
39641
37799
37856
37466
40066
19684
38786
21614
37490
37071
38942
40699
41871
95755
67396
35033
37025
37748
37985
38438
38588
37615
37144
38633
16940
39160
39463
40297
38357
36001
39177
38574
18359
15432
39809
38579
25458
18737
17863
35439
35370
36069
35023
17934
36563
40210
40712
40901
40879
95510
66645
37753
36412
16321
36130
36439
37920
35747
33474
32913
32683
31350
30930
32203
28978
29109
27942
25093
33245
36326
24086
33810
38185
38971
39514
38227
38827
38361
32329
31396
31529
19984
31680
31497
22404
92731
68414
31355
39961
39611
39244
38796
39112
37594
37145
40681
37669
34840
35777
35434
35956
35035
37238
39030
38208
17222
34738
35012
20100
35332
34561
34725
37123
35228
30487
30133
29559
31844
19473
28917
29493
92779
58377
32214
30361
33066
34526
33931
32659
30799
29670
31278
31612
30098
30092
27515
27030
26868
25807
26598
27494
27288
21872
25700
22800
26047
28937
28706
30731
34105
36189
35350
34706
35886
20258
34523
34165
93588
69353
34462
31346
31503
24413
29796
31047
32110
34580
35469
33905
34256
31664
32945
34754
22899
37249
29251
39016
42801
43915
42757
42793
41346
41930
42336
40654
40499
40676
39244
21177
38326
39115
39764
38612
93465
66166
30573
32225
34522
30985
16375
35288
35440
39564
34618
34347
15733
36380
36553
36670
37300
16673
40653
38989
37424
38112
39436
39928
42415
44470
44250
40465
37160
36786
18418
36927
15903
34744
33624
17782
92970
71948
18200
37574
38044
36433
38859
43230
43195
39429
36684
38143
36923
36127
36285
37908
20974
32883
24848
25725
28986
28791
30823
29319
32981
31025
22487
19992
25467
31994
32482
31924
32171
31798
23748
29046
92972
65146
27324
26113
24914
25962
26564
25121
25199
25104
17754
26853
24745
24771
23642
22860
23008
24671
25782
20384
27415
25681
24686
27291
27897
21788
30979
30066
29490
27624
29129
28515
28716
28508
29210
29949
92621
71854
38028
30637
21168
19703
23712
25156
25697
24270
24053
23948
24247
24219
28303
30619
32603
32155
30678
30624
30113
23119
26858
32731
32430
32964
33126
36436
32106
33700
33252
32096
31600
32025
31157
35069
92371
70763
32502
29337
22237
28741
28353
26420
28924
27912
29007
28160
30275
30923
26165
32193
29172
23654
18382
26560
26683
26370
25096
24548
25582
18751
24865
26909
28652
28952
32236
25600
18595
26081
29481
28710
92253
68965
32048
36238
37459
37241
38271
36878
33899
34141
34130
34512
34791
33475
33925
35036
34936
33676
32410
32316
32745
34018
34378
34995
35205
36338
30307
36927
37879
39313
41837
43600
43095
41341
42543
42061
92060
75691
46472
42222
40542
41573
40182
37809
38511
37448
37610
33314
36894
41859
42921
41948
38030
32406
43712
38289
42442
43782
44076
41917
38794
34386
24791
35182
40650
41958
41765
40064
40072
42307
42575
43425
91955
73419
33663
23866
25440
29568
31634
32082
31774
31296
31467
33297
33625
33544
33026
19996
28254
31934
31387
31549
32024
22385
33821
33969
33940
33490
31842
31675
31637
30786
30245
30777
31765
32228
31873
89841
89754
36870
34326
34152
34516
35512
34763
34641
36324
36409
36315
36866
37042
37958
37756
38307
37062
37656
40255
39797
42301
42250
40971
43398
35033
32470
43074
48263
46503
46868
46384
43104
42458
40346
39059
91086
80437
80513
44085
43637
44559
44747
45174
45015
48525
48210
52013
54231
53349
53825
52426
51229
49811
51604
50588
50749
50479
47395
46445
47541
49451
47805
48186
47609
47581
23631
44684
47728
47723
45416
45415
91689
74928
25867
36900
37168
37113
40175
41991
41041
42316
41126
41724
43601
25210
45946
45985
46537
49119
52768
52622
52293
51027
50951
50624
51212
50036
52571
52742
52006
51044
51326
52174
53409
53241
57648
53482
92667
84323
58856
58302
58277
58138
56034
53763
54015
54052
55467
56326
55626
56460
54967
56396
55475
56585
54660
53824
54593
57521
58215
57110
56758
53291
54007
51521
55193
52849
49414
52446
54077
53533
55344
54267
92875
81657
50210
50469
52609
52611
50936
51081
49671
48303
50337
51818
51912
55211
55561
22309
53043
56099
53581
54347
53023
53852
53439
56427
60576
58720
57578
57772
56935
56854
59284
59435
57619
58875
58024
57087
93122
85666
22098
58979
60354
59775
59595
59703
30307
57888
59992
59149
58576
56783
56249
56578
55514
55807
54329
53247
53380
54098
53156
52297
51418
50930
49328
49346
49737
48366
49912
49052
47953
45891
47131
46877
90680
77937
40281
39469
41216
43190
41473
38884
38768
41821
42151
43495
42845
44478
44148
43658
46635
25292
49820
19839
48876
48478
23820
26801
46639
46165
45341
43789
43501
44734
44962
42005
40555
41174
43097
42897
90569
82157
47514
46844
44095
42138
40788
39903
38599
39071
39311
39025
42290
42448
31078
44525
41344
40582
41636
38743
38168
37935
38877
40955
40566
39593
40353
36160
38149
39048
38519
38441
38056
39205
38796
38810
89681
80297
35454
31651
35945
37392
34889
32692
33370
34151
35345
36309
35962
31194
33626
35155
37912
37016
37578
36899
38105
37619
34954
34953
35770
33610
33622
32723
33641
34088
32729
32046
32818
34271
33932
34890
85789
79956
36816
36172
36207
38635
39462
39534
19540
39410
38374
38476
40784
43761
42155
44711
43292
42831
42751
44877
43671
41444
38203
36879
23616
40535
39580
40026
40735
40610
19638
36678
19354
39832
38184
36964
89393
80992
48082
45335
45780
50242
50109
48361
44187
45383
45502
51567
51718
52245
52600
52492
20172
47369
45015
46256
46529
48484
47443
47118
45033
20690
48110
45651
47256
49067
51317
49350
48614
48883
48297
47343
86776
84158
50168
50896
53663
54862
52304
52931
52773
53334
53772
55885
56188
56068
56740
56049
57712
57174
54741
54025
25661
51914
52242
52019
54312
55548
53442
52809
52594
50951
51349
51640
50779
53879
53555
53002
89812
80940
48508
48027
49257
50634
22112
48709
48059
46943
47778
49834
51883
18933
52764
52846
53459
53041
51699
51720
52510
52888
54432
52813
54502
57739
57887
57130
54872
54655
52881
51734
51566
51363
49304
50585
89049
87471
52704
51506
53800
54139
52649
52295
54764
54535
56542
52501
52619
54942
53896
55823
56023
53574
52788
51334
51012
50192
48806
18441
46823
47937
50450
50762
52901
52368
50352
51869
51637
50555
49965
53568
89703
86009
55622
55336
55944
24481
52542
52886
54260
54753
55867
55837
53288
54873
55348
55883
57490
60999
60235
60151
22833
20541
57288
58924
56794
56951
58392
57903
59895
58191
24221
50091
52531
19525
49726
51960
88972
84945
45036
44476
44445
44579
46039
46554
46583
47740
47029
25349
18227
47333
48026
46820
49537
50574
48169
50099
48427
46202
46978
46674
46435
46986
44174
45246
45207
45736
46191
47198
46005
45884
45549
45077
88645
84820
46577
47591
47878
47741
49688
49555
50061
47918
48356
48477
47832
46875
46591
49186
50979
51490
49099
49441
50983
52288
52409
50433
49827
49649
50386
51438
51705
54065
53874
52946
53080
53269
52607
51001
88369
84765
49207
49615
52171
51665
52477
52720
54354
52855
51461
54182
53496
52226
52969
51879
53036
53543
53121
52409
50435
51831
51849
52014
49374
48141
47983
48599
47877
48219
48992
48011
48340
49789
50463
51420
87916
88075
53131
52791
52910
19591
51753
54234
51308
47849
47549
46521
22739
42224
44521
43098
44706
24473
44398
43800
44825
43507
41981
41064
44169
44255
43097
41807
41941
41527
38058
38217
37919
40642
38743
41048
85410
87129
48473
23453
50110
52270
52508
51956
51973
51798
50060
51106
48638
48818
47788
48496
46434
48839
45635
47046
47795
47476
48472
50710
52107
52477
52255
53448
51886
50697
48861
49817
49901
50084
51268
49833
88209
92337
67294
66615
66955
68388
68292
68521
69084
71531
71163
72698
72839
72602
72995
71436
70338
70488
71120
70801
70090
70739
70598
69869
69104
69800
71894
74081
74408
73882
73553
26321
71008
72264
71890
71550
91463
90475
64681
63439
64107
65372
64712
64635
67229
67010
66049
63596
64866
65715
66035
68192
68969
68812
70128
69385
22994
65164
66736
67986
67144
68473
67277
66301
66047
67158
66689
68897
69327
71585
68971
67772
90753
89401
55773
54160
55981
57486
53162
52703
52903
53479
53490
52249
53156
56198
55447
54008
50103
47707
49193
47546
48214
47572
45132
44130
41991
41413
41486
40564
40722
39218
39845
41104
42022
41507
42573
42123
85047
88001
45654
45447
45700
46504
45621
45261
44602
40485
41170
42034
41680
40568
40757
40994
42688
42990
43786
44776
45970
41951
42673
42388
45044
44879
45306
44226
45991
47519
47869
49236
49961
48858
50173
52787
88391
89404
50210
52637
53504
54542
54966
54637
54079
49849
51603
53776
53950
52775
51425
52535
53051
52685
51317
50259
48301
48045
49315
50566
57337
58211
57381
53503
53164
51974
52945
52123
53691
49887
46331
45299
86212
88756
40998
41194
41597
43354
41738
43634
43474
44152
41900
42006
40990
39878
39302
43513
44007
43193
44579
43335
45392
45436
41474
40959
42556
42016
41314
42666
41391
40874
40804
40439
39167
39762
39768
39845
84494
87022
43329
39415
23032
32698
38333
38430
38078
39255
39943
41060
39841
40690
42411
43789
44496
45188
44940
46267
50404
50879
47472
30816
37035
47230
48965
53048
53007
54903
56209
56683
54980
52881
53889
55199
89454
89471
45117
44820
44809
44341
44076
45073
45480
45309
44857
44046
44291
42523
42645
42453
41070
38597
39436
40327
41529
42875
26264
40129
40732
41101
42382
42396
42217
42802
42477
42295
41808
41121
43693
41856
84704
91328
57969
57194
55510
56562
55921
58464
62430
62292
63991
59591
60064
58303
55676
55740
55319
54734
56493
49798
48061
47962
47877
49430
49118
48534
48631
49200
49864
49364
48925
49920
49341
50514
50493
54033
84558
89014
58481
56905
55160
57580
56818
57651
56436
55764
55177
55461
56550
54434
54383
54656
55084
53804
53814
54995
56004
56397
55631
57014
55691
54083
54037
56582
57036
57347
57257
56480
53470
52971
53211
53017
83832
89078
46907
47756
49243
47412
46281
45589
44973
44999
46197
44014
46115
46782
46311
46105
42520
41507
40082
38554
39678
38597
38637
39288
36996
40071
40697
40769
39735
41406
41692
41128
42059
39614
41314
81584
87642
87565
42370
40307
39385
41069
42639
46188
48927
47708
48362
47917
47192
47198
47625
50713
51214
50681
51815
50722
50599
48881
49101
52590
53142
52387
50285
49573
49539
47231
47039
46161
46909
46081
48785
83630
91671
55402
55228
53591
54655
55127
55742
58116
59020
56795
58180
58653
57689
57922
57603
57882
58035
55443
55156
55254
56290
54853
54707
55194
55497
58529
58470
60167
58536
59383
62539
61591
63992
60248
59159
83942
92630
49162
48496
49430
48513
48765
47069
47269
45762
45366
43478
43571
44305
43210
42284
43751
42631
47497
49788
20342
47467
49079
49336
49422
49459
47759
46636
43750
43244
43989
45955
46793
46568
47583
47284
81809
92132
55941
55502
55820
55560
56123
54281
53795
52419
53814
54812
55404
54650
54589
54210
52516
51959
51688
51346
51503
52037
53353
51448
51183
50011
47443
45966
45352
45290
45341
46338
47245
46583
46601
46296
80000
90807
41721
40062
42542
41777
42745
44978
46808
48941
49434
49390
50250
49996
51454
53563
54884
54687
56105
53956
52412
51111
51806
51595
52538
53950
53733
51415
50620
50139
48486
48106
48748
49589
48721
46973
80832
90718
42260
38524
43023
44966
47496
46310
48067
47633
47980
51555
51848
52011
52491
51970
52024
49896
53656
55256
56943
56915
56221
52389
52428
49708
50096
50412
46329
50982
51517
52182
54213
56226
56159
53118
84926
92189
56999
54049
53381
52981
51887
48612
49770
51671
51393
51306
52889
52241
50532
51844
52768
52380
54407
55841
55110
54161
52308
52603
51625
53931
54192
54990
55759
55524
56432
54075
51517
52141
52582
52150
83221
91722
45617
40635
40889
42057
44995
43940
42577
41730
44525
39399
37612
39376
37899
37723
44017
36690
38746
37970
38211
35601
34977
36605
37052
38156
37985
38580
40555
37787
35705
38620
38681
37664
37695
38368
80056
93458
58109
55713
54491
54465
53335
55828
57695
55410
55996
57020
57854
55904
54325
54325
55289
55387
55707
52546
53028
52421
52684
55443
52687
52137
52292
51644
51501
49794
50267
48589
51256
50633
51892
51862
79692
92295
53911
54175
54674
55594
55659
56049
53920
53717
53672
50579
53376
54070
52477
50964
50544
51009
54364
54568
56561
55897
54606
55989
56332
55704
53223
55132
56180
56587
52882
53332
54331
53473
58422
57516
81794
93853
56797
53407
51270
53708
53969
53887
54370
54308
53503
53106
51803
52528
52551
53115
54516
54769
53351
52816
51704
50691
50340
51400
52499
52033
51197
53419
52885
54511
52380
52192
52898
51564
51706
50265
77829
94079
53246
49358
51687
51584
52192
52317
53704
56448
53938
55176
56047
58210
58979
59117
58328
59739
59524
61581
59623
57213
57460
56262
55980
56855
57572
56305
56539
57023
57993
61858
62336
59128
57118
58209
81559
94842
66617
63498
63885
63759
62998
62176
60789
60476
60860
60829
60932
61769
61011
61751
59926
60723
59423
61142
58887
57997
57039
56427
57098
56984
57258
57789
56895
56266
56033
54398
53267
56089
55473
57749
81472
93382
57347
52618
52328
56010
56562
55096
54461
52745
54763
54948
53595
51517
50302
52548
51128
48999
51083
47942
48307
46627
48027
47889
47754
48265
48420
47108
47732
46222
46543
47303
49448
49837
49298
49932
78042
94186
51614
48700
46875
47344
46016
48690
48074
46193
43389
43688
43629
44824
44830
46320
45660
44300
44403
45888
46106
44748
43774
44546
44956
48351
46372
46039
46561
46676
43507
42799
44739
44498
43493
44416
73310
94135
50339
46211
47524
53284
54198
54411
55155
54340
53000
55329
55893
54739
52888
54122
55351
55692
53426
54221
54467
59842
55745
55567
57392
57750
55984
53520
53426
53066
53109
19717
50765
54282
55277
55117
77911
93738
51995
51610
52107
51245
51466
51525
51423
53491
54080
53076
53655
53455
50112
23427
49508
47725
47642
47193
46166
45754
45815
47020
48491
21727
47914
48737
48532
49953
49510
49896
48717
50514
51882
51863
75687
94934
63385
60917
61835
61864
62304
62578
64270
63372
63170
62819
63135
60267
60539
60877
62428
62637
61749
61189
60627
61233
59610
60734
61168
60618
61422
62174
59375
57347
56544
55202
54689
55975
55541
56946
77489
95036
56192
52218
52749
54661
55171
55067
54740
53300
53713
52848
52152
52517
51349
51382
54638
52380
49391
47337
48219
50795
49558
48846
49473
47712
46871
46809
46363
46992
48721
44805
43827
46076
47213
47349
74151
93701
44179
38495
38058
38814
39090
39222
37326
36337
36613
36974
37968
39852
40708
37681
35511
35339
36270
36721
38368
39613
39734
42015
41785
