None
None
None
None
None
None
None
None
None
None
None
None
None
None
None
None
None
None
None
None
None
None
None
None
None
None
None
None
None
None
None
None
None
None
None
None
None
None
None
None
None
None
None
None
None
None
None
None
None
None
None
None
None
None
None
None
None
None
None
None
None
None
None
None
None
None
None
0.9442825764417648
0.8806240111589432
0.9388121366500854
0.862420916557312
0.8798932731151581
0.9847777783870697
0.9926227331161499
1.0448616296052933
0.9803301393985748
0.9054779410362244
0.78148153424263
0.8568964004516602
0.9414414167404175
0.8969174325466156
0.9186902046203613
0.8861436545848846
0.8497442007064819
0.9423791766166687
0.7547935992479324
0.8810561001300812
0.6846639215946198
0.7608597278594971
0.7599426954984665
0.7314129918813705
0.763770341873169
0.6494622677564621
0.6321797966957092
0.5962651818990707
0.6050074547529221
0.735459178686142
0.6783417016267776
0.6164786517620087
0.6762575507164001
0.6261643320322037
0.6304223239421844
0.6586391478776932
0.6460650116205215
0.6231160014867783
0.6639251559972763
0.606733649969101
0.6271592378616333
0.6241748034954071
0.6530658602714539
0.6264307200908661
0.6426793485879898
0.6384401470422745
0.6185770183801651
0.6396031528711319
0.6444962471723557
0.6504428833723068
0.5849075764417648
0.6097464859485626
0.642279863357544
0.5713031888008118
0.6254940330982208
0.5985677093267441
0.5975988805294037
0.6068785786628723
0.6282192170619965
0.5824528336524963
0.6084113568067551
0.5968802869319916
0.6324291676282883
0.6025842279195786
0.6854073107242584
0.6263555288314819
0.6277110725641251
0.6389819532632828
0.601659744977951
0.6168944984674454
0.6014163345098495
0.5749629884958267
0.5826050937175751
0.5988508760929108
0.5716169029474258
0.6025740802288055
0.6027881354093552
0.6157549172639847
0.6215819865465164
0.5605882406234741
0.5852680802345276
0.5984122157096863
0.5603571683168411
0.6224628388881683
0.6051553040742874
0.6425661593675613
0.6112586408853531
0.6310245394706726
0.6106177419424057
0.6289456933736801
0.6260683536529541
0.5771393030881882
0.5760317146778107
0.5787083059549332
0.5699559450149536
0.5645478814840317
0.5707976967096329
0.5868422538042068
0.5496344566345215
0.5712165385484695
0.5708471089601517
0.5724603235721588
0.5351051092147827
0.5530263632535934
0.6152410209178925
0.5683916956186295
0.5665260702371597
0.5719290971755981
0.5612534135580063
0.5475096255540848
0.5694664418697357
0.5787618458271027
0.5450064837932587
0.5637074410915375
0.5550419241189957
0.5558215528726578
0.5685772597789764
0.5821381211280823
0.5462126433849335
0.5549634248018265
0.520981952548027
0.5783756077289581
0.5540845841169357
0.5249077528715134
0.5518644750118256
0.503210186958313
0.5761890411376953
0.5430753380060196
0.6000987589359283
0.5716046690940857
0.5368940085172653
0.5432283952832222
0.5459263920783997
0.5161281153559685
0.5569716542959213
0.5239319205284119
0.5203517228364944
0.5344885066151619
0.5319738537073135
0.541881799697876
0.5785029083490372
0.5615954250097275
0.5460611879825592
0.5144587159156799
0.5417297258973122
0.5492904484272003
0.5581007301807404
0.5341594964265823
0.4918663948774338
0.5467353165149689
0.518237441778183
0.5435122027993202
0.5664938539266586
0.5160364508628845
0.5342210307717323
0.49541158229112625
0.5265699326992035
0.525547206401825
0.4971098080277443
0.547001838684082
0.5463342219591141
0.5252811089158058
0.5469368547201157
0.5279516279697418
0.5460763871669769
0.5155147314071655
0.4771120324730873
0.5215814411640167
0.5092722326517105
0.48799777776002884
0.50909224152565
0.5337230563163757
0.5376711785793304
0.5127592161297798
0.5222223997116089
0.5308759808540344
0.49165239930152893
0.4946979358792305
0.5133856534957886
0.4985392764210701
0.5264670178294182
0.49205346405506134
0.5261507034301758
0.5271655470132828
0.5157321840524673
0.5320398658514023
0.5407738834619522
0.480109803378582
0.5277161300182343
0.4863135665655136
0.44897735118865967
0.47916118800640106
0.5099199786782265
0.522196814417839
0.5048718452453613
0.5113550871610641
0.5110174119472504
0.4968193471431732
0.5054416880011559
0.4936050772666931
0.4725078269839287
0.47670193761587143
0.476448230445385
0.5010773837566376
0.48185694962739944
0.4866819232702255
0.4707263335585594
0.4877779930830002
0.5070282816886902
0.4591732770204544
0.47257566452026367
0.4700135588645935
0.48672962188720703
0.47318805009126663
0.4515479654073715
0.5060541480779648
0.4802374541759491
0.4777400568127632
0.469184972345829
0.4588623344898224
0.458415687084198
0.4763372838497162
0.4658772796392441
0.4635196030139923
0.4966133087873459
0.4486662819981575
0.47273416817188263
0.45926788449287415
0.47298358380794525
0.4626229405403137
0.492722287774086
0.43506503105163574
0.43429896235466003
0.45020001381635666
0.4217209219932556
0.4275108426809311
0.44920139014720917
0.4436384439468384
0.44812341779470444
0.411795012652874
0.4119228795170784
0.4648738354444504
0.4273161143064499
0.3755276948213577
0.4585840553045273
0.42392323911190033
0.4597581848502159
0.4100227579474449
0.4421209394931793
0.43070070445537567
0.43437598645687103
0.435889795422554
0.4685536026954651
0.4309035688638687
0.4334595277905464
0.43223707377910614
0.41763292998075485
0.41922225803136826
0.4304652586579323
0.39975522458553314
0.3980860337615013
0.42336640506982803
0.4015636295080185
0.4163806363940239
0.4251960441470146
0.41861236095428467
0.4174851179122925
0.4262036383152008
0.3872358500957489
0.42412208020687103
0.3869186192750931
0.39597977697849274
0.4005954712629318
0.40131475776433945
0.4263836592435837
0.396638423204422
0.36557039618492126
0.4287939816713333
0.38711125403642654
0.4008958637714386
0.40567612648010254
0.40678635984659195
0.40060968697071075
0.43920861929655075
0.4142121151089668
0.3988347500562668
0.4306190609931946
0.4202539175748825
0.426269493997097
0.43097229301929474
0.39750875532627106
0.4341808035969734
0.4096841439604759
0.3781498968601227
0.3796764686703682
0.3866721987724304
0.3814353942871094
0.43944382667541504
0.4529816508293152
0.4034670442342758
0.38564664125442505
0.4275814816355705
0.3889484629034996
0.4347035512328148
0.3931262940168381
0.41300708055496216
0.41836395114660263
0.39308443665504456
0.3990638852119446
0.39716868847608566
0.3882638067007065
0.4122244268655777
0.38340865075588226
0.39974772930145264
0.4151628538966179
0.38502493500709534
0.4108477309346199
0.4556889832019806
0.40250758081674576
0.38744504749774933
0.41309716552495956
0.4230045676231384
0.3818310797214508
0.40402980893850327
0.4182076007127762
0.3938668221235275
0.35789987444877625
0.34860213845968246
0.39528997987508774
0.370953269302845
0.3657287284731865
0.42010580748319626
0.4036780819296837
0.35894128680229187
0.37050796300172806
0.43801651895046234
0.34189366549253464
0.3634233772754669
0.3735620304942131
0.42889103293418884
0.36154935508966446
0.41993962973356247
0.38040491938591003
0.5088405832648277
0.37776564061641693
0.43708109855651855
0.3714628592133522
0.36829861998558044
0.33052293956279755
0.44745030254125595
0.36953387409448624
0.35155314952135086
0.3955554962158203
0.36759448051452637
0.3885567784309387
0.39584264159202576
0.3545442372560501
0.4206882044672966
0.3653910979628563
0.4359360560774803
0.3195602595806122
0.379989355802536
0.33253853768110275
0.34650105983018875
0.356178916990757
0.4532596319913864
0.385140523314476
0.3815387934446335
0.35117731243371964
0.3929080590605736
0.42535893619060516
0.4267311915755272
0.41996822506189346
0.3214081898331642
0.3833133652806282
0.40103617310523987
0.43566158413887024
0.3668292462825775
0.4069151058793068
0.35967714339494705
0.4924154132604599
0.5175763443112373
0.4402127116918564
0.40104205161333084
0.4219623729586601
0.44408899545669556
0.4461395591497421
0.38196513056755066
0.4270290285348892
0.3357314169406891
0.3822220042347908
0.3795361965894699
0.42269475758075714
0.38625816255807877
0.358510822057724
0.4947153329849243
0.35392290353775024
0.366023451089859
0.3831212446093559
0.3646828681230545
0.40503140911459923
0.38290951400995255
0.4169011041522026
0.4509865343570709
0.3607837185263634
0.44688405096530914
0.45202258974313736
0.5283327326178551
0.47184865921735764
0.4428060054779053
0.41279879212379456
0.411508210003376
0.3573314994573593
0.4223121255636215
0.45844773948192596
0.38579415529966354
0.396169975399971
0.5083589255809784
0.4852901101112366
0.3922654613852501
0.3907884284853935
0.349485881626606
0.3951328918337822
0.41602853685617447
0.43048103153705597
0.5015522688627243
0.3588709980249405
0.4601265862584114
0.4273097664117813
0.460121713578701
0.4234578385949135
0.31133394688367844
0.38464171439409256
0.4436495080590248
0.40543025732040405
0.38409750908613205
0.4389684796333313
0.31233227998018265
0.3728641867637634
0.3926527425646782
0.4787849485874176
0.37469277530908585
0.34615927934646606
0.4651106745004654
0.4684971049427986
0.36142947524785995
0.4651279076933861
0.38244227319955826
0.3773158937692642
0.3846685290336609
0.37117571383714676
0.46698781847953796
0.46944765001535416
0.421780563890934
0.5310577750205994
0.3732401803135872
0.539381206035614
0.399980753660202
0.33891501277685165
0.4102749228477478
0.43355491012334824
0.38048548996448517
0.3528531938791275
0.4834815189242363
0.45835495740175247
0.3745585232973099
0.4161573499441147
0.42721930891275406
0.3909556344151497
0.4300595372915268
0.5037933513522148
0.4252478629350662
0.46897590160369873
0.45903705805540085
0.38148293644189835
0.46302351355552673
0.4787863940000534
0.45053359493613243
0.5055718868970871
0.43938443064689636
0.42005158960819244
0.4274138808250427
0.4382648840546608
0.38025615364313126
0.3908204361796379
0.3014985918998718
0.5044354647397995
0.4545142874121666
0.3766462542116642
0.47742218524217606
0.35101987421512604
0.39671383798122406
0.3494863696396351
0.34096286445856094
0.35811419039964676
0.45707716047763824
0.38520974665880203
0.3314654380083084
0.49492670595645905
0.3697308748960495
0.3611440360546112
0.4499063417315483
0.3695342391729355
0.52650386095047
0.4043678864836693
0.36496131867170334
0.3659917041659355
0.3472358398139477
0.3008659854531288
0.35627836734056473
0.4163931980729103
0.4103086590766907
0.3840489387512207
0.3862970992922783
0.3807534798979759
0.43935322761535645
0.3734252154827118
0.3436575382947922
0.353085033595562
0.4422329217195511
0.3986545652151108
0.5351260751485825
0.4590671956539154
0.32414523512125015
0.2737369015812874
0.3139760345220566
0.3732811361551285
0.32901011034846306
0.41776275634765625
0.36872702091932297
0.35965342447161674
0.3555451110005379
0.45179402083158493
0.3493656814098358
0.4281620681285858
0.3930835798382759
0.4234173521399498
0.45333466678857803
0.4044990688562393
0.41210709512233734
0.4372205585241318
0.3681025579571724
0.30931010469794273
0.253479428589344
0.32210325449705124
0.2634786032140255
0.3846285492181778
0.3485811650753021
0.34957155585289
0.24177814275026321
0.282893531024456
0.34597865492105484
0.28501806408166885
0.3625642955303192
0.43730275332927704
0.3083083853125572
0.40288887917995453
0.4245970696210861
0.4329797998070717
0.39016854017972946
0.42898228764533997
0.41005366295576096
0.36582793667912483
0.384510550647974
0.2942420057952404
0.24740181863307953
0.4699966534972191
0.32537106424570084
0.40802156180143356
0.4170835614204407
0.30927805230021477
0.41699451208114624
0.35904622450470924
0.3123862221837044
0.33761129155755043
0.3741576075553894
0.3466764949262142
0.3812690004706383
0.34726034849882126
0.2962470315396786
0.4410431832075119
0.3832881599664688
0.4080824628472328
0.358138807117939
0.36015545204281807
0.32332413643598557
0.3596326932311058
0.3884800970554352
0.47480811178684235
0.29296520352363586
0.34531066566705704
0.27289312332868576
0.41153696179389954
0.3991183489561081
0.46747857332229614
0.3261229731142521
0.33784204348921776
0.4153548702597618
0.3398250676691532
0.2731907293200493
0.25961024686694145
0.3270007409155369
0.3147594928741455
0.3074352815747261
0.43579453229904175
0.30073245987296104
0.3041839972138405
0.4148038774728775
0.3998986706137657
0.38561607152223587
0.34245050698518753
0.43241652101278305
0.33227362483739853
0.291025847196579
0.37793995812535286
0.2565995529294014
0.36444052308797836
0.3757157474756241
0.30420487746596336
0.35640889406204224
0.30536671727895737
0.3357943743467331
0.3005771338939667
0.32356584444642067
0.2929593026638031
0.24943716451525688
0.3721403107047081
0.4157777577638626
0.2841465398669243
0.3761863708496094
0.25432325154542923
0.4261545389890671
0.2502482533454895
0.38084667176008224
0.31267567723989487
0.36689604073762894
0.28949107974767685
0.302494578063488
0.3339823707938194
0.27059007063508034
0.41577746346592903
0.35351817682385445
0.3488234654068947
0.25136275216937065
0.32233841717243195
0.4353369250893593
0.23753013834357262
0.3063977435231209
0.3364839255809784
0.32237591594457626
0.24068644642829895
0.3826761618256569
0.30572742223739624
0.26006119325757027
0.2188153639435768
0.3304680064320564
0.2782048285007477
0.27282505109906197
0.31455886363983154
0.2524062693119049
0.29650207608938217
0.3241492062807083
0.32293975353240967
0.3182636424899101
0.23332735151052475
0.23511801660060883
0.34047428518533707
0.36490774154663086
0.3179280608892441
0.34315275400877
0.3745836839079857
0.35600314661860466
0.3091612607240677
0.33530060946941376
0.3180507831275463
0.19164714217185974
0.2400951124727726
0.3478763550519943
0.26695436984300613
0.2712535262107849
0.39219536632299423
0.31965162977576256
0.3049546703696251
0.2674877606332302
0.31579461693763733
0.18349813669919968
0.3385121040046215
0.29294053465127945
0.17176136560738087
0.23706002160906792
0.30764999240636826
0.2756613902747631
0.31889717280864716
0.27383898943662643
0.3289412185549736
0.28749414533376694
0.40475503355264664
0.41592489928007126
0.1913238763809204
0.27603915706276894
0.2850490063428879
0.4283267483115196
0.22313129156827927
0.3408336788415909
0.2709934823215008
0.3140755519270897
0.31759456917643547
0.26278258860111237
0.30502642691135406
0.2876013368368149
0.350105345249176
0.3078005760908127
0.16140667162835598
0.23099841177463531
0.2813127227127552
0.22513707727193832
0.2700189873576164
0.23290088400244713
0.3519899398088455
0.30158570781350136
0.22132829762995243
0.27277788519859314
0.2570396549999714
0.2502274289727211
0.2841504141688347
0.2627468481659889
0.2842013090848923
0.29093048721551895
0.24707377329468727
0.3122090734541416
0.262068260461092
0.25544220954179764
0.3029659651219845
0.2314524408429861
0.17129480838775635
0.3262026719748974
0.20738832652568817
0.32250363379716873
0.19340438768267632
0.32018470391631126
0.16888727992773056
0.20244241505861282
0.3115922883152962
0.24977398477494717
0.25276799872517586
0.3197576180100441
0.2826796770095825
0.33143092691898346
0.27913201972842216
0.1903942972421646
0.18585601449012756
0.3256715387105942
0.23254771158099174
0.3017614185810089
0.36100055277347565
0.38289425522089005
0.2245083972811699
0.21168313175439835
0.17607278004288673
0.24596165120601654
0.199215829372406
0.25793079286813736
0.22179152071475983
0.22190126404166222
0.19371205940842628
0.34520236402750015
0.2947795130312443
0.2409016154706478
0.2608792297542095
0.204581618309021
0.33171040564775467
0.2867282833904028
0.2121288813650608
0.27146927267313004
0.2693459093570709
0.3061147779226303
0.2689753659069538
0.23517624661326408
0.17552681639790535
0.20675823464989662
0.280379232019186
0.27259883284568787
0.21582186594605446
0.27620478346943855
0.336008220911026
0.19251632876694202
0.25044354796409607
0.20106739923357964
0.26143989711999893
0.25044552981853485
0.16935643181204796
0.2501818500459194
0.16843106597661972
0.20186375826597214
0.2453150600194931
0.19185084849596024
0.1812467984855175
0.2623179256916046
0.17535677924752235
0.2054653763771057
0.18303986638784409
0.29317740350961685
0.262956190854311
0.1734478585422039
0.18870299868285656
0.17959667555987835
0.3018970489501953
0.27529367431998253
0.2232831995934248
0.22607239708304405
0.16894032433629036
0.16621878556907177
0.1399837676435709
0.17599162086844444
0.23532475717365742
0.16445546224713326
0.24289324134588242
0.20794183388352394
0.31802428141236305
0.2538336552679539
0.32298941537737846
0.2717932816594839
0.2405138723552227
0.21121291257441044
0.24348199367523193
0.2315828800201416
0.18880323879420757
0.3413620665669441
0.21407245099544525
0.23388228565454483
0.22180742025375366
0.18307342007756233
0.25301847979426384
0.17557737231254578
0.22346442565321922
0.2987196445465088
0.14986520074307919
0.21105065569281578
0.15107118524610996
0.2072730790823698
0.22716541215777397
0.2671853303909302
0.21660711988806725
0.14605211466550827
0.27162955328822136
0.1984480507671833
0.2683175150305033
0.1908145621418953
0.22929348424077034
0.2574656568467617
0.2677164524793625
0.19422391429543495
0.13217654265463352
0.2526232320815325
0.17670881189405918
0.16470560245215893
0.20318668335676193
0.22700335457921028
0.2034553699195385
0.1445680744946003
0.13481856882572174
0.1464131772518158
0.15156921558082104
0.23554494231939316
0.1562182642519474
0.20999588258564472
0.18267974443733692
0.22526672668755054
0.13736387342214584
0.25892601162195206
0.2422560453414917
0.15946770831942558
0.10552564077079296
0.1831495389342308
0.1743655689060688
0.16655232943594456
0.14996111392974854
0.1640322683379054
0.21206843852996826
0.17799878306686878
0.26600512489676476
0.2282000631093979
0.16917116940021515
0.22018984332680702
0.17291535437107086
0.1032616663724184
0.17267380375415087
0.16557532735168934
0.18741270527243614
0.20332148671150208
0.17819693498313427
0.16294287331402302
0.1473613828420639
0.2069745697081089
0.12655685283243656
0.14047292061150074
0.148041769862175
0.19594726152718067
0.14666499011218548
0.22680825740098953
0.16512320563197136
0.21286170929670334
0.17429548501968384
0.18608910217881203
0.18331412225961685
0.21410255879163742
0.14547890424728394
0.1776277795433998
0.19106387719511986
0.13697457313537598
0.18713407590985298
0.16748817451298237
0.1875139493495226
0.14564253576099873
0.13119294866919518
0.16781696863472462
0.14498977176845074
0.2252118606120348
0.1854681707918644
0.20623133704066277
0.24995777383446693
0.25233637914061546
0.16188231855630875
0.25307365134358406
0.21375026926398277
0.2327912040054798
0.1526671815663576
0.23121212422847748
0.16421126201748848
0.21283818036317825
0.1684058979153633
0.3035985045135021
0.09741195850074291
0.20091495662927628
0.32402858324348927
0.21804746985435486
0.11891398578882217
0.29808484949171543
0.17233550176024437
0.21683237701654434
0.20506330579519272
0.27413568645715714
0.19470923021435738
0.12636802159249783
0.15271587297320366
0.1229801457375288
0.13444095477461815
0.10754993185400963
0.24448376521468163
0.15176226943731308
0.2645958475768566
0.24139680340886116
0.18599111214280128
0.2750238049775362
0.2026961799710989
0.16508927382528782
0.2568834125995636
0.16963179223239422
0.22209053486585617
0.21553177013993263
0.16638275794684887
0.17757950723171234
0.1657000444829464
0.11419855244457722
0.2503464426845312
0.14072218164801598
0.13862032629549503
0.14989493414759636
0.23283406533300877
0.2339719422161579
0.32191870734095573
0.15313430689275265
0.17917530238628387
0.1720554679632187
0.18583355005830526
0.227186543866992
0.22970079444348812
0.13777373731136322
0.2552014486864209
0.16234691068530083
0.17891360074281693
0.19689222052693367
0.14105935022234917
0.2293827421963215
0.1800929754972458
0.18332118913531303
0.2519242390990257
0.25254536233842373
0.23093681409955025
0.15932370070368052
0.3333440199494362
0.22905299626290798
0.2653500363230705
0.24280432611703873
0.1791990753263235
0.2156546153128147
0.16285671666264534
0.18395935744047165
0.2809845581650734
0.18375572934746742
0.19701026007533073
0.20671496726572514
0.212887492030859
0.2709980010986328
0.15436473302543163
0.13377373851835728
0.1521102413535118
0.27004766277968884
0.21973169036209583
0.19902347028255463
0.15253768488764763
0.14019549451768398
0.13292300514876842
0.20104884542524815
0.2135733924806118
0.13704679161310196
0.19953553192317486
0.29079633951187134
0.10008780099451542
0.1628766767680645
0.14883981831371784
0.17956765368580818
0.27527815103530884
0.25815917551517487
0.18615168146789074
0.31122878566384315
0.28712308406829834
0.15825298056006432
0.14021813683211803
0.2789763957262039
0.17778142169117928
0.2607067618519068
0.16704295203089714
0.1810993254184723
0.2014085166156292
0.1285112053155899
0.1430172361433506
0.3165837973356247
0.13123873621225357
0.23415357619524002
0.24396253004670143
0.21309350430965424
0.19501247070729733
0.17177326045930386
0.1269808690994978
0.17750702798366547
0.22587128728628159
0.3486156612634659
0.1749145034700632
0.2507347986102104
0.28032542020082474
0.22481095045804977
0.26629443652927876
0.22138606384396553
0.3153074309229851
0.2671086937189102
0.1589188016951084
0.156573835760355
0.2931302897632122
0.1995088830590248
0.2116990089416504
0.23872451670467854
0.1175325158983469
0.1957523487508297
0.21372361481189728
0.25564715452492237
0.16077451966702938
0.18283761478960514
0.10749288462102413
0.16327329352498055
0.3055976629257202
0.26354849711060524
0.2900387942790985
0.18615014851093292
0.26232850924134254
0.22142907232046127
0.23690429516136646
0.14724557381123304
0.1518461499363184
0.20422939024865627
0.27558112889528275
0.1989753171801567
0.18265092000365257
0.28851352632045746
0.20385098457336426
0.2517082877457142
0.13432854041457176
0.23071516770869493
0.173312371596694
0.2632196806371212
0.2245231792330742
0.2137773633003235
0.17731313779950142
0.1437927708029747
0.19570480659604073
0.25317396502941847
0.15179075673222542
0.18492387235164642
0.1614157473668456
0.27334023639559746
0.19341818429529667
0.11181446444243193
0.1487661525607109
0.33741986751556396
0.15139839798212051
0.16667217202484608
0.1873788684606552
0.1319427713751793
0.1534691732376814
0.0879785967990756
0.1628545206040144
0.14357584528625011
0.1747887060046196
0.07060111593455076
0.1730814464390278
0.16221727058291435
0.157608300447464
0.0769744161516428
0.15371784195303917
0.13738072477281094
0.1316006649285555
0.18687575310468674
0.24343111738562584
0.15061376616358757
0.1716563142836094
0.22349880449473858
0.18418615870177746
0.25755060091614723
0.24938617274165154
0.19522742927074432
0.20966647751629353
0.15315316058695316
0.15760568156838417
0.17013397719711065
0.07609309442341328
0.19717064127326012
0.1687034573405981
0.2978346608579159
0.20980642549693584
0.09398986585438251
0.06710133701562881
0.27629485726356506
0.11734868679195642
0.13794398680329323
0.1839989311993122
0.1316516511142254
0.20608660764992237
0.10247938614338636
0.10582809709012508
0.28261377662420273
0.1525389924645424
0.15590114705264568
0.14585765451192856
0.14979152847081423
0.23351429775357246
0.18857927061617374
0.17090111691504717
0.19781181029975414
0.10936878994107246
0.12163071800023317
0.13325316458940506
0.1832000594586134
0.19401557371020317
0.23738562688231468
0.18179423175752163
0.1755688227713108
0.24433286488056183
0.12339960038661957
0.12547516264021397
0.20804968290030956
0.09631534991785884
0.056942468509078026
0.1302087865769863
0.17769392486661673
0.2736669331789017
0.1765618920326233
0.29568056762218475
0.14283987134695053
0.21981339063495398
0.08057846501469612
0.19392886850982904
0.18215377256274223
0.26907204929739237
0.16052283719182014
0.14011900406330824
0.17619145289063454
0.12207216210663319
0.1852532234042883
0.17426722869277
0.18498918786644936
0.1986944731324911
0.1005878709256649
0.21600539609789848
0.1408269815146923
0.17469133622944355
0.19438018277287483
0.0520797879435122
0.1749089267104864
0.2031953763216734
0.24155371449887753
0.1332925148308277
0.11222380120307207
0.12502638809382915
0.2320125363767147
0.12041353527456522
0.12518644891679287
0.17763497680425644
0.12647957354784012
0.171100664883852
0.2531549632549286
0.13262428902089596
0.12504594214260578
0.11163404397666454
0.14451698493212461
0.06157323718070984
0.12118851579725742
0.0675025312229991
0.12628844752907753
0.11329258512705564
0.12288166955113411
0.18122156336903572
0.2795247212052345
0.1359579348936677
0.2272232510149479
0.17230658046901226
0.2586341639980674
0.1828761324286461
0.16128491424024105
0.22627490013837814
0.2079891562461853
0.20002760365605354
0.23346969857811928
0.08224550727754831
0.30710747838020325
0.14403313398361206
0.25164746679365635
0.10129361785948277
0.1299219112843275
0.22739719599485397
0.14478564448654652
0.20539494324475527
0.16560557950288057
0.16071942169219255
0.1604333259165287
0.1648284113034606
0.1532738609239459
0.2046203389763832
0.05249161645770073
0.14480705466121435
0.16845820844173431
0.06576035916805267
0.13543848507106304
0.07975806761533022
0.0934840003028512
0.11765433754771948
0.2292204201221466
0.1894327960908413
0.10544082149863243
0.13016641605645418
0.12820883933454752
0.09884978644549847
0.19117096811532974
0.12373854592442513
0.08767453767359257
0.11421748250722885
0.15425846073776484
0.10062970593571663
0.19171037897467613
0.18180538713932037
0.1326901577413082
0.09747348632663488
0.23318802192807198
0.08464763313531876
0.11898062098771334
0.10950239840894938
0.13498758245259523
0.05612607020884752
0.2290768176317215
0.16179275140166283
0.1810603104531765
0.15674020443111658
0.13919126987457275
0.08496102038770914
0.21224934607744217
0.09557005390524864
0.1627885065972805
0.16085094027221203
0.24092802871018648
0.08651600312441587
0.04672614298760891
0.2683381028473377
0.17729432880878448
0.11487756855785847
0.1344034317880869
0.1831916607916355
0.10797185264527798
0.09124087914824486
0.14591579604893923
0.13166632037609816
0.17634502984583378
0.04902771394699812
0.1901777172461152
0.21051978133618832
0.1548863695934415
0.16772335581481457
0.15902255475521088
0.12958817789331079
0.23436782136559486
0.1890074424445629
0.2101623434573412
0.1211505364626646
0.18650176841765642
0.18596993014216423
0.11383101530373096
0.22736258059740067
0.13350172247737646
0.04774855449795723
0.15711625758558512
0.20834018848836422
0.24431037157773972
0.13943925127387047
0.08604272175580263
0.20021435897797346
0.16974771209061146
0.1722936760634184
0.23976640030741692
0.15020366571843624
0.16211099829524755
0.21837320178747177
0.14329101331532001
0.07790562883019447
0.17103593237698078
0.11916681192815304
0.18760935962200165
0.14380791690200567
0.13429677486419678
0.08967885002493858
0.17438512668013573
0.09201506478711963
0.17004029732197523
0.1529972436837852
0.1798255518078804
0.14362264517694712
0.09984491392970085
0.11568975728005171
0.23428569361567497
0.19125594198703766
0.08599124010652304
0.1633014320395887
0.2008738685399294
0.15857620351016521
0.19362716935575008
0.06480520032346249
0.115892693400383
0.09038455504924059
0.11804542597383261
0.10411944566294551
0.13485673442482948
0.07352602016180754
0.056123049929738045
0.16798976063728333
0.17270347476005554
0.09207794349640608
0.08684979565441608
0.15567871928215027
0.16561334021389484
0.16803585086017847
0.2038152851164341
0.18048814684152603
0.12133026123046875
0.08479251898825169
0.20206698589026928
0.27100460696965456
0.14034327398985624
0.12639468628913164
0.13751442357897758
0.1974598541855812
0.10049585346132517
0.2033003829419613
0.16657242644578218
0.09301448427140713
0.12965716049075127
0.14803352765738964
0.08302207384258509
0.11376569233834743
0.19216672331094742
0.2200457602739334
0.14546870533376932
0.1426055245101452
0.1172852385789156
0.11019727308303118
0.13341204077005386
0.17996955662965775
0.13888084702193737
0.1066856263205409
0.1453628819435835
0.11774774733930826
0.1379080545157194
0.09616145957261324
0.13031206838786602
0.1293944800272584
0.10803953744471073
0.16387972235679626
0.10253836028277874
0.07912112027406693
0.18814829364418983
0.12567539885640144
0.08415183983743191
0.11087243258953094
0.09686324931681156
0.06964593939483166
0.1238758834078908
0.08197374828159809
0.17881032545119524
0.14396053832024336
0.15870364755392075
0.14618948381394148
0.11552467569708824
0.1578427031636238
0.08009576983749866
0.14330980367958546
0.10168948210775852
0.15073990263044834
0.06456080824136734
0.14930346049368382
0.07237056875601411
0.19399063475430012
0.09331658389419317
0.1382015561684966
0.07736629201099277
0.10145274549722672
0.14584779040887952
0.10227150749415159
0.08770691696554422
0.12719118036329746
0.19482842460274696
0.08252425771206617
0.04415195249021053
0.08864269591867924
0.12880754377692938
0.12036227667704225
0.25485333800315857
0.09183336049318314
0.09676692448556423
0.1065825903788209
0.11694665346294641
0.0918731833808124
0.15188639797270298
0.19353127479553223
0.1293157348409295
0.04389721713960171
0.08127201814204454
0.05491197668015957
0.157973513007164
0.1360514322295785
0.11404626630246639
0.10799390962347388
0.10372037906199694
0.054706962779164314
0.15220166137441993
0.08653269708156586
0.09755431395024061
0.15230433922261
0.08130010310560465
0.0963209131732583
0.1424287185072899
0.07136698346585035
0.04607399879023433
0.14592310972511768
0.18385720252990723
0.13434817921370268
0.13971547409892082
0.13995270617306232
0.1953207366168499
0.11741352174431086
0.11285378597676754
0.21288659423589706
0.17455211374908686
0.20483526587486267
0.13643145933747292
0.09978333674371243
0.13673628494143486
0.13133611716330051
0.09316507540643215
0.14537103194743395
0.07187484577298164
0.11328090727329254
0.07039575278759003
0.20685667917132378
0.0713333748281002
0.1973375529050827
0.11986617930233479
0.09997880691662431
0.11064738780260086
0.21873260661959648
0.11674774996936321
0.10832556709647179
0.07116468250751495
0.1545934770256281
0.07081872038543224
0.0379808135330677
0.12720014667138457
0.20005829073488712
0.09303476940840483
0.13846819940954447
0.11774145532399416
0.14657808654010296
0.1959299435839057
0.08360353205353022
0.06251525413244963
0.10063397604972124
0.07597970403730869
0.12506383191794157
0.08646066207438707
0.17189812054857612
0.05743336118757725
0.0747275473549962
0.11537666525691748
0.12534981174394488
0.06000460498034954
0.10799006186425686
0.2117132879793644
0.09932503383606672
0.0701686954125762
0.20019687712192535
0.12862256029620767
0.14868265949189663
0.1798841655254364
0.14067025389522314
0.07686986774206161
0.11204816494137049
0.0782522028312087
0.07224033214151859
0.07958769705146551
0.0898079015314579
0.16449079662561417
0.12962805572897196
0.1877117156982422
0.16269356943666935
0.1206747405230999
0.10390912368893623
0.17915031872689724
0.12290803901851177
0.059063445776700974
0.09975070599466562
0.09608751349151134
0.11739956215023994
0.11258680652827024
0.11680941563099623
0.1175418570637703
0.23329933639615774
0.12511040829122066
0.1258671898394823
0.07883647736161947
0.07307565677911043
0.10845295153558254
0.14906327333301306
0.12362486496567726
0.07841217704117298
0.1336776241660118
0.1877695471048355
0.1522805686108768
0.23206666484475136
0.10596869885921478
0.08582924772053957
0.17087625712156296
0.1666362639516592
0.054948240518569946
0.06141307717189193
0.07291914336383343
0.11016394384205341
0.1320742554962635
0.08668283373117447
0.1830543428659439
0.1248887088149786
0.08001870568841696
0.1270591113716364
0.07219285517930984
0.15054216980934143
0.13504615798592567
0.134921888820827
0.11121348198503256
0.09344805683940649
0.13244911655783653
0.11511777527630329
0.10970580764114857
0.13083499670028687
0.14847176801413298
0.15864406153559685
0.1400292320176959
0.09326654113829136
0.05645912513136864
0.07069162838160992
0.17061728425323963
0.065144257619977
0.1595964403823018
0.15337962470948696
0.03796258009970188
0.18394250329583883
0.1425069011747837
0.07966874726116657
0.07321884762495756
0.0965097239241004
0.059116597287356853
0.10417629033327103
0.055547007359564304
0.0991964302957058
0.07670900039374828
0.07582905888557434
0.10703937336802483
0.12043326813727617
0.11086592357605696
0.09040240943431854
0.15048097260296345
0.1601362656801939
0.14105892553925514
0.08980923658236861
0.1372545724734664
0.18015433195978403
0.0759578812867403
0.10458936262875795
0.1343648610636592
0.08927678316831589
0.08841155748814344
0.03352569695562124
0.13765348680317402
0.12950093392282724
0.17956757172942162
0.08389331120997667
0.03956986963748932
0.1286919815465808
0.08025071304291487
0.106172364205122
0.05237046256661415
0.08466973761096597
0.09573663584887981
0.1092970073223114
0.09443677309900522
0.10123259481042624
0.06939785089343786
0.040590730495750904
0.0847180150449276
0.05912523437291384
0.15303805470466614
0.08733588689938188
0.029262566938996315
0.07536746002733707
0.06881325040012598
0.14658146910369396
0.11579973809421062
0.08197584934532642
0.07086404040455818
0.20856854133307934
0.11926488298922777
0.10669924225658178
0.060516832396388054
0.12183030135929585
0.07788664475083351
0.11132927611470222
0.12749268859624863
0.15261812694370747
0.05587109783664346
0.11102841049432755
0.09944624733179808
0.08053553570061922
0.11739597655832767
0.08484116103500128
0.10941302869468927
0.06717744003981352
0.09339760430157185
0.03744521923363209
0.09447044413536787
0.09243885520845652
0.1814156868495047
0.04201700910925865
0.06876460555940866
0.10623886249959469
0.10188372246921062
0.0912421178072691
0.07155531598255038
0.08190184831619263
0.10870859771966934
0.15149162337183952
0.06320850178599358
0.11942649446427822
0.11507533490657806
0.06919858418405056
0.11199865955859423
0.16432700119912624
0.07571188360452652
0.07622838672250509
0.0598630215972662
0.12014238722622395
0.05103234760463238
0.054378340020775795
0.09808246977627277
0.11627905629575253
0.12236931268125772
0.08257266879081726
0.07324238494038582
0.09583392040804029
0.07025096379220486
0.14220045506954193
0.08082846086472273
0.0996185690164566
0.11757036903873086
0.14779335632920265
0.1077185682952404
0.0938865328207612
0.09723820956423879
0.05769347818568349
0.19731402024626732
0.07060776837170124
0.11157408589497209
0.03484482690691948
0.07834000512957573
0.06896084127947688
0.0981592913158238
0.13859918899834156
0.1252941582351923
0.09825245477259159
0.0438312878832221
0.16339675895869732
0.12287440616637468
0.045111048966646194
0.08128385804593563
0.033316136337816715
0.15615120716392994
0.11491748504340649
0.09545732289552689
0.09406182682141662
0.07901528850197792
0.10181760136038065
0.08792541269212961
0.08494873950257897
0.06035768799483776
0.14170429669320583
0.12337487749755383
0.07340346463024616
0.09751003421843052
0.06649555638432503
0.09353302326053381
0.12428693007677794
0.08795575890690088
0.08356053754687309
0.053449529223144054
0.12497415207326412
0.1036691851913929
0.09005626570433378
0.09673970518633723
0.09110551420599222
0.05566851980984211
0.11634302698075771
0.07532594259828329
0.05855849292129278
0.13647786993533373
0.13734942115843296
0.0989803047850728
0.05013829842209816
0.06289709359407425
0.13077530451118946
0.05139814503490925
0.08223612140864134
0.10251073678955436
0.08638494648039341
0.1177638079971075
0.08842546585947275
0.06305140582844615
0.10109764337539673
0.07100184308364987
0.10738128842785954
0.0738302581012249
0.11999458074569702
0.10787476971745491
0.12128003314137459
0.12768625933676958
0.0396585613489151
0.08033146988600492
0.08429400157183409
0.062428228091448545
0.14649372920393944
0.10776954982429743
0.09812059998512268
0.06015419773757458
0.10779199050739408
0.09436239115893841
0.10425338055938482
0.08665890246629715
0.13209736347198486
0.12059997580945492
0.1349608637392521
0.11145244538784027
0.09264533314853907
0.08491139207035303
0.08202850259840488
0.06558013055473566
0.14092255104333162
0.05287821590900421
0.14730976521968842
0.10925260931253433
0.15273901633918285
0.11762532964348793
0.09200762771070004
0.11157632153481245
0.044270652346313
0.10547478124499321
0.10582809336483479
0.06350766867399216
0.11604139115661383
0.12829143926501274
0.10052641946822405
0.09556313883513212
0.05046669999137521
0.06538085453212261
0.07711699744686484
0.11989197973161936
0.08856157399713993
0.10506203770637512
0.09869665559381247
0.11538564879447222
0.13849254790693521
0.06820374727249146
0.09390377858653665
0.14204341731965542
0.12063075322657824
0.07301481068134308
0.09802354499697685
0.07470785919576883
0.09428729675710201
0.06966192927211523
0.10083655547350645
0.06730883475393057
0.03200092585757375
0.094131032936275
0.09423291124403477
0.09190897364169359
0.09717522375285625
0.12477543856948614
0.11074716877192259
0.14971334300935268
0.11272176261991262
0.07678121235221624
0.08271512249484658
0.1373300924897194
0.09509261976927519
0.03987641166895628
0.09605097491294146
0.13708569761365652
0.08167699445039034
0.1486885342746973
0.13264326751232147
0.043758949264883995
0.11458767764270306
0.06538434093818069
0.071925925090909
0.15239143185317516
0.084788559935987
0.0758826332166791
0.1275220550596714
0.07957382500171661
0.0770960315130651
0.0631055235862732
0.05472588445991278
0.06836468260735273
0.15504863485693932
0.0940323993563652
0.09537955606356263
0.08628044370561838
0.1159610329195857
0.10772365424782038
0.07321110554039478
0.08733175694942474
0.05476249661296606
0.08959170570597053
0.12410595826804638
0.12646831013262272
0.08832522109150887
0.14802482910454273
0.06603930843994021
0.03800710756331682
0.10894062835723162
0.07570669706910849
0.07313061971217394
0.07857683068141341
0.1316182054579258
0.08200283348560333
0.13022594526410103
0.10657068621367216
0.0741781685501337
0.053371562622487545
0.06490665255114436
0.0605187751352787
0.0389035539701581
0.07860412169247866
0.07048238161951303
0.046664542984217405
0.13361514080315828
0.059297277592122555
0.06775320786982775
0.06671148352324963
0.11087591573596
0.032725065015256405
0.1025751568377018
0.13078936701640487
0.03647574130445719
0.08153109811246395
0.03410130785778165
0.07346714194864035
0.03651561914011836
0.10133503936231136
0.09755366947501898
0.06596702476963401
0.05471969302743673
0.0648886589333415
0.04340718686580658
0.030306819826364517
0.054891400039196014
0.051555104088038206
0.07320775091648102
0.03713352093473077
0.06118374690413475
0.06172072747722268
0.051537592895329
0.09345274837687612
0.07324349973350763
0.049211089964956045
0.0465700589120388
0.08116803783923388
0.07633692631497979
0.04899695236235857
0.0856796894222498
0.08118221536278725
0.02987660327926278
0.04203691892325878
0.04952057637274265
0.04552200436592102
0.07598087564110756
0.031111254822462797
0.03745906660333276
0.05645447503775358
0.06261580996215343
0.04679264035075903
0.06148513872176409
0.07729236967861652
0.04220964200794697
0.0841219387948513
0.07563042314723134
0.04660141980275512
0.06305391620844603
0.04422282334417105
0.04755523335188627
0.09305835515260696
0.03571321815252304
0.05442511476576328
0.051455271895974874
0.06454272288829088
0.04098806623369455
0.03839493729174137
0.05426080711185932
0.0640454301610589
0.05805580597370863
0.07754030637443066
0.05247584218159318
0.0595658621750772
0.03797632362693548
0.030882541090250015
0.05472237151116133
0.08397525735199451
0.05600024666637182
0.04411006532609463
0.04544642101973295
0.0643328633159399
0.05847457656636834
0.059593820944428444
0.048984477296471596
0.07594027277082205
0.05665069166570902
0.03550810646265745
0.04588858690112829
0.0460764835588634
0.050015900284051895
0.060601879842579365
0.0314634433016181
0.03972384566441178
0.03901112265884876
0.06086621759459376
0.050461795181035995
0.07297962252050638
0.05304831080138683
0.046725666616111994
0.05925345979630947
0.05000205244868994
0.058525688014924526
0.03392557520419359
0.04880977515131235
0.03493522992357612
0.07734912633895874
0.027644900605082512
0.06829547695815563
0.036538247019052505
0.06469631660729647
0.031709917820990086
0.04039876163005829
0.0667267725802958
0.06730819679796696
0.062474848702549934
0.09086418710649014
0.0609107855707407
0.04205244313925505
0.030760894995182753
0.09525244310498238
0.040243037045001984
0.06290261819958687
0.06493265368044376
0.03712252527475357
0.052139666862785816
0.04376793233677745
0.050328588113188744
0.03428592439740896
0.03023854224011302
0.050201420206576586
0.03419011551886797
0.018167671281844378
0.048374688252806664
0.06429250631481409
0.06207126937806606
0.08576149493455887
0.07656531501561403
0.05786188505589962
0.03509638039395213
0.07431405922397971
0.046442607417702675
0.03491738624870777
0.05993395997211337
0.06138565484434366
0.051231054589152336
0.029077907092869282
0.04543246794492006
0.07400304824113846
0.05110129760578275
0.06867143139243126
0.03113987948745489
0.09495688322931528
0.04878930188715458
0.04061223240569234
0.060241599567234516
0.035044364631175995
0.04346127202734351
0.08938135486096144
0.09965351410210133
0.06683141179382801
0.055512017570436
0.08357901871204376
0.040624224580824375
0.04347269097343087
0.04288399266079068
0.036663361359387636
0.07995546795427799
0.0666402792558074
0.06300856359302998
0.0561413187533617
0.10631915740668774
0.09958270099014044
0.08650348894298077
0.10332134272903204
0.0763712041079998
0.11282875761389732
0.03851520083844662
0.08513121493160725
0.09077221620827913
0.12197190895676613
0.09051140677183867
0.043688693549484015
0.0423110518604517
0.06400864943861961
0.05578522430732846
0.05348619073629379
0.08167246449738741
0.05289985705167055
0.09814505092799664
0.04426218196749687
0.16378808580338955
0.055640803184360266
0.14332615677267313
0.12265298329293728
0.15170896612107754
0.08528243843466043
0.09633293934166431
0.12458980828523636
0.07509748172014952
0.09141189977526665
0.06032874062657356
0.07023394107818604
0.06187498522922397
0.07091992255300283
0.10270031495019794
0.14312072563916445
0.045080105774104595
0.08821933902800083
0.13460377976298332
0.039095033425837755
0.06451400462538004
0.09365793038159609
0.07933635823428631
0.07494514714926481
0.102777648717165
0.07308006100356579
0.10314711811952293
0.129253838211298
0.05041534127667546
0.06627969071269035
0.10018710047006607
0.10346648283302784
0.047662642784416676
0.12674428895115852
0.2025972232222557
0.11107710748910904
0.12674951739609241
0.05942233977839351
0.09188200626522303
0.10340722557157278
0.09838365949690342
0.1024469118565321
0.06657152995467186
0.12791998032480478
0.07479842659085989
0.10440553724765778
0.08558223024010658
0.06558750476688147
0.13119352655485272
0.15270210057497025
0.08159807976335287
0.035875712521374226
0.11146826390177011
0.09923426155000925
0.13336939178407192
0.06076692044734955
0.0627467492595315
0.062151155434548855
0.11156169604510069
0.054719604551792145
0.06515097431838512
0.04947024770081043
0.1244254456833005
0.06451750779524446
0.10835479572415352
0.0605459725484252
0.05071996105834842
0.0719577930867672
0.0939249824732542
0.06450738199055195
0.12075712811201811
0.11105036735534668
0.11625312827527523
0.11681609693914652
0.08326900657266378
0.06880543474107981
0.13711525686085224
0.06890863180160522
0.14196982607245445
0.06521310005337
0.06973913218826056
0.14892095793038607
0.038832342717796564
0.09578238986432552
0.07474754843860865
0.09649969637393951
0.17097238451242447
0.06794826034456491
0.08527942653745413
0.0698496769182384
0.04242412745952606
0.09710311703383923
0.06628611776977777
0.08164918143302202
0.09566868282854557
0.07815135270357132
0.08407051675021648
0.06902834074571729
0.07761329505592585
0.11046112328767776
0.05221191491000354
0.0438482197932899
0.13558457419276237
0.030792715959250927
0.08557152841240168
0.052404602989554405
0.09495287667959929
0.08995685400441289
0.10756698809564114
0.05404323618859053
0.08438657643273473
0.03288600780069828
0.10513154231011868
0.08314993046224117
0.09235520288348198
0.12266814522445202
0.0845187776722014
0.06460431031882763
0.1599819203838706
0.044305508490651846
0.08708314271643758
0.07106202002614737
0.08009582851082087
0.08554817410185933
0.15579536743462086
0.05989577854052186
0.17706440389156342
0.08615901507437229
0.09514626581221819
0.11946824193000793
0.07924697967246175
0.08773909788578749
0.06600776640698314
0.09921915852464736
0.14063851814717054
0.04583729850128293
0.16331958025693893
0.08619554061442614
0.07680887915194035
0.06994993286207318
0.053160092793405056
0.18317366391420364
0.08314943313598633
0.06981910532340407
0.1057930588722229
0.10348760336637497
0.15624933131039143
0.05096657294780016
0.10079862549901009
0.09941306337714195
0.03204182907938957
0.12208528816699982
0.09229882340878248
0.09341865219175816
0.07139877788722515
0.1265866355970502
0.07950596511363983
0.08017168380320072
0.0710705085657537
0.07485178019851446
0.10157770104706287
0.11546876188367605
0.050821869634091854
0.06731938757002354
0.13577154278755188
0.07094249874353409
0.10858359839767218
0.08859351184219122
0.1009902898222208
0.14247123524546623
0.11029288172721863
0.08060694299638271
0.09578134678304195
0.0803293390199542
0.09937953064218163
0.06769824121147394
0.08353940024971962
0.09045642847195268
0.07849232479929924
0.11274868482723832
0.1620403788983822
0.0711126932874322
0.03945200424641371
0.13602634146809578
0.07485018204897642
0.10353031754493713
0.06277092406526208
0.09139373525977135
0.08808962302282453
0.0747553501278162
0.10715788369998336
0.15733401104807854
0.07143196929246187
0.07597415847703815
0.08255571499466896
0.04632583912461996
0.13246555998921394
0.08204943221062422
0.07849060464650393
0.10008126311004162
0.07410862389951944
0.05350597552023828
0.09418503940105438
0.05257010646164417
0.049357824958860874
0.06972132530063391
0.09550412511453032
0.04352740757167339
0.08887311071157455
0.10424580052495003
0.1317947944626212
0.138490941375494
0.10140770394355059
0.08403545618057251
0.09465414099395275
0.09464652370661497
0.13057105708867311
0.162126780487597
0.12595564872026443
0.04216151963919401
0.05134687852114439
0.048892817460000515
0.05930850887671113
0.08414046093821526
0.07639448717236519
0.06868487037718296
0.0855457317084074
0.0741670960560441
0.09461697842925787
0.06034952402114868
0.09262190200388432
0.07832508720457554
0.07101972540840507
0.1328697595745325
0.10264473408460617
0.04024839960038662
0.10595656558871269
0.09248635172843933
0.05446581030264497
0.1263734120875597
0.09070269903168082
0.07453740108758211
0.09262265264987946
0.0741374921053648
0.11729906871914864
0.06658480316400528
0.07888946682214737
0.10812368988990784
0.08193003572523594
0.14401481673121452
0.15612052008509636
0.0511895464733243
0.04688399704173207
0.13189033046364784
0.10279994737356901
0.06528227310627699
0.06439572013914585
0.07632566429674625
0.09320005960762501
0.054248913656920195
0.08129604998975992
0.08229852095246315
0.09795215539634228
0.07156750001013279
0.11285495944321156
0.08523252326995134
0.08790007419884205
0.06306345574557781
0.10976590309292078
0.07773466408252716
0.0653152815066278
0.09167656255885959
0.08097591623663902
0.0684554404579103
0.08346584159880877
0.07544740289449692
0.13444410171359777
0.06883761705830693
0.10480010090395808
0.10634673107415438
0.062381796073168516
0.07334067672491074
0.08797961380332708
0.07394286198541522
0.0374524025246501
0.11076907813549042
0.10803484357893467
0.10000712890177965
0.0683424947783351
0.06711317412555218
0.13009047880768776
0.06960499659180641
0.09236256778240204
0.1067710854113102
0.10990829952061176
0.09791884198784828
0.09095966815948486
0.09809528477489948
0.08561740163713694
0.1667591817677021
0.127257427200675
0.10952237620949745
0.07237086072564125
0.06423418316990137
0.04201774159446359
0.058683911338448524
0.09734074771404266
0.10349719412624836
0.08553832769393921
0.13662492483854294
0.08268052153289318
0.061206051148474216
0.05322962813079357
0.06566034443676472
0.039695837534964085
0.04846975300461054
0.07833815086632967
0.09375602938234806
0.08410072326660156
0.10958937788382173
0.07168047409504652
0.056064889300614595
0.05484812706708908
0.08814950287342072
0.10223796218633652
0.07152867317199707
0.12245669402182102
0.0801369696855545
0.05592256225645542
0.08753390610218048
0.1035340204834938
0.08106865175068378
0.08280435018241405
0.09521211218088865
0.09596261195838451
0.1203090287744999
0.07563103456050158
0.08080044575035572
0.11110028810799122
0.07059342274442315
0.05970731005072594
0.06771739758551121
0.10862481780350208
0.10677384212613106
0.10121569409966469
0.06303420383483171
0.06841735169291496
0.10230254381895065
0.1040369225665927
0.05802039988338947
0.11934690736234188
0.05077255330979824
0.1030417624861002
0.14105000719428062
0.08957812748849392
0.07588265277445316
0.0937846009619534
0.0863953628577292
0.10108096618205309
0.056146619375795126
0.08555010100826621
0.09490911476314068
0.1201376412063837
0.049892788752913475
0.12920652702450752
0.11866513267159462
0.06048167962580919
0.09414329379796982
0.07670863438397646
0.08206609450280666
0.07894342392683029
0.0660293148830533
0.12894044071435928
0.139194218441844
0.169850155711174
0.12059509661048651
0.04336161119863391
0.06647941935807467
0.08126312866806984
0.12066877819597721
0.09031971544027328
0.12437559268437326
0.1481837835162878
0.10767223592847586
0.07341997651383281
0.13192006386816502
0.09355005761608481
0.13711531460285187
0.10703074280172586
0.09289461560547352
0.14145870134234428
0.09133690036833286
0.11471931729465723
0.1295512579381466
0.09751253016293049
0.11230407655239105
0.15457155089825392
0.10078323911875486
0.0823417347855866
0.0629219301044941
0.12984335981309414
0.1425038017332554
0.09891964495182037
0.12693774979561567
0.10730747506022453
0.11004088819026947
0.1179851470515132
0.11117349099367857
0.15095506981015205
0.0856916755437851
0.1189304031431675
0.10125690512359142
0.08371214754879475
0.11748230829834938
0.10923943296074867
0.14912907779216766
0.09758848138153553
0.10220145434141159
0.07641145586967468
0.11068128421902657
0.14491085521876812
0.10757582169026136
0.09882260486483574
0.12068331800401211
0.08429481647908688
0.16492946818470955
0.07787713734433055
0.14147184416651726
0.08877584058791399
0.13558366429060698
0.09083187580108643
0.09382354374974966
0.2069198600947857
0.14374587684869766
0.12882816139608622
0.07516308454796672
0.14761101081967354
0.09705134714022279
0.05141308531165123
0.15775475278496742
0.04288965743035078
0.0924896732904017
0.08631050772964954
0.19749846681952477
0.134059464558959
0.1920353453606367
0.08378337323665619
0.17544211354106665
0.10568323731422424
0.17098591290414333
0.11610455950722098
0.13693113066256046
0.10639491910114884
0.13447648845613003
0.1290082368068397
0.1221749596297741
0.17019385285675526
0.17732094787061214
0.12329341750591993
0.2214928288012743
0.09846122469753027
0.1039497796446085
0.1284598745405674
0.10897263884544373
0.06858873274177313
0.09387275204062462
0.1690645171329379
0.122278593480587
0.10094907134771347
0.0921860821545124
0.12487483024597168
0.14049221202731133
0.14310551434755325
0.1309264972805977
0.1423911452293396
0.18330657482147217
0.15365387499332428
0.12012623995542526
0.18701856769621372
0.16862913686782122
0.0764995813369751
0.06760401371866465
0.10828493442386389
0.10488000325858593
0.07924686372280121
0.13903574831783772
0.11411543004214764
0.10657973028719425
0.1266061090864241
0.1709185652434826
0.09468434005975723
0.17522042710334063
0.13165352493524551
0.08769632317125797
0.1462273057550192
0.11588167306035757
0.09517083689570427
0.047417870722711086
0.12794730253517628
0.05868622474372387
0.04343327600508928
0.06727854069322348
0.1007298156619072
0.11696373671293259
0.08606403833255172
0.08132930845022202
0.15475687757134438
0.11159189511090517
0.08646721765398979
0.07490112632513046
0.11803648062050343
0.07263130974024534
0.17313694208860397
0.12996546644717455
0.11598430294543505
0.12255814205855131
0.17358719557523727
0.050382036715745926
0.12983748316764832
0.09799353871494532
0.1161107630468905
0.0532587980851531
0.11197333503514528
0.08183232694864273
0.17741701006889343
0.05958622740581632
0.1541934460401535
0.0357876755297184
0.06320423213765025
0.07010218966752291
0.1548160957172513
0.10919808596372604
0.04158347472548485
0.1584468767978251
0.060547401662915945
0.1325755938887596
0.10660929791629314
0.056200203485786915
0.14342507906258106
0.14524291642010212
0.16155468858778477
0.09277504403144121
0.06341441534459591
0.11810651235282421
0.07502238731831312
0.06786703132092953
0.10013585444539785
0.11087013222277164
0.14085154421627522
0.050739876460283995
0.07558899652212858
0.10890270955860615
0.07328276196494699
0.1200072169303894
0.07032574387267232
0.052667999640107155
0.0641603646799922
0.06682632537558675
0.12788147572427988
0.11680789943784475
0.07173111196607351
0.15719493571668863
0.050317383371293545
0.07941748760640621
0.10973571240901947
0.08078925311565399
0.10875645559281111
0.10143644735217094
0.06742046633735299
0.08266990259289742
0.1060673026368022
0.15719755738973618
0.10813613049685955
0.125931893941015
0.13214639853686094
0.08141150418668985
0.1317986510694027
0.07115994906052947
0.08991786697879434
0.08532413840293884
0.047628470696508884
0.08184449095278978
0.11590439919382334
0.055676739662885666
0.12154459208250046
0.1924900384619832
0.09361609164625406
0.05862358445301652
0.050609029829502106
0.08302708249539137
0.10510899219661951
0.04804251017048955
0.09972304571419954
0.07044277805835009
0.08131830114871264
0.043844069354236126
0.10939984489232302
0.10168185457587242
0.0885143568739295
0.12177006294950843
0.12032112991437316
0.07452164450660348
0.10259908996522427
0.04792840499430895
0.06883501634001732
0.11228151712566614
0.04851149208843708
0.14374855905771255
0.12052555661648512
0.09324364457279444
0.05570358224213123
0.07664831634610891
0.09098481759428978
0.11516900546848774
0.07587184850126505
0.08888628892600536
0.05407101660966873
0.07984985504299402
0.040966310538351536
0.10542107652872801
0.06362240668386221
0.10069893207401037
0.0726484302431345
0.03311448683962226
0.06724006868898869
0.07435999624431133
0.1411237269639969
0.11355857085436583
0.09375202469527721
0.18501667212694883
0.07695277407765388
0.09382070414721966
0.1119798175059259
0.08343825303018093
0.12419448420405388
0.10956912580877542
0.16373791173100471
0.12332268804311752
0.056599522940814495
0.06777547532692552
0.0701188137754798
0.05363892996683717
0.10764673631638288
0.08017873950302601
0.062136891297996044
0.07856651954352856
0.09044697508215904
0.11522906878963113
0.08445824030786753
0.1021390575915575
0.04622554127126932
0.09789864253252745
0.09491409594193101
0.08355930214747787
0.09896377380937338
0.10753079131245613
0.07228139974176884
0.09585045464336872
0.11473811231553555
0.17061349004507065
0.07474557496607304
0.08492115046828985
0.06123051652684808
0.10015924647450447
0.08593164384365082
0.09876126144081354
0.13198578916490078
0.06739489827305079
0.02909758733585477
0.10094380378723145
0.09793930128216743
0.1328932587057352
0.080239811912179
0.08605155907571316
0.09430286474525928
0.05976464506238699
0.07286993926391006
0.036792533472180367
0.07020773412659764
0.1341077107936144
0.05772480834275484
0.10052046924829483
0.09516468411311507
0.078144078142941
0.10244844853878021
0.08846256090328097
0.1470508761703968
0.05491188261657953
0.09960055630654097
0.06833020877093077
0.06330408155918121
0.08793020527809858
0.11881767679005861
0.12904165498912334
0.03642820753157139
0.08386853709816933
0.06765226647257805
0.03243722766637802
0.03835997171700001
0.0886258902028203
0.1335554253309965
0.0533974627032876
0.1153844352811575
0.11558730900287628
0.07571480330079794
0.04253382096067071
0.08371782395988703
0.07201460469514132
0.08014195133000612
0.10686890874058008
0.06803623773157597
0.09022948611527681
0.037056547589600086
0.09289082372561097
0.08010966423898935
0.036937277764081955
0.08398742787539959
0.0854530856013298
0.11613467335700989
0.09066875884309411
0.08754430525004864
0.13034173380583525
0.13836650550365448
0.13067039102315903
0.08970292005687952
0.11402189545333385
0.14005764946341515
0.0615783235989511
0.10408301651477814
0.08395520225167274
0.05487031675875187
0.07733406499028206
0.07980997581034899
0.08375938376411796
0.06001646630465984
0.10466566495597363
0.15140072256326675
0.08723282301798463
0.09055580291897058
0.08443779591470957
0.11032182490453124
0.06926588853821158
0.11206538742408156
0.07877246476709843
0.08772694692015648
0.08480400824919343
0.03181015281006694
0.11286814697086811
0.04993487522006035
0.05516704870387912
0.090790044516325
0.13525395281612873
0.06443432625383139
0.03332038875669241
0.06648296350613236
0.09753044880926609
0.035265080630779266
0.07895904267206788
0.027583234943449497
0.04525873763486743
0.07735563488677144
0.04701566882431507
0.07650082092732191
0.06498043378815055
0.03101046895608306
0.0714591913856566
0.08387750945985317
0.03982806205749512
0.06912561738863587
0.10350513271987438
0.04305040370672941
0.06825733743607998
0.09408108331263065
0.09764598309993744
0.0697092586196959
0.12079606857150793
0.09689722722396255
0.06801274372264743
0.05372507544234395
0.0521028540097177
0.0869950344786048
0.059973977506160736
0.1024350905790925
0.045468403957784176
0.0492480443790555
0.15147546445950866
0.09278664458543062
0.0856552291661501
0.022959968075156212
0.06940607028082013
0.0682673032861203
0.045537310652434826
0.026596634183079004
0.10919224750250578
0.052887382451444864
0.05577932670712471
0.10653642052784562
0.03954937891103327
0.03933351067826152
0.07268463168293238
0.05288363713771105
0.06884825369343162
0.047049597604200244
0.06325479131191969
0.06664847722277045
0.05541404243558645
0.09097974933683872
0.06891606911085546
0.05344988917931914
0.03854849608615041
0.051172790583223104
0.07125179842114449
0.031730419024825096
0.10759003367275
0.049701389856636524
0.03652686066925526
0.027273614425212145
0.034607091918587685
0.10772138088941574
0.07545602228492498
0.07331340294331312
0.04716249089688063
0.03832602174952626
0.12804111698642373
0.030778566375374794
0.07149471156299114
0.07253881474025548
0.09207508992403746
0.06462821923196316
0.09045613976195455
0.07400061376392841
0.02191839972510934
0.026201682863757014
0.04556534020230174
0.03995386650785804
0.03083909722045064
0.06899514142423868
0.04337442805990577
0.10267894342541695
0.044451307971030474
0.04227873403578997
0.0826285881921649
0.02427088003605604
0.0434197757858783
0.0719978897832334
0.03325180197134614
0.0395282506942749
0.029038174310699105
0.09618596034124494
0.034501911140978336
0.04310456616804004
0.021407983265817165
0.07059590378776193
