None
None
None
None
None
None
None
None
None
None
None
None
None
None
None
None
None
None
None
None
None
None
None
None
None
None
None
None
None
None
None
None
None
None
None
None
None
None
None
None
None
None
None
None
None
None
None
None
None
None
None
None
None
None
None
None
None
None
None
None
None
None
None
None
None
None
None
0.8015825543552637
0.7473213281482458
0.7909490000456572
0.7244009412825108
0.7292135152965784
0.81678182259202
0.8045366294682026
0.8448992427438498
0.7802476808428764
0.7203434389084578
0.5993804167956114
0.6432317076250911
0.7078490164130926
0.675371615216136
0.6846817526966333
0.6578474482521415
0.6096045486629009
0.6885453937575221
0.486508175265044
0.5976883852854371
0.38351314468309283
0.439174675848335
0.4283344738651067
0.35862280149012804
0.3658925658091903
0.1895985567829257
0.13619424070930108
0.02315859899681527
0.00358562043402344
0.17330200743163005
0.047295130643760785
-0.14951850580473547
-0.029402403393760324
-0.2070046939770691
-0.22404726420063525
-0.11470860114786774
-0.1399540735874325
-0.1700675981119275
-0.0034148369159083813
-0.1781498960335739
-0.11392870526469778
-0.07862260485126171
0.07481351310161699
-0.04060868338274304
0.0683400902635185
0.03425848660845077
0.006410239569959231
0.043280532117933035
0.04477817018778296
0.028485305607318878
-0.11844829737674445
-0.0507990775295184
-0.039755971723934636
-0.17001416278071702
-0.04084140817576554
-0.1062316011521034
-0.06271238095359877
-0.07887197281525005
-0.006895154634548817
-0.13601217645555153
-0.06077810343413148
-0.04940046841875301
0.026017334981588647
-0.053243374364683405
0.1089260459975776
-0.01279981987318024
0.031025381196741364
0.04177555794012733
-0.10365171193552669
-0.08709921792615205
-0.11437950254185125
-0.22526914277113974
-0.23291169010917656
-0.18994805653346702
-0.1840671868994832
-0.09973700426053256
-0.06638434517662972
-0.02708612561582413
-0.020486143796006218
-0.11725249392475234
-0.060905667720362544
-0.040348051057662815
-0.09495412456453778
0.03296214957663324
-0.052819503005594015
0.09458602487575263
-0.003910142151653417
-0.01668438292108476
-0.07458991056773812
-0.08759459981229156
-0.07801576633937657
-0.28519536659587175
-0.30092489905655384
-0.27483215485699475
-0.2483159329276532
-0.2440955294732703
-0.20916495309211314
-0.1662178602775839
-0.19463703472865745
-0.09271748998435214
-0.07799401519878302
-0.003284005564637482
-0.11337731653475203
-0.06801401606207946
0.05579294749622932
-0.04559561764835962
-0.03859847204876132
-0.04065120732411742
-0.14728483313592733
-0.16466707877407316
-0.09675824523583287
-0.09447912371251732
-0.2337786554126069
-0.2303010516334325
-0.2255040709860623
-0.19883404512074776
-0.15792834135936573
-0.10017787426477298
-0.22041712165810168
-0.15621244441717863
-0.30172572197625414
-0.07770389260258526
-0.11517598645878024
-0.21248080767691135
-0.15634662087541074
-0.25313185597769916
-0.014830670770606957
-0.14098045568243833
-0.03961412790522445
-0.08625040434708353
-0.20545892789959908
-0.21597406698856503
-0.17720786901190877
-0.29588940215762705
-0.13851661296212114
-0.22114868786593433
-0.18800093960453523
-0.1280293797244667
-0.1271752252796432
-0.11720216157846153
-0.023724718106677756
-0.07982012338470668
-0.11937243595275504
-0.2984806181048043
-0.25906029787438456
-0.27010185475228354
-0.23368742360617034
-0.22330475624767132
-0.38111167680472136
-0.10311376460595056
-0.21486224082764238
-0.12419953482458368
0.004871941207966302
-0.12643018254311755
-0.09165235253749415
-0.2695250096730888
-0.12207601370755583
-0.1803120792901609
-0.3096598912961781
-0.15533941416470043
-0.14110418080963427
-0.23040845431387424
-0.08685430104378611
-0.24800135732220951
-0.22837693453766406
-0.24852032749913633
-0.40148819517344236
-0.2817216604016721
-0.2394326323410496
-0.2645997616928071
-0.19225904078484746
-0.0713648999662837
-0.08125816163737909
-0.15937518858117983
-0.1929014272755012
-0.19613834121264517
-0.2591787570854649
-0.2695197860011831
-0.2183983636496123
-0.3124990938231349
-0.20145700187640614
-0.32952730753459036
-0.1452019748976454
-0.11885630422329996
-0.26622988609597087
-0.1461136710131541
-0.11519284103997052
-0.37300345627591014
-0.18493823494645767
-0.27398269926197827
-0.43346834089607
-0.24006255948916078
-0.1875313040218316
-0.11149815530370688
-0.09147843068058137
-0.13272698287619278
-0.1159819953609258
-0.21562031051144004
-0.3212301665917039
-0.41147523024119437
-0.3946490295929834
-0.40388475148938596
-0.39520219434052706
-0.2587411486892961
-0.13362717781319589
0.03707112034317106
-0.09333422852796502
-0.0070551399840041995
-0.004837061773287132
-0.3133717951714061
-0.17185813761898316
-0.3672873579780571
-0.3438330802600831
-0.11126805341336876
-0.35512754530645907
-0.32374918833374977
-0.34478357585612684
-0.2751465665642172
-0.3159933398710564
-0.23612766295991605
-0.04901899030664936
-0.19875409977976233
0.017529830220155418
-0.10740787423128495
-0.15965627011610195
-0.3799129875842482
-0.318131766282022
-0.23285601050156401
-0.24475136690307409
-0.20719840287347324
-0.2961886378470808
-0.3958631224813871
-0.29267218615859747
-0.18381340980704408
-0.3161349359279484
-0.3114129258901812
-0.3612070381641388
-0.33758026571013033
-0.16399084066506475
-0.3539728132309392
-0.15200018386531156
-0.2518621905473992
-0.43723288481123745
-0.15120563826349098
-0.35501325444784015
-0.19844661885872483
-0.3874955589417368
-0.3126420676126145
-0.3064659826923162
-0.12206549452093896
-0.22765557619277388
-0.32032983587123454
-0.2838194880678202
-0.23165990346751641
-0.2574483856005827
-0.2089405083679594
-0.10616183237289079
-0.22751939296722412
-0.47098338324576616
-0.31327463930938393
-0.4574210486607626
-0.4149395523709245
-0.3317065604496747
-0.3460058093769476
-0.1960052779468242
-0.19169176509603858
-0.13040883079520427
-0.23732006375212222
-0.2340978677093517
-0.323361334609217
-0.25562304456252605
-0.23064302327111363
-0.4349473570473492
-0.4590695144433994
-0.4636218536179513
-0.5840990007854998
-0.1501233402523212
-0.27101605660573114
-0.10274729365482926
-0.277163373073563
-0.3422512363176793
-0.1508312750956975
-0.19298703235108405
-0.2058282521320507
-0.399111142847687
-0.1952974749437999
-0.4027636263053864
-0.20863751956494525
-0.387534799054265
-0.22756635324913077
-0.20464536163490266
-0.16106438813585555
-0.3249521905963775
-0.15756125620100647
-0.5512459818273783
-0.273485355777666
-0.3009979525813833
-0.2948446699883789
-0.2192714859265834
-0.5161016704514623
-0.22188253328204155
-0.1543799382634461
-0.2678233772458043
-0.19648652538307942
-0.2951519654598087
-0.4804312866181135
-0.3434479142888449
-0.3298812356078997
-0.4701012307195924
-0.45615475764498115
-0.19559235661290586
-0.3132593254558742
-0.2196464654407464
-0.3589801190828439
-0.42152987932786345
-0.24883256520843133
-0.20165108382934704
-0.1823085193427687
-0.11660065475734882
-0.30151428846875206
-0.4278388134262059
-0.1196650475540082
-0.45519736332062166
-0.330640880856663
-0.4240271458402276
-0.3361418297281489
-0.19767459513968788
-0.16731607174733654
-0.4067837451584637
-0.3091407947940752
-0.2469038042363536
-0.3499904100317508
-0.42888755363674136
-0.3431558374577435
-0.43561693557421677
-0.49776499113067985
-0.2556799078010954
-0.5508396233199164
-0.18416441134468187
-0.3278956222347915
-0.35647203074768186
-0.1843628220667597
-0.2325102409813553
-0.2703713185619563
-0.2302314342232421
-0.12649827938730596
-0.4039416862069629
-0.3532064272003481
-0.36269664272003865
-0.4779699179343879
-0.37485325045417994
-0.5279311561316717
-0.41405384277459234
-0.2155640676501207
-0.2970951417228207
-0.39567554724635556
-0.09530723308125744
-0.421895888983272
-0.30766796914394945
-0.25031796388793737
-0.22259626357117668
-0.19895098129927646
-0.3161256378807593
-0.3783528180792928
-0.40462333895266056
-0.45970324985682964
-0.35872137697879225
-0.3899218898732215
-0.2979061885853298
-0.42860883427783847
-0.24905372140347026
-0.22471053566550836
-0.168922265918809
-0.25876767630688846
-0.08382331882603467
-0.009934261383023113
-0.1325471110176295
-0.16350138798588887
-0.31152067839866504
-0.6126432423479855
-0.5377768650650978
-0.38352372392546386
-0.34580675861798227
-0.21545425718068145
-0.20213310039252974
-0.17318820219952613
-0.06521175859961659
-0.14960561660700478
-0.1814418805297464
-0.32117003109306097
-0.225690153951291
-0.38219542798015027
-0.2814214943209663
-0.34860388323431835
-0.291239009158744
-0.33165187877602875
-0.3336492885136977
-0.2005553709459491
-0.2889011705847224
-0.3428084645420313
-0.29068154538981616
-0.4810621900760452
-0.2794917499850271
-0.2978328247263562
-0.14261283352971077
-0.12846086273202673
-0.29023903934285045
-0.1492237585480325
-0.303274737438187
-0.20165137120056897
-0.20239368511829525
-0.1024126797565259
-0.09416628170583863
-0.2758407151559368
-0.3350822969805449
-0.291677779663587
-0.2577560480713146
-0.2412436467129737
-0.3050856180489063
-0.17403766546340194
-0.33553080208366737
-0.05057454248890281
-0.24048610861063935
-0.4292943320469931
-0.18840718758292496
-0.2400613558711484
-0.49594960690592416
-0.11694356729276478
-0.20150063408073038
-0.16587285442801658
-0.18423236221315165
-0.2503041983000003
-0.4581087034312077
-0.3308374809566885
-0.31322044937405735
-0.26521994115319103
-0.17880520049948245
-0.20994366714148782
-0.3465710849268362
-0.17865236900979653
-0.2932841221918352
-0.1832088121882407
-0.1870200052508153
-0.28100281226215884
-0.3570097447372973
-0.5453524547629058
-0.4809587716590613
-0.12429888837505132
-0.18236086802789941
-0.2663909165712539
-0.24448253236550954
-0.13263308705063537
-0.3822429529391229
-0.4235343030304648
-0.3178183987911325
-0.12744259092141874
-0.15428482690185774
-0.2388979475654196
-0.05173474224284291
-0.1800353010185063
-0.31749084923649207
-0.23528599657583982
-0.27297385862038936
-0.5268626934848726
-0.35657811840064824
-0.5401490880176425
-0.13458838461883715
-0.396914126642514
-0.4666049354709685
-0.2350817669648677
-0.09836750084650703
0.10994178245891817
0.042563378854538314
-0.065122963686008
-0.14671539014670998
-0.36481622140854597
-0.27719861501827836
-0.3037289991043508
-0.15619517373852432
-0.13937521283514798
-0.15470968029694632
-0.1350429666636046
-0.33337475871667266
-0.048457529033271385
-0.15304118976928294
-0.32491548875987064
-0.4325758060440421
-0.35927740461193025
-0.21144667884800583
-0.17214809462893754
-0.25547166023170575
-0.25120655399223324
-0.30358676717150956
-0.05724196101073176
-0.2661512743216008
-0.4302007317310199
-0.4107309980900027
-0.3799846953479573
-0.3538885929156095
-0.28470367181580514
-0.22460122866323218
-0.06595237497094786
0.05582782607234549
-0.13959914701990783
-0.21132493863115087
-0.01696170974173583
-0.17020909255370498
-0.31052722223103046
-0.26906579069327563
-0.3966714167036116
-0.3029784328537062
-0.46464341413229704
-0.4114188600797206
-0.14447475051201764
-0.13123911790899
-0.10500526415125933
-0.11599616137391422
0.07277996985067148
0.025661557563580573
-0.1617553222895367
-0.19645099609624594
-0.3306168920826167
-0.3545633240137249
-0.08880568901076913
-0.11427541599597646
-0.12617964543460403
-0.1783181152131874
-0.09107149425108219
-0.35842564050108194
-0.22361514504882507
-0.08736091645550914
-0.14218278115731664
-0.36839807336218655
-0.14144986274186522
-0.18580253911204636
-0.20398739652591757
-0.200078799342009
-0.38453154437593184
-0.17760072073724587
-0.22544296856358415
-0.0071208804547495674
0.032146919751539826
-0.09578597414656542
-0.13417848649987718
-0.2194486408843659
-0.40105775371193886
-0.38383543537929654
-0.3959082020446658
-0.28854605584638193
-0.13065382839704398
-0.1526788720220793
-0.19221553462557495
-0.04076213313965127
-0.21764050755882636
-0.3014232172863558
-0.19803190385573544
-0.17682902910746634
-0.3295733285485767
-0.23439630278153345
-0.22848875000636326
-0.08088346532167634
-0.046956817590398714
0.08354229646283784
0.027860293375852052
0.05571529557346366
-0.07685858686454594
-0.46037666499614716
-0.29024420108180493
-0.390204259660095
-0.37229657963325735
-0.19081302713311743
-0.17644054408447118
-0.014675074238766683
0.014400707081222208
0.1069561091644573
0.04232497877092101
-0.05856231509096688
-0.09905628504930064
-0.2211442708503455
-0.17791255039628595
-0.3276714032981545
-0.21820175304310396
-0.23012659465894103
-0.1472165667801164
-0.06985225049720611
0.029508513631299138
0.1250005318725016
-0.016115090998937376
-0.09118083693465451
-0.01250973209971562
-0.20837869541719556
-0.24190754783921875
-0.41298131545772776
-0.3426447487436235
-0.4001390167977661
-0.16936335926584434
-0.14382162474794313
-0.1081335819362721
0.005438023275928572
0.06856312998570502
0.1361104625975713
0.04805281586595811
-0.006959651771467179
-0.09253483726934064
-0.257954177854117
-0.3034796688007191
-0.24271799996495247
-0.30102215765509754
-0.25976192543748766
-0.08947499814530602
-0.11555221455637366
-0.15248979939497076
0.0021900016581639647
0.013304906198754907
-0.18902874467312358
0.02513032547722105
-0.07623743986187037
-0.2161303199682152
-0.18229206412797794
-0.23472346714697778
-0.12077434140519472
-0.11443777283420786
-0.05606066567997914
-0.07551501096168067
-0.00424399200710468
0.0010697596590034664
-0.19354413403198123
-0.15148357296857284
-0.09086611020029522
-0.2722389408154413
-0.06446178880287334
-0.18419334009013255
-0.030206503692170372
-0.15941436734283343
-0.010921505570877343
-0.042483145367441466
-0.05033460665435996
-0.06690479695680551
-0.19171634923986858
-0.0872894601641292
-0.12435147439828143
-0.15841022692620754
-0.13921200151526136
-0.05379001053006505
-0.08369409468286904
-0.2012658225139603
0.04406517019378953
-0.1575647060603842
-0.21752813190687448
-0.11700122484489839
-0.07380416378146037
-0.16061755392001942
-0.07474917836225359
-0.02816013342817314
-0.044717126482282765
-0.26407581218518317
-0.18834425049135461
-0.21225389710161835
-0.11544316895742668
-0.0753997019783128
-0.0943557161372155
-0.128477095218841
-0.09204784227767959
-0.1020767128065927
-0.0793047404004028
-0.17144490778446198
-0.28964089206419885
-0.32723282428923994
-0.21384462284913752
-0.18590605494682677
-0.14464727087761275
-0.010904231116001029
0.1060678529611323
0.0020354747830424458
-0.04071974693215452
0.07915447535924613
-0.08570176301873289
-0.2580925226211548
-0.21008066780632362
-0.19545545676373877
-0.27713648311328143
-0.10069859740542597
-0.03233388676017057
-0.008876928841345944
-0.018343057177844457
0.05364783413824625
-0.1561008820644929
-0.18269203003728762
-0.025089954971917905
-0.11882730106299277
-0.22803311183815822
-0.18337179959053174
-0.2306852153269574
-0.010406533619971015
-0.053356909775175154
0.03396194303059019
-0.11520648567238823
-0.26659657614072785
-0.008037412924750242
-0.15921479486860335
-0.1425437399011571
-0.19774643110577017
-0.11625428186380304
-0.13589362811035244
-0.02463434057426639
-0.046455158888420556
-0.05998184348572977
-0.06529029769808403
-0.16627809533383697
-0.25653030327521265
-0.27282260899664834
-0.21749051558435895
0.029793929417792242
-0.032260141175356694
-0.021976987598463893
-0.04161681687401142
-0.12564501209999435
-0.18834730607341044
-0.2855683967936784
-0.17354799984605052
-0.02652425444102846
-0.11800668455543928
-0.08580616151448339
-0.03405418631155044
-0.11503649045334896
-0.18338831681467127
-0.195477104105521
-0.16844083317846525
-0.08238601083576214
-0.13793628742860164
-0.02980176702476456
0.0075683613831643015
-0.05009792163036764
-0.11813749186694622
-0.10038179079128895
-0.2688873477745801
-0.070707500068238
-0.16539579612435773
-0.029353422207350377
-0.17658560887502972
-0.018775949705741368
0.003899349723724299
-0.20461598242400214
-0.12742261795210652
-0.0971994207939133
-0.21342909894883633
-0.08559799854992889
-0.14273669550311752
-0.09797863904532278
-0.04613967559998855
-0.07446495263138786
-0.20014840946532786
-0.169970885530347
-0.12281794468435692
-0.15333498550171498
-0.22529171558471717
-0.004527406352281105
0.09263683859899174
0.12134815561876167
-0.1053893866337603
-0.03663393863826059
-0.1416058154864004
-0.17298365417627792
-0.13942259324539918
-0.0562028660060605
-0.15128289762651548
-0.04409648779255804
0.016717237242119154
-0.1386387721140636
-0.043605422804830596
-0.33298403554363176
-0.22866823806543835
-0.01815860630449606
-0.10540040513660642
-0.018320102220968693
-0.08553924410080072
-0.09808830567635596
-0.14808742713648826
-0.05358502554008737
-0.15843020991087542
-0.19925381826760713
-0.07438675699631858
-0.07082469858869445
-0.13539739105908666
-0.23515240050619468
-0.05377745184068772
-0.10232398992229719
0.0007644896832061931
-0.20667144120670855
-0.1225748197757639
-0.07587956893621595
-0.12278811691066949
0.0013706218815059401
-0.08955244060052792
-0.0031930424156598747
-0.1200725109083578
-0.12599457347823773
-0.07859172032476636
-0.05105693983978199
-0.03711910818674369
-0.04494889284023884
-0.13245771647780202
-0.21557348004716914
-0.11204977339366451
-0.06532785663148388
-0.027335765022144187
-0.2594342458178289
-0.2055862052948214
-0.09538043477368774
-0.020945941564605164
-0.03932621229978395
-0.09272858076656121
-0.03880354802822694
-0.1232718808169011
-0.16040137425079593
-0.03431711826215178
-0.11343598953681067
-0.09897694183746353
-0.2110826165198887
-0.10428548569689156
-0.24053638707846403
-0.19168831596471136
-0.050983346707653254
-0.058487944823355065
-0.06750940848905884
-0.22071443402091973
-0.13567330103251152
-0.2605219694087282
-0.08012886490905657
-0.05328538367939473
0.02764788041531574
-0.028868545654404443
-0.14266194786614506
-0.08676895350799896
-0.15212626638822258
-0.24168023437960073
-0.11603765920153819
-0.03245292400242761
0.0032862860098248348
-0.0099822243428207
-0.09904185577761382
-0.19009712809202028
-0.20859927238416276
-0.09065567844663747
-0.11705316827283241
-0.04067000077338889
-0.2245671240525553
0.051542377448640764
-0.03381707290827762
0.04890382394660264
-0.0890315471087888
-0.04656134998003836
-0.10182105849526124
-0.2811389976995997
-0.20462898525875062
-0.11855053465058063
-0.05344744301692117
-0.12296887928096112
-0.026848214794881642
0.0491365261223109
-0.0008783106859482359
-0.06155970266627264
-0.11370293288428002
-0.18531643482856452
-0.0552158141072141
-0.13671275007072836
0.061697158322203904
0.008418444976996398
0.04893423848989187
-0.12152149665053003
-0.14567424914275762
-0.13285310182254761
-0.07657466385717271
-0.15994337007577997
-0.09491693781455979
-0.06761103062308393
-0.041429750228417106
-0.031746100316013326
-0.18642610299866647
-0.14091966250998667
-0.21714648292254424
-0.1533316751338134
-0.011623646487350925
0.019676850948599167
-0.042825162803637795
0.03443900802813005
-0.05177462883875705
-0.10091490404738579
-0.14235627543530427
-0.23342626025987556
-0.08551278567756526
-0.0190583327494096
0.05228503062244272
0.02791703441471327
0.0924009341179044
0.003734884288860485
-0.0766175965545699
-0.1900030054966919
-0.19134909992135363
-0.20735786836121406
-0.07999884185846895
-0.014144969754852355
-0.0020029676670674235
0.017469854672526708
-0.055673265484074363
-0.08405083901016042
-0.07736122643109411
-0.07879681912891101
-0.09080344943868113
0.08906975140052964
0.014511937304632738
0.03789378347573802
-0.10074618716316763
-0.022379298570740502
-0.07872470904840156
-0.08873135468456894
-0.07494410593062639
-0.1088659480883507
-0.06233239907305688
0.06253595824637159
0.020769745984580368
-0.054865866870386526
-0.016277510545478435
-0.027724238181690453
-0.04717662214534357
-0.1152844522439409
-0.042139756315009436
-0.05941789397911634
-0.0476504680555081
-0.17339007022383157
-0.12358617958670948
-0.09178320612409152
0.027366988993890118
-0.0805538489803439
-0.10015019524871605
-0.040821437949489336
0.030348928423336474
-0.03606575421872549
0.018899632821558043
-0.12085742753697559
-0.06583952577784657
-0.11643880410701968
-0.07948367024800973
0.03932105901185423
0.0036144079349469393
0.0016816786082927138
-0.0875244646158535
-0.01986018888419494
-0.14519117581949104
-0.12199998454161687
-0.10373890271876007
0.02542320580687374
0.04050721392559353
-0.04408868346945383
0.04202066771540558
0.02426493320672307
-0.11141507906722836
-0.07001125583337853
-0.05361341805837583
-0.02570130098320078
-0.021390929992776364
-0.09800194186391309
-0.07113200897583738
0.035950296791270375
-0.01783709960000124
-0.0890451847226359
-0.0722928956092801
-0.0526679132017307
0.022690736783260945
0.03938440856290981
-0.14131192761851707
-0.07333631115034223
-0.11797162759467028
-0.06570469451980898
0.05724770651431754
0.06869391015175097
-0.0017427293350920081
-0.06874375764164142
-0.09813257708810852
-0.07288647868881526
-0.08536124617239693
-0.0651493040350033
0.032687046768842265
-0.015612010261975229
0.04594010498840362
-0.025637384387664497
-0.12312239082530141
-0.06833419715985656
-0.07044754967500921
-0.007453886704752222
-0.00807316115242429
0.03214435186237097
-0.045398735761409625
-0.10170333413407207
-0.048123577082151314
-0.03287398394604679
-0.03585362292051286
-0.031991261610528454
-0.0650586452211428
0.00021970663874526508
0.00747310571023263
-0.0049556936901353765
-0.08459170543119399
-0.07927297559581348
-0.09595521687879227
-0.029658500434379675
-0.03132833079143893
-0.034946543208207004
0.031525966305480324
-0.08362284195027314
-0.1293319269971107
-0.09082286178454524
-0.062354571200557984
-0.07026944191602524
0.033160363644128665
0.08739090275048511
0.013999226597661618
-0.05639106794842519
0.07394525078416336
0.003411073274037335
-0.01957375568599673
-0.024770747129878146
-0.18064875953132287
-0.13803528988501057
-0.11349483355297707
-0.16607234452385455
0.04101474422350293
0.0344243554136483
0.05222937102371361
0.12569022538809804
0.010014530076659867
-0.19069408885843586
-0.14906111342133954
-0.13817909237695858
-0.17394730619525944
-0.07099320358247496
0.010886549367569387
0.0154568084035418
0.013595076161436737
-0.040835598250851035
-0.030981429968960583
-0.1495564727956662
-0.1530056646442972
-0.09075259294331772
-0.023160186887253076
-0.02234845657949336
0.012134138611145318
-0.009735011466545984
-0.029034852268523537
-0.08116130577400327
-0.12847275467356667
-0.005853393377037719
-0.15593373436422553
-0.05743379579507746
-0.02848873894981807
-0.10614376160083339
-0.03975695604458451
-0.11411343136569485
-0.08277802937664092
0.045178560802014545
0.04160802494152449
0.0027171014589839615
-0.017927739318814417
-0.13222037225204986
-0.14552511717920424
-0.13701350388328137
-0.04546521070642484
-0.08146920381113887
0.026104933462193003
-0.09283286511526967
-0.04060064059740398
0.01742309048131574
-0.08109128641081043
-0.04276698504691012
-0.03600159735651687
-0.17877969413530082
-0.2342659932328388
-0.13887355847327854
-0.05539469036011724
-0.10242458640277619
-0.07337052380717068
0.04671189517102903
0.12461465911474079
0.07956003956496716
0.17484635331493337
0.018381167362804263
0.046578794688684866
-0.10829204926267266
-0.08861837353106239
-0.12671157945078448
-0.09387557209993247
-0.04726589132587833
-0.02044649375602603
0.11128703822032548
-0.09671114113007206
-0.11492082076074439
-0.05160672677902767
-0.01899041549768299
0.08222640538588166
0.0029496935494535137
-0.07904406373927486
-0.02063866138632875
-0.06975502522254828
-0.13284755741187837
-0.08427939431567211
0.035728364426176995
0.005081387712380092
0.07325958397996146
-0.02606425874546403
0.011384379387891386
-0.11095945102715632
-0.1560613268520683
-0.12852189771365374
-0.06909308935792069
-0.048376723541878164
-0.05180721836399016
0.05915586813353002
0.04379836158295802
0.039081890048692
-0.0767376995390805
-0.014087428629864007
-0.13973444218026998
-0.1373794439714402
-0.04174519091611728
0.04347705523832701
-0.06272519087360706
-0.04730718546488788
-0.06094293811474927
-0.024388407176047622
0.018882319032854866
-0.08579980983631685
-0.02745091650285758
-0.13736716040330066
-0.008284691677545197
-0.02256204632431036
-0.06003339074777614
-0.06249976165145199
-0.11500133635490783
-0.023089146430720575
0.023472579588997178
0.02665500348666683
-0.06342889918596484
-0.08727938400988933
-0.051418337865470676
-0.0072603866865392774
-0.09616223775446997
-0.02265084648388438
-0.052763254127057735
-0.07633906392038625
-0.0599737696320517
-0.08260688312293496
-0.008607025622040965
0.047229107687599026
-0.027080790940090083
0.0066094429639633745
-0.07758808209837298
-0.08129251947684679
-0.10697031977178995
0.006796760993893258
0.02243209532025503
0.04504818966961466
-0.03408320539165288
-0.10998127493076026
0.005786643652754719
-0.0879528728492005
-0.08360206225188449
-0.03470461388496915
-0.04767003853339702
-0.05918841560924193
-0.003915593362762593
0.01739408682260546
-0.015919474639360942
-0.09271508581150556
-0.1257862057937018
-0.18620607152115554
-0.013288224465213716
-0.114433188282419
0.027727233840778354
0.041352303538587876
0.05009731646714499
-0.006621082022320479
-0.08312972921703476
-0.16956783017667476
-0.10000049476366257
-0.047405927904037526
-0.06276773790887091
0.00399142038077116
-0.02004268889731975
-0.0037133291698410176
-0.05454445591021795
-0.10012105031637475
-0.06632260193146067
-0.14069131910582655
0.03428855757101701
0.03410683435140527
-0.01921327895252034
0.031152316310908645
-0.1312405876815319
-0.2109131079632789
-0.23357688053511083
-0.055935686199518386
-0.01834147960471455
-0.002436115115415305
-0.004531889411737211
-0.018880357129091863
-0.05976404851389816
-0.12562414139392786
-0.1127094365292578
-0.033161473053041846
-0.055780955764930695
-0.0204861653764965
-0.021873706216865685
-0.09848593667993555
-0.03425842575234128
-0.013188744385843165
-0.024587227453594096
-0.03971353456108773
-0.024016394245336414
-0.0641548011044506
-0.12622305001423229
-0.08626406163966749
-0.07075071194412885
0.058999908142141066
0.06917208534923702
0.04485215806198539
-0.20004434217116795
-0.16592949998448603
-0.12219880046905018
-0.07386512485390995
-0.04065722820814699
-0.024034729234699626
-0.02521441597127705
0.015385010585305281
-0.05429539261967875
-0.09774720604764298
-0.22602266701869667
-0.11847158381715417
-0.05973116037421278
-0.14269271223747637
-0.016554269328480586
0.03863346469006501
0.05616979925252963
0.06343495569308288
-0.036669560766313225
-0.10300916981213959
-0.11233104590792209
-0.17537329050537664
-0.047716841779219976
-0.01737557958404068
0.009198873573041055
0.016064082592492923
-0.039603613280633
-0.01003252907685237
-0.045414945809170604
-0.14790247486234875
-0.19300614127132576
-0.18241901309374953
-0.024106367403874174
0.03861443564619549
0.07540533532664995
0.016034758926252834
-0.12493872569575615
-0.04742284043459222
0.026340914969296136
-0.005920927782426588
-0.08113897777366219
-0.08026494604018808
-0.16492367518367246
-0.07195680165023077
0.014165149623295292
0.06162790086091263
-0.03031161557737505
0.01939833868527785
-0.01963983655514312
-0.1134294505318394
-0.16419678221427603
-0.04990732582518831
-0.1525753393652849
-0.05939647980267182
0.008590999728767201
0.10322178495698608
0.046524758654413745
0.07730367130716331
0.0004339822081647071
-0.11294091210584156
-0.1790401865146123
-0.1736762583896052
-0.24259944050572813
-0.07536110755609116
0.030481752641208004
-0.0983115019480465
0.09303882150561549
0.08645053254440427
0.09500314248725772
-0.013017061794016627
-0.10451587655325056
-0.03224209175823489
-0.14499774895375594
-0.13349502836354077
-0.07286251099867513
0.033931212936295196
-0.052209868910722435
-0.02462587211630307
0.02879186919744825
-0.11726997479854617
-0.04469503890504711
-0.08415778352355119
-0.21167214814340696
-0.07332373973622452
0.012395926052704453
0.060795563680585474
-0.008330381591804326
-0.07299800968030468
-0.05029976223886479
-0.17524600159595138
0.03406558383721858
0.008841999504511477
-0.08095009875978576
-0.11807471628708299
-0.11304581159492955
0.04281885585078271
0.021292708340752142
-0.11370219393575098
-0.00035976688377559185
-0.1056808517605532
-0.1356202226379537
-0.02426100755474181
-0.05035370500991121
-0.0324086722539505
-0.061131321446737275
0.006184112302435096
-0.11673372112272773
-0.10025224757555407
-0.1530200704728486
-0.04993339693828602
0.02787120940774912
0.037805208150530234
-0.06744247639596779
-0.0016032859884944628
-0.004572801660060577
-0.17569412702141562
-0.2340452936150541
-0.13968435584683903
-0.07979509857250378
-0.028134869353380054
-0.001312633143243147
0.0886545855391887
0.037817963311681524
-0.03072768894435285
-0.16102350324217696
-0.173613550781738
-0.19911745737772435
-0.054573347202676814
-0.027051999582909048
-0.013332587463082746
0.002453005377901718
0.10887714895943645
0.050590698666383105
0.053610391820257064
-0.09677336481399834
-0.08680690202163532
-0.21639821265125647
-0.18701390852220356
-0.15840728150215
-0.1431798079647706
-0.08749309976701625
0.1775798854905588
0.11298212211113423
0.1256991049813223
0.20211928233038634
0.1349691688965322
-0.045565549278762774
-0.23289875999034848
-0.13152908683878195
-0.11528508538322058
-0.08994405322300736
-0.09403872608527308
0.08188720670295879
0.0211057181659271
0.003480362303889706
0.0959780662014964
0.019821235502604395
-0.059355631412472576
-0.13105658499989659
-0.18203662856831215
-0.29870254278648645
-0.33571916492655873
-0.18165839073481038
-0.07565120969957206
0.005241035250946879
0.09142313728807494
0.16337390604894608
0.09222101650084369
0.10875384697101254
0.038786383200204
-0.077838531404268
-0.06896645863162121
-0.11807936045806855
-0.0611401751430094
-0.004388131447285559
0.07146827947872225
0.029348707364988513
-0.07545981053772266
-0.10938976364559494
-0.08177847944898531
-0.1441393496352248
-0.006266266471357085
0.026827524874533992
-0.02782005275366828
0.0266309408689267
0.0401401923118101
-0.0224638682029763
-0.08524412108818069
-0.10256113835202996
-0.07581925840349868
-0.0400031676144863
-0.005433890835490729
0.00024345514248125255
-0.045013366208877414
-0.06786610113977076
-0.13474152656272054
-0.029316410719729902
-0.022054657863918692
0.040825483949447516
-0.050875694574642694
-0.02234233943045183
-0.11417402664301335
-0.00490659186607445
-0.007920536627352703
0.05012446858017938
0.00047686473226349335
-0.12861463567242026
-0.14139875115506584
-0.06561043059627991
-0.05773258818155114
-0.013575184595538303
0.06485930466442369
0.06891663454007357
0.01844836340751499
-0.12357274920213968
-0.09590969635610236
-0.1329533996176906
0.0014676231076009572
0.018992688088474097
0.014998985712736612
-0.0238386452811028
-0.0082782874815166
-0.031465753927477635
-0.10785763365129242
-0.10065388081420679
-0.02540418825810775
0.075848079581192
0.06434163300946238
-0.007277764438185841
-0.06713413784291333
-0.03563791343185585
0.03195671685534762
-0.03344667234341614
-8.71877045938163e-05
0.0457692547388433
-0.06019746347737964
-0.10063762396748643
-0.048582798888674006
0.005239187987172045
-0.003093590188655071
0.1448757518955972
0.047201350091199856
0.007578472523164237
-0.10045021859696135
-0.0922003285959363
-0.051092146703012986
-0.016525924216693966
0.11895023177203257
0.010705919026804622
-0.02172388558756211
-0.023228431193274446
-0.14723122419673018
-0.21521557882078923
-0.20705056563019753
0.01459593886102084
0.05702509297407232
-0.08434671143186279
0.06865624728379771
-0.033048499566348255
0.019060013379203156
-0.028121994217826796
-0.05288978267344646
-0.013758897821389837
0.035566998238209635
0.0330926298893246
-0.14895668133249274
-0.01000548748197616
-0.04850075003923848
-0.05397897503189597
-0.1588482930965256
-0.022046886733733118
0.04508666112087667
0.10546761503792368
0.07019558735191822
0.038613752512901556
0.012195410584581623
-0.04602585114480462
-0.13305689429398626
-0.14561213285196573
-0.1479979560826905
-0.05508005245792447
0.02639493950846372
0.06520847082720138
0.05321453508804552
0.016714392928406596
-0.03436518887974671
-0.01322835728933569
-0.046489673732139636
-0.01888501401481335
-0.022587037819903344
0.042352166543423664
0.06574319407445728
0.02089431028434774
-0.03823156651924364
0.0038800657785031945
-0.057290882570669055
-0.005300078308209777
-0.07839552446966991
-0.034054986492265016
0.09302769281202927
-0.014346842457598541
-0.027830309845739976
-0.08037986478302628
-0.05182840146153467
0.01601458324057603
0.039041932905092835
0.04643733570264885
0.037667412048904225
-0.05928404967926326
-0.06235187085985672
-0.09135652300028596
-0.04178265851805918
-0.05044023884693161
0.12234605193225434
0.15843694056457025
0.17310381005518138
0.0971680722449264
0.09104643570026383
0.03933756577043823
-0.06277862373099197
-0.15695289976429194
-0.17682490189872624
-0.16283411078620702
-0.08250605375542364
-0.013250744068500353
0.1478392946301028
0.1084343456896022
0.05100642053002957
0.10557987046740891
0.03140110477579583
-0.03903030198125634
-0.1770104244351387
-0.20972335484111682
-0.14522819069679826
-0.1673285982105881
-0.06363101972965524
0.003380387618108216
0.13415057577367406
0.1160769672569586
0.10916447843192145
0.06939470923680346
-0.05723619849595707
0.0016366010895580985
-0.02161449004415772
-0.05284056712844176
-0.013484016089932993
0.015303397565730847
0.02034707591519691
0.009435225063498365
-0.09492967763799243
-0.07040669511479791
-0.06641701046055459
-0.04663273673486401
0.059113206654728856
-0.012725145148579031
0.07913413988171669
0.01030982460360974
-0.0770417366293259
-0.07277921374770813
-0.025355564592246083
-0.04386149363472214
0.02281974468860426
0.041721360463270685
0.007428198321576929
-0.11238828928617295
-0.05379879486281425
0.04013595659125713
-0.038058986861869926
-0.09038946471991949
0.05168444660057503
0.06693758703477215
0.048214882146567106
0.01771500543873117
-0.0664031965425238
-0.11219829495530576
-0.08304464821048896
-0.051247344723378774
0.027042143426115217
0.07249223432154395
0.07993748580338433
0.044202625649631955
-0.0372876743673487
-0.0686549066376756
-0.0817638345179148
-0.06643909816921223
-0.0839470424252795
0.07914260754478164
0.0905019278434338
0.12926132888242137
0.016800119941763114
-0.013078050804324448
-0.02346428778673726
-0.13316769147422747
-0.18004181983997114
-0.038911909505259246
0.079240860457503
0.13050606922479346
0.0731928369787056
0.03181282558239218
-0.037968013200952555
-0.08601346262730658
-0.13667929011717206
-0.13889785410719924
0.01614240795970545
0.06153305271800491
0.08127516244712751
0.009399165966897272
-0.0793594074966677
-0.06276678733411245
-0.03533777750431
-0.018003318713454064
0.02297807063223445
-0.047547890796067804
-0.018240984249132453
0.046162468615875696
0.020290923420816398
-0.026264067471856833
-0.02007679320195166
-0.019665276195155457
-0.03264240964199416
-0.017689008584056864
-0.06414369665435515
-0.00039104856841731817
0.01659746048244415
-0.0028844977841799846
-0.029663799723493867
-0.053032078158139484
-0.19798729050671682
-0.05482063708768692
0.039514255284302635
0.06549147874466144
0.030285485116110067
0.028806614426684973
-0.09027659017010592
-0.07887305349868257
-0.06382890354143456
0.02521098663964949
0.04676193653722294
0.0009551700313750189
0.0003227734923711978
-0.1037346341763623
-0.07949797331821173
-0.014391586830242886
-0.014589665252970008
-0.05197575092824991
0.014049772507860325
0.013578402242274024
-0.022440209207161388
-0.06989776829868788
0.005075523877167143
-0.013559815153712407
-0.03366211574029876
0.025095958029851317
-0.0018755890391730645
0.0024590765315224417
-0.08104302504216321
-0.08072705048834905
-0.05620972646283917
-0.07610859250416979
-0.03337814722908661
-0.009408933738086489
0.08166994775820058
0.0004896577738691121
-0.025545940472511575
0.011866550401464337
-0.015919410390779376
-0.03195085352490423
-0.05861656405613758
0.021676889079799366
0.019796231003056164
0.06294747239735443
-0.035376518415432656
-0.04387195978779346
-0.10330492017237702
-0.0900555352709489
-0.05527040547167417
0.03594312301356695
0.08812189422314987
0.07633602208807133
0.01515487542928895
-0.029077409795718268
-0.08127218355366495
-0.10759484473965131
-0.07054637031978928
-0.017926455417182297
0.03860465712205041
0.07277128350688145
0.013685124707990326
-0.06303424054931384
-0.024610579253931064
-0.046228552324464545
0.011043685022741556
0.0034590425639180467
-0.04756572551559657
0.01065915430081077
-0.04615599778480828
-0.021886614411414484
-0.070259112304484
-0.0027115188786410727
0.024879969321773387
-0.012493566729972372
-0.05174582076142542
-0.12583054462447762
-0.04627509930287488
-0.022448307385275257
0.06010622622852679
0.06704664959397633
0.018582285396405496
-0.03107969483244233
-0.0327395430431352
-0.02404724300140515
-0.04185241585946642
-0.006720728568325285
0.03121905062289443
0.011068403829995077
-0.08042569087410811
-0.09205158957047388
-0.07202887735911645
-0.042844372990657575
0.06423950693715597
0.0896560351975495
0.05626718951680232
0.03978518119947694
-0.03774115707346937
-0.06461236542236293
-0.04230305432429304
0.011228742121602409
0.005076481167634483
-0.040700651461520465
-0.011515827267430723
-0.05111681496782694
-0.07795052968140226
-0.00893392667057924
0.05640433696680702
0.01210706312849652
-0.049108449573395774
-0.07428029063157737
-0.11979446922487114
-0.09728327639459167
-0.007080322946421802
0.028924135374836624
0.005689422425348312
0.012374724554319982
-0.039245486637810245
-0.025999759600381367
-0.0474673287906171
-0.0210737023890033
0.04128003258665558
0.005514999400475062
0.006730066506861476
-0.07245415492798202
-0.10447091655805707
-0.131080940249376
-0.09598067980550695
0.007406895823805826
-0.035175251090549864
0.026811450406967197
0.08224929276912007
0.05240805583889596
-0.06056284673468326
-0.06497803241654765
0.006771225812144621
-0.02641201767801249
-0.04449044707871508
-0.07878093424369581
-0.021400790105872147
-0.00958879225072451
0.0030005508160684258
-0.11207425057364162
-0.1222318600048311
-0.0848729886347428
-0.09965027053294762
0.03557598631596193
0.02994727302393585
0.09220913589160773
-0.037881018142797984
-0.02971241535851732
0.01713927448145114
-0.06801538141735364
-0.017288008417381207
-0.08227340338635258
-0.04421059134620009
0.025374446086061653
0.06863367336427473
0.03374971797893522
-0.010406677622086136
-0.1402725485386327
-0.10504708904772997
-0.11110555382038001
-0.11010758096381323
-0.06174941250537813
0.07637751149650285
0.11520078816101886
0.13587890870985575
0.13106108784268145
-0.0042839435482164845
-0.017449729930376634
-0.10975695301021915
-0.1677214129595086
-0.12508949826587923
-0.06571711053402396
-0.06188044846931007
0.09461933621787466
0.16349266322504263
0.15292126616986934
0.17104382181423716
0.08170221166801639
0.05222514801425859
-0.10083547190879472
-0.14974266715580598
-0.19006023230031133
-0.16063323739217594
-0.12396235993946902
-0.04729721873445669
0.06147977715590969
0.13198739162180573
0.07456152272061445
0.03225853305775672
-0.0817733250441961
-0.00041168415191350505
-0.05573404012102401
-0.12176474543230142
-0.12367646444181446
0.03986969559628051
-0.0011977239082625601
-0.06546850349695887
0.033047709586753626
-0.03752797163906507
0.03075926184101263
0.021568904019659385
-0.11570402837242
-0.0839499254761904
-0.05719630244857399
0.01690923428395763
-0.02482344187592389
-0.035681685843883315
0.022829404104413697
0.04478148005364346
-0.01721217222075211
-0.10738657414913177
-0.07232855196343735
-0.03278192310244776
0.006587250602024142
-0.1139695525780553
-0.09461552675929852
-0.009855270716798259
0.045193195702267985
0.09160877717658877
0.029938986692286562
-0.018816720534232445
-0.16421818704111502
-0.11657127842772752
-0.17119248769449769
-0.03447664694249397
0.0364775944944995
-0.0026661688316380605
-0.005157328327186406
-0.01616488062143162
0.006069037124689203
-0.09733991618122673
-0.07340873702196404
-0.14599836518755183
-0.08033369724580552
0.03646340816567317
0.08120171545124322
0.06857272018896765
0.024367109675949905
-0.024352053107577376
-0.10334883774339687
-0.12126754586915922
-0.0839823309215717
-0.04342307482147589
0.008632476145066903
0.035644561794470064
0.006530870106871589
-0.09487210339420926
-0.008190487757019582
-0.05283720566512784
-0.08977401624724735
0.016874075035502756
0.05011131843639305
0.03801956356437586
-0.04928360300255008
-0.006570816854946315
-0.08702338248258457
-0.10230334321386181
-0.009822899235587101
0.026480382191948593
-0.023156114330049604
0.037915001888450206
-0.01892729422775119
-0.04362045709422091
-0.02138457930777804
-0.01113349647494033
0.00828128274190476
-0.051414457891951315
-0.04525603829824831
-0.02520565083977999
-0.01074855164915789
0.06165259454428451
-0.002581849563284777
-0.04799531192793438
-0.10142195894331962
-0.06379112938884646
0.053687066661950666
0.09305219213638338
0.06801794093917124
0.05565684081375366
-0.011901785729605763
-0.07795217148668598
-0.0896679933211999
-0.05991697809804464
-0.027230792373302393
0.03269993098831492
0.01518383761322184
0.040263507937197573
-0.004816437452973332
-0.05292405570435221
-0.10924971976783127
-0.06423936694864096
-0.028316601346887182
0.024082277741399594
0.01636705691635143
0.0035351817205082625
-0.056088913093844894
-0.04854796832660213
-0.05352467927878024
0.019576413129470893
0.03600767665921012
-0.02038384123079595
0.0038064010223024525
-0.04369419905106042
-0.04430858401610749
-0.03477993434353266
-0.022329635301503004
0.03331300267382176
-0.0005497114398167469
-0.03151443634124007
-0.038038317528844345
0.0009447013435419649
0.012813356428523548
-0.07446266400802415
-0.07458492956357077
-0.007969164522364736
0.01783221868390683
0.018651912396308035
-0.017486656666733325
-0.023254269792232662
-0.052954634273191914
-0.03251143276975199
-0.03567418668535538
-0.00043796894897241145
0.0008835821845423197
-0.02234425162896514
-0.0028603087266674265
-0.026044385262139258
-0.04097608318988932
0.03358666539088517
0.02825886993377935
-0.007852241087675793
-0.06706843449501321
-0.04116127568704542
-0.02504509407299338
0.020486400549998507
0.09313660941552371
-0.01041602817099374
-0.05036665956140496
-0.07758839246525895
-0.006078219179471489
0.0019738206019610516
0.013981147714730469
-0.021093675124575384
-0.023828840243368177
-0.06786279128209571
-0.03499880536401179
-0.013670539970917162
0.011531997755810153
0.011692146625136957
-0.04268081498776155
-0.03544385861459887
-0.02189810056006536
0.02282256120815873
0.07198315026471391
0.03798459786048625
-0.0033837040973594412
-0.11779540851421189
-0.08636679960181937
-0.09104601753642783
-0.01781110580486711
0.039350774328340776
0.03657748672321759
0.015182091447059065
-0.03875699235504726
-0.038056268432228535
-0.0147921401730855
-0.0027241419229540043
-0.010897150787059218
0.022513652898851433
-0.010875263903471932
-0.07884272875253373
-0.057202767551643774
-0.04805192646563228
0.012659766462093103
0.022675761952996254
0.003922908574168105
-0.020840269784457632
-0.047217118881235365
-0.020157944869424682
-0.026950782539643114
0.01506440392404329
0.00869507573224837
0.006154229347885121
-0.026042925936053507
-0.06834580429858761
-0.049753801700717304
0.04762452853174182
0.05098451987578301
0.02955745252802444
-0.008944285851612221
-0.05446018811198883
-0.07216567525756545
-0.030869279256876325
-0.0033734775797711336
0.025501539988908917
-0.011569277303351555
-0.0008683665091666626
-0.03561060331048793
-0.039841092802817
0.005758376279118238
0.01782603458923404
-0.023146692972659366
-0.0416752946912311
-0.030853772128466517
0.02362552437261911
0.04240693402607576
-0.008795306487627386
-0.028630829227040522
-0.02273386004526401
0.005800905142677948
-0.01914888681494631
-0.00333930682609207
-0.03023487312020734
0.043616947848931886
0.04872624501876999
0.02905356483097421
-0.030168056357069872
-0.06962276448030025
-0.09708879105892265
-0.0404170950405387
-0.00963502296065144
0.05574043963497388
0.09823568162391894
0.042949614362441935
0.018079137873428408
-0.05623753013787791
-0.07585542619926855
-0.127004643145483
-0.03024266908323625
0.00438818583597822
0.09726907061849488
0.011963215925788973
0.012859247595770285
-0.06560119970527012
-0.10529479117758456
-0.0768906387820607
-0.06255171965312911
0.03461678641178878
0.06023709498549579
0.09785768884466961
0.06527904874747037
-0.006461062709149701
-0.08164708426920697
-0.06739910194482945
-0.06832955804566154
-0.008715491894690786
0.004862013531237608
0.0016008161528588971
-0.03960720347276947
-0.02749177638634137
0.019948974455473945
0.00540830926183844
-0.028194715137942694
-0.06495428644120693
-0.01959445002285065
0.03396023271488957
-0.01268689895823627
0.025064323548576795
-0.016748924797866493
-0.0633717851505935
-0.11965154012432322
-0.088163899450592
0.04142317365403869
-0.031029338788357563
0.07947768666781485
0.10010591486934572
0.07416606071637943
0.02423665695459931
-0.030864200003634323
-0.08518567937426269
-0.12934975372627378
-0.06939705040713307
0.005922388256294653
0.059202331336564384
0.030124405236051643
0.013603148079710081
-0.08996406340884278
-0.10697051469469443
-0.05175298755057156
-0.06319012072344776
-0.006501524012492155
0.024331022184924223
0.07443367486121133
0.05375824237125926
-0.002043792490439955
-0.06099479798285756
-0.06184994900104357
-0.0323059551606093
0.010919463747995906
0.015184521544142626
-0.008940849073042045
-0.06399204269473557
-0.054115035443828674
-0.00476349732161907
0.0391230171717325
0.033313925567199476
-0.04728545368925552
-0.07093719292606693
-0.01887806021659344
-0.017749361468304414
0.020292762823373778
0.03489864535640663
-0.0018054848733299877
-0.09334974354715087
-0.05551762766117463
-0.12131775717716664
-0.004475956266105641
0.039053556256362754
0.007656913992832415
0.026546627766947495
-0.043353121262043715
-0.03726837571230135
-0.06644337698526215
-0.0879388404864585
0.05802535840484779
0.03179887756414246
0.0005011200337321497
0.001715097729174886
-0.0987584444519598
-0.08978409548581112
-0.052117186092800694
-0.02807830631354591
0.07629278668537154
0.1123285081339418
0.03869161370676011
0.017149022572994
-0.057316574224387296
-0.09074490224884357
-0.07721469657553826
-0.08969823385996278
0.022110647507361136
0.0604651803332672
0.05994111855397932
0.0010496278409846127
-0.08592396922176704
-0.1320521174930036
-0.07364242998301052
-0.04454050731146708
0.05542324790440034
0.0833329067681916
0.08811268580029719
0.0018484071533748647
-0.055759902661520755
-0.06407507895346498
-0.032934564983406744
-0.10007065595709719
0.05303011198338936
0.10478524552308954
0.06077428039861843
0.06426108881714754
0.009876767658397512
-0.15214036009274423
-0.11369872919749469
-0.17597210317035206
-0.07911650922324043
-0.03951893678186025
0.031859093212688094
0.09254554752260447
0.10152893472695723
0.032315112897777
-0.024852443944837432
-0.09342366314376704
-0.0650364205648657
-0.07139169535366818
0.02239810806713649
0.004494874796364456
0.016454945551231503
-0.029522409844503272
-0.088666526513407
-0.05114301219873596
-0.0224907132142107
0.018835873137504677
0.024838132892909925
0.006688813060463872
-0.007061315420287428
-0.11174655851209536
-0.1391328623285517
-0.04290416969524813
-0.09982933652645443
-0.012650340489926748
0.0872433358890703
0.1632323763333261
0.15456219096085988
0.1231128062645439
0.07331253829761408
-0.035023600612476
-0.10773581921239384
-0.14598112992825918
-0.1698161126114428
-0.054113143210997805
0.04448014393346966
0.05002217423498223
0.04112578859349014
0.017109242515289225
-0.0561752053690725
-0.04195738259295467
-0.03783446512534283
0.033137334074126557
0.04687855222800863
0.014553910637914669
-0.0655296891600301
-0.07439913487905869
-0.04780622123507783
-0.0074080085523746675
0.06063393855583854
0.03798924612783594
-0.02252320590923773
-0.056264662052853964
0.008893346253898926
-0.008194972047931515
-0.06616052890240098
-0.03598698272253387
-0.0016700153428246267
0.008650171715999022
-0.017939981662493665
-0.03891015917633922
-0.0036555924843924004
-0.05729862039879663
-0.07138287473208038
0.07049197820742847
0.050125499939895235
0.03625090663103947
-0.0008627464485471137
-0.0702213877812028
-0.09057447609666269
-0.06784832251287298
-0.018053965672152117
0.03459538280731067
0.006189159961650148
-0.005362504342883767
-0.03502883184955863
-0.04199408124623005
-0.03406423774504219
-0.0026299137862224597
0.07289180238052495
0.06317928261705674
0.0760022422473412
-0.005618666495138314
-0.06655683345161378
-0.12675064991344698
-0.14246938790893182
-0.14493530759500572
-0.07705392583739012
-0.01823632209743664
0.09608312766067684
0.16260326380051993
0.13536062580533326
0.09845780113028013
0.024817550814987044
-0.05623704585377709
-0.1405059220851399
-0.11205902023357339
-0.05695825206294103
-0.022500224615214393
0.02171315254236106
0.01718975047697313
-0.025356517917316523
-0.06531161075690761
0.00752427069528494
-0.001963549365200379
-0.011899946412995632
-0.05073846945015248
-0.025945357003365643
-0.06591427253442816
0.05161250465607736
0.08877709339139983
0.02681576760369353
-0.01659796858621121
-0.07000241003697738
-0.14238683685834985
-0.07825892136679613
-0.032533922836591955
-0.0071757841906219255
0.03400248027173802
-0.0024201312771765515
-0.01685071004612837
-0.12922236154554412
-0.13897721746980096
0.004974241863237694
0.012379869680444244
-0.061838968808160644
0.0033105809343396686
-0.018741438616416417
-0.0438047834977624
-0.07172650943539338
-0.034188707802968565
0.0615165996568976
0.08001838129712269
0.03414061987632522
-0.015205043087917147
-0.048247127371723764
-0.0695231412537396
-0.008720773323148023
0.013432460887997877
-0.06492275785421953
-0.09076682238810463
-0.04721580540353898
0.02968832465921878
0.029271367857290898
0.007408261735690758
-0.028670393874335787
-0.08562312615231349
-0.06805624993285164
-0.031620476343960036
0.03564779144653585
0.007399041627650149
0.013780958746792749
-0.05624956201427267
-0.07867275518219685
-0.08067159896199882
-0.02970821232884191
0.05951363035273971
0.07188402279280126
0.08795255985751282
0.02358197652210947
-0.07985168125014752
-0.11170231623691507
-0.19225100314361043
-0.0882791453441314
-0.06344390902086161
0.04142318548838375
0.11832321042311378
0.15718721749726683
0.12463165775989182
0.07457202617661096
-0.026756057908642106
-0.12636915047187358
-0.14447594797820784
-0.09419130097376183
-0.014704236167290219
0.03419833718726295
0.022414480956285843
-0.04367325381099363
-0.03781920872279443
-0.05034149996936321
0.003358565671078395
-0.08798310201382264
-0.04215953084803914
0.005101777311210753
0.0504299991625885
0.010207860914306366
0.01701952490839176
-0.0659928574677906
-0.1269386467320146
-0.12806587651721202
-0.06423966043803375
0.026916530914604664
0.11592697413288988
0.08285957765110652
0.04260174522642046
-0.01524208448608988
-0.08285987406270579
-0.12534228258300573
-0.14779058421845548
-0.12012622368638404
-0.03190136511284436
0.05657107634760905
0.10574044680663519
0.11440066580325947
0.08768269894062541
0.06871596677228808
-0.07920185154944193
-0.1321573749592062
-0.09453728597145528
-0.07731503770628478
0.007098091067746282
0.08866560507522081
0.10265701485332102
0.05055206966790138
-0.023322442109929398
-0.08322297356789932
-0.18180093015689636
-0.11192834345274605
-0.07883177534677088
-0.014007465215399861
-0.038112069207272725
0.05720702313010406
0.008955773897469044
0.087602502113441
0.009016539755975828
-0.06476208489766577
-0.06835840077837929
-0.026650898973457515
-0.03932162481214618
0.06075917542875686
0.00016372283789678477
-0.03865495511672634
-0.040887888171710074
-0.020701141249446664
-0.023792517475158093
0.0217763967521023
0.0603644940056256
-0.05512475987234211
-0.016319130982992647
-0.03985605789057445
-0.02565498534386279
0.024341842421563342
0.0003834745885455959
-0.035097545536700636
-0.02722949102098937
-0.15455861258669756
-0.1783144319197163
-0.09077451555640437
0.014822118429947295
0.04695636092219502
0.057335248864546884
-0.0417808919592062
-0.04421568210818805
-0.061406018536217744
-0.08110856531880017
0.01108349853893742
0.03266573994187638
-0.023442590158083476
0.01602671089085561
-0.02661296894075349
-0.06927892440580763
-0.057924752443796024
-0.08984472303200164
0.06729195602929394
0.0814075160669745
0.07981396837567445
-0.011254311475568102
-0.037074730498716235
-0.1272780477302149
-0.1376508554094471
-0.036959878340212526
0.027951908979048312
0.03943786375748459
0.04811667611465964
0.03035568979976233
-0.06439705903176218
-0.08714756573317572
-0.09214427789993351
-0.03373642231235863
0.05813092505559325
0.09842621081043035
0.07238107456942089
0.028969065722776577
-0.09112673852359876
-0.07946318239555694
-0.15180972146481508
-0.0246668508334551
-0.06667227446450852
0.051714562374399975
0.05971132239574217
0.07157379831187427
0.02173731203947682
-0.02198103680711938
-0.041249789801440784
0.03874086290306877
-0.10717045744786446
-0.085123437049333
-0.08353868767153472
-0.008292458223877475
0.057023519376343756
0.004738249888760038
-0.06348735152278095
-0.042255920146999415
-0.03812901261699153
0.015497536718612537
0.041744630008906825
0.06912599399220198
-0.0405247329181293
-0.1497998291742988
-0.07259024033282913
0.012587320219608955
0.0014047946178834536
0.032057635522505734
-0.01841863871231908
0.0417778468618053
-0.02134216553531587
-0.06008709661546163
-0.1355715460049396
-0.07408274806221016
-0.12428942002588883
-0.02903054697526386
0.03858919803678873
0.08828729272863711
0.1168164513874217
0.008933930526836775
0.008643190732982475
-0.07766787827131338
-0.13751022188807838
-0.22397991664183792
-0.16988332668552175
-0.04706380191055359
0.035668691038154066
0.11056462480337359
0.0738154835999012
0.1282002350271796
0.048257976639433764
-0.0016494365736434702
-0.1671909661963582
-0.19360098341712728
-0.2517518774839118
-0.18608856364153326
-0.21037439699284732
-0.09450450958684087
-0.060456372224507504
0.08623447851277888
0.2654543553944677
0.20806570269633085
0.24294499726966023
0.22080456238472834
0.11883390016737394
-0.07377811637707055
-0.035309933802636806
-0.012803726556740003
-0.04864635336707579
0.0015040055295685306
-0.05151560420927126
-0.022922251562704332
0.06174890897818841
0.03843610691546928
0.013540106316213496
-0.04943230681237765
-0.06712352036265656
-0.036403103556949645
-0.0881797374895541
-0.015906599597656168
0.09414035559166223
0.13819256968054106
0.12140992085915059
0.0689994867243513
0.022111822650913382
-0.08633196167647839
-0.10805640590842813
-0.07969835749827325
-0.07124476091121323
-0.011278668098384514
-0.05308948241872713
0.013720741671932046
0.07174804237729404
0.043930627580266446
0.02377667544351425
-0.08161200099129928
-0.0769161809103025
-0.0791086005519901
0.004307892930228263
0.03407519109896384
-0.05116279403955559
0.005842711565492209
-0.05133303129696287
-0.05925254065550689
0.05147857760312036
-0.0020754161523655057
0.020068661304321722
-0.014674580866994802
-0.059448099935252685
-0.0889030170510523
-0.04081277190562105
0.08641983444977086
0.0535674935526913
0.0024621125971862057
0.004042172193294391
-0.007296184048755094
-0.11974003104842268
-0.18490298578399234
-0.10895165835972875
-0.02532040658115875
-0.10272955388063565
0.055419604570488445
0.06708032542519504
0.06796301889698952
0.06416778270795476
0.00028661136457230896
-0.04237501333409455
-0.09154716972079768
-0.030322440648888005
0.020151466891547898
0.004569059612549609
-0.017957850141101517
-0.0020497017558227526
-0.10817907105956692
-0.06852380660711788
-0.0530903118342394
-0.0062449611723423
0.03346252330811694
0.0797232812474249
0.03007386435638182
-0.0004308683164708782
-0.09361688053468242
-0.10939089840394445
-0.12856148823630065
-0.07401002313281424
-0.0899275746778585
0.062119102833094075
0.14495778499986045
0.08646556513849646
0.10716023191343993
0.040966780798044056
-0.015946132400586066
-0.06528625307328184
-0.05940898986591492
-0.0028798072817153297
-0.030172932922141626
-0.003385456235264428
-0.018513046146836132
0.02798022904607933
0.012753201761256605
-0.11457745239022188
-0.14647244884326938
-0.08306444523623213
-0.06173906751428149
0.0456694943986804
0.111217909026891
0.09333383262855932
0.06548110196308699
-0.0031492385824094526
-0.0951468600037515
-0.07059624137764331
-0.09280538799066562
0.014037984634342138
-0.025707710989081534
0.017283532994042616
0.011224853777093813
-0.05030172526676324
-0.037275656088240794
-0.029291535069205565
-0.01713878086047771
0.0625706126447767
0.05925759304955136
0.046261108611361124
0.005371392653614748
-0.1374018993228674
-0.13436292036203668
-0.15870171540882438
-0.12654122419189662
-0.04517698124254821
0.06454311596462503
0.10371907132503111
0.1337665562168695
0.12053779207053594
0.04941358736323309
-0.01926884864224121
-0.09472865454154089
-0.1723068807623349
-0.1664558295160532
-0.14150248788064346
-0.08789951173821464
-0.014380693886778317
0.09616606775671244
0.09717507526511326
0.10996741196140647
0.07310184068410308
0.032920350960921496
-0.052888749858539086
-0.06574109621669777
-0.02653377689421177
-0.07372924446826801
-0.009221848464221694
-0.00918712628481444
0.0011450938472989947
-0.00278718435583869
0.03585652079163992
-0.08526520703162532
-0.16404470859561116
-0.09692242699384224
-0.10601180553931044
-0.04400835638807621
0.12289116482133977
0.14724914147518575
0.23367425007745624
0.23593584541231394
0.14758426428306848
0.04955269643687643
-0.02278480389941251
-0.13479795547027607
-0.1022256743744947
-0.1734814282390289
-0.11900704973959364
-0.02935637662812951
-0.003006253275088966
0.05731684708734974
0.12569371203426272
0.12082397405538359
0.026695974229369313
-0.026617260882630944
-0.1100463396142004
-0.0888796585786622
-0.06928863640496274
-0.011275288750766777
0.06980462503997842
0.03513473365455866
0.01887035159415973
-0.09433854209237325
-0.09891812049318105
-0.06334334092025529
0.00482756309065735
0.029355502760154195
0.00424581379047595
-0.017067996188416146
-0.10008688431844348
-0.15951077129284386
-0.0723417071858421
-0.019391731676250856
0.0569343205424957
0.09873195082764141
0.0683573903515935
0.014502464200631948
-0.09308578676427715
-0.14003401674563065
-0.0709133418276906
-0.08047815242025536
0.01909322453320783
0.0100795752950944
-0.016322498373256167
0.013085376944218297
-0.045014169479145494
-0.03780994189582998
0.006648328417213634
-0.007439629232976586
-0.03083720444192295
-0.0006202272925293073
-0.022488565649837255
-0.052986182821769034
-0.011558067290025065
-0.02864493329070683
0.011980475208474672
-0.07128607704362366
0.011569114867597818
0.04360445147904102
-0.012294839772948762
-0.039359615053399466
0.007867513777455315
-0.032752511790022254
-0.03358291801487212
0.077854825562099
-0.00589274649246363
-0.05578948414768092
-0.06905337917851284
-0.050775334246282
0.04003289343381766
-0.020631360304832924
0.019110027533315588
-0.003684655748656951
-0.02244532729673665
0.027196383925911505
-0.024257385197415715
-0.01294880448404001
-0.060141652550100844
-0.03031438727339264
-0.01905576202989323
-0.054645090945996344
-0.011864500032970682
-0.038586640293942764
0.08368916978361085
0.06057635077013401
0.10178244064445607
0.05054508753528353
-0.1134851478273049
-0.10453286446863785
-0.11261595650285017
-0.14923146768342122
0.014138590595393907
-0.056645762153493706
0.07606566027970985
0.09714856892605894
0.05793961771996692
0.03524656874833454
-0.033655446852208115
-0.060552517636097036
-0.1704248521127738
-0.14137624766590307
-0.05030793813057244
-0.028716263477690518
0.04010269313585013
0.08356576009464334
0.06302220274301362
-0.0101958394589019
0.021439669668325223
-0.10403567623143317
-0.13556990976212546
-0.08193652390036732
-0.13307301914755953
-0.01927782145139645
0.09342443211016871
0.1301806675037369
0.11336766195017844
0.08830134037998505
-0.018540133909482392
-0.052961137997044716
-0.09467708886950277
-0.03193892697163392
0.01142787784920074
0.031196014562738128
0.0041628464896348305
-0.05241993237177667
-0.02301023002655711
-0.03905956629751017
0.02199399522942258
0.021658269652107265
-0.01981440846611804
-0.08082350849872455
-0.101467264466919
-0.1035161028339644
-0.0021378394012572244
-0.019167078600730747
-0.010247099562548101
0.02274259967089165
0.0005340497482393403
-0.03907775226980448
-0.07149029907122895
-0.027341666445863666
-0.0014177254488458857
-0.035311504419951234
-0.03223015293042408
-0.05668334860820323
0.054466685687657446
0.06446538720047101
0.05588812317728298
-0.03233244915463729
-0.13330364895955427
0.016457612211524975
-0.023686445638304576
-0.006149301305413246
-0.026582273945678025
-0.07439890815294348
-0.03344773487333441
-0.0005089262267574668
-0.024824591683000108
0.013550602894611075
-0.007129978446755558
-0.06279432508017635
0.031785856233909726
0.03745640286433627
-0.024944139191575232
-0.06241268541634781
-0.07677609333040891
-0.041973957799200434
0.023225547454785556
0.01933857283438556
0.0241148793247703
-0.05212562496308237
-0.09188349095529702
-0.052401986496988684
0.006403515530109871
0.029685505371162435
0.03462207113625482
0.026943504060000123
-0.09232640320624341
-0.0349921529632411
-0.00855038380541373
-0.012050577111949679
-0.0015665631217416376
-0.0422404812456989
-0.03404715709621087
-0.07605546551349107
-0.011654706274384807
0.04730827851744834
-0.06986602931283414
0.0838513690396212
0.02938639250351116
0.011654310917947441
-0.07337723787350114
-0.07313614399106427
-0.054775451426394284
0.03010889217694057
0.019226965117013606
0.01444659585467889
-0.03117264803586295
-0.04421665043628309
-0.07691963619436137
-0.029983374137373175
-0.0017997511895373464
-0.004886438400717452
-0.014367802570632193
-0.008478678162646247
0.0075581093988148496
-0.030958020337948255
-0.059983588245813735
-0.011968645347224083
0.03129648286267184
0.0058202431464451365
-0.0160183812898822
-0.08721153314399999
-0.028448894852772355
0.0110053532022647
0.04720696443291672
0.003923846868246983
