0.0
0.0
97763.36265406848
60730.454554656244
71961.93246701924
87142.52375285799
96669.98121604674
82788.10531668008
71763.57040013096
83495.27054826665
68296.80487165581
63671.44382531684
86497.26331012574
64053.11464506691
60369.93497342727
77402.4917215778
73978.5974374365
73408.5750259023
70517.93359286182
73331.04718938695
81890.82436199795
65485.7323586494
63592.02449325523
52920.893522078026
66681.76134109
69577.18456584578
56198.57487806213
54927.389761856764
74527.84856713327
84634.87775803311
66096.98011203574
77999.38746426562
60287.46939569035
152016.29903633162
296879.6934318971
110266.82515342186
94497.73211771787
87136.02777175371
87717.59934353804
90011.5399949467
91719.28166265166
74492.46115006863
74387.11528818554
75917.02104665751
74056.96497263876
87528.80588998852
91073.9934380613
96161.61366235759
75198.10539579841
75186.59814282974
89681.67833960372
85596.69444259781
81053.08566564988
85333.78277172033
74433.42554112886
89940.58803844807
80746.36284740953
79745.85726146465
80142.97374284995
89201.16186050083
99113.6390102141
96073.77018218156
90644.70702548786
86150.17992751977
90914.98995707864
99740.2272214365
102658.82959917214
99938.26870721632
91876.07955832634
153642.09407210533
295156.7106448092
101802.94230609496
64847.70375101687
63855.25395949351
75712.85608343505
55487.6451074492
57882.52667385163
71388.34185357898
65370.53555908544
78887.65123686983
88140.43540759597
72052.64655264141
64319.616147865454
65968.62154664437
70039.98861153741
64974.25457963503
73437.88163258204
63510.377745847145
72429.3471543341
79093.3223692254
76322.84594557983
69578.46890465301
87695.95160517238
95270.88881780392
69347.90597718587
77292.17145506867
66104.46533677957
58618.71981566013
77279.07480714897
58611.64352942852
56565.55457804411
85969.38215801357
78970.20504353038
85008.35244097943
83729.2137667618
187794.4065730369
297230.1014229583
108481.90336961465
83017.25371526754
86209.80185415997
75635.85535684586
73605.46652522132
97343.5609229033
76491.61726658425
88907.56541672125
82573.75434083452
83350.31133412033
79106.20243109395
72943.87983320383
98098.94318020012
80173.36286025208
79468.22740194843
87236.35837557809
73962.1802504525
82399.43366288493
99208.49073720949
99101.33889058596
90937.6477334656
81425.31045853034
94445.35606219736
91454.18716388948
93677.04772466842
105985.26076317584
91485.4150699933
89302.52738328479
93640.05958995
78587.83966322482
98924.153313353
109862.49565792311
107058.47628616908
92038.83153844702
169316.48188218626
292654.6746425036
139569.80345260637
104194.95012189576
81604.69184326376
97214.31301859324
96255.47014993822
93728.23639358964
98252.8136457327
102880.55375391369
90612.21843513407
101412.06342994382
74419.36060982673
93750.03588195684
114160.81311394117
92760.96980771156
83205.35270740763
85520.82467685067
100332.54097325806
81981.63456708041
105333.9307331242
115030.64795026528
96936.69694824603
90141.58692158468
119318.21713244569
113364.52333895244
109337.38523775575
119652.55880785358
111802.28461482788
99289.59420438184
112273.22551778203
116715.82268881309
104620.89704157144
96106.16838672126
115683.88566320305
108780.25994556412
118276.16291476994
254949.6348750559
145223.03796938335
132441.6950940864
107643.20613237006
111676.99196806896
117783.63729202271
122090.26116974413
121437.12409331581
119612.14607964712
102915.6763667664
126947.8194696731
127998.83882714005
113172.39879952672
128276.45128486362
103879.27607458821
104045.37402909066
122235.44733463648
118639.19935853282
118849.07988214557
115572.57320223755
140949.90995912897
111397.7272424587
119446.07038601121
126142.45745611035
143250.3636469093
118554.17100782991
122386.7266890819
111223.54193694194
155590.79536300537
127011.6593618127
139078.16868578087
135466.90455572403
155302.71093144154
160282.2500213799
147507.0135750513
142354.9133040334
266107.8433924534
247554.86726428042
146341.658099126
152865.1758181603
146994.12699235303
138788.92423119943
125899.3311440649
149204.33750586395
155904.15681361675
171973.4494851746
158997.63664583353
133977.02919184865
164268.45355012247
150900.24518146305
149126.88446021645
173549.6090918806
155784.7233089973
163902.26021953495
174449.04389766816
172190.06093632974
166808.70362680213
158832.66743779602
154139.01984707874
159828.8493036423
163185.28713799414
139124.70941236726
173026.84777823417
190769.04499292074
153654.56883412466
168467.43012825033
168037.0633958044
173405.60547260696
158218.4144137688
148829.73243635756
161543.1103191058
181260.7678873492
282691.18844375527
259261.93365166278
203681.9789763998
214875.29121196613
209301.3294509315
210978.90120796638
191200.51811752436
183041.29839370822
200412.07430329977
224020.45829305032
194464.18252301074
193661.01856533976
190124.32698978402
196059.53420425154
213453.59203575348
190487.611858929
178535.6366698599
198754.0173535199
200746.7448099371
196558.5667116868
211116.88020942663
222538.66166577826
222569.34423753174
192874.25199535902
213124.3261074858
197281.44747216575
188155.63051131726
190837.04308564114
212002.9065842941
194357.52711399604
179718.74341857116
166027.0855650007
190758.75915091325
231668.44466626475
211689.79262146555
205678.2410583878
283048.0859531521
269122.6671133345
226628.4883637324
218990.596655467
208838.3193413452
211200.89062988068
243827.66636080717
222180.35379111586
210729.35441894206
212258.59969058403
201317.85955874904
219018.7443844758
212383.40392475406
243205.83613994595
203862.43760310733
208577.77757287235
188231.50047157315
202513.5081050982
210979.723361942
215222.81173868256
219057.13146598195
214850.52398504879
181808.54953701436
213754.91026819963
219572.12241210332
214429.3350865396
211605.44234291793
222008.6240085646
247416.51384173677
245858.3577138879
223165.3254064048
221147.7763058978
210531.97895289413
211528.69664028578
206671.7945028378
227380.29300708981
290639.1275292147
257106.08407344416
193953.79253486436
194846.70679763268
207452.7935953895
171028.89754168104
165293.0729148307
205449.03619532156
192921.4888832602
177464.09148195002
193677.84901009605
189302.52645785786
196016.2802661257
191058.69842542228
194442.82054740062
199302.46383748288
184492.5093593999
198166.4033283406
190035.0186211373
180489.02577007006
179455.03032885346
160727.31776245867
201759.01804413268
215744.08164237384
177266.8575795281
182076.78187078278
191968.91559580018
189416.24820660162
210310.93571978656
190914.95009623104
184013.5564475027
179644.6680016315
186614.26923278603
193539.03506822354
203528.38419657014
191153.4282243394
278457.90928355407
262590.5386920477
191743.99998779176
187715.02960099644
172775.81365692208
149585.90113005953
132324.6041949535
165097.06934621357
173578.32239983595
158129.04767963692
185089.01397116832
174128.68319557016
164467.9053142372
173589.8911659345
167610.98556382585
155582.7272077855
177030.17205125984
194941.15423305758
162343.39353746266
148263.98046782546
166357.02071401002
171974.3059462225
172377.1434776814
171407.6072286177
151512.91142951706
151273.841538256
196387.01524295204
171682.42805723497
179083.34282398122
163702.82880053073
152519.44852937353
151420.4752389523
165617.00601504854
173998.52476078804
169619.70635667682
177992.6494603988
275208.25845752045
243794.0416466449
127678.12302075255
111057.62288792535
107249.08707773319
124692.6691188361
110423.96121408606
134128.60532399456
126635.52709476379
126679.78318073583
108991.34371632322
126104.60384702573
120370.24475819923
105092.83749449796
102767.78362162683
104422.33009925506
122948.06103299011
130998.92546083717
120489.12942538275
102854.67556923149
102551.0927325368
107456.8195885421
108345.93706115289
128951.63625915111
106183.01856546888
111923.3307295387
97630.84301111559
114489.9339942204
123770.64752958583
111807.87525036036
98287.73289669234
121514.77637609892
133739.54356538117
106759.14009069896
104816.72838612177
97395.02278281652
255571.07754985002
255747.2912783676
131560.57837666137
126676.16729993759
107652.43094670563
118170.68489456814
117748.09374917987
144062.368408485
129766.71073768007
118460.12803296727
117349.48481635698
110965.41991464155
152391.37273941466
141263.94144429924
161972.58292056297
122457.01519602354
122227.81746819992
123372.4086511659
134716.50939384956
139247.03697835634
166516.9989350066
140080.05412248973
107358.46744621248
124929.31505274147
133903.97351970462
136728.39451650935
140705.6882201426
137792.99032546883
130928.27144682736
121838.55102482834
139584.9092626055
142936.91415365116
149843.7177803985
119061.90393586276
151316.58851905935
129172.92269267455
253113.2259930463
246516.77090344732
157135.63090550184
161540.684011059
159145.47197944886
148924.73017888013
166417.38786790665
142478.60688702294
138571.15700921143
137415.72379447764
142815.58366389948
158417.7615143646
152849.3096150644
158451.58727580035
155992.37108240725
154144.92643643223
155063.72508552074
155102.74217314718
166769.41408742967
172077.8500026562
165771.18555622757
150781.42804677482
166788.44198544713
149401.68972356056
144157.67236120018
154870.4701219895
166112.17882107224
157181.01597512345
179963.87881815483
134076.50395115936
170453.97905409007
154411.5295542959
169590.38387599235
144876.61874662552
166812.2156764594
152605.25078291097
257896.39178510013
265975.07886905945
184892.11264533966
141729.78156015513
180214.02788574412
183086.47349480723
175990.72523643525
157544.27313113888
164093.45338284966
142715.52239080428
191260.7901943744
195641.10361004612
176081.5050474754
162758.18033291353
160317.62885326595
186329.3254423083
184156.49840132135
171759.36796676263
171140.95780063188
185392.93909259932
169211.66331499387
196300.37166678923
183482.61601922326
174687.24041167338
185085.72165406635
193219.67541496392
184949.0484380627
183777.30858339145
170617.37204488134
176542.0341903679
189916.8267274082
182255.65314089908
188668.0219155472
201841.14529234415
167273.72757435348
163450.84708554222
274381.2765755738
269633.91133830295
243672.08138422034
237297.28103755388
223432.47182697617
222964.51511864027
248982.14131613023
235278.13229024285
232501.95579811704
234487.32564216424
244742.09311209168
244066.56230055695
242010.64063290297
236714.91633903954
249942.95610074312
254444.50591920924
215276.63420570293
230951.21355683552
241594.1999300957
250011.1437343618
218004.55803308813
240309.36183208198
236747.71203625022
235371.2798409826
241063.7148446635
256207.7425616204
252426.07824053307
242950.74265483278
239287.84189122944
242497.52104688584
245056.86157169007
227301.2756542575
227836.50630919778
243187.27332241493
233784.2792461538
235069.16834352678
292496.02717970934
276251.46651854244
246373.13827959896
251089.93244428266
247412.0116973573
257955.91375486902
247159.21520420085
262677.1742487306
252188.14206771803
257722.72398369235
252957.13232587007
250716.67340928843
260346.09973357152
270348.8075399678
232474.87853905192
222257.52605815412
253418.02528015384
265141.1050381905
249051.0499178175
259643.75055070783
254899.51763347036
258888.96115342007
236343.80558578199
238450.22014993135
255991.62223376983
257929.47492404794
248501.98130111475
248792.60712530144
252412.28764619783
229314.11946361524
252262.35085705674
263553.6567938285
257006.62982679886
261262.20134537853
256966.37496506443
258880.47970839034
296079.49842420826
273561.4391937388
257797.24645688213
249849.1230589153
237595.18903394762
251759.04085178813
232579.85271970084
240804.25656532554
240258.4651126075
236081.4304969998
243098.24754527587
249965.17547380127
259144.23940018064
247427.7109926003
255315.02135967358
246578.6924059894
225355.2820909456
229947.846996728
237055.69641343184
247820.4334587757
251617.28751172547
249478.21667634184
244093.2196338498
223897.19305594428
217130.9923790597
239831.78414500656
249731.5061885733
264352.21046716906
246706.00266642892
231733.39474462892
244162.9687474887
245144.03212501947
248572.36760767942
256411.5807600065
233478.54522624277
227256.9361965305
285511.72929345793
268860.34333156416
224935.56975866246
234259.83730249622
236413.3113464192
231626.33725014693
221314.93768882417
235420.48912843686
220024.2063865796
223464.67945172303
215595.65606027216
205006.6908137834
230167.22201651512
226081.17470325332
230731.43364642508
227256.7095626532
216970.94395552514
230025.615020212
206065.8444260751
222312.79807825698
217909.38237437635
229126.23155477512
221078.77471323012
239744.38800293134
215940.30517503584
219638.7954947805
228554.62691245473
234198.98830869544
238761.13690558478
233867.44739974197
228023.1767154047
239110.53727063644
249271.47218413884
235661.50131360424
225439.0589688151
229081.1418267971
290049.7026152438
271530.1844254755
242921.04577876622
255301.28095189552
247611.7009538203
250814.00632319468
255046.7677450365
231086.20432119077
233850.28542248232
249595.37130941142
228064.6889391041
243214.78124775467
255303.83181531052
260393.45199367905
248691.18453122216
256237.4738904288
236104.37765245265
250749.52697208629
242251.51582729895
245463.23794401332
249842.86770954388
259913.33264653085
239228.97260290524
238509.17213976383
258448.14793135808
255727.1212036227
261544.37668094618
255491.36630799816
260064.7810440505
241679.03316470052
242487.5380120423
235145.19967168855
259469.3096202763
261480.90769879532
263826.54164315446
259717.27554793574
295497.2281161926
277386.32082170434
263445.0819974696
257283.67208392158
253286.98486163138
239582.67279932642
229045.8856332051
231166.85973398387
231345.98614468062
254725.01050233908
253569.07111615728
245179.19013232389
235960.2637378079
238900.41087134418
241234.46040735015
257502.6837121303
261376.14548577953
234725.07516966728
236979.02709655015
239257.6573464207
243642.53471339197
241438.8209931392
245306.95269327497
247710.42228325672
239101.49715937758
229942.38990568768
239011.52875071912
245837.9205140107
246591.45173938602
251148.98659676255
230621.38406675128
250459.0393047589
244816.6270253111
238046.33509818808
245815.01637281856
237873.17143619995
289929.96204852464
278765.76857322827
259295.40447422685
260434.2349693701
250735.92950740142
247398.2752864242
254822.46264740836
246875.66758771692
255619.56136876644
253296.91355271716
263412.31472331117
264185.35522403906
262902.0843537722
252156.9200742699
251025.68290172686
265076.5160302498
262717.8958284781
261104.9537384188
254255.153622925
250891.2281462947
263739.6594757009
270160.0398527358
255476.45829939024
265593.73395601794
264551.17012800195
253939.93721606114
258534.4841593033
260858.76533674035
260489.7423043671
266096.6433330446
262940.57408791373
256574.3770294001
260120.14980773113
248943.29816602703
254740.4780412173
253541.1110090639
291191.3320710206
278289.4818253417
262082.7292741713
229033.5527036343
233003.44039057166
237655.7616303657
233218.59465466806
247896.48935572614
234737.91959227514
239976.9906356356
255412.45745031457
254569.01030137175
255441.12289851933
259359.68145621583
246514.54972732777
247034.88029266146
235984.5414271293
251278.27237360238
261291.5599851707
231420.75171176236
244633.61209520814
260823.540536822
265733.9835477746
244502.3718785874
243003.60844137182
251682.83214869813
230098.84345327094
215965.3453085435
229643.98734679507
248385.7393004333
258915.66260717798
256426.9622975865
253659.43220212308
245153.43744008374
251923.8609757577
245030.70602139708
295018.6211049418
279147.46915944613
263244.03012508946
255593.0970239643
257594.67123797574
259533.1231816039
263405.78555317066
264237.860757469
266322.69354298746
254359.1232656107
263274.33415192284
256371.9140666413
245223.18135176724
245814.00125288637
265387.73060863384
268748.3130905853
262182.0766440793
259175.3277791344
256210.70316141457
241640.34816651265
252689.59658101122
263457.7286694825
268376.1392510229
266361.4456190339
265018.38423807634
261590.3935255036
264011.38383861055
261928.23610081754
260220.22651826811
263943.3261122105
256606.56551238406
267703.82256918645
264464.0966981443
268199.8939206911
267637.16706032935
257862.47760476847
292923.2039148278
279792.22556479916
261135.17332376324
255570.5086159751
260130.55880336635
265208.3521948294
261800.43400386814
267413.28276482935
259776.68235176711
263350.0205834677
263407.36057801824
259982.96005080178
268712.35379446275
267547.5077746179
264758.73670511146
268260.58257340844
260996.78312473866
259457.29355207834
259980.78100527427
262612.65059068485
265420.5262560976
265001.1187994414
267413.63694779226
258478.34788505503
265924.49997135985
261211.49445871197
269273.0074523178
259614.32185191978
265617.0076809155
255576.0129215354
243328.90289813047
260922.22358886863
255722.46643307488
261582.9102469732
260408.23632044962
265374.60032432165
295025.727880401
273144.42009660194
233802.41456727622
244874.32513529403
246452.8948014969
228914.43131389312
235982.09762388683
239357.05773934448
235929.43279915254
225127.0897471282
240142.12431869973
252396.48599707987
242525.15130653922
246856.0924202943
251349.22684852613
238752.3929628108
230136.65577208917
225726.13116790986
242740.43636553257
251974.0921871226
244097.29061807587
240044.15224986308
240768.13196871497
229160.10307176935
247102.53048986086
237763.22085846463
235474.40181127575
247680.41926576514
254113.38361758334
239999.96645173067
223101.5697954185
234157.30900092795
251913.6211368924
239301.86885546922
242507.02700424692
249406.5586988479
291216.47912714054
259374.97232916995
227195.5123836167
237536.3782008338
242218.96317299045
229200.1295403719
211955.637650479
214478.58759542875
215380.28468356247
205220.061465109
207442.58620573994
235662.60163504872
215436.41169126463
210643.88001921336
217852.81201062197
205714.77610230207
216786.54649745865
209368.51446423552
200195.2761551398
212820.5221182884
212172.68060338966
213064.79656731174
209102.02882834664
207154.88047205255
223412.35540692264
203661.52774159706
210454.10761246132
213702.5021308959
231201.5117992249
240664.73558077018
220113.56931165012
211395.94764087067
223375.18654957647
238651.97328131623
222149.97929629928
210181.17580306527
282749.36057663104
251953.8135794087
198683.00594769907
201064.62743245784
222653.58303132586
192386.69894225543
209825.14506132185
198399.55779732618
218415.02256599857
212775.6778355146
190475.57171643752
186054.20477375065
191302.93379702384
194735.14506485205
194351.1135668079
220149.01315497592
210073.91563552787
218910.66588065447
191608.8442612802
197624.30272568393
214799.22978671404
208673.06725380433
198944.31751937975
200143.28243206887
180945.73726235563
210348.52043179207
211731.3928344538
205472.99120690647
211591.65972267318
201128.357968413
201783.53205633702
208069.59994618045
218266.5598431313
200398.90805007686
199829.93263603607
211129.55228383222
278289.1883999961
265075.70310159243
241890.96403632555
229546.31753854145
215963.53333495883
230999.4280658845
231924.30516337656
243537.05433112365
219173.6772592028
230290.61460666917
222909.69043392708
237218.9361174411
229563.2945857987
237716.56159380355
247515.90774476787
229794.91342978622
237592.11968945048
227134.11130063806
233489.81925847044
206766.00277464345
228136.5396521799
225591.8003596423
239544.07663269722
222570.12070066313
233183.5072710051
223877.81245552297
230455.96193420538
235237.89798071602
217555.89432740325
234589.1532357455
240716.48891625853
233548.6781533906
223591.81747843948
226870.29027415992
234073.08253702061
209051.9699634521
279791.54296019115
266357.8095730744
232490.0431704031
221685.47010594176
235752.53584958636
238075.54063155473
229982.46938436117
209579.67120202762
219390.59908800153
200828.88431207495
199904.95414839694
210426.455774006
215234.034366734
218254.1651359159
223228.61582181614
228582.4061376443
219005.95507850792
217824.30597549325
212975.0638164327
208515.00358685188
221028.8213277513
219706.4223227995
222583.0834336874
232360.6540378924
207836.20803674893
201457.67875865166
227780.5338292997
213006.8694229901
228600.98764993093
200022.65050395043
206455.42608823028
193334.12575473453
213615.17636596612
220593.27655761293
223370.4027550681
228597.33141193012
281491.3340744274
285612.40292085154
270520.52353665634
269048.05816478096
268481.2357109681
265630.38160419796
267708.7968159614
269836.9452397849
266329.23167938594
267828.7439767374
263518.219385769
270954.04963779653
264576.5008615428
267008.4008372568
263839.3110637702
272446.6815335782
267853.96121760545
269181.36769906763
268755.5700687387
269102.6839395196
267447.4251913167
268770.6405968499
261506.77481473147
269262.0061668066
268931.1397492859
263729.407006936
266816.7792186538
267681.9394852648
267099.7049104023
275735.5684708896
271515.44207603973
274227.37291423674
269651.12122582283
266726.6305917594
270461.2393636597
265694.83625678765
292495.85194397357
283820.71111133957
269305.7172371337
267477.6336620836
272902.95178569155
268785.12288048334
268790.61018781894
273094.4209150947
269530.14159375004
271562.27164368884
272069.80566837377
272059.7992539758
267980.734608183
268506.872126055
266664.9832982716
268322.67940574815
270822.62681463704
270133.19419688755
271065.12814332487
269976.7340809143
266212.9648271353
266654.1995670551
269347.1530160056
264689.026270089
270990.7136365419
272384.7935617545
273566.75371369766
263985.07087486
269487.5519712309
267252.7098138256
260312.84963164086
265618.7494450305
273177.19372526614
270271.6431963005
273553.906870929
264822.9410397093
293866.7028460741
283180.4498853614
258735.9306674915
263538.9665814875
264157.4619175061
263236.8965115647
254963.3877228854
262091.88921937728
268354.06397656735
267008.73799911886
271898.0897907369
263285.0759705262
260318.62376601525
252112.037276154
267820.4615362664
261485.2451761635
257891.53284521363
266248.6542384249
269169.47120474145
267787.36042158044
270554.3850613877
265181.1759043029
271175.05824607186
266122.8897269071
268428.01696911233
266067.3120792946
269986.604575488
268772.6333997437
266394.15676676686
266819.4938298044
269754.6230229772
262464.53005821916
265983.85882964404
266671.10787314543
265591.7830176162
271624.84140298876
294714.94105167384
283791.210837632
270430.00084031955
270188.6565184199
268312.5492029894
272657.4201148502
267667.5568067235
269339.52389835485
270360.13361966994
269525.03517891077
268374.7752596904
268715.6607445688
264972.91046728555
271629.7995079197
256323.55979141404
260781.03800153913
269783.40900114406
272269.3076563648
268709.08296084363
269615.8261735687
267863.98423227965
267667.94424817484
271941.28941438504
272099.18688796816
264763.33390752156
262274.7532250299
261306.80481540624
267877.69509940146
273261.24999946344
271378.9286428068
267743.9343954043
268985.7918380828
270626.75126683264
276192.8517159251
273535.3404128797
270788.9647395413
294127.3652416592
286032.72573689104
264762.7919869895
264915.66614578397
259373.17043012322
264324.71983747947
265857.0940663387
263880.877494223
268505.61924257426
263947.15757186717
256578.06149095926
257867.0004151554
258015.99827043855
257148.7236960655
252290.25853091662
264742.737170039
268703.24474334193
258192.87917161442
259814.92200868757
266756.25554703386
268783.49301765923
257197.22528338086
260561.68988863405
258936.42967840296
265246.03806608764
270671.92215546605
271618.77583674557
249381.98560078526
246971.29619305232
258866.0355363224
263760.8728649819
257497.29767014313
256917.18391533682
258005.7433428675
268165.8877025194
256890.28239842522
285271.75227557955
283234.3263584093
267773.92338482506
271138.7644042432
271064.067478065
270522.4483910342
269845.41244853195
274218.0245716921
271262.81598993245
269565.2937757533
273147.02378921304
270823.37902695476
266696.0078986971
262249.4101567082
256295.99800631925
265058.44424421806
274158.839736617
273899.0601660343
271365.08406700176
272715.1327335725
268851.65737948526
262745.02870027383
265886.70256463153
268892.9062120739
263671.74205532385
265929.2689592781
272866.00585013814
275456.5911280918
274874.1977887666
264055.9270653669
269016.0584085975
274307.87191867456
273174.4709072235
269633.63624634134
263394.99933834857
262698.2202252336
292304.01192627306
286510.1009821504
272571.79168771417
269080.9312000719
266143.842221087
273248.660467934
266578.35615717556
267364.7408579856
271499.5185892476
263826.2174052914
269033.69217754155
271954.71680387965
266481.2310632776
270218.5951772465
272761.6533950392
268139.6771564374
267765.41636112734
270546.2485286828
272783.0833820753
271764.95533869613
273718.79250414483
270660.61139526946
268701.46619754465
269267.1015063951
268263.8482995796
272610.9833467063
272413.2311653391
267466.77359748224
271783.969052686
271545.13364271796
266576.57732765086
269310.11705241055
270423.7852744678
270714.96282927546
270163.47854772495
262834.84788481495
290671.6553186825
286653.81631462584
273843.170334987
267388.84896750504
267441.66008185927
266282.475319292
273294.82452190254
271818.11389149894
270212.51264248486
268845.97743914876
257187.6866806544
264719.0082096971
270651.08272307407
266826.36780657887
268198.3122344757
271647.79489850224
270319.3412371685
272334.5909190078
272621.9252587355
269417.3812286091
269976.8294417939
272826.8248789974
272296.21921041916
275688.42944382696
273348.82819909044
268943.9576745659
269453.43979478575
268926.7570907489
264656.15057281154
269759.9184886789
270985.157212898
268118.7649070333
261289.87002730998
267147.75751691463
269740.6677284135
270625.2466743075
293721.27226060856
285434.3774434998
271862.53895265656
269118.67820500094
269968.3767897915
273179.6643898522
268440.21276069613
271355.3374972825
270617.16299599654
270136.35338912875
271766.489553553
270890.0432950851
271678.80322553386
269601.1437036393
264789.06736068724
269852.5835275897
273811.3007122742
269916.8836977959
272450.2741123348
271896.7292175735
264362.9267782271
269064.8294360218
269263.3650150466
267633.3350046929
270213.9352169838
271826.63831602724
273541.97429554793
270343.7297462595
268337.7923636872
258807.24210801994
276110.12479387084
275757.0335629515
270083.5801805222
270225.6911135853
271285.2676709095
270565.7793831182
293765.5587989555
284421.24933815777
268396.1500343315
260911.7481897972
268355.9230851481
269752.93224508356
268866.4496585863
269239.6664351289
269377.182146746
274177.1129087517
269263.98451850977
271071.7717704217
269600.3390628582
270981.82293977914
272714.88982238626
271609.4678765938
264491.7883007673
267848.82340148167
270380.26893400616
263312.40002663294
256810.23484303697
265672.5643005902
267717.7269563861
270807.6422278603
266573.61745216924
267549.6429692705
269520.4623271536
268401.8258280282
266108.62048932415
268501.98091740004
272110.59039189265
268831.8729144173
266629.57524272386
268560.9038788838
267820.63092485705
269141.16767366446
293280.33104260423
265356.24007187487
238154.55681021107
250482.27541941922
239945.18662246756
221925.2966575236
232830.50013516846
234181.45778262665
238586.36344075602
250468.5838736321
257159.31264797837
257222.7776704768
248161.75181191595
243037.25819224535
240806.32651279902
236968.85461661167
233346.19373814703
236677.37569381957
241589.71790101373
233678.41949919608
238824.5750528483
228181.13153338013
230855.74887454332
221363.7484314238
215167.84935171553
239665.99371066716
219831.39938550262
228833.44864480256
231842.11124230834
234515.76769378252
230593.77287296767
234109.27157211953
235345.47481717585
236852.9011917442
232486.94359762184
236405.24694790726
277880.1211954456
278196.2290987678
228938.76835960688
231539.77234644897
231241.841951771
238447.78381427002
234012.43227606066
237511.7711797325
236860.99355083788
253073.23515152506
238312.75689136342
231819.61440755328
250885.0386329901
243681.53046662165
240581.67936357792
247426.65669937516
236003.72871692074
249669.71956653753
237439.92854014193
249028.81203412465
248502.63146157953
241004.42340720692
238222.79911165798
219696.12942046317
239984.83418408647
240134.87607106043
227825.48146902397
244724.916620415
257114.66741332266
250403.42638542806
245182.7797211008
253200.8353414847
234983.76824228658
237744.7529276655
245425.6919412439
233348.6386360683
286363.64778929437
275702.5641363698
254493.5641264506
259485.63992066347
254494.6152452665
255456.34147498565
245635.1281200888
239103.29662319235
245939.02095626778
259436.64499522067
261026.56943459596
244853.80988259628
248672.33590989845
251855.8451024337
254753.878494955
262918.7974702511
262151.2801777837
261923.03099982487
253551.22436777523
257998.84026170074
264575.68910371367
251961.15135952298
252554.55404794455
253229.87091645412
262315.2746943468
255010.78314418776
258326.87761571087
257335.57301629285
256230.77682314912
255560.42542270912
251476.3358775331
252659.78801636177
264083.3664145582
254410.71427825972
263095.5963738295
286292.24497012206
287411.5552393743
276510.53814226587
250991.26942684437
245958.65969315468
244330.00197669238
239720.40080347867
237256.15542699944
249161.8279347731
240247.6782936588
247786.2841810658
258015.73188314962
246351.33493022164
250850.82872561942
249937.27922552274
252213.08710626327
252435.79308469663
250998.66876337805
236991.89279345333
239733.35173178604
250593.71930717194
246345.7692692066
254350.48664409245
251402.82859886298
250542.0444621918
244614.99542826798
246073.84307645465
250436.01985926018
251004.23458142814
251507.65190538773
256456.87414332156
253185.24830361264
247788.0057658396
243419.22789656385
240865.54801504468
241408.10659548268
276489.02257518837
274674.46302990936
285093.2499464018
275752.21545503923
274181.29751681874
276300.45400806516
280211.9379489418
277114.1352681024
272870.74285386235
272734.76318887813
273378.73732599564
274082.0401439558
273899.3828653503
275403.56444832974
279365.73274827976
276969.74703051697
275374.10346730717
278517.2185655281
274223.25599557
274381.59355207585
277947.88045859226
274932.8852384357
272489.01633372996
276227.91541267594
275032.85462117335
273558.39357921854
272916.95337598067
275367.282305502
275410.5350129126
276359.7160385435
275939.4167116385
276774.65446261846
273356.81498836307
273617.73311376723
277033.5849536878
277737.1953544663
293957.9097218631
294179.69667966344
286199.7774451124
269388.3982643251
268850.46882068156
269891.4021525672
270026.78303468274
269037.4976073464
269410.119694669
272527.4424098373
268044.6148690155
268751.2164308894
268794.56293849216
270367.755553975
274189.32093502
275234.8959512821
276078.4199238636
275881.78969793825
270801.91373381997
271252.4233148739
267608.71058074397
266643.85974549473
268020.6302521229
270936.0698115989
267545.76388575893
274789.9111828979
268868.8168887959
271913.89431025414
272442.06910054304
271828.39066247287
265204.90172663133
263577.80256247445
264916.3207610873
266520.38195716805
269936.539381225
269796.9914962861
293161.28468374145
287509.02885883686
269694.31062572455
272034.83034870744
272013.36424844
267138.9915179257
268534.351553761
267290.27415234357
272089.79502106435
267059.541942781
272625.035755209
263755.5142772087
271700.2701298559
272216.10377666267
268245.12844688696
268726.7483224906
271107.32484183845
262547.19072244957
265380.9162761629
270446.71005277534
271509.6155966666
272691.8790962073
268647.9989609447
270137.65743275196
269148.4024813302
272894.50093194016
266343.5049708793
270193.229439429
274031.6975338027
273852.7562237161
275788.18813288776
271112.1727593761
270894.59619692573
268802.5640104983
268313.3328408211
272379.0655936799
292231.48105538625
286156.3161169469
271411.0336007872
269392.3635382932
267778.2760697344
268578.3890804488
266472.8672406927
271084.056781818
260449.37487985316
267843.8681959909
267469.0527783159
269657.48524845776
268262.61289265484
269418.3476851081
267821.8603310397
265084.6998546283
265797.4189797075
261555.69684592073
263681.13691246166
266711.2679199287
269589.0682705352
272573.81336687226
267068.70829692454
268587.7740692834
265401.7290242281
270947.33800014656
263689.1110465508
269509.1251188471
269096.81519787665
267552.7735947173
272494.9008661091
265334.6351280248
265520.16583597346
265392.2767017973
266406.4666180923
269524.7410031892
293073.38694971794
286286.40620909724
262181.7694547833
257834.4463606413
261478.9813952186
269403.68655042275
265756.680179056
266450.3619620807
273573.2629977479
265692.20878302935
266316.7100005271
261285.96089674896
264919.49860896287
261234.28621085265
262114.18596979536
262983.3101804346
258872.62960739943
264600.6540933422
268187.66830757586
267244.8996357521
269705.79928129126
266651.1730807354
263865.63615814125
258363.59657255816
254231.11945201992
245382.82936425283
258022.02049801743
263935.3843161094
246703.4220069101
259503.08890910653
262668.3418987894
267765.21214198443
270698.620622432
259776.62315258046
248649.95787064463
261708.88908408137
291075.9961560876
289643.64941225154
272562.2021312553
274105.5112720563
275425.7025989055
276751.8950603974
275359.1308899342
275208.5812280967
275048.9358629757
277561.3897181735
273340.1506795686
276220.82220557804
275450.3421431586
271820.04627063475
268098.38624208275
276676.34779005236
277574.51500071696
274774.9991879132
274242.750648407
274208.56810162036
276514.4850917448
275579.6012505589
273418.1522227433
276999.3679932238
279095.59486375976
273345.33680445165
271467.75667620136
273651.10885434435
275367.8868389918
277819.2037134708
276671.2532646055
275256.2602212294
278533.48504680564
275053.75986771344
274379.73532012035
272567.66296163405
293162.0358240145
287656.15256868943
270825.9206046503
263939.2517365814
263967.47084879916
258411.6010342662
270638.2986570215
267705.7983973244
262029.11777189016
266872.0739963121
267666.1472885667
272640.8727366602
266283.7610829952
268117.72805835656
261971.2760891885
267027.64244870027
276100.37586221716
267850.8185473419
272098.2271631517
270701.63526295894
273671.5712221831
275380.8987072783
267136.3486719586
265227.3466841185
266087.40415825456
270228.9064747471
265072.0658016494
268506.2031164529
267174.3004456568
269380.60455588595
267927.5191956891
270182.5034423401
271243.2233062545
269216.2719096112
273104.1013303316
270628.62839490664
290355.8344979408
287493.635602322
272394.0857275627
277089.17162782955
274018.78196510114
278536.4387723122
276186.6981771903
268864.78804240207
270616.91172765003
274638.4244766404
274636.62262923655
270082.39560334274
275810.7757917519
272500.6480652156
276884.6002772635
271414.3557729562
275358.0750149062
274564.0828117944
275445.5583490227
279815.10040451516
277319.8390806481
275679.16294180456
268031.3820895753
274167.1590691058
276383.8181481725
272052.9024673463
272006.09599926387
275267.95044293767
274186.75872449257
271472.3091828975
268271.6416930607
272337.328623026
271420.0825579607
266764.08575455414
268277.2766399411
269456.30061666074
292842.27254920267
289195.1324096735
274009.62363544723
278832.30291901174
277105.7126126406
278044.86180416704
274410.98701252276
278639.4072712789
273094.7491944431
272990.2043566996
275951.8880758609
272711.3453908386
277065.7942652881
277504.3171769375
274826.89434000925
276481.2992743591
275250.5832711264
266012.68536216405
275443.9479698185
276967.98938622983
274703.8929244146
277344.9397964941
275154.3523535336
272598.49889337405
276620.34869267914
276046.4514139091
273272.2824503483
274440.5999637814
276669.8354772439
275150.7071738637
273455.1948969907
271919.8298143248
273605.5316948431
277037.4208500794
278087.75028683647
277085.54136165185
291930.67852496036
287874.5102210346
276690.1995514681
276016.0218306065
278308.94848832395
278347.4689339793
273971.3446636572
276941.0283978282
275030.08668242744
277823.1120269851
274848.10493733286
275543.75731625175
275761.66498237656
280771.7091553252
277085.4351525609
276724.7855248376
278070.8750873714
279260.38388991466
275838.35745851777
278685.62586754997
277202.39939166076
278114.04089155415
278805.27107758966
277272.53997719975
277327.35216058185
275044.79298998904
273203.9975263752
279015.935598297
277514.00967259024
276758.5039392023
273885.63419877284
276583.4871125128
278589.4418614487
281183.0265709981
278828.1570468176
275841.737406043
291608.857771337
289258.6734524417
276455.7521742163
270599.05479492695
277506.27608812874
274362.8948696887
274388.05411836324
274784.4661525558
277377.2446630093
277709.1017645352
276745.8101768262
272816.8688027981
273497.7034244623
277243.8679733101
278402.0135297868
271425.66445108945
277777.2627668252
276512.5573089767
271380.5325620997
272383.09746538807
275700.03458616673
276571.51901434676
274947.95787294
277003.8460819732
273736.5868714563
277750.4459188393
276747.62399744085
275949.1880139521
278817.7712505025
276434.2143449633
278114.18885079393
279131.12489281554
276931.11781681585
274426.7640132371
280418.65750424843
275322.9858645886
292399.96457126725
288821.3845805097
272388.0354465358
269403.0325306771
273884.132425718
271175.8339800718
275398.927788676
273287.8318418095
270800.03104311926
267830.325208347
272719.9023098229
270999.82595598185
268124.0768108756
272238.43411595956
270265.2079294094
269473.23051805457
268616.3281114724
271765.18745230435
273522.0122773072
273660.3694504226
270889.65853398107
270079.57086284953
273680.6027385114
274115.583621993
273631.84371527226
272834.1234227129
272825.94951574167
272468.8172657419
272127.14672981086
270087.6197009092
269713.76573521877
273160.16803367477
271320.262566749
271871.33783014474
271709.49557050446
274339.5428025108
292524.1081279614
290090.3648915677
266982.2474780514
263307.799980547
268518.71096936497
271581.4898104604
265826.12511838996
266011.1299459151
256547.62252184344
267794.6213580127
266511.39131312794
268521.18152281834
267433.32903637097
267550.6140001374
260949.10407143203
267055.4835639673
265231.2755153769
266227.4248083734
262011.67525344415
264311.4181061877
270899.0709504851
270789.82690167055
267799.0773908493
266945.90741255216
269880.67357510835
270280.7440498785
262677.6461765066
255963.39291976084
267801.70591995155
262089.84725457357
265969.19004291814
267432.82725983503
262045.11894088215
261680.1721308381
268609.2205698176
264076.35981996264
287037.4106166805
290332.78176385805
264819.4267316618
247126.48109186022
252648.43065678698
260135.15944391405
244676.4734012112
254845.45847913646
256685.85093902927
266001.36673636275
266199.0469387799
263527.84473320836
261153.02544030768
255846.2268115111
263436.26729352213
258501.14018823477
254977.58678619232
263576.535175735
263003.0749135026
259521.7048272541
264332.16614494746
260221.99331882253
261254.56968742807
266583.3816205492
256359.61380343523
258351.51738360367
254545.40236699051
257693.44292821977
254795.99640184303
267805.91240320745
262003.69873019957
257673.91173998962
257139.52925996875
263122.21017095895
255868.2557817991
258824.7591731999
285718.825279663
286163.3648162817
247777.457362493
245102.27417959803
253423.15360807115
248823.44629559998
243193.27168250526
244683.89984341073
249898.9766459041
243712.79626898927
225051.9386347571
235141.40482555548
236860.92124835352
232036.5048379945
230546.4280457342
224983.13364829082
216599.77455291103
231576.13181910865
226410.96460198535
231721.53769870836
246291.29927265074
235170.86427268546
255562.22504346547
253452.47970288238
247496.76387257443
243738.35493538293
249989.73065307675
257923.32180920272
238366.32211502056
250215.498722532
241629.90083644752
243177.77587838832
235815.64266980026
237828.67681079736
242516.65968614465
238107.1423344131
276405.1410462205
290700.1676268042
255981.98897091203
248502.32457038152
256760.83463130018
258801.3394418187
251504.84192634653
263306.15856638196
244333.58127426036
246506.71264977526
251270.12399516586
234983.70875306454
251484.54069209498
245934.5276266873
255717.76187850235
249372.88102359592
257288.9457657869
242768.36926653277
252152.77533567182
251929.0470520146
258108.41668766557
258542.2146690497
258116.7509745222
257712.82352267616
258127.92017650374
255089.26419310956
257593.3838157143
262637.2603133427
257037.26906985167
255931.61828087893
255630.97111169295
261009.2333608662
262932.118404122
252148.938363878
254904.46789618433
249680.53370227336
282739.3277487158
289651.51074136567
264136.9269468175
253559.99221701166
258614.6858086641
250820.35212573202
256054.7094178179
252604.51672911202
253544.60770233418
249108.2386894132
248474.77827812303
254209.16388793633
253027.53685231606
251962.8558869594
246276.68070414936
249528.46535349396
249008.58616876428
257280.48078117936
249224.59116871795
251165.4660620582
247626.59842173097
246588.52089360662
253260.07330387368
250392.82229916292
251306.64416860245
248317.10439943097
258662.5792548152
255220.10962830798
255917.92512505775
263711.89436693443
263026.539990371
259736.50821914268
256277.88764074186
260202.81869702533
252022.4274351358
259949.48931665174
282614.497678291
291808.14124415204
278034.84802950703
273891.78001122444
272032.2872013274
276865.49148112134
275511.0200653875
272927.1365118882
273821.67948251095
272899.90908775385
278945.3544512236
273938.93284596206
277365.22680781496
276429.35105593054
275618.84871696
275409.737714446
275435.6555582252
275791.2567805235
275153.8849432508
276591.69663941546
271227.4046266383
274291.75409272755
274206.59040821425
272425.4053474977
275803.9838601668
272930.45579292555
271803.1931347226
275691.1094229889
274328.7727894617
275371.8645175843
273763.4702216046
275276.33905405964
274596.1825901042
274723.21081758075
275999.5383536608
273830.31037113775
290955.35344564705
290577.48026742757
276986.78131585714
280041.91222007055
275937.94690876704
275697.808735737
277972.1331652734
277667.31903685874
276939.94347310567
277417.61523372715
280104.6606727075
281519.6027470514
274355.06191241875
277257.98299674504
273553.8516362813
278359.2654138556
279186.54066089884
277187.86200115527
280181.2934009992
275942.735992889
278061.72987420316
278310.92235306767
276332.22707101953
276754.4930363117
274612.22124054877
279050.57445035724
276351.22374100785
276961.3845229707
275227.91839116724
276580.0101967097
278079.6294405702
278340.7345376308
276333.5559743488
276437.94675996824
280447.1433397951
279489.5733873278
291764.84255527746
290283.27290328883
274646.9653146483
270819.112073593
270871.11688283546
264366.71914917877
271354.28731022746
275063.61215967813
264657.4761610377
265388.4212605017
271058.7481000417
266058.8302508429
264936.8784163455
267579.7430844505
267203.5853456937
273326.0417683517
263113.15767614654
267321.5320432576
271974.62997820845
275455.0341889362
272378.6890818743
263638.76955527667
266256.05038206343
263335.42131000047
266602.32583656133
270526.07013872144
272477.0757770632
278201.85439487506
268099.2517982994
263127.5460464157
271072.9558557209
277050.5902545255
273989.10371896595
276222.7220899616
265937.92550783255
271558.38713377796
291493.04786355956
292025.35906182264
273730.5040333839
276738.1516861902
270439.33353072545
273060.32463865326
273599.87021178176
269822.2738019475
274124.737120758
271473.8026305209
271479.8135668718
276443.0623172053
277175.72199306585
275583.2933977099
274014.28956111777
273666.7658395954
278975.4338511258
271101.5517404966
273517.00108491007
271236.16730235284
272545.22213152854
273308.9877570546
271605.3727277538
271126.37238722405
273872.61632792786
273817.0554777262
275758.58256060095
277685.9392739679
270078.3519965014
274117.7497102198
268225.2037638912
269560.9680709832
271278.0356206424
274990.2202342567
275677.6468927456
277969.3105646818
291282.6482525671
292019.40227129846
279228.0307876558
277147.16240150103
278866.61842068983
277800.4983402427
277148.72806630883
279078.62101237423
278818.03998955863
277964.6913408973
278448.8186927993
279601.24082149705
277249.60484979174
279197.9921694888
281419.49821912206
278012.83684171527
276901.37579900364
274222.92375931685
276902.16907604836
276318.06861381076
279776.04588843905
280118.14942456107
277055.9231927175
278704.55212326534
278211.3807972172
278854.0271861538
281085.0961488293
279097.9055408961
278850.03352888767
278631.0281817239
275667.23415228527
272317.2224279478
273130.5524223101
278113.84792441013
280364.29322851874
278375.6070583126
291726.5750440183
292254.741426916
267746.68752155005
267130.2101936936
274065.2972699244
272306.48805668927
274274.2127469428
275913.4710539887
275246.34437613096
274626.2029141387
269546.6417341785
271394.02371348825
266550.5747443067
267126.05281478266
269350.0287838371
268761.9901741743
266044.7697471285
271636.43985548033
265033.8923214185
273160.41617375315
265067.513494821
275826.3578630194
274244.7265182372
275154.19658093754
270319.44913141866
265415.3458257304
272852.5122742873
271367.41145118634
269086.322843947
271721.33109291794
268990.745672676
268525.3655753384
272919.91829772294
267071.3521472698
271077.3241378777
270162.985542626
289767.30981796066
291999.62279995903
274269.30881770013
271731.6160867029
259300.6704357843
270204.0678793045
269287.8197776791
271702.7489735605
273211.1771804636
270306.1496082302
270137.1507539778
271201.20263001573
271039.91568685655
273316.4022335702
272578.4030625053
268034.57387420966
266969.2062878337
268116.8821315731
272226.3441166723
265413.32487756247
260603.64605639206
267220.84688417503
274005.8554785301
269524.3783691301
272334.6961713792
269486.7714038075
271258.8988919632
271550.6041207234
268864.10314685083
273882.7020367236
275997.43133542605
267959.5707281371
269921.1667445613
267589.85198981187
266591.64922373503
269144.90135246416
287756.33478160354
292124.76143722475
271460.6039600395
266144.87398313015
269080.8619262056
275259.2133320332
273329.00283257896
272807.2422762321
272081.80982751737
270879.86186664447
270686.0645697221
268570.07101433165
274498.18799376895
272493.069790448
272837.69192894927
263099.06253727735
264097.9233513147
272185.42443025525
269382.73904600146
276563.845820419
270137.46930637193
271720.30030258937
273354.24167446373
268769.41269114
272084.897274639
273060.8594860464
266239.36061719334
264006.27926881635
273435.6134857576
268287.6694966566
260833.2771274668
271473.4424404545
269486.2938808057
264663.16947407153
272608.2681169743
271370.57748578483
287336.63822311384
289779.5315372013
240809.9712148463
238595.17322983692
235484.55441710478
244951.87186787007
251335.03226482205
245624.93868222277
245673.35432853963
246352.11801357448
240325.32162566343
236965.7780279049
252334.200902227
239000.86288674417
243282.89040659403
246955.98612255143
246169.87720214375
242544.41174135465
237763.582010098
243083.532548217
250811.86338072162
247620.78989602975
246979.84180511933
240698.14932432724
241234.87013998884
240596.0961722983
234617.22955276197
232455.38616121383
238795.32258465618
244490.74522931318
218657.51035840387
233355.68966372288
245015.44283963882
247236.24184776508
231935.20988175174
229526.6800016183
274697.46002325846
293057.18512699584
250750.4388408583
257417.38860876698
261261.1326812407
251613.87813344548
263293.5691457573
256962.42257172475
250778.38496207207
259426.97879131883
256312.2466441678
256482.55251201455
257697.81659412288
259840.5045910191
256454.78053082057
256207.5789985741
247417.12543326104
241756.69868373967
257003.03451069837
258343.69986966086
262189.2564231126
256019.4634769355
252117.67380132774
251169.5739805658
246705.97526264313
254267.994721407
257820.1072973463
257706.18655852854
247638.78330412053
253167.65799316842
254380.4416161398
253520.20278099924
257067.4780138252
260707.40061777685
259403.25343947412
258757.36633429956
281501.85671567934
292809.9800127851
252279.21125154328
245062.6825391659
251177.15873898266
231901.74558192975
239259.66906082188
246569.6589049736
250328.97286872167
250017.5669522921
241222.8306964089
246858.47931481843
241466.226429892
248137.0322759464
246788.92585391883
252177.55659723486
256511.42129387337
247778.1750831272
245060.94641441797
229568.1919972143
245335.37093122583
252379.40646258518
255846.08073792746
248739.8678330556
250595.85142448774
252734.2607864233
254409.686243571
254704.63029268384
246738.33542994162
246201.15984480397
254323.0983634942
255949.36413958474
261380.80148095838
254085.12787895332
251980.13175701155
250540.99217032202
276011.5818199617
292444.02784711233
274765.83031658496
275724.4769247154
272906.07050886384
274716.760626392
276490.84285818273
275040.97748081456
263221.2649414965
271242.1509646136
269863.7668096076
272619.2990172059
272273.6153521857
275188.5705111813
276179.00739695894
268894.5708790638
271292.6983432881
276947.1248175454
269957.13180536084
263939.3047708464
269520.5490023717
269628.36051051307
271896.6138099822
273483.9546695394
266693.48887060344
271207.43041078816
269321.26093923126
276887.3193971282
270257.95297869673
273435.9591727136
271385.8564492599
274811.45309288247
270992.1593855011
273506.4517637143
265659.4937208012
266802.54592617607
287610.5579141525
291496.61523667956
272157.90916410525
272095.59867573105
270494.79816753377
273968.69109436846
271405.2576765641
264472.0055681448
264004.3452358782
270047.0682924877
263581.5970611314
267967.8814347528
273851.67045127973
264431.4740552771
270204.31104816106
265267.62084505573
271510.42474512255
272698.42636686435
272603.48569273285
275484.9253079028
267023.92597741354
271693.2155863094
271546.649234458
275337.8049251365
270818.0851905965
268429.32080157014
274653.70331808244
273493.9253327265
265975.056237574
271984.540801682
265490.7017495917
265372.73332842614
274729.0479291599
273784.0779024633
272003.384151704
274076.0538190225
288050.1985369266
293527.4495551947
277695.2731107879
275499.34450775664
278806.79180577165
277499.7559376272
275055.6141215546
278356.625576378
278639.0117728482
274112.1822291342
275582.7941315834
276498.0186807599
278150.4367695679
276989.71722078486
276719.39336432045
275213.6376483891
275674.24801515986
279782.331731219
277331.9431381627
272295.2245324557
277821.33396482375
276293.10181690514
276680.93671645183
275328.0663652109
274004.39832355373
277078.2706061244
277496.4819414449
275336.10146218754
277123.4820933
276562.64018840727
278013.594256628
272705.63447872776
277303.5910952108
276124.4814525576
278446.58176594035
275666.6673127644
288235.56020609784
293867.7354738272
278127.7011088083
279106.691386938
275572.46868767194
277781.6118164474
278194.1556620753
276709.4123352913
279042.72989639034
278443.56287094956
282574.4364881355
277490.7846148807
281351.2542304642
278011.765929369
277705.9093996947
276548.18452923105
277330.63483140274
277048.8530272735
277693.297339167
279471.79688000213
277413.84803747444
277426.61382839386
278986.8231437617
279653.41089754703
280982.0414896801
277859.7404782347
278888.4983704642
277719.7825334492
278499.48678808653
279898.23170533875
275092.1374971037
281209.6354587137
282621.3158648558
279641.02168621303
276883.31725142937
281765.3245792783
289030.379456192
293208.96129472624
279905.2857396871
275925.28578538133
277077.8118407052
278849.1213504944
278012.57006721396
276164.53567129944
278238.20353889745
280001.68117753527
276821.3867423532
277721.11487445683
279969.3190973213
277695.21682067215
278608.3360215048
276432.2976524648
279345.30643368047
278788.1988375216
279588.8078887286
279234.27283443866
278692.7433499946
279220.0827064482
276492.2505823675
278439.6987857339
276767.1242825787
278193.2247357173
276754.9121211107
278641.0773298491
279144.59122399683
277160.6225949391
276748.3780282879
279038.7753281913
278173.5528817911
277544.09356506116
278315.1980432232
279167.43600471807
289254.6415983221
293980.6730801033
275027.65125347325
274241.8775213149
279191.4241216191
276783.71619224775
278006.0744047596
276198.8650158468
273377.427419947
279318.66969488055
274039.23546910577
276501.58221955935
268706.29917028063
272962.8630979007
275450.81776103633
276445.32732819626
274774.07666405715
275625.68381693977
278985.77305497596
275172.2989045021
276073.8016447534
277564.01306461124
275086.78437481995
278692.2362065355
276402.32135688316
276232.5267935345
274887.45789552433
272834.8340466321
274549.1820689334
276427.3620580042
275273.4770482947
278737.8779998762
275074.6118306269
275989.0163709324
278433.9031973447
274657.57934972795
288639.3154337449
293690.1469294012
277115.9377237541
281588.75953438715
276503.1197105951
281441.11219463695
277608.11841843993
277559.3700739304
276896.9667128095
278643.29601135093
278455.7315289919
278816.40352844965
281292.17806985864
277854.24552030105
280011.3457916033
279666.02008301654
277724.29670506174
280050.4467588505
278279.6134276095
276982.9602568779
275194.65277323074
270138.26637491776
277539.78398244665
279957.4723189469
279347.5790541277
278044.96606562985
279758.00327407924
277480.512396675
277384.36995537154
279639.7593620666
280763.1425179008
278836.4897863718
278577.305819161
276528.0667044226
279735.00729250803
280377.08339976816
288020.28899735835
294488.0125338985
277941.9719561376
278203.2074553607
282059.1690215578
278910.53608843393
278824.7417013595
279247.8069584017
278597.0836792141
280348.9981864967
277209.10664963356
278778.13475767244
279610.48137407284
279632.09539761255
278340.57646444155
276364.8163098342
281555.9453953623
279733.5118583191
279856.5273125366
279599.9246991961
280516.7851085453
279947.9342312712
277266.0407946309
278445.69685909664
278001.7252176361
277450.8298146146
279036.19065880583
277490.3639533305
278976.28149181063
278554.64118280314
276993.7880010109
274293.96978513896
278012.7022812927
278025.07149909635
279597.4644466059
276729.73298605625
288546.4741127782
294326.7586620478
279497.27107439307
281765.00537214824
284033.45193463896
281126.9359008371
282155.8339838735
280928.52803466626
281508.1439384805
281272.32671204046
279384.5777672067
280468.19350471324
280692.67729185923
279762.6677571502
280157.688128003
282529.7055135882
281066.03092637024
278981.88255504327
280071.05353029555
279270.96270850184
281592.1831260731
281187.7743344691
281130.0047156396
281187.47676771414
281372.76452091965
282273.5984710516
279729.0331730429
279498.67242353485
282109.6905662847
281547.15678675525
279747.35423126275
282176.31828183297
280586.0343300688
280905.73611186456
282082.9656177259
276595.448657069
289225.27316925215
294850.3426736846
280935.8848959094
278752.808428727
276547.73131337384
279212.13807222317
278426.8578533196
278284.4145394254
278578.6261037066
276464.3066146661
279577.0145522424
275054.80914706725
278374.62752754753
280195.85189384763
276771.0175451148
281413.0207252692
278317.48178713233
278991.5890608036
276286.061619411
280485.4699161944
277415.7446823036
277581.8083140919
279482.82192000514
280170.09286188474
279094.3603691927
277776.6530320779
275987.45248335967
278435.42725677474
276145.1947305335
280250.7049312781
280655.5801283883
278507.30411413003
279190.2102660312
275537.00161848206
277047.6591548553
279433.95130224526
288309.4403568751
294851.16618888755
279876.7321747079
277143.64073736744
276752.3045743994
275953.0567143229
277402.28330604045
274038.42463183205
273532.14710036374
273237.34013937204
276056.5433562247
274617.2004016424
275845.5752596812
273340.92369204585
274926.43792988133
274108.16116403515
275824.3029924626
278149.00817909103
278453.53363743925
280624.4015713396
275884.395099315
274124.7605107046
275865.55191632005
275440.28945007455
275743.8146540037
275429.5902709549
276521.73740051844
275177.4945188452
276946.4364714922
275466.7923005051
276092.5389489551
274778.05491676746
274298.82125355594
273918.59805892274
275240.8953096051
275262.3111475894
287346.865176441
293900.95972963533
273861.7071595028
261791.18709312662
268561.2848206344
267055.30935143656
263505.0193266656
271159.297105818
267891.66423901374
259296.23720103677
260319.08720445939
261473.53377700536
267479.3589749196
268482.4961072351
