0
0
44606
29535
28320
29909
33738
33964
33530
22257
31222
35550
36331
31163
37803
26278
23737
28343
29538
30428
29827
22824
22017
34685
35710
33529
24369
27692
32220
31512
29523
29028
33125
27622
99200
48006
47203
39735
37508
41309
40107
35289
31516
44556
32003
26227
43719
37218
34337
37308
36432
38295
38024
38516
35094
35748
47709
39867
35796
38318
37759
41781
41619
55009
39507
36318
33317
34920
32818
29741
99200
33820
33021
33109
28209
21515
31852
35919
35316
33644
42713
25213
24117
29907
28609
27148
37203
31923
28710
26416
23997
31614
30312
30624
33713
25032
27263
39809
30024
31958
36477
24358
28376
24354
44204
37607
99200
38012
37847
30518
33695
36975
42724
34322
40230
41608
34025
35621
35126
35621
32644
33851
33846
31495
36619
50267
31809
34640
38608
37848
46329
42429
40716
37393
37454
49428
44397
31730
38927
46830
48720
46234
53917
99200
47810
41514
42115
46698
45521
33832
45456
44619
34345
41208
34312
38543
34321
36213
36818
40708
49949
37607
57908
59937
49812
48208
52661
35522
39613
46227
58010
46552
41030
35864
42329
39938
40014
55629
61305
99200
72019
57923
43831
52809
53599
45950
51927
54711
58609
56944
56107
49379
52611
63907
56328
49713
68015
69421
66913
75410
62340
61548
50113
59720
60810
58821
66433
59312
52913
59616
54956
60537
57343
53964
67207
99200
72504
53651
57820
59913
59316
58019
65030
69020
70337
51579
62108
70409
68228
66906
67615
77336
75609
72515
68730
66218
69016
71312
60512
60211
58257
68085
66144
58426
65119
59413
77425
80603
81830
78204
78006
99200
83906
83503
63219
64405
72703
65419
71302
74550
77511
92100
81110
81803
76561
83003
74829
91504
73617
82109
74420
77429
75046
91509
86402
78208
70805
74749
66429
79821
74633
84002
86505
77806
74837
70522
90700
99200
87406
96700
99200
75449
89403
92218
91702
92800
99200
88008
89002
96001
96602
85123
86104
82124
92000
77013
81203
90101
92302
95600
88805
92302
80507
83312
85630
89802
83519
89420
83519
86101
82403
79204
89700
92169
67533
68233
79304
91900
93535
90102
76513
69402
66904
66761
80402
64586
63410
79712
82719
73673
75915
73763
73010
82665
82410
78220
81002
82316
86014
79615
85301
77508
82404
89502
85804
77216
77323
76807
85701
99200
76523
64325
59610
68115
77403
63215
68717
62510
57210
67729
83407
64256
68106
77004
72418
72122
70344
71715
72003
73303
62421
72314
72941
67705
69404
73710
74095
78602
65520
74005
65641
61116
67921
70703
69707
93000
50254
36821
43109
38124
35040
25722
29110
31713
31111
40621
43211
38906
40108
34013
30454
32313
40141
25327
35157
42227
37631
37817
42912
30089
31826
36908
49109
45410
32729
33786
33911
38607
31817
41169
56504
91207
57108
43539
46611
45925
54009
46515
37615
40212
53514
50765
50047
44761
43915
42716
52610
52310
48461
51608
53805
61317
53718
57609
48359
43909
52105
53406
49673
59908
65007
51032
49621
62608
61908
46912
65304
99200
61516
49610
55908
64727
52250
40818
48714
54525
61510
68917
62628
53959
59458
49812
48308
52907
51814
55509
46715
61417
76904
59914
57706
55305
50119
58531
62808
59315
49322
51016
55711
49757
46619
50640
74909
95800
77310
69416
68308
60014
65232
75412
72845
73618
75605
68405
77301
73902
72595
65708
64304
76508
78115
82302
74716
71707
73227
66005
57712
63508
62510
71309
69408
73309
75916
72637
76203
68807
60318
71807
81615
99200
95100
99200
86908
80605
87502
96900
91076
86003
88712
90208
87303
93701
90019
90304
90641
93801
86318
96200
94801
91601
91105
85220
90201
95700
90757
89804
94800
94703
90009
88208
93101
94401
85543
90906
99200
99200
95402
89701
90501
96400
94402
95101
99200
96903
90863
95401
96502
96100
94301
93605
91803
94113
92405
87903
95100
99200
96501
89501
88202
89901
89102
90201
94000
94804
95905
91702
86413
92502
92602
92925
92401
99200
93811
95401
95404
85234
89202
89707
87505
90903
89701
83414
95400
88606
91501
90807
84413
92201
95400
95807
86313
85869
91123
86304
87901
92502
86646
86409
99200
90304
90402
99200
93632
99200
95101
95700
99200
99200
81805
85101
87002
87601
82810
86001
78441
90707
81704
79006
80447
83913
91507
91503
82009
82504
81904
86502
87205
86409
84004
87903
86702
86304
80110
74216
82103
82703
77104
87801
96501
94005
91422
95600
91801
99200
90303
92301
95910
91002
91002
95900
92301
92401
87111
84501
90119
93512
94015
99200
91702
92101
99200
84974
89905
92601
92402
99200
92502
94501
93501
94501
99200
95903
96401
99200
93601
91602
99200
94503
95600
99200
91004
91502
92901
96900
97400
99200
99200
96300
91501
93102
93508
90001
93400
97603
97200
97300
93101
89302
93702
99200
95902
93515
99200
99200
95500
91305
94703
95601
92200
93001
89804
92202
99200
94201
94800
99200
96707
99200
96700
92901
91707
95804
99200
99200
99200
87909
92404
93803
93702
96500
96900
96500
92601
93201
96301
99200
99200
95300
88611
90011
99200
96601
94612
97002
95101
95202
99200
95200
91739
93602
96500
95700
94300
94910
92401
95500
93300
96500
99200
94706
94901
92725
92100
93001
92502
92701
92801
94500
95100
95000
92400
94400
85406
86537
90103
93601
94510
96701
96600
97000
89901
84124
87006
92301
95601
99200
99200
99200
93102
92403
96500
96301
96201
99200
95600
96001
94303
91703
90102
93401
96300
97200
95900
96600
99200
99200
99200
89503
90303
97000
92502
91901
93002
93603
91301
96500
94800
94300
94900
95401
99200
92100
93400
99200
96200
94200
92501
94503
99200
96401
94002
90702
94501
99200
99200
93002
93201
97300
99200
99200
96307
96404
99200
96868
99200
99200
99200
99200
99200
99200
99200
95403
95204
99200
99200
99200
99200
95203
95601
96745
96800
94004
92001
93100
89202
84105
88105
90803
85208
89803
97200
93302
83125
84433
97300
88904
92204
91705
88803
93400
95300
90401
90106
86521
93803
84220
83622
92310
96905
90902
92803
91622
92207
97200
97200
96500
81032
81205
83017
83302
80106
82004
72229
70919
76022
90302
86602
80211
80507
85505
85527
82815
86502
87701
86502
86404
78138
85815
88140
81821
88904
92301
90301
93600
78609
81005
87202
90706
77140
78733
91700
88810
85705
79107
78210
81310
82604
78411
83902
74305
74707
79703
78705
88003
81735
75207
74420
76610
73310
76614
82806
81002
68106
69514
77308
78514
80411
78712
63896
75407
71211
76119
71614
73016
90402
81831
80106
95600
88501
84605
89806
86211
89104
94000
90617
89942
86904
83719
86604
88603
91003
91004
88401
85505
79708
84606
94401
95800
88106
84806
90904
88701
90003
86502
75206
83703
93000
88603
85003
86803
87704
87607
90702
99200
89206
87006
88101
88701
90415
87701
86703
90100
83507
68414
77609
83406
79910
75805
78818
86208
86513
84304
79312
73417
71722
78105
78207
82227
83910
83504
86104
88405
81804
81204
79824
81207
76214
80912
91003
99200
99200
96500
97100
99200
99200
99200
96400
97100
97200
96900
96900
96900
96801
96600
96700
96900
97000
99200
99200
96800
96700
97300
96801
96900
96800
96700
96700
99200
96102
94005
97104
99200
99200
99200
97100
99200
99200
99200
99200
99200
96800
97300
99200
96600
97402
99200
99200
99200
99200
99200
99200
99200
99200
99200
99200
99200
96701
97202
99200
99200
99200
99200
99200
99200
99200
99200
96428
99200
99200
99200
99200
99200
97100
97300
99200
99200
99200
99200
99200
99200
99200
99200
99200
99200
99200
99200
99200
99200
96602
97006
99200
99200
96801
96705
99200
99200
99200
99200
99200
99200
99200
99200
99200
99200
99200
99200
99200
99200
94501
94704
99200
94901
92010
94010
93206
96100
96402
99200
95800
93501
93808
93404
96505
99200
95900
93903
95402
97502
99200
94302
93815
96801
97006
97611
95711
96104
99200
99200
99200
95800
96802
99200
96901
99200
99200
99200
99200
99200
93804
89020
94006
95901
96000
95500
95800
96005
95900
96201
95900
95606
94800
94706
99200
99200
99200
99200
99200
99200
96200
95702
99200
99200
95902
95921
99200
99200
96400
96803
99200
99200
99200
96300
96008
99200
95100
95900
96210
95700
95802
99200
99200
99200
99200
99200
96202
95900
95902
96104
96308
96200
95802
99200
99200
95802
95700
96701
96200
96206
99200
99200
99200
99200
95700
93802
94744
99200
99200
99200
99200
99200
99200
99200
99200
99200
99200
96900
97101
99200
99200
99200
99200
99200
99200
99200
99200
99200
99200
99200
99200
99200
99200
99200
97403
97202
99200
99200
99200
99200
99200
97401
99200
99200
99200
99200
99200
99200
99200
99200
99200
99200
99200
99200
99200
99200
99200
99200
99200
99200
99200
99200
97200
99200
99200
99200
99200
99200
99200
99200
97416
99200
99200
99200
99200
99200
99200
99200
99200
99200
99200
99200
99200
99200
99200
99200
99200
99200
99200
99200
99200
99200
99200
99200
99200
99200
99200
99200
99200
99200
99200
99200
99200
99200
99200
99200
99200
96001
99200
99200
99200
99200
99200
96200
99200
99200
99200
99200
99200
99200
99200
99200
96300
94800
99200
99200
99200
99200
99200
99200
99200
99200
99200
99200
99200
99200
99200
99200
99200
99200
99200
99200
99200
99200
99200
99200
99200
99200
99200
97000
99200
99200
99200
97000
94702
96558
97209
99200
93703
93801
91601
91002
87507
91515
90506
96152
94009
97311
96300
95800
88330
97100
99200
86016
82414
93814
93602
94001
93604
99200
91901
96400
88786
96100
89074
89311
96200
93900
91900
88502
88401
90601
83028
88700
89602
89890
88903
90700
87901
88600
91800
86301
87701
90200
86902
89800
90017
91100
86802
91612
85863
92600
92703
86612
91208
88201
89656
92000
84802
90603
86801
90100
90800
90807
97300
96100
93800
94400
92201
89618
91909
97400
96500
94700
92023
91301
96200
94404
90807
93905
94328
96300
93502
96000
95800
93900
94301
92205
96700
97400
96200
96600
97002
95902
96900
94704
94300
97500
95905
99200
96300
93105
96300
94500
93601
93300
96500
94402
92700
92900
88514
93804
88800
86805
89000
91205
96700
94300
94701
95300
94600
93700
96700
96700
96201
93110
92801
94400
94300
89606
94800
96400
90615
90200
96500
96400
99200
99200
99200
99200
99200
99200
99200
99200
99200
99200
99200
99200
99200
99200
99200
99200
99200
99200
99200
99200
99200
99200
99200
99200
99200
99200
99200
99200
99200
99200
99200
99200
99200
99200
99200
99200
99200
99200
99200
99200
99200
99200
99200
99200
99200
99200
97800
97300
99200
99200
99200
99200
99200
99200
99200
99200
99200
99200
99200
99200
99200
99200
99200
99200
99200
99200
99200
97801
97800
99200
99200
99200
99200
99200
99200
99200
99200
99200
99200
99200
99200
99200
99200
99200
99200
99200
96004
95800
99200
99200
99200
99200
97000
99200
99200
99200
99200
99200
99200
99200
99200
99200
99200
99200
99200
99200
99200
99200
99200
99200
99200
99200
99200
96302
99200
99200
99200
99200
99200
99200
99200
99200
99200
99200
99200
99200
99200
99200
99200
99200
99200
99200
99200
99200
99200
99200
99200
99200
99200
99200
99200
99200
99200
99200
99200
99200
96701
97301
94304
96900
99200
99200
99200
99200
99200
97406
98002
99200
99200
99200
99200
99200
99200
99200
99200
96900
99200
99200
99200
99200
99200
99200
99200
99200
99200
99200
99200
98300
96903
99200
99200
99200
99200
99200
99200
99200
99200
99200
99200
99200
99200
99200
99200
99200
99200
99200
99200
99200
99200
99200
99200
99200
99200
99200
99200
99200
99200
99200
99200
99200
99200
99200
99200
99200
99200
99200
99200
99200
96900
96800
94910
95300
97500
97000
96900
99200
99200
99200
96901
95400
99200
97200
97500
99200
96600
96700
99200
99200
96719
99200
99200
99200
99200
99200
96501
96500
96500
96500
99200
99200
99200
99200
99200
99200
99200
99200
99200
99200
99200
99200
99200
99200
99200
99200
99200
99200
99200
99200
99200
99200
99200
99200
99200
99200
99200
99200
99200
99200
99200
99200
99200
99200
99200
99200
99200
99200
99200
99200
99200
99200
99200
99200
99200
99200
99200
99200
99200
99200
99200
99200
99200
99200
99200
99200
99200
99200
99200
99200
99200
99200
99200
99200
99200
99200
99200
99200
99200
99200
99200
99200
99200
99200
99200
99200
99200
99200
99200
99200
99200
99200
99200
99200
99200
99200
99200
99200
99200
99200
99200
99200
99200
99200
99200
99200
99200
99200
99200
97304
97200
99200
99200
99200
99200
99200
99200
99200
99200
99200
99200
99200
99200
99200
99200
99200
99200
99200
99200
99200
99200
99200
99200
97402
99200
99200
99200
99200
99200
99200
99200
99200
99200
99200
99200
99200
99200
99200
99200
99200
99200
99200
99200
99200
97301
97600
99200
99200
99200
99200
99200
99200
99200
99200
99200
99200
99200
99200
99200
99200
99200
99200
99200
96701
99200
99200
99200
99200
99200
96601
99200
99200
99200
99200
99200
99200
99200
99200
99200
99200
99200
99200
99200
99200
99200
99200
96800
97000
96006
99200
99200
97501
99200
99200
99200
99200
99200
99200
99200
96203
95203
95200
96600
99200
99200
96905
93205
94103
99200
96104
96000
99200
99200
97300
97400
95803
99200
99200
99200
99200
97600
97700
97502
91206
93901
97600
99200
97600
97600
97500
99200
97500
97600
97500
99200
97800
97500
93003
95402
95502
97500
97200
97500
97500
99200
97302
91705
93801
95401
99200
99200
97600
97600
99200
99200
99200
87018
83403
84607
85209
85942
87403
88901
89904
86505
90604
87306
87407
85003
87004
83309
75811
89203
89103
90008
86533
84906
87605
91702
90503
84608
80509
88903
78331
86805
82613
93723
89903
86350
84803
99200
99200
96500
88202
91901
91701
91613
84004
88301
89801
88801
88901
97100
91304
91301
94700
94600
89407
84910
86802
87203
87403
86002
85902
91102
87803
87801
94101
91424
89115
90502
91202
91304
88102
90301
94715
99200
97000
97200
95001
90702
92600
94701
95500
97400
99200
97100
95202
95200
92102
93201
94311
97100
97000
97200
94500
94800
93000
95600
95300
95400
97400
97200
95001
94900
95201
96003
99200
96800
97300
96901
97000
99200
99200
99200
99200
99200
99200
99200
99200
99200
99200
99200
99200
99200
99200
99200
99200
99200
99200
99200
99200
99200
99200
99200
99200
99200
99200
99200
99200
99200
99200
99200
99200
99200
99200
99200
99200
99200
99200
99200
99200
99200
99200
99200
99200
99200
99200
95800
96300
99200
99200
99200
99200
99200
99200
99200
99200
99200
99200
99200
99200
99200
99200
99200
99200
99200
99200
99200
99200
99200
99200
99200
99200
99200
99200
99200
99200
99200
96100
99200
99200
99200
95500
95700
95400
96000
99200
95942
99200
99200
96000
96200
99200
99200
97600
95101
99200
99200
99200
95600
95600
95759
95920
99200
95801
96100
95901
99200
95400
99200
99200
99200
99200
99200
99200
99200
99200
99200
97261
97301
99200
99200
99200
99200
99200
99200
99200
99200
99200
99200
97108
97501
99200
99200
99200
99200
99200
99200
99200
99200
99200
99200
99200
99200
99200
99200
99200
99200
99200
99200
99200
99200
99200
99200
99200
99200
99200
99200
99200
99200
99200
99200
99200
99200
99200
99200
99200
99200
99200
99200
99200
99200
97402
97401
99200
99200
99200
99200
99200
99200
99200
99200
99200
97600
98000
99200
99200
99200
99200
99200
99200
99200
99200
99200
99200
99200
99200
99200
99200
99200
99200
99200
99200
99200
99200
99200
99200
99200
97704
99200
99200
99200
99200
99200
99200
99200
99200
99200
99200
99200
99200
99200
99200
99200
99200
99200
99200
99200
99200
99200
99200
99200
99200
99200
99200
99200
99200
99200
99200
99200
99200
99200
99200
99200
99200
99200
99200
99200
99200
99200
99200
99200
99200
99200
99200
99200
96704
96800
96801
99200
99200
99200
99200
97804
99200
99200
99200
96602
96601
99200
99200
99200
99200
99200
97301
96801
99200
99200
96802
99200
99200
99200
99200
99200
99200
99200
99200
96701
96301
99200
96900
94501
96700
95301
93001
91702
93701
96700
93301
88207
95301
87210
88304
92402
90602
89204
95001
93502
95001
93700
94001
93801
90605
91024
93002
91604
93002
93401
92402
94804
91902
93801
91502
90602
96301
99200
96408
99200
95809
96608
97500
97400
97800
97700
98000
99200
97600
97900
94701
95501
99200
97900
95300
95101
97800
95902
95301
94704
94202
97500
98000
99200
96802
92403
93201
96700
96602
95102
94003
95902
98000
99200
92602
89110
91006
93901
90202
91623
85971
89407
95700
90702
87107
87102
93102
92702
89703
86402
83309
83205
88302
87204
80214
82210
84302
81403
85409
86404
84758
83215
90908
89800
86517
91804
89801
88203
92301
99200
99200
99200
99200
99200
99200
99200
99200
99200
99200
99200
99200
99200
99200
99200
99200
99200
99200
99200
99200
99200
99200
99200
99200
99200
99200
99200
99200
99200
99200
99200
99200
99200
99200
99200
99200
99200
99200
99200
99200
99200
99200
99200
99200
99200
99200
99200
99200
99200
99200
99200
99200
99200
99200
99200
99200
99200
99200
99200
99200
99200
99200
99200
99200
99200
99200
99200
99200
99200
97500
97900
99200
99200
99200
99200
99200
99200
99200
99200
99200
99200
99200
99200
99200
99200
99200
97261
99200
99200
99200
99200
99200
99200
99200
99200
99200
99200
99200
99200
99200
99200
99200
99200
99200
99200
99200
99200
99200
99200
99200
99200
99200
99200
99200
99200
99200
99200
99200
99200
99200
99200
99200
99200
99200
99200
99200
99200
99200
99200
99200
99200
99200
99200
99200
99200
99200
99200
99200
99200
99200
99200
99200
99200
99200
99200
99200
99200
99200
99200
99200
99200
99200
99200
99200
99200
99200
99200
99200
99200
99200
99200
99200
99200
99200
99200
99200
99200
99200
99200
99200
99200
99200
99200
99200
99200
99200
99200
99200
99200
99200
99200
99200
99200
99200
99200
99200
99200
99200
99200
99200
99200
99200
99200
99200
99200
99200
99200
99200
99200
99200
99200
99200
99200
99200
99200
99200
99200
99200
99200
99200
99200
99200
99200
99200
99200
99200
99200
99200
99200
99200
99200
99200
99200
99200
99200
99200
96600
96702
99200
99200
99200
99200
99200
99200
99200
99200
99200
99200
99200
99200
99200
99200
99200
99200
99200
96601
96605
99200
99200
99200
99200
99200
99200
99200
99200
99200
99200
99200
99200
99200
99200
99200
99200
99200
99200
99200
99200
99200
99200
99200
99200
99200
99200
99200
99200
99200
99200
99200
97205
97705
99200
99200
99200
99200
99200
99200
99200
99200
99200
99200
99200
99200
99200
99200
99200
99200
99200
99200
99200
99200
99200
99200
99200
99200
99200
99200
99200
99200
99200
99200
99200
99200
99200
99200
99200
99200
99200
99200
99200
99200
99200
99200
99200
99200
99200
99200
99200
99200
99200
99200
99200
99200
99200
99200
99200
99200
99200
99200
99200
99200
99200
99200
99200
99200
99200
99200
99200
99200
99200
99200
99200
99200
99200
99200
99200
99200
99200
99200
99200
99200
99200
99200
99200
99200
99200
99200
99200
99200
99200
99200
99200
99200
99200
99200
99200
99200
99200
99200
99200
99200
99200
99200
99200
99200
99200
99200
99200
99200
99200
99200
99200
99200
99200
99200
99200
99200
99200
99200
95600
95661
95601
91229
91919
95700
95854
99200
95901
99200
99200
