0
0
43738
42876
43316
42400
40855
37408
40747
25814
36247
46406
47805
46179
35279
31895
24282
36994
36104
39599
37973
34117
30413
39361
40779
31942
28017
35181
35681
32907
26165
33678
28081
99200
99200
42982
42240
33324
36266
40830
38554
37942
40114
40267
28215
35144
33514
32836
36095
41483
41703
46109
34296
39781
38961
41449
45310
36610
36455
42541
34482
32976
46116
40250
47291
32240
43398
35694
29404
99200
99200
31544
36518
32814
21688
19769
34088
35386
28530
29454
35809
25847
26260
29427
24960
36456
32467
32712
28632
27217
29351
33705
31086
35621
29605
31430
37718
38321
31658
43362
32448
22119
34249
31288
33212
99200
99200
36633
41227
32358
30206
33040
41217
39584
42253
36513
37645
40404
36402
34301
32734
39227
32841
39367
43654
49342
35392
47039
37981
40962
40995
41785
40001
40244
41230
46202
42171
32838
51583
57952
39810
39518
99200
99200
36497
51622
41148
41355
38094
40199
37796
37148
43473
32600
46460
40226
35816
45875
34917
44130
50953
47625
54861
54322
53736
57420
53061
44699
45879
54404
65589
52048
45204
46502
45274
45643
44494
53507
99200
99200
67006
52402
51227
57675
51586
58733
59858
58869
63303
59827
52934
54504
66822
50430
57242
65539
76085
64852
62215
66243
72931
58162
50560
67134
61409
71166
67117
60691
65218
62139
58175
68119
59298
60379
99200
89921
71313
60248
73383
56691
58388
62935
78837
66708
66217
64126
76928
73377
74982
67913
76480
80047
81348
79336
70810
72023
78066
71386
68305
67877
67394
69103
71152
72025
59088
78950
75286
95837
79426
79437
99200
97688
90972
83179
69987
74316
85207
67336
87620
73676
94741
86003
71965
86923
86306
65070
94454
83433
81840
75518
73731
85556
88208
88801
94807
75227
88767
80259
80978
81804
80792
89420
76892
92519
71899
83880
99200
99200
87569
99200
91681
86607
90846
95606
91767
99154
94930
88087
90658
99113
91782
84664
83040
93072
82960
82740
88905
90348
94234
90789
99200
86675
91362
83479
94543
90098
94460
93750
88695
92247
87903
86910
99200
92066
83536
81657
91044
90819
87017
88820
76287
73113
82241
74573
91526
70353
78545
93325
86351
77844
90687
81744
82123
86093
84556
86851
84134
90668
93955
88778
77801
84800
86005
91178
81828
80935
86807
79852
99200
90229
82444
67221
80749
81223
80109
68668
78855
64642
72921
81251
85648
65989
81171
82052
81272
84418
71952
76244
83545
73074
80237
74499
78483
77505
82339
78303
81362
73341
75683
76462
70291
78856
79120
69084
99200
89815
55622
47841
51989
50971
52915
42642
45631
45550
43954
52989
50856
52111
54335
36557
50204
49125
46622
42289
55404
58116
46054
53510
50462
43058
45148
58847
58220
55255
43165
46951
51486
47997
53438
56870
99200
83532
71728
58736
57389
68339
66888
58820
53131
61853
67826
56607
68458
63243
52210
55526
60398
68227
65137
58729
70386
68368
70194
65025
54290
57717
58842
57525
61465
72986
65300
68448
60846
68833
64774
56435
99200
80647
71347
60489
72333
71434
56398
54322
64811
69473
76246
75333
67256
68810
74694
55698
69445
63003
73379
61542
62280
74584
81179
72600
68206
58418
67311
80082
69996
65491
58294
72531
69661
66647
56257
69724
99200
92135
86945
77182
72600
69375
81571
83346
81409
76899
79089
76681
81552
76573
81241
70013
80266
78719
91257
83797
82739
83332
83277
71620
72007
74639
75965
74704
74072
79239
85454
81642
79050
76005
72608
80371
99200
96683
99200
99089
87010
89489
96228
93841
88796
86925
96917
89868
91966
91235
95632
92712
96022
91744
95733
94665
94841
91986
86988
89469
99200
95733
92638
94940
99196
90708
92464
93746
99175
94444
86786
99200
99200
99200
95436
89535
95930
99200
94444
99200
99200
92348
95633
95439
99189
96129
96029
93615
93582
99200
92462
94940
92091
99200
96524
92662
93543
90009
94543
93434
99189
94841
99200
91771
96128
92562
99200
92950
99200
96520
95815
96469
91750
91985
93354
94937
90183
99177
87044
91318
95418
92062
95835
90872
91274
95210
99183
90049
91656
93552
83964
89685
92662
99200
86498
99200
99200
90375
99200
94901
93468
95567
95124
99135
99200
91710
87784
87732
84395
84738
89778
79132
94437
90774
85030
85621
87022
95483
91661
91334
87092
91446
85626
90351
91154
87194
90066
94921
87403
87811
82368
87096
86519
79217
86107
95435
96334
96189
99193
92682
99200
99200
90355
99200
93283
93144
96115
96981
92364
96525
88125
90977
93332
92528
99200
93824
91770
99082
93167
85577
99200
92661
99200
99163
92540
99200
93538
97024
99021
95915
99200
99196
87763
99115
99200
94543
99200
99200
97095
93751
97318
96921
99200
99187
99200
96327
91561
96439
92696
93055
96822
96835
97219
99153
93157
93454
95194
99196
90283
99200
99200
99200
95534
94246
99152
95633
92240
99200
89887
96447
99200
94246
99200
96296
99200
99200
96723
94742
91820
99200
99200
99200
99180
91250
99200
93850
96153
96525
99200
96525
95534
96525
99200
99200
95007
95336
88694
99200
99200
96624
96714
99200
95138
99200
99200
95237
95732
96129
99200
95732
94339
96921
94840
95534
96723
99196
99200
94742
96723
99200
89667
99200
92561
95138
96228
94544
96327
96522
92059
94444
88286
93552
92685
96416
96819
99200
96611
99200
89966
89470
96423
95138
99183
99085
99200
96532
95136
96228
99183
96327
99200
99200
95633
99193
94344
96225
92463
99200
96327
99200
92945
95660
99196
99200
99200
89587
99200
97021
94345
92218
96822
95534
91987
99200
94840
94345
94933
99200
99196
92166
99200
99200
96228
94242
94147
99200
99200
96426
96519
93156
99200
99193
99200
93051
96129
99196
99196
99200
96327
99200
96754
99200
99200
99200
99200
99200
99200
99200
99175
95432
99200
99200
99200
99196
99200
95234
99200
96723
99162
94007
92895
95234
92860
86394
91614
90874
92238
95633
99143
93352
85823
96684
97288
89731
99196
91765
95266
96724
97090
90482
95427
94246
99200
83595
92265
95713
94464
92661
95339
91477
93895
94654
99200
91764
87402
84262
87788
83202
88994
78434
83686
77152
90665
90208
82414
88495
87115
91888
86611
87383
90274
88008
89788
85237
88287
84661
90476
88882
94247
86208
93928
89689
83331
88416
94046
87613
83608
91474
99200
81116
87245
89869
82223
87677
80191
86986
89795
75496
88584
85028
88100
94316
85367
78497
93021
80474
82338
85116
91816
84541
69344
83506
84735
84969
83815
83493
71962
92404
74748
93524
71836
91460
94237
82165
99200
94189
88569
92039
94148
89194
94246
91971
95732
91572
90482
91073
90961
93746
93355
91086
91962
85935
84524
94617
96127
97943
85890
92882
96327
88795
96806
88291
82525
94619
94837
91349
91075
90274
96257
88030
99200
96310
87090
91572
81738
95829
94419
87787
92264
92562
85248
77961
94643
83538
88593
77833
97119
84814
89481
84438
87557
77876
85000
82429
90676
87982
87605
90969
89491
93646
85413
91274
85990
86328
84015
90931
99200
99200
99200
96525
99200
99200
99200
99200
96426
97119
99200
96921
96921
96921
99200
96624
99200
96921
99200
99200
99200
96822
96723
97317
99200
96921
96822
96723
99200
99200
96129
96327
99193
99200
99200
96947
99200
99200
99200
99200
99200
99200
96822
99200
99200
96624
99200
99200
99200
99196
99200
99200
99200
99200
99200
99200
99200
99200
96723
99200
99200
99200
99200
99200
99200
99200
99200
99200
99200
99200
99200
99200
99200
99200
97119
99200
99200
99196
99176
99200
99200
99200
99200
99200
99200
99200
99200
99200
99189
99200
96624
99200
99200
99200
96822
99200
99200
99200
99200
99200
99200
99200
99200
99176
99200
99200
99200
99196
99200
95819
92967
99200
99200
94939
95831
93991
90915
96129
99196
97227
95831
93543
95930
93489
99200
99200
93463
97417
97318
99200
99200
94345
97217
96822
97020
99200
95732
99200
99200
99124
99153
95831
99193
99200
99200
96460
99200
99200
99200
99175
93849
93355
96029
99200
96029
95534
95831
96047
95930
99200
95910
99200
91918
99190
99189
99196
99196
99200
99200
99200
96228
99200
99183
99200
95930
99200
99200
99200
96426
99200
99200
99200
99200
96326
99200
99200
95134
95930
99200
95732
99200
99200
99200
99200
99200
99200
96228
95930
95931
96128
99200
96228
99193
99200
99183
95831
95716
99176
96228
99200
99200
99200
99200
96241
95732
93850
99200
99200
99200
99200
99200
99196
99200
99200
96664
99200
99200
96921
99200
99200
99200
99200
99200
99200
99200
99200
99200
99200
99200
99200
99200
99200
99200
99200
97417
99200
99196
99200
99200
99200
98095
97417
99200
99178
99200
99200
99200
99200
99200
99200
99200
99200
99200
99200
99072
99162
99200
99200
99200
99200
99200
99200
96565
99200
99200
99200
97967
99196
99200
99200
99200
99200
98556
99200
99200
97785
99200
99200
99200
99200
99200
99200
99200
99200
99200
99200
99196
97444
99200
99200
99200
99200
99200
99200
99200
99200
99200
99196
99200
99200
99200
99200
99200
99193
99200
99200
96306
96048
99200
99200
97413
99200
99200
96236
99200
99200
96111
99183
99200
99200
99200
96011
96355
94849
99200
99200
99200
99200
99200
98002
99200
99200
99200
99200
99200
99176
99200
99200
99200
99200
99200
99200
99200
99200
99200
99200
99200
99200
99196
99200
99200
95343
97923
95976
93078
91895
96789
94064
92330
89670
89555
86495
89413
90815
95821
96621
86303
96657
89374
87541
94945
93035
92831
80586
86697
88074
93703
91501
92394
95419
90907
88896
87605
92215
87974
91713
99200
92904
88417
87771
88493
87217
83163
87253
89560
88246
88212
88422
86806
88991
84720
81631
91771
87240
80470
87531
89512
86678
88774
87174
91224
91384
92755
87980
89765
84556
86717
80004
90573
82992
83327
84690
84361
94453
96510
93359
92077
92560
89646
90706
95463
94014
94617
95366
90309
96325
94840
93005
92303
91887
96525
91401
93599
96011
92920
94060
91851
96225
96336
96429
96226
96661
97020
95915
97713
94253
97516
96080
94011
99200
92645
96621
88487
96822
93652
92349
94232
93394
91407
87073
94171
88119
91749
89481
88958
96403
94310
92601
93313
93999
92085
96211
96699
96730
96202
93157
90238
94446
89915
92287
97020
94357
90679
90416
94290
99200
99200
99200
99200
99200
99200
99200
99200
99200
99200
99200
99200
99200
99200
99200
99200
99200
99200
99200
99200
99200
99200
99200
99200
99200
99200
99200
99200
99200
99200
99200
99200
99200
99200
99200
99200
99200
99200
99200
99200
99200
99200
99200
99200
99200
99200
99200
97803
99200
99200
99200
99200
99200
99200
99179
99200
99200
99200
99200
99200
99200
99200
99200
99200
99200
99200
99200
99200
97813
99200
99200
99200
99200
99200
99200
99200
99200
99200
99200
99200
99200
99200
97101
99200
99200
99200
99200
96029
99200
99200
99200
99200
97024
99200
99200
99200
99200
99200
99200
99200
99200
99200
99200
99200
99200
99200
99200
99200
99200
99196
99200
99200
99200
94746
99193
99200
99196
99200
99200
99200
99200
99200
99200
99200
99200
99200
99200
99200
99200
99200
99196
99200
99200
99200
99196
99200
99200
99200
99200
99200
99200
99200
99200
99200
99200
99200
96979
99200
97317
97119
99200
99200
99200
97220
99200
97155
98230
99200
99200
99200
99200
99200
99200
99200
99200
96732
99190
99200
99193
99200
99200
99200
99200
99200
99200
99200
99200
98212
96642
99200
99200
99200
99200
99200
99200
99200
95612
99200
99200
99200
99200
99200
99200
99200
99200
99200
99200
99200
99200
99200
99200
99200
99200
99200
99200
99200
99186
99200
99200
99200
99200
99200
99200
99200
99200
99200
99200
99200
96572
96921
99200
94939
97026
99200
97020
99200
99200
99200
99200
95442
99200
97291
97219
99200
99200
96623
96744
99200
96810
99200
99200
99200
99200
99200
99200
96525
96524
96524
99200
99200
99200
99200
99200
99200
99200
99200
99200
99200
99200
99200
99200
99200
99200
99200
99200
99200
99200
99200
99200
99200
99200
99200
99200
99200
99200
99200
99193
99200
99200
99200
99200
99200
99200
99200
99200
99200
99200
99200
99200
99200
99200
99200
99200
99200
99200
99200
99200
99200
99200
99200
99200
99200
99200
99200
99200
99200
99200
99200
99200
99200
99200
99200
99200
99200
99200
99200
99200
99200
99200
99200
99200
99200
99200
99200
98472
99200
99200
99200
99200
99200
99200
99200
99200
99200
99200
99200
99200
99200
99200
99200
99200
99200
99200
99200
99200
99200
99200
99200
97318
99200
99200
99200
99200
99200
99200
99200
99200
99200
99200
99200
99200
99200
99200
99200
99200
99200
99200
99200
99200
99200
99200
97540
99200
99200
99200
99200
99200
99200
99200
99200
99200
99200
99200
99200
99200
99200
99200
99200
99200
99200
99200
99200
99200
97317
99200
99200
99200
99112
99200
99200
99200
99200
99200
99200
99200
99200
99200
99200
99200
99200
99200
96632
99200
99200
99200
99189
99200
96632
99200
99200
99200
99200
99200
99200
99200
99178
99174
99200
99193
99200
99200
99200
99200
99200
99200
96822
96166
99200
99200
96335
99200
98067
99179
97323
99200
97649
99200
96232
96228
97120
96228
97042
99200
99200
96921
93254
99200
99200
96128
99200
99200
99200
97318
96255
99200
99200
99200
99200
99200
97615
97083
97516
93355
97615
99200
97568
97615
97612
97704
99200
97516
97615
99200
99200
97813
96233
95931
97714
97417
97516
97162
97516
99200
99200
94959
93949
95336
99167
99200
99200
97601
97572
99200
99200
99200
86992
87638
89110
84559
93934
87523
89569
87065
93256
86114
96427
87462
94444
87169
80889
87822
89278
89855
93667
85221
87817
92037
91769
93117
84441
93092
88437
88630
83175
94059
91555
88035
92473
99200
99200
99200
96522
91470
94593
94299
93553
88301
90382
89524
97219
97119
97119
91371
96247
94741
91598
90100
88452
93338
86248
85962
87690
87695
89816
90969
95534
91680
94444
89218
93155
91275
89195
90146
96426
99200
99200
96020
97215
92663
92444
95434
94742
95553
97464
99200
97119
95237
97120
92166
94841
97020
97119
97020
97218
94543
96624
94940
97218
95440
96984
98337
97218
92550
91906
95237
99175
99196
94675
97418
96921
99200
99200
99200
99200
99200
99200
99200
99200
99200
99200
99200
99200
99200
99200
99200
99200
99193
99200
99200
99200
99200
99200
99200
99200
99196
99200
99200
99200
99200
99196
99200
99200
99200
99200
99200
99200
99200
99200
99200
99200
99200
99200
99200
99200
99200
99200
99200
95831
99200
99200
99200
99200
99200
99200
99200
99200
99200
99200
99200
99200
99200
99200
99200
99200
99200
99200
99200
99200
99200
99200
99200
99200
99200
99200
99200
99200
99200
95873
99200
99200
99200
99200
95531
99200
95435
99200
99200
99200
99200
99200
96029
99200
99200
99200
94905
96369
99200
99200
99196
95633
95633
99200
98078
99200
95831
96128
95943
99200
99200
99200
99200
99200
99200
99200
99200
99183
99200
99200
97120
99200
99200
99200
99163
99200
99200
99200
99200
99200
99200
99200
97119
99196
99200
99200
99183
99200
99200
99200
99200
99200
99200
99200
99200
99200
99200
99200
99200
99200
99200
99200
99200
99200
99200
99200
99200
99200
99200
99200
99200
99200
99200
99196
99200
99200
99200
99200
99200
99200
99200
99200
99200
99200
97406
99200
99200
99200
99200
99200
99200
99200
99200
98862
99200
97615
99200
99200
99200
99200
99200
99200
99200
99200
99200
99200
99200
99200
99200
99200
99200
99200
99200
99200
99200
99200
99200
99200
99200
97521
99200
99200
99200
99200
99200
99200
99200
99200
99200
99200
99200
99200
99200
99200
99200
99200
99200
99196
99200
99200
97632
99200
99196
99200
99200
99200
99200
99200
99200
99200
99200
99200
99200
99200
99200
99200
99200
99200
99200
99200
99200
99200
99200
99200
99200
99200
99190
99200
96723
96822
99186
99200
99200
99200
97822
99200
99200
99200
99200
96624
99200
99200
99200
96975
99200
99200
97318
99200
99200
99200
99200
99189
99200
99200
99200
99200
99196
99200
99200
96723
99200
99200
96901
94493
96723
97714
94345
91706
96723
96723
93356
94742
95735
83602
96227
95337
90676
96525
97714
94841
97930
93751
96723
93837
93043
92263
96921
93849
95357
94803
96030
97516
93057
99200
88463
96099
99200
96385
99200
99200
95828
99200
97516
97413
97764
97714
99200
99200
97615
99200
94731
99200
99200
97912
95336
99196
97813
95896
97615
96327
97417
97516
98037
99200
96822
94940
95927
98035
96624
97714
95436
98011
99200
99200
94044
93454
95336
94937
94048
92780
88994
97132
94769
91573
93257
91362
97912
93949
92661
86250
89192
87090
92166
90455
83314
93128
84416
86872
90181
89397
86419
90565
95526
87246
93652
97071
89868
92563
99200
98445
99196
99200
99200
99200
99200
99200
99200
99193
99200
99200
99200
99200
99200
99200
99200
99200
99200
99200
99200
99200
99200
99200
99200
99200
99200
99200
99196
99200
99200
99200
99189
99200
99200
99200
99200
99200
99200
99200
99200
99200
99200
99200
99200
99200
99200
99200
99200
99200
99200
99200
99200
99200
99200
99200
99200
99200
99200
99200
99200
99200
97366
99193
99200
99200
99200
99200
99200
99200
97516
99200
99200
99200
99200
99200
99196
99200
99200
99200
99200
99200
99200
99200
99200
99200
97224
99200
99200
99200
99200
99200
99200
99200
99200
99200
99200
99200
99200
99200
99200
99200
99200
99200
99200
99200
99200
99200
99200
99200
99200
99200
99200
99200
99200
99200
99200
99200
99200
99200
99200
99200
99200
99200
99200
99200
99200
99200
99200
99200
99200
99200
99200
99200
99200
99200
99200
99200
99200
99200
99200
99200
99200
99200
99200
99200
98917
99200
99200
99200
99200
99200
99200
99200
99200
99200
99189
99200
99200
99200
99200
99200
99200
99200
99200
99200
99200
99200
99200
99200
99200
99200
99200
99200
99200
99200
99200
99200
99200
99200
99200
99200
99200
99200
99200
99200
99200
99200
99200
99200
99200
99200
99200
99200
99200
99200
99200
99200
99200
99200
99200
99200
99200
99200
99200
99200
99200
99200
99200
99200
99200
99200
99200
99200
99200
99200
99200
99200
99200
99200
99200
99200
99200
99200
99200
99200
99200
96625
99200
99200
99200
99200
99200
99200
99200
99200
99200
99200
99200
99200
99200
99200
99200
99200
99200
99200
96625
99200
99196
99200
99200
99200
99200
99200
99200
99200
99200
99200
99200
99200
99200
99200
99200
99200
99200
99200
99200
99200
99200
99200
99186
99200
99200
99200
99200
99200
99200
99200
99200
97219
99200
99200
99200
99200
99200
99200
99200
99200
99200
99200
99200
99200
99200
99200
99200
99200
99200
99200
99200
99200
99200
99200
99200
99193
99200
99200
99200
99200
99200
99200
99200
99200
99200
99200
99200
99200
99200
99200
99200
99200
99196
99200
99200
99200
99200
99200
99200
99200
99200
99200
99200
99200
99200
99200
99200
99200
99200
99200
99200
99200
99200
99200
99200
99200
99200
99200
99196
99200
99200
99200
99200
99200
99200
99200
99200
99200
99200
99200
99200
99200
99200
99200
99200
99200
99200
99200
97366
99200
99200
99200
99200
99200
99200
99200
99200
99200
99200
99200
99200
99200
99200
99200
99200
99200
99200
99200
99200
99200
99200
99200
99200
99200
99189
99200
99200
99200
99200
99200
99200
95633
99200
95633
91273
95220
95729
99193
98459
95932
99180
99200
