None
None
None
None
None
None
None
None
None
None
None
None
None
None
None
None
None
None
None
None
None
None
None
None
None
None
None
None
None
None
None
None
None
None
None
None
None
None
None
None
None
None
None
None
None
None
None
None
None
None
None
None
None
None
None
None
None
None
None
None
None
None
None
None
None
None
None
1.0566219985485077
1.0132120549678802
1.0173924714326859
0.9827999025583267
1.0126391351222992
1.0522442758083344
1.0701996982097626
1.1199361681938171
1.0552047342061996
0.9615423232316971
0.8829862326383591
0.9397554993629456
1.0101697891950607
0.9527596980333328
0.946283295750618
0.9437975287437439
0.8901031613349915
0.9494234919548035
0.8034576624631882
0.8958951681852341
0.7323675155639648
0.7891188412904739
0.7643583863973618
0.7459956109523773
0.7667624950408936
0.6847451478242874
0.6616029888391495
0.6525765955448151
0.6398378759622574
0.7371621429920197
0.7084918320178986
0.6626045405864716
0.6989407390356064
0.6657633781433105
0.6654097139835358
0.6675342321395874
0.6836579442024231
0.656966894865036
0.6749896705150604
0.6458178907632828
0.666234701871872
0.6457785069942474
0.6737679541110992
0.6605608016252518
0.6726687252521515
0.6650692522525787
0.6437344998121262
0.6657038033008575
0.6672140955924988
0.6767839044332504
0.6241766661405563
0.6291583925485611
0.6586799770593643
0.6205256581306458
0.6480765640735626
0.6170564591884613
0.6266923993825912
0.6327111721038818
0.636149987578392
0.620707243680954
0.634691447019577
0.6082988679409027
0.6466632187366486
0.6207399070262909
0.6807434409856796
0.642924964427948
0.6197636127471924
0.6395227760076523
0.6278634518384933
0.6289960741996765
0.6109616905450821
0.6016899198293686
0.6181824505329132
0.6197474449872971
0.6064085811376572
0.6222681701183319
0.6139540374279022
0.6287909299135208
0.636109933257103
0.5707176327705383
0.6081028282642365
0.6082488000392914
0.5786881893873215
0.6317501217126846
0.613403856754303
0.6317980885505676
0.6049243956804276
0.6321077048778534
0.6102519184350967
0.6175918728113174
0.6215022206306458
0.5977353304624557
0.5956463664770126
0.5922919660806656
0.5762531608343124
0.5945807546377182
0.5791407823562622
0.591741144657135
0.5735659599304199
0.6016047149896622
0.5763843804597855
0.5636294335126877
0.5670248419046402
0.5779758393764496
0.602313682436943
0.580921858549118
0.5827485769987106
0.585529550909996
0.5781198889017105
0.5715119987726212
0.5670008361339569
0.5733079165220261
0.5756095051765442
0.583304300904274
0.5597199648618698
0.5616417527198792
0.5695299953222275
0.5772925764322281
0.5530220419168472
0.5848240703344345
0.5241435766220093
0.573267862200737
0.5617500394582748
0.5449039489030838
0.5500787496566772
0.51289202272892
0.5789068043231964
0.5787503272294998
0.5971778333187103
0.5597507953643799
0.5661443173885345
0.5582639425992966
0.566092848777771
0.5355568528175354
0.5667664855718613
0.5334671661257744
0.5580259263515472
0.5415507256984711
0.5341211035847664
0.5440066009759903
0.5666135400533676
0.5557173490524292
0.5379404276609421
0.5228860974311829
0.5401990637183189
0.5421383380889893
0.5460308492183685
0.543631836771965
0.49994149059057236
0.5307203233242035
0.5343043655157089
0.5425654053688049
0.5366650521755219
0.5141332447528839
0.5280299782752991
0.5051380842924118
0.5316042453050613
0.5369504541158676
0.5036954656243324
0.5242514163255692
0.5293164253234863
0.5081765800714493
0.49912846088409424
0.5277092903852463
0.5307802557945251
0.5076164752244949
0.48226944357156754
0.5146283805370331
0.5184144526720047
0.49886445701122284
0.49703726172447205
0.5084903389215469
0.5121728405356407
0.5192548334598541
0.5049601569771767
0.5150493010878563
0.4877822548151016
0.473051518201828
0.4966878369450569
0.4879380613565445
0.4922146275639534
0.4649805873632431
0.49406106024980545
0.49207522720098495
0.49216675758361816
0.4824264720082283
0.4897744432091713
0.4746628403663635
0.49165886640548706
0.47016892582178116
0.4528164565563202
0.4631764590740204
0.4788384661078453
0.48273587971925735
0.4698604866862297
0.4530453309416771
0.4592524394392967
0.4567659795284271
0.47474656999111176
0.46897032111883163
0.4428110644221306
0.46004458516836166
0.4717552214860916
0.47043421119451523
0.45531967282295227
0.4483800604939461
0.44256071001291275
0.446215495467186
0.4569724425673485
0.4495536983013153
0.4365754723548889
0.4448613077402115
0.4551940932869911
0.41496044397354126
0.4101187139749527
0.45285075157880783
0.45843326300382614
0.446772925555706
0.4461560621857643
0.43608270585536957
0.40853889286518097
0.45496276021003723
0.4257967844605446
0.43242599815130234
0.4532826170325279
0.43240582942962646
0.4335334897041321
0.4220523461699486
0.4250646084547043
0.4213475286960602
0.4482809603214264
0.4214666113257408
0.4108672961592674
0.402532123029232
0.4262250289320946
0.3972425162792206
0.42302119731903076
0.4305877685546875
0.4015132710337639
0.39598461240530014
0.38832536339759827
0.4354563504457474
0.39995409548282623
0.35051851719617844
0.41104836761951447
0.3870052620768547
0.41189703345298767
0.38521987944841385
0.4075639620423317
0.3876354694366455
0.4019213989377022
0.41003546118736267
0.40568290650844574
0.3917096257209778
0.38379359245300293
0.38745222240686417
0.37245336920022964
0.36315200477838516
0.40881306678056717
0.3728812336921692
0.3754720762372017
0.4012064188718796
0.3848269283771515
0.3992675766348839
0.3852509707212448
0.38768452405929565
0.3699631839990616
0.4135627746582031
0.3747366964817047
0.38986288011074066
0.35302405804395676
0.3799371272325516
0.3589960038661957
0.3824734017252922
0.39123548567295074
0.38777730613946915
0.3473740965127945
0.3967844471335411
0.34802279621362686
0.38429225981235504
0.3950016349554062
0.368851937353611
0.3775096833705902
0.3926416337490082
0.3875538557767868
0.3634275496006012
0.3932906836271286
0.35499609261751175
0.40402495861053467
0.4011846333742142
0.3600756600499153
0.40141406655311584
0.37559909373521805
0.35516075789928436
0.3529711812734604
0.3374774008989334
0.35018181800842285
0.39411327987909317
0.38845738023519516
0.3768694996833801
0.36062153428792953
0.3821025490760803
0.36317434161901474
0.4120921492576599
0.35078173875808716
0.37811698019504547
0.3849281147122383
0.33275245875120163
0.3529970273375511
0.3609631508588791
0.35432010143995285
0.37849297374486923
0.3549431413412094
0.3619309067726135
0.3945026472210884
0.33272645622491837
0.3626703694462776
0.3861592262983322
0.36355753242969513
0.35116227716207504
0.3637768402695656
0.3719712793827057
0.3457954674959183
0.36627131700515747
0.40486377477645874
0.34340718388557434
0.32381733506917953
0.3064916580915451
0.3656529113650322
0.32806123048067093
0.3573952987790108
0.34958165138959885
0.38172636181116104
0.31637243181467056
0.3400695025920868
0.3981282413005829
0.3229164853692055
0.34532955288887024
0.3391866162419319
0.3969888612627983
0.33119363337755203
0.3616807758808136
0.33409900963306427
0.47629211843013763
0.350921094417572
0.39032358676195145
0.33959226310253143
0.35495714843273163
0.29705604910850525
0.4274703189730644
0.33358535170555115
0.31525181233882904
0.3634364753961563
0.3231479302048683
0.35427338629961014
0.37970104813575745
0.3240687996149063
0.4093196839094162
0.3445293828845024
0.4010609835386276
0.30269427597522736
0.35742850601673126
0.31874313205480576
0.3264062777161598
0.30655766278505325
0.43390266597270966
0.3267415165901184
0.33011550456285477
0.32556235045194626
0.3437494710087776
0.4245239272713661
0.40299464762210846
0.39106614887714386
0.3055812194943428
0.3616720214486122
0.36581458151340485
0.4089486673474312
0.344902403652668
0.37588098645210266
0.33174921572208405
0.4507104977965355
0.4675271213054657
0.4144319221377373
0.38020676374435425
0.38827673345804214
0.44807053357362747
0.40257710963487625
0.3418397530913353
0.4005441442131996
0.3079320192337036
0.3334847614169121
0.34464486688375473
0.37184739857912064
0.356787271797657
0.33078836649656296
0.4753698483109474
0.33601801469922066
0.3314145356416702
0.34284640848636627
0.35136040300130844
0.37637268751859665
0.37166886031627655
0.3818044140934944
0.4361122101545334
0.31541839241981506
0.40582628548145294
0.4432603716850281
0.48555228114128113
0.4668523967266083
0.41447408124804497
0.37807679921388626
0.3838794603943825
0.3058926723897457
0.3809117078781128
0.43613772839307785
0.3475389704108238
0.3576888293027878
0.4537211135029793
0.4588632509112358
0.35799507051706314
0.3559110015630722
0.3060469701886177
0.3681778982281685
0.3776979148387909
0.4018283784389496
0.43611929565668106
0.3475620672106743
0.40840841829776764
0.39621560275554657
0.42532405257225037
0.39541296660900116
0.28586164116859436
0.3756898045539856
0.41762030869722366
0.36118435114622116
0.33749236166477203
0.41546184569597244
0.2896193750202656
0.34559153765439987
0.3510670140385628
0.4490135908126831
0.3408864587545395
0.2964232936501503
0.45166850835084915
0.4250866025686264
0.3526081517338753
0.43470449000597
0.339355506002903
0.33398203551769257
0.35422705858945847
0.33282026648521423
0.4236890450119972
0.4328313395380974
0.37632210552692413
0.5220334082841873
0.33377257734537125
0.5181840509176254
0.3775206059217453
0.29360470175743103
0.36806973069906235
0.4105241745710373
0.34820862114429474
0.3121558725833893
0.4614448770880699
0.41578084975481033
0.3254370838403702
0.3622482866048813
0.3765164911746979
0.37331121414899826
0.3913217559456825
0.4564456418156624
0.3867572024464607
0.4275975972414017
0.4105636104941368
0.340025432407856
0.4435175508260727
0.4281037002801895
0.43649347871541977
0.4584244191646576
0.4002872183918953
0.3781353048980236
0.39538130909204483
0.3886207416653633
0.33509528636932373
0.3652375638484955
0.2783988416194916
0.4698311612010002
0.4280543401837349
0.3552596680819988
0.44500187784433365
0.324777465313673
0.3817030116915703
0.31523894146084785
0.3040899336338043
0.3287741243839264
0.42136578261852264
0.3469373509287834
0.3023839443922043
0.4783366806805134
0.34876444935798645
0.3120850399136543
0.3992225006222725
0.34096600860357285
0.48097042739391327
0.3772176764905453
0.3292199447751045
0.3349592685699463
0.32649971544742584
0.2758888527750969
0.3417956233024597
0.369419626891613
0.37377165257930756
0.3253464847803116
0.3459402471780777
0.3322659283876419
0.4109550416469574
0.3270186185836792
0.2986925356090069
0.3322671502828598
0.41574350744485855
0.35769592225551605
0.4789769724011421
0.42555008828639984
0.2944065220654011
0.25129229202866554
0.3046034276485443
0.33545802533626556
0.31758612394332886
0.4001127779483795
0.3275776728987694
0.3096276633441448
0.3279152549803257
0.44520799815654755
0.328361839056015
0.3866301327943802
0.3599203787744045
0.4264543280005455
0.42602094262838364
0.3816562294960022
0.4118630737066269
0.39848336204886436
0.3409908376634121
0.3024465814232826
0.23521964624524117
0.2644205838441849
0.25713977217674255
0.3424440771341324
0.3008016236126423
0.3271391689777374
0.24239015206694603
0.24493934214115143
0.3002924174070358
0.2560930661857128
0.3432200774550438
0.40882018208503723
0.2996712550520897
0.38071245327591896
0.3860742673277855
0.39584074914455414
0.39274361729621887
0.39600786566734314
0.381207674741745
0.33193906769156456
0.34909797459840775
0.2847016416490078
0.24060609936714172
0.42966342344880104
0.27892114594578743
0.39458924531936646
0.3797359988093376
0.2890019565820694
0.36219310015439987
0.3316452130675316
0.2993752211332321
0.2954661063849926
0.3370992913842201
0.3294932097196579
0.3157010152935982
0.3333495408296585
0.2860183119773865
0.3935262858867645
0.3859947696328163
0.36575426161289215
0.32883351296186447
0.3111499175429344
0.29768188297748566
0.3089791163802147
0.3368597850203514
0.4301174245774746
0.2541063539683819
0.32540518790483475
0.25360435992479324
0.35135889798402786
0.3490450382232666
0.41134290024638176
0.2956293746829033
0.3189242258667946
0.3903978541493416
0.33339087292551994
0.25928525626659393
0.22261351346969604
0.2911907285451889
0.28087447211146355
0.27697547897696495
0.41723426431417465
0.27296236529946327
0.27108509466052055
0.3689558804035187
0.33283631503582
0.3616088181734085
0.3301420584321022
0.37856846302747726
0.2933003827929497
0.256800539791584
0.34173575416207314
0.2600735202431679
0.3531888946890831
0.35822833329439163
0.28300343826413155
0.3383373022079468
0.28515196964144707
0.3202191926538944
0.2938639037311077
0.3184216320514679
0.25704604014754295
0.22670834511518478
0.31324799731373787
0.3996463119983673
0.26568641886115074
0.34185609221458435
0.24839438498020172
0.4043087139725685
0.23343659564852715
0.36487287282943726
0.254439540207386
0.34163615107536316
0.236183550208807
0.2683270424604416
0.30991459637880325
0.2866612747311592
0.3577097523957491
0.33740197867155075
0.36518143117427826
0.2656281888484955
0.2925022207200527
0.3880641236901283
0.20844203606247902
0.27531251683831215
0.30190543457865715
0.29237518459558487
0.23134301789104939
0.35097814351320267
0.29127098247408867
0.26508083939552307
0.2140052355825901
0.3210793435573578
0.24620036035776138
0.23407937213778496
0.30425363406538963
0.2455653566867113
0.2530115395784378
0.30721794813871384
0.30184464156627655
0.3019849359989166
0.22571036405861378
0.21168093755841255
0.3318740390241146
0.3293124809861183
0.30217038840055466
0.3069256767630577
0.3494912162423134
0.3237083684653044
0.2962741404771805
0.30705907195806503
0.2857530228793621
0.1612635813653469
0.21195542067289352
0.3538246974349022
0.24995633959770203
0.251717921346426
0.3869317099452019
0.3068995103240013
0.2871276065707207
0.2612694911658764
0.301186166703701
0.1880692020058632
0.283643402159214
0.27747152373194695
0.15274696052074432
0.21545564010739326
0.3210943378508091
0.2548306919634342
0.31299568340182304
0.2517409920692444
0.3258466459810734
0.25916873663663864
0.4036814197897911
0.38886559009552
0.19551239535212517
0.25682589039206505
0.2553134895861149
0.38162877410650253
0.22971283830702305
0.32417331635951996
0.26088350266218185
0.2858252190053463
0.30696748569607735
0.2736160382628441
0.26735182851552963
0.2602996677160263
0.31839630752801895
0.2891441844403744
0.14610605873167515
0.2502688206732273
0.2521813716739416
0.21241281740367413
0.2601689025759697
0.20847288519144058
0.29893313720822334
0.2926029749214649
0.19400886446237564
0.2883571460843086
0.21888918057084084
0.20771971717476845
0.2806480787694454
0.24786430783569813
0.28334444761276245
0.2716112695634365
0.23730935901403427
0.2792363241314888
0.26462433487176895
0.260421022772789
0.2755781002342701
0.22449510544538498
0.15398183278739452
0.29855136945843697
0.19080775044858456
0.29224513471126556
0.1895424872636795
0.31365878880023956
0.14135217107832432
0.169023547321558
0.28750431910157204
0.24004884622991085
0.22282185032963753
0.3301738314330578
0.2696946784853935
0.3335392698645592
0.24895412474870682
0.19728969410061836
0.16398417204618454
0.29889679700136185
0.21348637901246548
0.29494686983525753
0.33424875885248184
0.3496164008975029
0.18761583045125008
0.1941348798573017
0.1377822756767273
0.243424654006958
0.17280930280685425
0.2421983778476715
0.20594660192728043
0.19506889209151268
0.18402638658881187
0.33780743181705475
0.25959642976522446
0.2223832905292511
0.2510279640555382
0.15995055809617043
0.3346690759062767
0.2963300347328186
0.2109079547226429
0.2589353583753109
0.25387614592909813
0.3033178597688675
0.26335917226970196
0.21786367893218994
0.15906742587685585
0.2019697893410921
0.28377362340688705
0.26589252427220345
0.19132990017533302
0.24717514589428902
0.3595646172761917
0.18112057633697987
0.25554368272423744
0.16454648040235043
0.2453252598643303
0.21163926646113396
0.16919566318392754
0.24574090912938118
0.1579395104199648
0.20780029147863388
0.2394196167588234
0.1779404915869236
0.1537095531821251
0.2314842939376831
0.18605829402804375
0.18586362525820732
0.19694303162395954
0.30213315784931183
0.257052980363369
0.18995120376348495
0.2159743271768093
0.17374682426452637
0.28093115240335464
0.2546462193131447
0.2503305822610855
0.19923033379018307
0.19982562214136124
0.19376254826784134
0.14013477601110935
0.1766122467815876
0.22225851565599442
0.153609418310225
0.24617629870772362
0.19760634750127792
0.3155163321644068
0.24151437729597092
0.3461441174149513
0.2737731449306011
0.2366633228957653
0.20150976441800594
0.2376943789422512
0.2323160357773304
0.1733430027961731
0.3292930945754051
0.20079124346375465
0.226035688072443
0.18505824729800224
0.18618497624993324
0.26808062568306923
0.17414700612425804
0.22216401994228363
0.30891774222254753
0.1535368636250496
0.18999764136970043
0.14576731249690056
0.21237321943044662
0.21978165954351425
0.25703226402401924
0.2098115012049675
0.12884746864438057
0.2676505744457245
0.1979828979820013
0.27163174003362656
0.2003384791314602
0.22660375759005547
0.23839937523007393
0.2590218558907509
0.22469624876976013
0.1344749890267849
0.2060253918170929
0.16967828571796417
0.16062141582369804
0.1900002658367157
0.2187437042593956
0.22274798527359962
0.14363105036318302
0.10987820662558079
0.15947495959699154
0.1384090520441532
0.23027125000953674
0.15110731311142445
0.21230990625917912
0.20622456073760986
0.20770610496401787
0.13592143170535564
0.27367953211069107
0.2357740569859743
0.14612271636724472
0.10753390565514565
0.19176998920738697
0.19356340914964676
0.1821780875325203
0.16042818687856197
0.17151152528822422
0.1919204704463482
0.17224247194826603
0.2538708224892616
0.25994423031806946
0.18760043010115623
0.22876906022429466
0.16019674390554428
0.11675367504358292
0.1688079684972763
0.15483301505446434
0.1831035576760769
0.19458865374326706
0.2031497210264206
0.136846624314785
0.16398591548204422
0.18872567266225815
0.13410946168005466
0.1508508063852787
0.13468865863978863
0.2150031514465809
0.14600577764213085
0.20904194563627243
0.1497975029051304
0.22149339132010937
0.17025161162018776
0.19848829321563244
0.19811790622770786
0.22172556445002556
0.16569126397371292
0.18137566186487675
0.20963735692203045
0.1341456025838852
0.19411681033670902
0.20652831345796585
0.1735470164567232
0.15660850144922733
0.11595211736857891
0.15399307757616043
0.14438780955970287
0.22696307115256786
0.17952641658484936
0.20327027142047882
0.2554428465664387
0.2497493140399456
0.15023118816316128
0.2560328710824251
0.2076397817581892
0.22710862010717392
0.17086386308073997
0.23640183173120022
0.15133302845060825
0.22116274014115334
0.15592607110738754
0.2972240597009659
0.09096839278936386
0.19626598991453648
0.31147114373743534
0.2236221767961979
0.11040440574288368
0.2899437453597784
0.1701041553169489
0.2130034938454628
0.21005654521286488
0.27053358033299446
0.18344400078058243
0.11635440029203892
0.16277244314551353
0.13898762315511703
0.1315058320760727
0.1312962081283331
0.24882934987545013
0.13157667312771082
0.2507459484040737
0.20314786955714226
0.18531876802444458
0.2722288742661476
0.18792899698019028
0.16030362993478775
0.27794109284877777
0.17497417889535427
0.22578040696680546
0.18410206399857998
0.15869023650884628
0.1530352272093296
0.16007322072982788
0.10771704465150833
0.24211670830845833
0.14449459314346313
0.13323433697223663
0.11912556737661362
0.20295511186122894
0.22543039172887802
0.294209323823452
0.14329339191317558
0.17673829942941666
0.18930110149085522
0.17682423256337643
0.2041529044508934
0.24292412400245667
0.1314069703221321
0.24206759966909885
0.15276282839477062
0.15006894525140524
0.19874378107488155
0.15552734024822712
0.25293590128421783
0.1966186948120594
0.18181173503398895
0.2443378735333681
0.23778180964291096
0.22392107918858528
0.14592556562274694
0.29618119075894356
0.1933426633477211
0.25971156544983387
0.267436645925045
0.169930474832654
0.19245192781090736
0.160041818395257
0.17433434166014194
0.2800861522555351
0.152211744338274
0.20002549327909946
0.2034536935389042
0.23337851278483868
0.24837547540664673
0.15494094043970108
0.12141176871955395
0.13039370253682137
0.22090343572199345
0.2053602607920766
0.1423337608575821
0.164781691506505
0.1433639321476221
0.12340789288282394
0.17669215984642506
0.1863992027938366
0.12387843616306782
0.20562363788485527
0.30078355595469475
0.09131039213389158
0.15407518483698368
0.1289181262254715
0.17288880329579115
0.23726044408977032
0.23506074398756027
0.17535977251827717
0.32171424478292465
0.2569682151079178
0.142352607101202
0.13143021427094936
0.24173152446746826
0.16472337022423744
0.25554120913147926
0.17674493789672852
0.17395463399589062
0.18947963044047356
0.1524927094578743
0.13981471210718155
0.30917008221149445
0.11584227159619331
0.23359565809369087
0.2262970693409443
0.2010187804698944
0.20605609938502312
0.18519195541739464
0.12293144501745701
0.18003571964800358
0.21127386391162872
0.32577715814113617
0.16892817802727222
0.22833622805774212
0.25652867555618286
0.20736248046159744
0.22530986368656158
0.19303125888109207
0.3209625259041786
0.26965634524822235
0.16612975671887398
0.16043421626091003
0.25087500363588333
0.2184823900461197
0.19563566148281097
0.21321464143693447
0.09187510330229998
0.20231915079057217
0.21616486459970474
0.2514461725950241
0.15857099182903767
0.1466808244585991
0.11896765418350697
0.17151870485395193
0.2849894389510155
0.2425515428185463
0.2725301533937454
0.17526008561253548
0.2665483020246029
0.23453624546527863
0.1733787450939417
0.13801323622465134
0.1642509363591671
0.17767366021871567
0.22143414244055748
0.17893380299210548
0.17749864794313908
0.27670562639832497
0.17030693963170052
0.2606816217303276
0.1170186772942543
0.2150486260652542
0.18347498774528503
0.28012287616729736
0.18281934037804604
0.18126510735601187
0.16563312709331512
0.13475354202091694
0.2231860365718603
0.23361271526664495
0.15927364490926266
0.1956164352595806
0.15716934204101562
0.26517007499933243
0.2034025602042675
0.14876780845224857
0.13650711812078953
0.32793984189629555
0.16064506582915783
0.16059607453644276
0.20280664041638374
0.11145482584834099
0.13567066751420498
0.08584395237267017
0.14377390034496784
0.13962199538946152
0.1653468068689108
0.07809597812592983
0.16127160377800465
0.1734473966062069
0.14622152131050825
0.0927720945328474
0.14122505206614733
0.12510301358997822
0.11446559987962246
0.20001260749995708
0.22859144024550915
0.15688081085681915
0.1656661294400692
0.20047962851822376
0.18373270519077778
0.24161803536117077
0.2404666356742382
0.18210227973759174
0.19114913418889046
0.16985600255429745
0.16967124678194523
0.1710041668266058
0.09296183474361897
0.18350031413137913
0.16435339860618114
0.2911078706383705
0.18375418335199356
0.09023634530603886
0.0568872238509357
0.26597316563129425
0.10750754550099373
0.13797397911548615
0.17513848096132278
0.16364006232470274
0.2100193491205573
0.11100112367421389
0.11439818702638149
0.2731638252735138
0.1360323168337345
0.16268006712198257
0.1545744687318802
0.16313012037426233
0.22265003621578217
0.1623041331768036
0.16474065370857716
0.20898909494280815
0.11971103306859732
0.11021137330681086
0.1436466109007597
0.17489407770335674
0.19915170967578888
0.2009211666882038
0.19017679058015347
0.18443607538938522
0.2646437995135784
0.14937032759189606
0.13526717107743025
0.2397184818983078
0.10154669731855392
0.0765383280813694
0.1687260214239359
0.18593039829283953
0.2605057768523693
0.16556742414832115
0.2925579361617565
0.16951263509690762
0.2223887862637639
0.09839072078466415
0.1698645749129355
0.20008817315101624
0.25247892923653126
0.16956370510160923
0.16395580675452948
0.1738854292780161
0.11106136534363031
0.2121854666620493
0.17283855751156807
0.17433229740709066
0.18814493715763092
0.11659424006938934
0.22485943511128426
0.1309526115655899
0.17247809562832117
0.20959364250302315
0.0646879393607378
0.15965181030333042
0.23645778372883797
0.21523569244891405
0.14901607483625412
0.11461834330111742
0.1230280646122992
0.20103055238723755
0.1182997589930892
0.10250703431665897
0.17867591232061386
0.13153457641601562
0.17787617444992065
0.28401267901062965
0.12931074481457472
0.10369634255766869
0.09816466178745031
0.14833883754909039
0.06807580776512623
0.14261214062571526
0.0719509944319725
0.13546090386807919
0.11065676063299179
0.11879969760775566
0.16372502129524946
0.27307233214378357
0.1468879170715809
0.2071622870862484
0.17101792991161346
0.22295456193387508
0.17700926400721073
0.1738908989354968
0.24019812233746052
0.20432968623936176
0.19241341389715672
0.22165542840957642
0.1018839031457901
0.3064744919538498
0.15986471250653267
0.23088325932621956
0.1146506080403924
0.134245365858078
0.2524627149105072
0.15491949301213026
0.16909697838127613
0.14870516117662191
0.1571511086076498
0.15207894891500473
0.1711267028003931
0.1477874405682087
0.184105534106493
0.053006889298558235
0.1292060660198331
0.1480945125222206
0.08355371374636889
0.12741296365857124
0.06985809188336134
0.09842143952846527
0.11436572670936584
0.22555606812238693
0.19201572984457016
0.1088150180876255
0.11455022543668747
0.1006590873003006
0.11931913625448942
0.17908492125570774
0.1275664921849966
0.09182777721434832
0.10076364129781723
0.13882017694413662
0.11618665140122175
0.19743963330984116
0.16547956597059965
0.1124565927311778
0.11861099489033222
0.23778808116912842
0.08769741281867027
0.13918893411755562
0.11363660171627998
0.13594761490821838
0.048066300339996815
0.23815061897039413
0.18083983194082975
0.21064411848783493
0.14699087478220463
0.12778480257838964
0.08318092487752438
0.21769263595342636
0.10848306864500046
0.18123004399240017
0.1719280295073986
0.21837441436946392
0.07447129394859076
0.058230155147612095
0.27279014978557825
0.15366539359092712
0.11612543929368258
0.12216923478990793
0.17460991069674492
0.09367980901151896
0.09755626507103443
0.17210398241877556
0.1278403620235622
0.17151887714862823
0.05225764634087682
0.2064199922606349
0.23792769387364388
0.18353219889104366
0.19125890731811523
0.1531873056665063
0.15551448985934258
0.23637793492525816
0.17457540798932314
0.17039773985743523
0.12789268605411053
0.1861891970038414
0.17851904034614563
0.10908694006502628
0.2309257686138153
0.1337261814624071
0.05318500753492117
0.18395555391907692
0.21237928979098797
0.23432286828756332
0.12319743726402521
0.09840803407132626
0.21458069328218699
0.16948232427239418
0.191401744261384
0.24785375967621803
0.15937503054738045
0.17419015988707542
0.1999521702528
0.14918487705290318
0.0859211590141058
0.1466921861283481
0.11823771335184574
0.20676776766777039
0.16202006116509438
0.15171399526298046
0.0917596435174346
0.19297632109373808
0.11018180940300226
0.14767356682568789
0.18369346531108022
0.17718740552663803
0.17119834292680025
0.11180295515805483
0.10760489664971828
0.2355993650853634
0.15507856756448746
0.09247529599815607
0.17382758297026157
0.19671979453414679
0.1537191467359662
0.1759667620062828
0.06559463310986757
0.12287876568734646
0.0957252737134695
0.1331470524892211
0.09273925516754389
0.12567775137722492
0.0895839724689722
0.054142581298947334
0.14448712021112442
0.18526510149240494
0.09471535589545965
0.11192744225263596
0.1772255077958107
0.17660641204565763
0.15874404832720757
0.20385832153260708
0.16590958833694458
0.09763835556805134
0.09124721121042967
0.19395833276212215
0.26839995197951794
0.152009560726583
0.147206649184227
0.1252047442831099
0.19140793848782778
0.09477431047707796
0.202280611731112
0.1659914026968181
0.08898095972836018
0.1157433707267046
0.13917570654302835
0.07036551274359226
0.08871021308004856
0.14812914468348026
0.16039393655955791
0.15082639921456575
0.12360900919884443
0.11294570937752724
0.10834866762161255
0.13139230385422707
0.16090065985918045
0.10973136685788631
0.10266128182411194
0.14304537372663617
0.10431150440126657
0.14324016869068146
0.09600135777145624
0.12096485681831837
0.11201688461005688
0.09869582578539848
0.15049900580197573
0.07059272890910506
0.0627822382375598
0.1703951172530651
0.11211873032152653
0.08550152787938714
0.0998615063726902
0.08391612395644188
0.07698916830122471
0.08866637712344527
0.07436884753406048
0.18722523283213377
0.1506321611814201
0.14312972594052553
0.14226804487407207
0.10178900975733995
0.12556163780391216
0.08298807963728905
0.12564418371766806
0.08001949917525053
0.14830919820815325
0.05687287636101246
0.11971462611109018
0.07451872294768691
0.17594524286687374
0.08713628072291613
0.13394579850137234
0.08165114838629961
0.08511765021830797
0.12154871132224798
0.05863814149051905
0.07826710445806384
0.09387689549475908
0.1856742762029171
0.06964615313336253
0.04006737656891346
0.0757377864792943
0.10718815866857767
0.10464019607752562
0.18071402609348297
0.09473282843828201
0.07982716150581837
0.09928158950060606
0.09336185967549682
0.09544840827584267
0.13704850524663925
0.17051959410309792
0.11187892593443394
0.04876444162800908
0.0840533496811986
0.0695058461278677
0.11120160203427076
0.11164104752242565
0.10864418465644121
0.1089127971790731
0.09124859608709812
0.05718482378870249
0.12666060449555516
0.06592628546059132
0.07478774338960648
0.13635883294045925
0.06901692040264606
0.08079637680202723
0.14348230883479118
0.053892843425273895
0.04058435559272766
0.13192656822502613
0.14838377432897687
0.13315549865365028
0.1211219122633338
0.1478361999616027
0.19853026419878006
0.09992621699348092
0.11227946635335684
0.15792884025722742
0.13212895207107067
0.14909684285521507
0.12818442098796368
0.07276270445436239
0.11278292164206505
0.11666357330977917
0.08620400819927454
0.10988814756274223
0.060461506713181734
0.1182757280766964
0.05986521393060684
0.1605549454689026
0.06774166692048311
0.15226228162646294
0.10440063942223787
0.05954805249348283
0.09111110866069794
0.1468603666871786
0.1135358577594161
0.09659224189817905
0.06746205780655146
0.14092361461371183
0.07954206224530935
0.043978928588330746
0.07837170828133821
0.16734707541763783
0.0864890175871551
0.09326783753931522
0.11874126456677914
0.10796822048723698
0.1714083654806018
0.07335929665714502
0.07514699269086123
0.06766034429892898
0.07371922163292766
0.09080447442829609
0.07862602360546589
0.15143602713942528
0.04371516453102231
0.07104681991040707
0.08923376211896539
0.07940044580027461
0.05934182275086641
0.07945138774812222
0.18360872566699982
0.05718375323340297
0.06943233963102102
0.14089685305953026
0.11410962790250778
0.11396912299096584
0.13449834659695625
0.12252584006637335
0.05508380336686969
0.0910308938473463
0.08511309884488583
0.07680108584463596
0.07766474783420563
0.08231486566364765
0.1378483846783638
0.09383956529200077
0.13968201912939548
0.14527266286313534
0.0899805286899209
0.07944130524992943
0.1480744183063507
0.10499476920813322
0.04943467304110527
0.07585450913757086
0.09602846018970013
0.07838013721629977
0.07376087084412575
0.08692631125450134
0.09478489868342876
0.15136004239320755
0.09250740893185139
0.10002693021669984
0.06342755490913987
0.06709024496376514
0.06459460873156786
0.0889064958319068
0.0908651826903224
0.07112797256559134
0.1140894740819931
0.16816807352006435
0.13104777969419956
0.1857822835445404
0.09322650916874409
0.08220166247338057
0.12456463277339935
0.10831562895327806
0.05011215666308999
0.07832420337945223
0.06336201541125774
0.098802893422544
0.09891361277550459
0.0561481611803174
0.1528320461511612
0.08457849733531475
0.06779567431658506
0.09828086663037539
0.06884486507624388
0.12194960750639439
0.1040202435106039
0.10198118910193443
0.08916780818253756
0.0814216285943985
0.09206509310752153
0.09655195521190763
0.09638868179172277
0.11453928239643574
0.14493494853377342
0.12704438157379627
0.0969935255125165
0.08614892093464732
0.04785673459991813
0.07012107968330383
0.16242678835988045
0.06442495808005333
0.11305972561240196
0.1437185164541006
0.03494443418458104
0.1314099207520485
0.12038919888436794
0.05375309940427542
0.06363542657345533
0.06524306396022439
0.0465013780631125
0.08791530039161444
0.05185479763895273
0.08645451907068491
0.06851450633257627
0.05616159737110138
0.10551175568252802
0.10172063484787941
0.11032187193632126
0.07732633221894503
0.12979249842464924
0.0934902299195528
0.10505204554647207
0.09439359325915575
0.08728506043553352
0.12841986119747162
0.06462925113737583
0.05730489548295736
0.09177170973271132
0.07177771581336856
0.0832669548690319
0.03288091067224741
0.12271030433475971
0.09253386966884136
0.13705379329621792
0.06543468497693539
0.035262706223875284
0.10718399845063686
0.07434039935469627
0.08289432292804122
0.05351521912962198
0.07155499560758471
0.09422369115054607
0.10972361732274294
0.06059528514742851
0.08021272951737046
0.06154909823089838
0.0334066697396338
0.07184263877570629
0.04521616129204631
0.11101297661662102
0.07942720828577876
0.03593073971569538
0.05828870180994272
0.07280735019594431
0.12558697583153844
0.09631473105400801
0.07888173684477806
0.07358825951814651
0.14541978016495705
0.11962909437716007
0.10019393637776375
0.04957965388894081
0.11262128874659538
0.06730961706489325
0.10151718184351921
0.12105244398117065
0.13695796765387058
0.047640347853302956
0.09238993283361197
0.07406432647258043
0.06428102031350136
0.10707402043044567
0.06071151979267597
0.08557486301288009
0.053445651195943356
0.06985731609165668
0.0523430947214365
0.07755056023597717
0.09327951911836863
0.15850799903273582
0.03753701411187649
0.05914332903921604
0.081753084436059
0.08844252396374941
0.07307345978915691
0.05995349772274494
0.08006437867879868
0.08669967390596867
0.11808492615818977
0.05893514817580581
0.0957522471435368
0.09234396554529667
0.06320071313530207
0.10738170146942139
0.1220978181809187
0.07377669308334589
0.06139722000807524
0.04689261596649885
0.10941503010690212
0.044062874279916286
0.03625563997775316
0.09013645257800817
0.09972533956170082
0.09800533996894956
0.0845324108377099
0.07154016010463238
0.06857334775850177
0.07230369187891483
0.08696090616285801
0.08114557713270187
0.08155507640913129
0.0869931560009718
0.10507231997326016
0.08836476877331734
0.09566565044224262
0.09415199980139732
0.046269320882856846
0.10960184969007969
0.0731387697160244
0.08438177686184645
0.02184538496658206
0.0729785948060453
0.05376108409836888
0.08519009035080671
0.1076343022286892
0.09141160361468792
0.07202471233904362
0.04203571379184723
0.14147943630814552
0.10860771499574184
0.0478331851772964
0.06636752048507333
0.0241821869276464
0.13250565249472857
0.09137437865138054
0.08719699736684561
0.07958564627915621
0.059677804820239544
0.08829594310373068
0.0804747175425291
0.07415569573640823
0.04353219550102949
0.1285473946481943
0.07534993067383766
0.06999051570892334
0.0851927399635315
0.0561750503256917
0.10963925579562783
0.07019085809588432
0.05958632379770279
0.07380300387740135
0.0457095205783844
0.10264238016679883
0.06754118110984564
0.0691405558027327
0.08613626938313246
0.08161860331892967
0.0360350850969553
0.08433067472651601
0.0585954487323761
0.050388948526233435
0.10840472532436252
0.1112495381385088
0.07582180481404066
0.05544099863618612
0.04308751691132784
0.11776197981089354
0.035088369622826576
0.07207576557993889
0.10007069166749716
0.05914721358567476
0.08321424014866352
0.06912395544350147
0.055087948217988014
0.08416860550642014
0.04882335755974054
0.07640733476728201
0.056165327318012714
0.0914732706733048
0.08458958426490426
0.11786307394504547
0.10138826258480549
0.03162218164652586
0.061876540537923574
0.08330472791567445
0.049664206337183714
0.09324117284268141
0.06917395908385515
0.08064649067819118
0.05316902045160532
0.08402877952903509
0.07461655465885997
0.09883534489199519
0.06911248108372092
0.10778877232223749
0.09760678000748158
0.11263146810233593
0.10930210165679455
0.08245164807885885
0.06079257745295763
0.06373629393056035
0.05220995005220175
0.1067464449442923
0.04183918237686157
0.12974556908011436
0.059210446663200855
0.1162816733121872
0.09844483621418476
0.09058814961463213
0.08426638506352901
0.03376845642924309
0.09876162093132734
0.10961123928427696
0.05437656166031957
0.09090138506144285
0.13008396700024605
0.10028379503637552
0.07723445352166891
0.04138887859880924
0.06519611366093159
0.06513426592573524
0.0964521886780858
0.07915779203176498
0.06672287685796618
0.08054838795214891
0.08946421137079597
0.11047020554542542
0.05670842435210943
0.06981198210269213
0.1260064486414194
0.07769027166068554
0.0516727352514863
0.07028999552130699
0.05749415932223201
0.05917549505829811
0.043419199995696545
0.07601391756907105
0.0586599912494421
0.03490309976041317
0.08236439386382699
0.07118848152458668
0.06335838604718447
0.08267766330391169
0.10304921679198742
0.10617463430389762
0.12215174734592438
0.07793866842985153
0.06764257233589888
0.07367265783250332
0.09019667841494083
0.08631444536149502
0.0323316790163517
0.07624146156013012
0.09381499886512756
0.054254595655947924
0.09613340813666582
0.09116081893444061
0.053754924796521664
0.08806771133095026
0.05333955027163029
0.06016727816313505
0.13274852372705936
0.07772654853761196
0.08139822259545326
0.11354007944464684
0.05986506585031748
0.07082548830658197
0.0590523537248373
0.051522040739655495
0.06708286562934518
0.12332222238183022
0.07852430641651154
0.08223534654825926
0.07388997636735439
0.09981315024197102
0.07391738705337048
0.04208233719691634
0.07107125129550695
0.04575679590925574
0.08257241733372211
0.08282667398452759
0.11873075179755688
0.06095752026885748
0.09894227888435125
0.05350916460156441
0.03545233653858304
0.08831161167472601
0.05211097514256835
0.05336284078657627
0.07649925025179982
0.08994918968528509
0.08689383789896965
0.10411014594137669
0.06998070795089006
0.06515932735055685
0.049046417931094766
0.052330401027575135
0.048497953452169895
0.034324069041758776
0.06981718586757779
0.05613459832966328
0.042496904730796814
0.07448095455765724
0.03941954066976905
0.062313481234014034
0.060846290085464716
0.0872513996437192
0.039824663661420345
0.08252420742064714
0.10896711237728596
0.040056520607322454
0.07515930756926537
0.04093188373371959
0.06592594319954515
0.030459315050393343
0.08645368460565805
0.07130948174744844
0.0524107376113534
0.05472341412678361
0.059405880980193615
0.039079985581338406
0.027158310171216726
0.05323783028870821
0.04799462994560599
0.057651983574032784
0.04209494963288307
0.06252640578895807
0.05582429002970457
0.03857053956016898
0.07554503623396158
0.037031060084700584
0.059156506322324276
0.04035123065114021
0.07080753520131111
0.06023842794820666
0.037834024988114834
0.07446002145297825
0.06715660728514194
0.03480363404378295
0.040728965774178505
0.04182278411462903
0.030116152949631214
0.0798813896253705
0.027977418154478073
0.03609950467944145
0.03671478619799018
0.04680716106668115
0.04928904678672552
0.038141078781336546
0.06365744397044182
0.04558105440810323
0.08216350432485342
0.06611821707338095
0.04541584523394704
0.04168977960944176
0.03772085625678301
0.04598516598343849
0.06687661819159985
0.03907329961657524
0.04157324507832527
0.04720234777778387
0.07049774192273617
0.03629095572978258
0.032684947829693556
0.03856400167569518
0.05722265271469951
0.0441959360614419
0.06007994897663593
0.04898224584758282
0.050967996940016747
0.036945936270058155
0.03144866321235895
0.03238829458132386
0.06610434036701918
0.042252092622220516
0.03940582927316427
0.04151599295437336
0.0544019378721714
0.0483004879206419
0.04976763390004635
0.03670781012624502
0.07023253105580807
0.059601450338959694
0.03196333767846227
0.05757120344787836
0.046603142749518156
0.04468564689159393
0.05600122455507517
0.030197362881153822
0.039737023413181305
0.03813058091327548
0.042689329013228416
0.028784822672605515
0.07253421097993851
0.05538288131356239
0.032318142242729664
0.04372096620500088
0.0544329141266644
0.05429149232804775
0.02807922288775444
0.040340153966099024
0.025888822972774506
0.05586687661707401
0.03801250783726573
0.042557592038065195
0.030921396799385548
0.052124722860753536
0.029160125646740198
0.0340743837878108
0.05291199078783393
0.05850666202604771
0.05505609605461359
0.09129227790981531
0.04771472420543432
0.05707165040075779
0.03353849705308676
0.0780677804723382
0.03493307018652558
0.07235161401331425
0.07137653417885303
0.03319607675075531
0.05550298094749451
0.03834193293005228
0.04595654387958348
0.03463484067469835
0.02400914765894413
0.04428464360535145
0.023788341553881764
0.018325086683034897
0.030211451463401318
0.058987762313336134
0.05757657065987587
0.0780036635696888
0.061267546378076077
0.06331232562661171
0.0317575354129076
0.0764511781744659
0.05719828326255083
0.02797666657716036
0.062345020938664675
0.04928388725966215
0.04385943524539471
0.029441372491419315
0.04777114326134324
0.07720512431114912
0.04792529996484518
0.0712720425799489
0.027411290910094976
0.09180259983986616
0.04491308983415365
0.030515247490257025
0.06389578152447939
0.026445445604622364
0.03395230649039149
0.0886283356230706
0.09052982926368713
0.047030079178512096
0.05552438274025917
0.06934806518256664
0.029882021248340607
0.03719666274264455
0.04130690451711416
0.03554251370951533
0.05168345011770725
0.055069895926862955
0.054446390364319086
0.061162956058979034
0.09727388434112072
0.07501313649117947
0.06548462714999914
0.09521340299397707
0.06110267620533705
0.0851858677342534
0.040028748102486134
0.07285623671486974
0.072925612796098
0.10389219969511032
0.06877697119489312
0.03487583016976714
0.04229428293183446
0.06988769816234708
0.044450432527810335
0.0542888417840004
0.0829865662381053
0.044356970116496086
0.08324273116886616
0.03148999810218811
0.15644062589854002
0.0371272754855454
0.10645920038223267
0.1281858403235674
0.15804840810596943
0.07970705721527338
0.10321513283997774
0.13135708216577768
0.05351386358961463
0.08286591712385416
0.049031306989490986
0.05144233023747802
0.06819774862378836
0.06705653853714466
0.07886644406244159
0.1145773520693183
0.04291039169766009
0.09794098790735006
0.14099287800490856
0.029153957962989807
0.04782515857368708
0.0923746032640338
0.09840002935379744
0.07676588837057352
0.08303790725767612
0.08133713155984879
0.09383091749623418
0.14941220823675394
0.05016414448618889
0.0570300561375916
0.11208750400692225
0.07761344593018293
0.03677622554823756
0.12603585608303547
0.19971443340182304
0.12078275717794895
0.11563071049749851
0.06720511429011822
0.08801955915987492
0.06425134930759668
0.0879322006367147
0.07001734199002385
0.07820505183190107
0.06841322779655457
0.08211674215272069
0.07732901256531477
0.07372522074729204
0.03746279003098607
0.1175809120759368
0.13872139528393745
0.081390880048275
0.030273481737822294
0.09337449911981821
0.10796700604259968
0.10775031708180904
0.03333825431764126
0.050825475715100765
0.04736581351608038
0.07114463811740279
0.043747263960540295
0.05638955067843199
0.051624157931655645
0.11869774851948023
0.05250526173040271
0.08301120297983289
0.03880994347855449
0.05195794673636556
0.05352618172764778
0.0910759144462645
0.06686863303184509
0.10424831509590149
0.0952818151563406
0.1418299968354404
0.10443749884143472
0.0804216475225985
0.07994846254587173
0.1056478638201952
0.056366571225225925
0.1107442481443286
0.06367630511522293
0.06910986732691526
0.11745455116033554
0.029414871241897345
0.08752059005200863
0.06304630218073726
0.08608978986740112
0.14357448183000088
0.06427491176873446
0.07680212333798409
0.07094985898584127
0.03488770313560963
0.10502060269936919
0.052641620859503746
0.09084261441603303
0.08681502845138311
0.06762423785403371
0.07313657598569989
0.057470818515866995
0.0841263891197741
0.09169740881770849
0.054842888843268156
0.0366116208024323
0.13793211244046688
0.03216839535161853
0.08192634303122759
0.05925860349088907
0.09456236474215984
0.08191860467195511
0.09249405656009912
0.056647779420018196
0.0525504294782877
0.02348423097282648
0.08933929726481438
0.07986979698762298
0.07921995874494314
0.09607514552772045
0.09351658774539828
0.06991914985701442
0.12635888624936342
0.04032432660460472
0.0866997567936778
0.07717414293438196
0.058256966061890125
0.10280012711882591
0.12059387937188148
0.052124372217804193
0.16088660061359406
0.07854984374716878
0.08656183257699013
0.11369324661791325
0.08402741374447942
0.08634463790804148
0.05978728039190173
0.07865668693557382
0.12869139667600393
0.045509765855968
0.12359141744673252
0.0915202097967267
0.08137478306889534
0.059112219139933586
0.0354393869638443
0.16822119802236557
0.07310527563095093
0.06248462898656726
0.07048571621999145
0.08553029876202345
0.16152141243219376
0.04208185151219368
0.10811337968334556
0.06471697939559817
0.025852713268250227
0.08919986058026552
0.08261512778699398
0.09343060106039047
0.05850053299218416
0.0879214727319777
0.08545613940805197
0.08762179408222437
0.058183277025818825
0.0811826940625906
0.0956650422886014
0.09408059157431126
0.051657072734087706
0.054139492101967335
0.11735770106315613
0.07365721953101456
0.09418362751603127
0.10320371016860008
0.06984109245240688
0.13241690397262573
0.10061146039515734
0.062062370125204325
0.08022494614124298
0.06295840721577406
0.08852894743904471
0.06958119757473469
0.07587246038019657
0.08679502177983522
0.0761860990896821
0.08541602361947298
0.14508287608623505
0.05260408343747258
0.033717197831720114
0.11136692576110363
0.04960163589566946
0.12720382772386074
0.05373345036059618
0.08220234327018261
0.09095619642175734
0.07568309921771288
0.12678486318327487
0.13466957956552505
0.06070506852120161
0.07957107806578279
0.07967834314331412
0.05563150625675917
0.13105431199073792
0.07664265017956495
0.07026849407702684
0.10761407623067498
0.0620702332817018
0.049592098919674754
0.07381532248109579
0.05731917032971978
0.054513974115252495
0.047131492756307125
0.09521646937355399
0.03938137786462903
0.07641898421570659
0.09937768708914518
0.12559720128774643
0.13793239556252956
0.07800773438066244
0.0704747037962079
0.06512930057942867
0.07683440111577511
0.10681217489764094
0.12277613300830126
0.10123541206121445
0.043359790463000536
0.041951270308345556
0.05504125077277422
0.04536760505288839
0.057710420805960894
0.05815730430185795
0.07236025342717767
0.07207617815583944
0.06178020779043436
0.07587485667318106
0.061715415213257074
0.08213097648695111
0.07611637003719807
0.06808520620688796
0.10251726303249598
0.08638646407052875
0.037449915427714586
0.10767145454883575
0.07316064648330212
0.05072067677974701
0.14945640228688717
0.09331553615629673
0.05563742853701115
0.08042016252875328
0.07639766857028008
0.11058498173952103
0.05344519857317209
0.05547834932804108
0.13595550507307053
0.0795902581885457
0.11361359991133213
0.11814009957015514
0.05769624374806881
0.03470698557794094
0.10657299868762493
0.0977030536159873
0.06950525753200054
0.051043412648141384
0.07138831447809935
0.07275765016674995
0.05352654471062124
0.0690024197101593
0.06912717409431934
0.08550872933119535
0.06628683302551508
0.11102377623319626
0.08187281154096127
0.07842186000198126
0.06307629449293017
0.07063334109261632
0.06826927838847041
0.03682029852643609
0.06882326537743211
0.06101185409352183
0.06491102976724505
0.09009673446416855
0.06762182479724288
0.09985024388879538
0.055999528616666794
0.08696227613836527
0.088024384342134
0.05540168005973101
0.08046461921185255
0.08835565624758601
0.08665196131914854
0.037152888951823115
0.0853329855017364
0.11924505047500134
0.0859537897631526
0.05699119344353676
0.03540634177625179
0.14961745031177998
0.04510826012119651
0.07038019225001335
0.07107784785330296
0.11149517074227333
0.08108121529221535
0.061467332765460014
0.09273370914161205
0.08188595250248909
0.1082487404346466
0.1104440800845623
0.07527440786361694
0.08017099555581808
0.052998011000454426
0.04560338333249092
0.02707633189857006
0.09575753659009933
0.09732823725789785
0.06121899280697107
0.09418591484427452
0.07249368773773313
0.07802331261336803
0.025474398396909237
0.061860079411417246
0.03611702285706997
0.029541421681642532
0.0559460218064487
0.1247742809355259
0.08450619503855705
0.08881112933158875
0.061227675061672926
0.04706422984600067
0.046342226676642895
0.07051848620176315
0.09365912340581417
0.05321338772773743
0.09502221364527941
0.06697255000472069
0.06366237439215183
0.10434469394385815
0.102754230145365
0.05968101508915424
0.0951482430100441
0.07642274349927902
0.07376264594495296
0.10949430987238884
0.0731134619563818
0.07673358637839556
0.06703909207135439
0.08537382446229458
0.06255381088703871
0.07079873885959387
0.08069489896297455
0.09219207987189293
0.0666982433758676
0.056837658397853374
0.05743156373500824
0.10598326660692692
0.13890495523810387
0.042708939872682095
0.10057740192860365
0.05661624390631914
0.11669927183538675
0.14036677405238152
0.07251416193321347
0.08483900129795074
0.10911237727850676
0.06687891576439142
0.09225581865757704
0.057633412070572376
0.05712260212749243
0.04983996273949742
0.08274644520133734
0.0445813680998981
0.11103298328816891
0.11788097955286503
0.053922141902148724
0.10627511329948902
0.06537039997056127
0.06349727604538202
0.06280188821256161
0.06314686220139265
0.1078590676188469
0.1308748833835125
0.14658625423908234
0.09924867749214172
0.04403457511216402
0.041690771002322435
0.08386773988604546
0.10356115689501166
0.09048152435570955
0.10050510615110397
0.11700598988682032
0.08062861673533916
0.057873218320310116
0.09396904055029154
0.08819344872608781
0.11796706728637218
0.07539436873048544
0.09731782134622335
0.1401901701465249
0.0880918400362134
0.09267873130738735
0.09535758569836617
0.09683382511138916
0.1022517429664731
0.1007760213688016
0.09426586795598269
0.08576887100934982
0.05791845079511404
0.09619977325201035
0.11499563418328762
0.09170936979353428
0.07462282199412584
0.08387768361717463
0.1058244127780199
0.08701282413676381
0.07333086617290974
0.13433998450636864
0.07301348261535168
0.08192451484501362
0.09998190216720104
0.0768572841770947
0.10392022877931595
0.06488564889878035
0.1371230110526085
0.08599891420453787
0.07132163224741817
0.07952062180265784
0.08797887712717056
0.09429851220920682
0.10453615710139275
0.08608424756675959
0.09139311499893665
0.08078212523832917
0.11845214758068323
0.06272427551448345
0.09135003015398979
0.07696570921689272
0.10584795195609331
0.09391168877482414
0.07993025984615088
0.15814588963985443
0.11889750510454178
0.10793549567461014
0.051862664986401796
0.12740186974406242
0.08505768980830908
0.02822006866335869
0.13147509563714266
0.04376441519707441
0.06681449804455042
0.06678502447903156
0.153285157866776
0.13195283524692059
0.1503224652260542
0.06792625971138477
0.1415096754208207
0.10062314057722688
0.1232915660366416
0.08626989647746086
0.11628581024706364
0.08921562414616346
0.14625357277691364
0.12204831279814243
0.08251332212239504
0.10514413937926292
0.11339706927537918
0.11159340245649219
0.1814549881964922
0.084604034665972
0.07156656496226788
0.09616108750924468
0.06665158597752452
0.08117590565234423
0.09921300411224365
0.10957088880240917
0.09248295985162258
0.07772778999060392
0.07972041610628366
0.0844423733651638
0.09074226953089237
0.10278720036149025
0.07211778312921524
0.09114447794854641
0.10790328867733479
0.0937371775507927
0.06757423654198647
0.15168574452400208
0.12056980188935995
0.06292447727173567
0.05308714276179671
0.0927917705848813
0.08092693798244
0.0586844552308321
0.09435049444437027
0.0865126047283411
0.08730166219174862
0.0751079274341464
0.12682177871465683
0.07164770644158125
0.1262967623770237
0.1206119004637003
0.06697952654212713
0.11405369080603123
0.10399813670665026
0.05537123791873455
0.034441649448126554
0.09850427322089672
0.047696960624307394
0.041089954786002636
0.04876522487029433
0.07816439308226109
0.06500340811908245
0.07750187767669559
0.06902939453721046
0.13923794031143188
0.06738367583602667
0.04701100196689367
0.09792954474687576
0.08285276032984257
0.05235921544954181
0.11730357352644205
0.10703553073108196
0.06907895486801863
0.09885463956743479
0.10722171142697334
0.03248529974371195
0.12943224795162678
0.05493620224297047
0.09253294114023447
0.029355132021009922
0.07409349014051259
0.060598078183829784
0.13092355150729418
0.05689071677625179
0.10330550000071526
0.0236170063726604
0.05665302695706487
0.04205084405839443
0.07623064517974854
0.05995234381407499
0.04979189718142152
0.0982035705819726
0.06313986796885729
0.08401900995522738
0.06673803273588419
0.04058172274380922
0.10302293067798018
0.08261651359498501
0.12465844303369522
0.06845004018396139
0.04018490295857191
0.07014418905600905
0.05199857149273157
0.052973913960158825
0.07360951416194439
0.07622538320720196
0.0998977217823267
0.03891236986964941
0.062425362411886454
0.07783662155270576
0.05254790745675564
0.10506061557680368
0.05293110525235534
0.0410446641035378
0.036036184057593346
0.04446967784315348
0.08813219424337149
0.07803603261709213
0.033859011717140675
0.12369291484355927
0.027835095301270485
0.05199463665485382
0.08159932540729642
0.04779586475342512
0.06341629894450307
0.07159638032317162
0.08026626519858837
0.04972602054476738
0.05208663223311305
0.11316795647144318
0.08767655864357948
0.09665949270129204
0.0765398945659399
0.0634966753423214
0.0958287469111383
0.05704339221119881
0.08458598563447595
0.047408025711774826
0.04429593961685896
0.06459268927574158
0.08461282774806023
0.032097365241497755
0.11320166848599911
0.1534239687025547
0.05070286011323333
0.040289387572556734
0.05504095088690519
0.07386011257767677
0.0796798849478364
0.045042399782687426
0.07354174740612507
0.0402693934738636
0.05475678713992238
0.028705716133117676
0.05940792942419648
0.055904241278767586
0.05700091738253832
0.07250009942799807
0.11757651343941689
0.04131992068141699
0.05580957653000951
0.026832362171262503
0.03373315930366516
0.05247642192989588
0.029575578402727842
0.10554969776421785
0.06550450343638659
0.06469928426668048
0.0301579802762717
0.05254231346771121
0.07610357413068414
0.10376477474346757
0.06763565819710493
0.07618959154933691
0.026245811488479376
0.06861041532829404
0.0398675836622715
0.07214159145951271
0.06028172420337796
0.08564794808626175
0.048875611275434494
0.032259919680655
0.04797525750473142
0.07896506320685148
0.11355779645964503
0.11203822214156389
0.08967676665633917
0.12230953574180603
0.039507626090198755
0.07811399735510349
0.1153225526213646
0.057708736043423414
0.074084198102355
0.07637135498225689
0.07387414667755365
0.08834680542349815
0.03430588124319911
0.055143652483820915
0.0642724484205246
0.052366130985319614
0.06891179457306862
0.03146291710436344
0.059097614139318466
0.08162802364677191
0.06836394499987364
0.08255823701620102
0.0538734020665288
0.07425664365291595
0.022037201328203082
0.056639553513377905
0.08019480854272842
0.06340061780065298
0.07356407027691603
0.07222374062985182
0.05911597330123186
0.05724243447184563
0.06508918479084969
0.133541495539248
0.05739479069598019
0.056065360084176064
0.04882641974836588
0.07112686615437269
0.07426108792424202
0.06795492582023144
0.0690954215824604
0.0467370692640543
0.02951011247932911
0.05639962526038289
0.05339677445590496
0.10052815545350313
0.06758171832188964
0.048162937397137284
0.05525036249309778
0.059882931876927614
0.03671395732089877
0.05116164591163397
0.05982446111738682
0.08168995846062899
0.04016185877844691
0.06334705697372556
0.06933277286589146
0.07047762023285031
0.07392281666398048
0.07748413970693946
0.0900893360376358
0.04761642403900623
0.09903098503127694
0.06735405512154102
0.03743043076246977
0.0927457008510828
0.08921140059828758
0.09859048388898373
0.04042090009897947
0.05169649701565504
0.03147514583542943
0.030524348374456167
0.026132515631616116
0.04862345801666379
0.07888947799801826
0.033764701802283525
0.10125131951645017
0.06430307403206825
0.05826095771044493
0.0510949925519526
0.07535441569052637
0.040266870986670256
0.06599952140823007
0.07945608487352729
0.052510691806674004
0.08575564902275801
0.025495054200291634
0.09365377528592944
0.05303718661889434
0.04179779812693596
0.06579767493531108
0.05485799955204129
0.11353774927556515
0.053327967412769794
0.05810414673760533
0.10048625897616148
0.09148015826940536
0.07710728794336319
0.07936191698536277
0.05969543755054474
0.09599175862967968
0.038011874072253704
0.06656037271022797
0.04256635322235525
0.026130912825465202
0.06805002689361572
0.04812780627980828
0.05355857405811548
0.04955013794824481
0.06209138873964548
0.10612765979021788
0.0639795083552599
0.06672474648803473
0.07942515518516302
0.06257394794374704
0.04783053137362003
0.09465870633721352
0.0692461549770087
0.06889707315713167
0.05504293320700526
0.032080421689897776
0.08269342803396285
0.02973777847364545
0.04037030809558928
0.0564224268309772
0.09142548078671098
0.08167902333661914
0.02345572179183364
0.07684758026152849
0.07534009218215942
0.026950153522193432
0.06819419329985976
0.02536455844528973
0.033725387416779995
0.046947992872446775
0.03349970234557986
0.05154414242133498
0.048471066169440746
0.03619601018726826
0.05402294499799609
0.07442731317132711
0.04128856770694256
0.0638116579502821
0.08964800089597702
0.05272592976689339
0.055833298712968826
0.06294047180563211
0.10039537400007248
0.054212952964007854
0.08696186495944858
0.08825121261179447
0.04914068756625056
0.07175395358353853
0.04432675102725625
0.07343467231839895
0.048690179362893105
0.08909277711063623
0.031310638412833214
0.0351695972494781
0.12128821387887001
0.07564532198011875
0.08368511870503426
0.041367839090526104
0.062451811507344246
0.06345922127366066
0.05431578494608402
0.03413287457078695
0.07771676033735275
0.04504692414775491
0.04267990030348301
0.0926987542770803
0.03590694069862366
0.049911570036783814
0.0843517929315567
0.03816381236538291
0.04778055427595973
0.03683065203949809
0.050037738867104053
0.056425177957862616
0.034351530484855175
0.061928240582346916
0.061773772817105055
0.04623939353041351
0.019281947053968906
0.03511633304879069
0.05976762715727091
0.020170649513602257
0.09283204982057214
0.0380429751239717
0.021162936463952065
0.028345498256385326
0.019118956523016095
0.07932995911687613
0.06512792035937309
0.03835773142054677
0.04669588431715965
0.028312703827396035
0.10271039186045527
0.016901752911508083
0.05051521910354495
0.05514705181121826
0.09899655543267727
0.04983349796384573
0.06889727897942066
0.07939483597874641
0.029819591902196407
0.030283876694738865
0.042677885852754116
0.03967450838536024
0.039403513073921204
0.07809391245245934
0.05488163651898503
0.06895232619717717
0.02676189737394452
0.027462500147521496
0.04849118972197175
0.016249368898570538
0.03400508803315461
0.07485890807583928
0.035024074371904135
0.025299325119704008
0.024579039309173822
0.05485965241678059
0.02077807649038732
0.026519210543483496
0.015863563865423203
0.06768931169062853
