None
None
None
None
None
None
None
None
None
None
None
None
None
None
None
None
None
None
None
None
None
None
None
None
None
None
None
None
None
None
None
None
None
None
None
None
None
None
None
None
None
None
None
None
None
None
None
None
None
None
None
None
None
None
None
None
None
None
None
None
None
None
None
None
None
None
None
2.6717227697372437
2.5594531297683716
2.525506556034088
2.431438624858856
2.4388938546180725
2.568820834159851
2.5805975794792175
2.693172514438629
2.4679890275001526
2.2231078147888184
2.003147006034851
2.0945171117782593
2.2637877464294434
2.1044102907180786
2.099197506904602
2.08689484000206
1.8748702108860016
2.017421305179596
1.4557028710842133
1.72126105427742
1.15606227517128
1.3118593394756317
1.1883761286735535
0.9190884679555893
0.9882787019014359
0.4717092290520668
0.33087029680609703
0.041563715785741806
-0.06865565106272697
0.3788836598396301
0.09272295981645584
-0.4557255059480667
-0.13230960071086884
-0.6320649087429047
-0.6647488325834274
-0.38977157324552536
-0.4082214683294296
-0.5373795926570892
-0.06761836260557175
-0.44202377647161484
-0.16132370755076408
-0.19942083209753036
0.20186670124530792
-0.09376859478652477
0.21759294718503952
0.19822566583752632
0.05299314111471176
0.15652460977435112
0.1361701339483261
0.22404461726546288
-0.14249172993004322
-0.045601364225149155
0.03004666417837143
-0.37642229348421097
-0.12933608144521713
-0.288383730687201
-0.24428900331258774
-0.2434195801615715
-0.03002927079796791
-0.3829798996448517
-0.2779812701046467
-0.17324143648147583
-0.0015344507992267609
-0.16693216562271118
0.24093695357441902
0.015919223427772522
-0.0237068310379982
0.019872378557920456
-0.16151900961995125
-0.23378464207053185
-0.21503161266446114
-0.53165702521801
-0.40842069685459137
-0.3877510726451874
-0.5441765934228897
-0.34251808747649193
-0.2902595456689596
-0.16680106706917286
0.01704084873199463
-0.32608435302972794
-0.20809907466173172
-0.043178409337997437
-0.22070422023534775
0.07453405857086182
-0.1310425065457821
0.21139006689190865
-0.061562903225421906
-0.031879816204309464
-0.2333869356662035
-0.2142966277897358
-0.18596888706088066
-0.5831804573535919
-0.7135786041617393
-0.642649233341217
-0.5705392956733704
-0.6193419471383095
-0.46675219386816025
-0.3065154552459717
-0.3532758504152298
-0.1737605258822441
-0.19049983099102974
-0.07227734290063381
-0.25394729524850845
-0.15214182808995247
0.07395821437239647
-0.18136541917920113
-0.16455251350998878
-0.18359801173210144
-0.4287186972796917
-0.3920188248157501
-0.3125382736325264
-0.2711560055613518
-0.607563242316246
-0.5237777903676033
-0.5404122620820999
-0.3487907163798809
-0.2686168998479843
-0.20229527726769447
-0.4095166549086571
-0.2704201862215996
-0.5197535566985607
-0.18550116941332817
-0.24301183223724365
-0.47172072529792786
-0.35872167348861694
-0.5540620982646942
0.06899183336645365
-0.13422231562435627
0.05805220268666744
-0.23325025662779808
-0.36272613145411015
-0.3652219455689192
-0.48870692774653435
-0.6133906990289688
-0.3490906972438097
-0.5076007544994354
-0.5214342698454857
-0.313701331615448
-0.29251889511942863
-0.30924344062805176
-0.028381261974573135
-0.15083028748631477
-0.16560401394963264
-0.4281102120876312
-0.3409838043153286
-0.4640103355050087
-0.4419312812387943
-0.5513586476445198
-0.6837248355150223
-0.23770612478256226
-0.4060081597417593
-0.3956914246082306
0.16619400307536125
-0.20046673901379108
-0.11552277766168118
-0.4808955118060112
-0.3068484850227833
-0.43669871985912323
-0.6108507886528969
-0.270750992000103
-0.14097853377461433
-0.3724197447299957
-0.050084104761481285
-0.5979844778776169
-0.4439382180571556
-0.5067584291100502
-0.6574172824621201
-0.5157663226127625
-0.34544502571225166
-0.32628848031163216
-0.2466980144381523
-0.18503932282328606
-0.12372830510139465
-0.3724397346377373
-0.421487033367157
-0.4332456886768341
-0.3935396745800972
-0.39200568199157715
-0.46070804446935654
-0.5783135583624244
-0.2833452597260475
-0.4376424551010132
-0.17477208003401756
-0.17177728563547134
-0.4124232679605484
-0.19514384120702744
-0.16249703615903854
-0.5857801139354706
-0.36096370965242386
-0.5029184743762016
-0.6139009296894073
-0.3690607361495495
-0.23278623446822166
-0.20823203772306442
-0.21352179162204266
-0.1874758005142212
-0.2500036843121052
-0.3035990484058857
-0.48103655129671097
-0.5937349013984203
-0.4873390570282936
-0.4560267925262451
-0.5719241499900818
-0.39341793581843376
-0.20123831927776337
-0.05645662546157837
-0.25522285839542747
-0.16342941485345364
-0.166640548966825
-0.5558749437332153
-0.33694027364254
-0.5361968521028757
-0.4659314192831516
-0.06920713558793068
-0.30500777438282967
-0.32968588173389435
-0.46992019191384315
-0.35512475669384
-0.4156589061021805
-0.34700360894203186
-0.11738355085253716
-0.37699197605252266
-0.14946035109460354
-0.3216913677752018
-0.4268927425146103
-0.5446026623249054
-0.5178458020091057
-0.3492654673755169
-0.1790505275130272
-0.234034089371562
-0.25200487300753593
-0.2844482585787773
-0.3236155994236469
-0.3281242623925209
-0.5487926714122295
-0.45108282938599586
-0.5407418608665466
-0.5529124438762665
-0.24430714547634125
-0.36806677281856537
-0.025917790830135345
-0.1835995949804783
-0.39317307621240616
-0.1287616267800331
-0.4690786451101303
-0.2605160214006901
-0.5025051459670067
-0.4763818681240082
-0.3726705089211464
-0.18204890936613083
-0.2997319339774549
-0.37319545447826385
-0.36011163610965014
-0.21249484829604626
-0.3184942863881588
-0.2899654321372509
-0.19641215354204178
-0.1807541772723198
-0.6286168694496155
-0.32577067241072655
-0.5063516721129417
-0.49001985043287277
-0.366488978266716
-0.3498043455183506
-0.1720864325761795
-0.18798088282346725
-0.22402823716402054
-0.36079278588294983
-0.3781390115618706
-0.45580268651247025
-0.3645003214478493
-0.3364674374461174
-0.4681781679391861
-0.42861017398536205
-0.3540540039539337
-0.449555903673172
0.01226749923080206
-0.19986378774046898
-0.08316370099782944
-0.37853050976991653
-0.5916562229394913
-0.31064373254776
-0.35719621926546097
-0.30120202898979187
-0.47487248852849007
-0.10863214358687401
-0.29432261921465397
-0.00285213440656662
-0.35178567096590996
-0.2923189848661423
-0.23974878527224064
-0.387391097843647
-0.41620949283242226
-0.233327379450202
-0.5653145536780357
-0.23848648183047771
-0.2658765958622098
-0.22698858380317688
-0.24811751767992973
-0.46888162195682526
-0.25834160298109055
-0.2717360556125641
-0.3256052266806364
-0.4115357846021652
-0.27719617635011673
-0.4775748625397682
-0.3117997422814369
-0.10925308801233768
-0.3706337921321392
-0.41384169831871986
-0.16566767636686563
-0.38816445507109165
-0.2974487356841564
-0.34736017137765884
-0.451080784201622
-0.21363923326134682
-0.25668160431087017
-0.23185284435749054
-0.17777611687779427
-0.33541394770145416
-0.39228256046772003
-0.1218955172225833
-0.3861597329378128
-0.31447843089699745
-0.47526901215314865
-0.280114334076643
-0.13683687150478363
-0.06812332943081856
-0.3643534891307354
-0.2902265591546893
-0.4387575313448906
-0.3509571999311447
-0.5231785513460636
-0.3235350586473942
-0.3379652611911297
-0.4390145018696785
-0.12300006300210953
-0.3633131980895996
-0.09116295352578163
-0.3934760196134448
-0.35676922276616096
-0.2281681876629591
-0.2692337706685066
-0.47182150185108185
-0.20636456087231636
-0.10961123881861567
-0.25630462169647217
-0.3279004953801632
-0.2701846635900438
-0.5658995807170868
-0.35342829674482346
-0.36494413390755653
-0.37475601583719254
-0.17407049611210823
-0.3297494649887085
-0.4891381934285164
-0.2054305486381054
-0.4499882236123085
-0.220479603856802
-0.23603267222642899
-0.011304279789328575
-0.05209899041801691
-0.1343315877020359
-0.29253662284463644
-0.3281062990427017
-0.5589630827307701
-0.3439006023108959
-0.4332588501274586
-0.3144496772438288
-0.3551977202296257
-0.3637288846075535
-0.17906209453940392
0.01622025854885578
-0.02699335664510727
-0.026329271495342255
0.02989920973777771
-0.17623935639858246
-0.20291106589138508
-0.39564036577939987
-0.42883894592523575
-0.5384384244680405
-0.4686970189213753
-0.2857663482427597
-0.11440052092075348
0.014257819391787052
-0.14905298501253128
-0.10446177795529366
-0.03024866059422493
-0.2100306823849678
-0.2565036192536354
-0.24019404500722885
-0.3627967210486531
-0.34207289665937424
-0.35645126551389694
-0.15435982681810856
-0.42411912232637405
-0.1902346219867468
-0.07585014961659908
-0.15091969072818756
-0.26565321534872055
-0.2840581610798836
-0.46907758712768555
-0.3198591824620962
-0.37343984842300415
-0.00266961008310318
-0.03841244615614414
-0.14426086097955704
-0.16790172643959522
-0.37559832260012627
-0.16250962018966675
-0.18981957249343395
-0.16696309437975287
-0.09885589592158794
-0.247842937707901
-0.388643741607666
-0.2388010211288929
-0.1352850804105401
-0.21360557712614536
-0.17722300067543983
-0.1224938202649355
-0.23983606323599815
-0.07886938098818064
-0.2984381429851055
-0.4126035273075104
-0.3344296384602785
-0.3028406426310539
-0.257605392485857
-0.04132150299847126
-0.08671773690730333
-0.12103232555091381
-0.2308121770620346
-0.1662677675485611
-0.3904251456260681
-0.3232260011136532
-0.2049559336155653
-0.1410698965191841
-0.2093337755650282
-0.0731868427246809
-0.2317776782438159
-0.20660687796771526
-0.37695933133363724
-0.18765508197247982
-0.020234238356351852
-0.36631765216588974
-0.3108142018318176
-0.3180502988398075
-0.3615599423646927
0.016652578953653574
-0.027484707534313202
-0.19187996163964272
-0.15655718743801117
-0.20134362112730742
-0.4121098592877388
-0.3256324492394924
-0.4735659137368202
-0.04774292465299368
-0.24061602354049683
-0.07875026389956474
0.17694817576557398
-0.05470528546720743
-0.20003162696957588
-0.08053518738597631
-0.1519367452710867
-0.5833896175026894
-0.46740058809518814
-0.44023679196834564
-0.2768748849630356
-0.34813008084893227
-0.38636182248592377
-0.11223662691190839
0.005298782140016556
0.126737835817039
0.12347356509417295
0.005749720148742199
-0.012850853614509106
-0.3831302672624588
-0.2821185924112797
-0.35242630913853645
-0.1788752879947424
-0.13361863605678082
-0.1072385385632515
-0.08106902241706848
-0.18545352015644312
-0.04330907762050629
-0.25785483326762915
-0.24983771797269583
-0.4809734094887972
-0.4243628457188606
-0.20052854157984257
-0.1321108713746071
-0.042061420157551765
-0.03341204300522804
-0.039440694730728865
0.12187077850103378
-0.0999149912968278
-0.40840883553028107
-0.3593243807554245
-0.3198807090520859
-0.45803165435791016
-0.3244807906448841
-0.13343609496951103
0.0004467647522687912
0.08739286847412586
-0.1123343575745821
-0.13813994452357292
0.0788833973929286
-0.20148423314094543
-0.35906162206083536
-0.2515342542901635
-0.4203789532184601
-0.2801676094532013
-0.2948584333062172
-0.1565580852329731
-0.051115136593580246
-0.10504841059446335
-0.17622523941099644
-0.1208353964611888
-0.01421496644616127
-0.11754538957029581
-0.3237829376012087
-0.2836361601948738
-0.35125886648893356
-0.29118624702095985
0.1391218309290707
0.21963882446289062
0.2403054293245077
0.1081666499376297
0.1204538494348526
-0.16441278718411922
-0.189269557595253
-0.22464903630316257
-0.3542132880538702
-0.5903938934206963
-0.34553831070661545
-0.3273722231388092
-0.2009463757276535
-0.16671340353786945
-0.07427380187436938
0.05423903465270996
0.038665907457470894
0.10384905897080898
0.09877480752766132
-0.01979715097695589
0.03567395219579339
-0.21116209775209427
-0.38313065469264984
-0.4685344770550728
-0.41203171014785767
-0.4754337817430496
-0.28215812891721725
-0.15487913601100445
-0.18876611813902855
0.03499041637405753
-0.16953585296869278
-0.11137064080685377
-0.01722799427807331
-0.16475735791027546
-0.31932084634900093
-0.25272883102297783
-0.20029385387897491
-0.07875824719667435
0.013424576260149479
0.12889952212572098
0.07250362075865269
0.09619858674705029
-0.07506075780838728
-0.5030101574957371
-0.2614724561572075
-0.4217076972126961
-0.4569811522960663
-0.23821613378822803
-0.21699650585651398
0.057865019887685776
0.11738676577806473
0.21243951469659805
0.15595757216215134
0.04165346920490265
-0.029636379797011614
-0.23363814316689968
-0.22949273884296417
-0.43419256061315536
-0.3250834960490465
-0.23055132664740086
-0.049529267475008965
-0.0379381300881505
0.07036609947681427
0.13973351288586855
-0.04043164383620024
-0.25839666463434696
-0.05998254008591175
-0.20888502895832062
-0.2214692085981369
-0.22492165490984917
-0.2528952732682228
-0.24801190942525864
0.03832783829420805
0.15648616198450327
0.05550024937838316
0.07623805105686188
0.049695285968482494
0.050853376276791096
-0.17359129060059786
-0.2655659653246403
-0.2204386442899704
-0.31643057614564896
-0.22493022680282593
0.02300996147096157
-0.17982707312330604
-0.007065066136419773
0.1646234206855297
0.06026370543986559
-0.05957579147070646
-0.047841081861406565
-0.08486371673643589
-0.35472918674349785
-0.31955835223197937
-0.41388291865587234
-0.4176538959145546
-0.300755076110363
-0.24591436982154846
-0.059906190261244774
-0.04908374324440956
0.07469945773482323
-0.007773984223604202
0.10194681212306023
0.0192248597741127
-0.2429527286440134
-0.2456585317850113
-0.1964040007442236
-0.28276566229760647
-0.0640464941971004
-0.0369634460657835
-0.04318389343097806
-0.1460182701703161
0.015186802484095097
-0.05425618402659893
-0.02135227806866169
-0.12813522201031446
-0.21458835620433092
-0.09881108719855547
-0.0610152967274189
-0.1527583096176386
-0.14184843003749847
-0.0206283088773489
0.07023152615875006
-0.09612000454217196
0.15499247051775455
-0.08892492949962616
-0.19118814915418625
-0.14341538678854704
-0.13448625151067972
-0.1608576402068138
-0.03440691623836756
0.004184754565358162
-0.019529553595930338
-0.12206677719950676
-0.1757878139615059
-0.21858124062418938
-0.1931297406554222
-0.11408416740596294
-0.07873934973031282
-0.09713658690452576
-0.04290839424356818
-0.05491077806800604
-0.023050222545862198
-0.0795361902564764
-0.2800132753327489
-0.3201403170824051
-0.21703138947486877
-0.14192975871264935
-0.10722527094185352
-0.0446375934407115
0.003294349182397127
-0.050890023121610284
-0.16031020414084196
0.01860691059846431
-0.11521611409261823
-0.30662038177251816
-0.13756860233843327
-0.13046124577522278
-0.18753598257899284
-0.028966275742277503
0.004822183400392532
-0.05281876493245363
-0.08860700204968452
-0.024384703254327178
-0.14733790885657072
-0.13768252171576023
0.05277619883418083
-0.049934247275814414
-0.24725741893053055
-0.16568167693912983
-0.2364117307588458
0.024034077301621437
-0.019608317874372005
0.028543947264552116
-0.11341830156743526
-0.30088914185762405
-0.09266689419746399
-0.11414686497300863
-0.10261694574728608
-0.17657940089702606
-0.0753265218809247
-0.03620106726884842
-0.015037820674479008
-0.03640310186892748
-0.1312179109081626
-0.14401888102293015
-0.003526984713971615
-0.11837397143244743
-0.2116478681564331
-0.13508309703320265
-0.008793520741164684
-0.03511275630444288
-0.05039684660732746
-0.06657910905778408
-0.14116044156253338
-0.12625099811702967
-0.20205875765532255
-0.0876741511747241
0.03735250514000654
-0.05943992640823126
-0.006622034125030041
-0.03753364458680153
-0.16037871316075325
-0.28067671693861485
-0.3136322572827339
-0.21088843187317252
-0.14719697646796703
-0.07034138031303883
-0.001158752478659153
0.13835309259593487
0.09608775796368718
0.020357684697955847
0.015122944256290793
-0.26145508885383606
-0.17992975562810898
-0.2405555322766304
-0.18932381831109524
-0.25205422937870026
-0.005660131340846419
0.06122266221791506
-0.0864256345666945
0.04020407563075423
-0.002407674677670002
-0.1306323641911149
-0.10188641399145126
-0.1472269408404827
-0.05356800288427621
-0.10428859293460846
-0.06023619510233402
-0.15726893208920956
-0.07504497654736042
-0.03769918158650398
-0.07705668173730373
-0.19821696542203426
0.008792350068688393
0.0005723959766328335
0.014866471290588379
-0.20540276169776917
-0.12014384940266609
-0.1510722697712481
-0.11781545449048281
0.005695832893252373
0.040634927805513144
-0.04970166739076376
-0.009754645638167858
0.0022450105752795935
-0.26000217348337173
-0.16036721132695675
-0.4233959913253784
-0.33044537901878357
-0.07171151414513588
-0.15915944799780846
0.009380048606544733
0.05788378417491913
0.058660171926021576
0.03619059454649687
0.07549784518778324
-0.12554701743647456
-0.2728384919464588
-0.1517422255128622
-0.10449562035501003
-0.046994682401418686
-0.2033875472843647
-0.0033067057374864817
0.06500937044620514
0.08440596144646406
-0.037328394362702966
-0.07431003730744123
-0.18193495273590088
-0.22536593116819859
-0.1209025140851736
-0.1392544051632285
0.04925089329481125
0.06966140028089285
0.09245218336582184
0.034266816452145576
-0.040776470210403204
-0.10123577527701855
-0.12784993555396795
-0.1708872877061367
-0.1474029654636979
0.013670891523361206
0.11952238902449608
0.08629954606294632
0.037693772464990616
-0.047880726866424084
-0.1763355117291212
-0.15425200015306473
-0.2037750631570816
-0.187810767441988
-0.05770671088248491
-0.033504925668239594
-0.016305571887642145
0.04448833130300045
-0.05468596704304218
-0.12540588527917862
-0.2688587997108698
-0.1674261917360127
-0.15445692278444767
-0.1040828712284565
0.022121287882328033
0.033318629022687674
0.00611110171303153
-0.1586767304688692
-0.07986690243706107
-0.210314828902483
-0.1242469809949398
-0.05154253263026476
0.04331814590841532
0.0017972360365092754
-0.08336332766339183
-0.019119143020361662
-0.10045652184635401
-0.27796169370412827
-0.14974885433912277
-0.07397446036338806
-0.07493611704558134
-0.008190341759473085
0.004487007157877088
-0.08964592777192593
-0.028872369322925806
-0.04668222973123193
-0.15361649170517921
-0.15012360364198685
-0.2631321921944618
-0.07007509283721447
-0.048501848708838224
0.1009103562682867
0.08944110758602619
0.04838770627975464
0.04185716877691448
-0.12571448739618063
-0.1313311979174614
-0.10429496318101883
-0.0387666248716414
-0.10422499291598797
-0.105348264798522
0.020711345598101616
0.10586193948984146
0.005109727848321199
0.009216244798153639
-0.14577300380915403
-0.1271142065525055
-0.17654649168252945
-0.03566347016021609
-0.08889721520245075
-0.08458210900425911
-0.013324767351150513
0.0496992664411664
-0.007191252545453608
-0.018506412394344807
-0.17669791728258133
-0.14616057462990284
-0.14725569728761911
-0.12359342630952597
-0.0018108263611793518
0.007442719768732786
0.00930756120942533
-0.052159545943140984
-0.17922035418450832
-0.11791656166315079
-0.1323053017258644
-0.017827813513576984
0.02494316059164703
0.01753890886902809
-0.047041289042681456
-0.05873500229790807
-0.0878337100148201
-0.16501738503575325
-0.12838292866945267
-0.12385389674454927
-0.024787675589323044
0.04267047764733434
0.022062940057367086
0.0002470295876264572
-0.16884553991258144
-0.1484718006104231
-0.1804111711680889
-0.0355567866936326
-0.07065987423993647
-0.013015505857765675
0.006897850893437862
0.014774275943636894
-0.05858658626675606
-0.06255959160625935
-0.09876558324322104
-0.06604881025850773
0.043707547476515174
-0.051983149256557226
-0.07761014439165592
-0.11112912558019161
-0.07245100708678365
-0.019025490095373243
-0.011921454453840852
-0.06055714935064316
-0.1576123982667923
-0.10813162382692099
-0.07852766010910273
-0.008437810931354761
-0.035877518355846405
0.06826616451144218
0.012403074651956558
-0.05716019170358777
-0.12135527562350035
-0.10043559409677982
-0.03852638113312423
-0.025809445418417454
-0.14063070248812437
-0.08026364957913756
-0.11504070367664099
-0.031032759114168584
-0.10195818683132529
-0.10469547286629677
-0.006895300932228565
0.07362603954970837
-0.0825730413198471
0.031784902792423964
-0.03032156778499484
-0.08258111122995615
-0.22283866256475449
-0.12357801012694836
-0.051941593177616596
-0.0722116893157363
-0.02919350564479828
0.0020459711086004972
0.026367835234850645
-0.06280002556741238
-0.09291476709768176
-0.13392514549195766
-0.052069613710045815
8.255243301391602e-05
-0.1460724202916026
-0.03162218281067908
0.015066321473568678
-0.1906907707452774
-0.08803832158446312
-0.07790847402065992
0.04992667073383927
0.029860746348276734
-0.004421793855726719
-0.09593794774264097
-0.042683674953877926
-0.1399053204804659
-0.14575065672397614
-0.08240718580782413
0.025508675375021994
0.09517593495547771
0.02995661087334156
-0.08015193697065115
-0.039075665175914764
-0.13106840290129185
-0.17446794547140598
-0.06702625006437302
-0.06888366490602493
-0.09666995797306299
0.010266452096402645
0.011984064243733883
0.007364481454715133
-0.030158892273902893
-0.15468361228704453
-0.15275783464312553
-0.25100089609622955
-0.15760035905987024
-0.036615921184420586
-0.04238627478480339
0.01775263249874115
0.008004148490726948
-0.00522292940877378
-0.10032641049474478
-0.11294564045965672
-0.21970713511109352
-0.23894749581813812
-0.06531856022775173
-0.039725789334625006
-0.0435766838490963
-0.06956631503999233
-0.1039209570735693
-0.03206295473501086
-0.06101900339126587
-0.024009337415918708
-0.07720139808952808
-0.06881448812782764
-0.10853010788559914
-0.05235222587361932
-0.07888322090730071
-0.09480282198637724
-0.05806865042541176
-0.0653282506391406
-0.13500774465501308
-0.10078198090195656
-0.05606381455436349
-0.0818979935720563
-0.03424145933240652
0.015044939704239368
-0.1050576800480485
-0.1550551988184452
0.04695044981781393
-0.0034610601142048836
0.013609649846330285
-0.027182043064385653
-0.17630074173212051
-0.14943886920809746
-0.13474748563021421
-0.25306564569473267
-0.029636772349476814
0.025505163124762475
0.04422599985264242
0.05353675177320838
-0.061666758731007576
-0.1889998372644186
-0.15235089510679245
-0.12382320826873183
-0.13390402938239276
0.012745914282277226
0.04053264856338501
-0.0012981314212083817
0.03353658691048622
-0.09511586651206017
-0.12043439596891403
-0.1784684807062149
-0.167454794049263
-0.150381401181221
-0.05148492194712162
-0.039564251666888595
0.008058263687416911
0.016688973177224398
0.04814429301768541
-0.0325415451079607
-0.17218755930662155
-0.13655906915664673
-0.24019893258810043
-0.09860964864492416
-0.19997519627213478
-0.0812629028223455
0.05895179696381092
0.08404387347400188
0.1189473420381546
0.1313018617220223
0.021905159577727318
-0.09258487541228533
-0.057640030048787594
-0.22208384983241558
-0.2361237946897745
-0.2559333574026823
-0.115326470695436
-0.06835725530982018
0.02127002878114581
-0.012079151347279549
-0.04387192614376545
-0.03262091847136617
-0.17516066879034042
-0.06662459950894117
-0.1647707335650921
-0.18658683821558952
-0.07696398952975869
-0.016029363498091698
0.028253313153982162
-0.03742075362242758
-0.09331474266946316
-0.18863046914339066
-0.20219679921865463
-0.2617826275527477
-0.07598887756466866
-0.1647295020520687
0.022304290905594826
0.006921544671058655
0.028555627912282944
-0.038705796003341675
-0.04242154071107507
-0.10897664213553071
-0.15133128128945827
-0.03221486881375313
-0.2193049741908908
-0.25434735044837
-0.14548634085804224
-0.11333544971421361
0.021730443462729454
0.0048407153226435184
0.015404690988361835
0.0668446496129036
0.02689999807626009
-0.13564692810177803
-0.12521732226014137
-0.12097939290106297
-0.14407245721668005
-0.006778574548661709
-0.04236807255074382
0.0032942574471235275
-0.06899893842637539
-0.12163836322724819
-0.12423239089548588
-0.06932472344487906
-0.07153568044304848
-0.06751130241900682
0.06305798282846808
0.017274913610890508
0.025098864221945405
-0.07749160414095968
-0.03446027636528015
-0.1822345396503806
-0.14747773972339928
-0.07793698320165277
0.002050904557108879
-0.05648962245322764
-0.058400847716256976
-0.09856981318444014
-0.10547210928052664
-0.07730214297771454
-0.0926095824688673
-0.043977086432278156
-0.10395924630574882
-0.017653339309617877
-0.023210299666970968
-0.025222283322364092
-0.11334495060145855
-0.2099834755063057
-0.09573041554540396
-0.05498693697154522
-0.004844106733798981
-0.09252399206161499
-0.03621547814691439
-0.04322865349240601
-0.06150619965046644
-0.13332369760610163
-0.13619455322623253
-0.06303679756820202
0.0051523675210773945
0.007529694586992264
-0.03753672575112432
-0.0490767837036401
-0.12476550787687302
-0.2058167103677988
-0.11373310443013906
-0.14713239297270775
-0.12037107348442078
-0.11354266665875912
0.06127846799790859
0.15870557725429535
0.14065973181277514
0.08887610444799066
-0.004506381694227457
0.004617963917553425
-0.14125382457859814
-0.1603645058348775
-0.2619156576693058
-0.13947601336985826
-0.07437771745026112
-0.08724512602202594
0.07281187735497952
0.11780349723994732
0.05928235873579979
0.04518614034168422
-0.0678014000877738
-0.06423239596188068
-0.2658645808696747
-0.20698120817542076
-0.23488302528858185
-0.15505008026957512
-0.09878426627255976
-0.029392085154540837
-0.03632668778300285
0.042352164164185524
0.01751963421702385
-0.06330777518451214
-0.06004887539893389
-0.1628401130437851
-0.1559964418411255
-0.1337395552545786
-0.06786788068711758
0.02112247422337532
-0.09314280701801181
0.000596794649027288
-0.05566950049251318
-0.1398988626897335
-0.03082547604572028
-0.0791770750656724
-0.16128623858094215
-0.09591318073216826
0.011593413539230824
-0.003849857021123171
-0.052031375002115965
-0.07730127777904272
-0.10110832937061787
-0.06084715202450752
-0.14247309230268002
-0.09797176392748952
-0.03931832825765014
-0.06975596747361124
-0.002386791747994721
-0.020953920669853687
-0.08571616839617491
-0.1457495354115963
-0.08417921885848045
-0.060311892069876194
0.010690981056541204
-0.01971844711806625
-0.016420349944382906
-0.09294969774782658
-0.09804215980693698
-0.09462563088163733
-0.052457330748438835
-0.041129563469439745
-0.041651150677353144
-0.2202446460723877
-0.226325873285532
-0.2149794064462185
-0.1965405736118555
-0.09858761308714747
-0.046383258886635303
0.01895523862913251
0.07649738038890064
0.05959535064175725
0.059271435253322124
-0.06510972138494253
-0.09676952380686998
-0.1253983248025179
-0.25021185725927353
-0.14301010500639677
-0.0817912183701992
-0.009058517287485301
0.005334463901817799
-0.02958360966295004
-0.0736048873513937
-0.0812706951983273
-0.06698594940826297
-0.0060680852620862424
-0.023462775396183133
-0.08903244603425264
-0.046029231045395136
-0.07055643387138844
0.008382800500839949
-0.010304153664037585
-0.08678588271141052
-0.19528106227517128
-0.13666270300745964
-0.037767641711980104
0.02955810958519578
0.0016982541419565678
-0.06443892093375325
-0.12166842562146485
-0.04819737933576107
0.019571312936022878
0.02468771953135729
-0.013843236840330064
-0.11901408433914185
-0.227393738925457
-0.1574135199189186
-0.0984320854768157
-0.05630015302449465
-0.07794829178601503
0.06613279809243977
0.09279279969632626
0.07307755760848522
0.0022482406347990036
-0.001258609350770712
-0.16302171908318996
-0.20586997270584106
-0.25206930562853813
-0.11656826362013817
-0.1481239516288042
-0.038085946813225746
0.09446645341813564
0.020329251186922193
0.02673932653851807
-0.007833392941392958
-0.114014882594347
-0.08376740664243698
-0.09658220689743757
-0.2212160238996148
-0.026205178815871477
-0.02235661749728024
0.0038091326132416725
-0.07704597525298595
-0.05293003469705582
0.01626391801983118
-0.1540122414007783
-0.10126538248732686
-0.07859668228775263
0.004375665448606014
-0.06230860389769077
-0.01746480818837881
0.0024548275396227837
-0.12105228006839752
-0.03712222492322326
-0.12249480839818716
-0.1850236188620329
-0.12245571706444025
-0.023974384646862745
-0.03844003705307841
-0.0675893931183964
-0.1264119539409876
-0.06765850191004574
-0.11338848853483796
0.05431080888956785
0.07524297758936882
0.012969497824087739
-0.06966802664101124
-0.10755855776369572
-0.019948430825024843
-0.061363245360553265
-0.15462382975965738
-0.07546488335356116
-0.10552852787077427
-0.008610348217189312
0.043310462730005383
0.004945606458932161
-0.005544603336602449
-0.10701106116175652
-0.07988252118229866
-0.08437962271273136
-0.07582193985581398
-0.07991837430745363
0.0016890475526452065
0.07598802447319031
0.09192140866070986
-0.02429898618720472
-0.007855831179767847
-0.053443845361471176
-0.17711632326245308
-0.21858259662985802
-0.191746287047863
-0.1062654834240675
-0.04857064317911863
-0.057804821990430355
0.000658753328025341
-0.05251865554600954
-0.09381530713289976
-0.12459919368848205
-0.07730322936549783
-0.03595767170190811
-0.006938197184354067
-0.056236510863527656
-0.08507129549980164
-0.08121733879670501
0.05294351861812174
0.03712124773301184
0.07072754390537739
-0.022316530579701066
-0.02216346189379692
-0.21419644728302956
-0.18535086512565613
-0.2062729373574257
-0.22225618362426758
-0.16943493019789457
-0.008395367302000523
-0.10121152736246586
0.01246480131521821
0.0934016052633524
0.049484142335131764
-0.008807805366814137
-0.11002695094794035
-0.07406307570636272
-0.0762758927885443
-0.023656934034079313
-0.07604144746437669
-0.0082888079341501
-0.14328975416719913
-0.12474049907177687
0.0013259747065603733
-0.01496545597910881
-0.04104562243446708
-0.09037988167256117
-0.10468972474336624
-0.14830699935555458
-0.11502567864954472
-0.08625796670094132
0.06121593480929732
0.07870448846369982
0.10726935416460037
0.08658288791775703
-0.0047662160359323025
0.008010602090507746
-0.10129613662138581
-0.1703327503055334
-0.13114847615361214
-0.1356761548668146
-0.10184932127594948
-0.03851964836940169
0.03672297392040491
0.02362896827980876
-0.025970145943574607
-0.05203170282766223
-0.07465204782783985
-0.12694209814071655
-0.05352393223438412
-0.035284927347674966
-0.03600876149721444
-0.006110513117164373
-0.01661810022778809
-0.038024359382689
-0.10386654455214739
-0.1305554397404194
-0.12865642458200455
-0.07245314307510853
-0.01659748749807477
-0.007695881184190512
-0.022645824123173952
-0.06461751740425825
-0.14249787107110023
-0.08710469724610448
-0.06353906163712963
0.0491898690816015
0.00782590452581644
-0.009802503453101963
-0.06116461521014571
-0.046719939447939396
-0.07135850843042135
-0.03562095249071717
-0.05395965650677681
-0.07040798757225275
-0.036464974749833345
-0.03647898510098457
-0.056655829306691885
-0.05192506383173168
-0.030221862252801657
-0.06528955511748791
-0.07415469689294696
-0.08260248904116452
-0.021573063917458057
-0.04223480564542115
-0.008595738094300032
-0.016883510630577803
-0.07607511151582003
-0.0929521219804883
-0.04877453949302435
-0.03829685319215059
-0.07965767569839954
-0.05381069309078157
-0.038120836950838566
0.03138305293396115
-0.02436157688498497
-0.04804567480459809
-0.0884550791233778
-0.08685184735804796
-0.015788637101650238
-0.04938465706072748
-0.05225840490311384
-0.006275797262787819
-0.06780945882201195
-0.06468378100544214
-0.06843866501003504
0.04154111503157765
0.01353083923459053
0.05851922812871635
-0.0017826366238296032
-0.06710211420431733
-0.13045389764010906
-0.15610208548605442
-0.08576031401753426
-0.044132191222161055
0.05411905003711581
0.02832021238282323
-0.04038328991737217
-0.03326897579245269
-0.11323117837309837
-0.14715957641601562
-0.09916176646947861
-0.008062632055953145
0.03321000235155225
-0.055705823469907045
-0.002536592655815184
-0.07650855602696538
-0.05355353374034166
-0.05875951889902353
-0.08039665361866355
0.009663304896093905
0.028176206164062023
0.008708094712346792
-0.11417900398373604
-0.013852121774107218
-0.017123406287282705
-0.10251360945403576
-0.20043392106890678
-0.17300814390182495
-0.14817595668137074
-0.06140112038701773
-0.016748538240790367
0.0418144054710865
0.07054012641310692
0.05839701974764466
0.004511276260018349
-0.07269864436239004
-0.10445304028689861
-0.10205238219350576
-0.02837948501110077
-0.0708765434101224
-0.030478591797873378
-0.025518666952848434
-0.04777051601558924
-0.06573525862768292
-0.042086039669811726
-0.036139950272627175
-0.09758852608501911
0.01228768314467743
0.025674224831163883
-0.0074994564056396484
-0.04978831694461405
-0.04694280866533518
-0.08385990280658007
-0.11942438036203384
0.002273404970765114
-0.008510613581165671
-0.03623792948201299
-0.06803480442613363
-0.08391488483175635
-0.12393267638981342
-0.07675291830673814
-0.03687094338238239
-0.019941409351304173
-0.06774335354566574
-0.026696510147303343
-0.047616470605134964
-0.005280207842588425
-0.09765472169965506
-0.055009348783642054
-0.09094617050141096
-0.037976108491420746
-0.006954157666768879
-0.002539939247071743
-0.10409165546298027
-0.07504894398152828
-0.042242716532200575
-0.01443156972527504
-0.05769028514623642
-0.10315698757767677
-0.07693790271878242
-0.03031820966862142
-0.023224089294672012
-0.04989322554320097
-0.0722742099314928
-0.08246401557698846
0.0060486868023872375
0.0065441441256552935
-0.01886183791793883
-0.03262596484273672
-0.09693282563239336
-0.09074022434651852
-0.12233756296336651
-0.021730776876211166
0.006175573915243149
0.01578701939433813
-0.05878806114196777
-0.10433696024119854
-0.07499132957309484
-0.06207927444484085
0.026998681481927633
0.06385609228163958
0.04418880504090339
0.018859313102439046
-0.052434020675718784
-0.037443848326802254
-0.08464210480451584
-0.06023219134658575
-0.030377017334103584
-0.03435410792008042
-0.06537158135324717
-0.051740821450948715
-0.09839005023241043
-0.0656346136238426
-0.04045946756377816
-0.04754073568619788
-0.025286647607572377
-0.012686578091233969
-0.09065403882414103
-0.07000331953167915
-0.08951999200507998
-0.01603332394734025
-0.041991868522018194
-0.025814441964030266
-0.02267282805405557
-0.11711923964321613
-0.20715837180614471
-0.10561821982264519
-0.09955422673374414
-0.06381322257220745
0.03000833233818412
0.052991526667028666
0.07135308254510164
0.030401150230318308
-0.03545831888914108
-0.062160670990124345
-0.06555218528956175
-0.08793342020362616
-0.04513479536399245
-0.016170739429071546
0.007915073074400425
-0.011862309649586678
-0.0664457455277443
-0.13099264539778233
-0.10441095195710659
-0.0788993677124381
-0.014988980256021023
-0.002589909126982093
-0.0029079070081934333
-0.03898407286033034
-0.09289143420755863
-0.13878991454839706
-0.1008981391787529
-0.03623730922117829
0.027590931043960154
-0.015718305483460426
-0.02015434205532074
-0.051109435968101025
-0.09989948384463787
-0.09993253462016582
-0.12089625187218189
0.014011290855705738
0.042318412102758884
0.039046083111315966
-0.022696019150316715
-0.06428941327612847
-0.07544714491814375
-0.06371565815061331
-0.046053018886595964
-0.008552283514291048
-0.03600093978457153
-0.05361094232648611
-0.04554148577153683
-0.0725892074406147
-0.09039627574384212
-0.0328883295878768
-0.011692932108417153
-0.023583361646160483
-0.02681122999638319
-0.09850187413394451
-0.10519431345164776
-0.13456965051591396
-0.07922093104571104
-9.888643398880959e-05
0.03539396217092872
0.005628333427011967
-0.015530929784290493
-0.057483743876218796
-0.05540724052116275
-0.12449431885033846
-0.07602990232408047
-0.10142032755538821
-0.03973774565383792
0.005513623706065118
0.05903044994920492
0.033744921907782555
-0.011273693991824985
-0.0643840990960598
-0.12716200575232506
-0.07784081250429153
-0.061035561840981245
-0.025707090739160776
-0.058773765340447426
-0.052632350474596024
-0.04019447462633252
-0.08378347661346197
-0.0648262700997293
0.0011137928813695908
-0.011730873608030379
-0.06334950076416135
-0.06049036979675293
-0.060282462276518345
-0.02564085810445249
-0.09783896803855896
-0.0883146496489644
-0.04032480018213391
-0.05452108383178711
-0.03473654645495117
-0.05751585471443832
-0.03763489332050085
-0.08780333492904902
-0.09906121948733926
-0.017542857443913817
-0.0023105707950890064
-0.013449287915136665
-0.08093966450542212
-0.05277181090787053
-0.047042707446962595
-0.052773135947063565
-0.06853790348395705
-0.005815370357595384
-0.07172730681486428
-0.06737626576796174
-0.02738764276728034
-0.042426942847669125
-0.07024445524439216
-0.049522832967340946
-0.0364916583057493
-0.032571862917393446
-0.05020908685401082
-0.10443104058504105
-0.1466515250504017
-0.11688066087663174
-0.039322963450104
-0.02246819669380784
-0.0564750786870718
-0.037350649829022586
-0.017071627778932452
-0.09513728506863117
-0.051273392513394356
-0.09975459799170494
-0.054470027796924114
0.008176444098353386
-0.0058856584364548326
-0.02622365765273571
-0.14137960970401764
-0.10816571861505508
-0.0739949680864811
-0.02911388222128153
-0.023635196965187788
-0.09028968727216125
-0.01143208984285593
-0.058182655833661556
-0.0174493039958179
-0.06366229057312012
-0.06311140861362219
-0.06094956770539284
-0.021428408683277667
0.008058956824243069
-0.09117629006505013
-0.05265102256089449
-0.03565253387205303
-0.05021764850243926
-0.08588725700974464
-0.11546776629984379
-0.0757333030924201
0.010639249114319682
0.02241151104681194
0.030782764311879873
-0.044270944548770785
-0.05034226714633405
-0.0909210667014122
-0.12108742818236351
-0.10310770198702812
-0.03958304552361369
-0.033089484088122845
-0.039336312329396605
-0.03024023724719882
-0.06772758718580008
-0.12158608250319958
-0.09803175367414951
-0.08272308018058538
-0.01906178891658783
-0.030022025108337402
-0.016245716949924827
-0.07448806427419186
-0.05508114863187075
-0.031208952888846397
-0.03363480791449547
-0.08857679460197687
-0.07790051028132439
-0.05175287928432226
0.0006208769627846777
-0.007581599755212665
-0.045268233865499496
-0.07766132149845362
-0.07590906415134668
-0.05823812703602016
-0.003157535567879677
-0.003136039595119655
-0.04410873493179679
-0.09792498499155045
-0.06764461100101471
-0.06793326092883945
-0.02392727741971612
-0.022764172637835145
-0.04875829583033919
-0.1026841551065445
-0.09201002679765224
-0.05157842370681465
-0.006967552937567234
-0.004192542750388384
-0.02447880059480667
-0.0635803546756506
-0.08971930667757988
-0.06369888270273805
-0.05491679301485419
-0.03826607670634985
-0.004456276656128466
-0.022724138398189098
-0.04940966982394457
-0.07644307985901833
-0.08547413162887096
-0.0872041042894125
-0.0483720232732594
0.006333746016025543
-0.018422151741106063
-0.008388107875362039
-0.09187968401238322
-0.13226954080164433
-0.07241382077336311
-0.04557384504005313
-0.07472651731222868
-0.018355591455474496
-0.021071234717965126
0.0016533762100152671
-0.022195735247805715
-0.08740712702274323
-0.11701779440045357
-0.09796234127134085
-0.0544472336769104
-0.03030763636343181
-0.0172318781260401
-0.050022819079458714
-0.059199489653110504
-0.07635214366018772
-0.10279637156054378
-0.031847892329096794
-0.030042605474591255
-0.07860199920833111
-0.0648181177675724
-0.011333205970004201
-0.010862685972824693
-0.02878189762122929
-0.06107103545218706
-0.05804548878222704
-0.07011256366968155
-0.058227789122611284
-0.010499057127162814
-0.029915531165897846
-0.062292794696986675
-0.04281728062778711
-0.09607916884124279
-0.07164299953728914
-0.08739197719842196
-0.0646837092936039
-0.023282776586711407
0.03139869589358568
0.04560704343020916
-0.009302302496507764
-0.04697854432743043
-0.039954022504389286
-0.09763721190392971
-0.13366675563156605
-0.12314984574913979
-0.10926149226725101
-0.04722200985997915
0.022696708794683218
0.032706841826438904
0.04108071839436889
0.023313005920499563
-0.028754614992067218
-0.08337925374507904
-0.1391777116805315
-0.12578000500798225
-0.09262179769575596
-0.06932057719677687
-0.04005751712247729
0.03217991814017296
0.04835672955960035
0.02827536314725876
-0.060301593504846096
-0.06069906824268401
-0.0546104134991765
-0.0688290223479271
-0.038842061534523964
-0.044455472845584154
-0.002335177268832922
-0.08832998666912317
-0.025303474627435207
-0.03804544871672988
-0.06008944194763899
-0.0573926423676312
-0.08397071901708841
-0.043256073258817196
-0.013484154595062137
-0.02770602283999324
-0.05049650277942419
-0.052841630997136235
-0.08476663939654827
-0.02809295291081071
-0.046238639391958714
-0.04615818290039897
-0.03923174785450101
-0.06337851006537676
-0.05331239942461252
-0.07930710259824991
-0.028212301433086395
-0.0004510669969022274
-0.00922123558120802
-0.015639281133189797
-0.0670910831540823
-0.06875438708811998
-0.07904421258717775
-0.024884405313059688
-0.019787870813161135
-0.05621766718104482
-0.04678454250097275
-0.04366782773286104
-0.041459111496806145
-0.057779932860285044
-0.0071876998990774155
-0.05461680889129639
-0.06887685786932707
-0.052136866841465235
-0.026947834063321352
-0.06770784128457308
-0.013051000190898776
-0.021268049953505397
-0.05727839656174183
-0.06994243059307337
-0.04458198742941022
-0.028531198855489492
-0.044970348943024874
-0.045669196639209986
-0.044448775704950094
-0.055602630600333214
-0.04416536772623658
-0.04926752299070358
-0.039975348860025406
-0.0606371033936739
-0.01710468891542405
0.004857989959418774
0.0018245888641104102
-0.05158960446715355
-0.0684900339692831
-0.0552305793389678
-0.03209078265354037
-0.0198990476783365
-0.011715967673808336
-0.04989816714078188
-0.06076144706457853
-0.05085366778075695
-0.032425272394903004
-0.023416814859956503
-0.018266370054334402
-0.07477038260549307
-0.06493555940687656
-0.059729620814323425
-0.02568992172018625
-0.03770538931712508
-0.02817456587217748
-0.07219944149255753
-0.05835013464093208
-0.05713127925992012
-0.025570775382220745
-0.010997780249454081
-0.04257882433012128
-0.0503076845780015
-0.04563997406512499
-0.041066260542720556
-0.037309602834284306
-0.05904739163815975
-0.029649889329448342
-0.039286733604967594
-0.05807971674948931
-0.046130602597258985
-0.02627489296719432
-0.014828406972810626
-0.044987787026911974
-0.06594401225447655
-0.0517989220097661
-0.03903539851307869
-0.03515728912316263
-0.03621561639010906
-0.028311689849942923
-0.053275300189852715
-0.05760870431549847
-0.07479202747344971
-0.05596705200150609
0.005749072413891554
-0.0031443857587873936
0.005367922130972147
-0.021312325494363904
-0.06803317740559578
-0.0422797417268157
-0.06926977820694447
-0.04924087459221482
-0.027875155908986926
-0.006903054832946509
-0.06150542479008436
-0.05218124110251665
-0.002240109024569392
-0.06665751431137323
-0.06480276677757502
-0.049611933529376984
-0.009157281368970871
-0.01679075788706541
-0.022331544663757086
-0.06326400581747293
-0.08292343653738499
-0.06713286135345697
-0.042116355150938034
-0.02734904154203832
-0.025488567305728793
-0.03366132453083992
-0.05910399369895458
-0.06990271154791117
-0.04776041815057397
-0.04629749897867441
0.04416859382763505
0.041694371961057186
0.05294314119964838
-0.00765421986579895
-0.026292419992387295
-0.10010096989572048
-0.11470281891524792
-0.09851313754916191
-0.11108573898673058
-0.07872844859957695
-0.024092187639325857
-0.010716912103816867
0.007831848575733602
-0.01833759853616357
-0.04574510455131531
-0.0624677874147892
-0.04665261972695589
-0.05799646023660898
-0.03693626751191914
-0.03715276607545093
-0.028591462643817067
-0.04360549710690975
-0.03838479891419411
-0.06995272543281317
-0.05322456732392311
-0.004166827129665762
-0.027782354969531298
-0.02779967850074172
-0.050601229071617126
-0.05248852074146271
-0.04705723840743303
-0.04469965072348714
-0.035637917928397655
-0.0031333058141171932
-0.003473409917205572
-0.05998653266578913
-0.049147699028253555
-0.03243383299559355
-0.04579455778002739
-0.013610948226414621
-0.01631568791344762
-0.05971056129783392
-0.07259599305689335
-0.032181167509406805
-0.05058773746713996
-0.02280208352021873
-0.029779470525681973
-0.04839068651199341
-0.04946488793939352
-0.03667773911729455
-0.03445697808638215
-0.020465320791117847
-0.04641344165429473
-0.07033338211476803
-0.04902674211189151
-0.036288206931203604
-0.042351501528173685
-0.06394912023097277
-0.015112660359591246
-0.032528080279007554
-0.023315392318181694
-0.0610035783611238
-0.05925993528217077
-0.03212215390522033
-0.03050639946013689
-0.048887357115745544
-0.04936981946229935
-0.060956322122365236
-0.009247377282008529
0.00446407581330277
-0.026431971695274115
-0.03596515301615
-0.08365900442004204
-0.06415210105478764
-0.1047089509665966
-0.028733209939673543
-0.04484248370863497
-0.043978816363960505
-0.10561884101480246
-0.05841382499784231
-0.0471881702542305
-0.016067533404566348
0.0038841578643769026
-0.031426367815583944
-0.05322791507933289
-0.06925476156175137
-0.05856016301549971
-0.03234197210986167
-0.018210859620012343
-0.04308872180990875
-0.05195862054824829
-0.06328531075268984
-0.06806221883744001
-0.0006385630695149302
0.0052027516067028046
-0.017477538116509095
-0.04551852378062904
-0.04368612449616194
-0.028274036245420575
-0.051101877354085445
-0.07959879841655493
-0.05578826949931681
-0.03250420372933149
-0.06305894535034895
-0.03935988526791334
-0.05607624351978302
-0.04375678859651089
-0.08454153593629599
-0.05357817839831114
-0.03273299476131797
-0.0798923708498478
-0.01730970456264913
-0.03251448110677302
-0.02515926060732454
-0.03653868334367871
-0.04004749655723572
-0.046673746313899755
-0.04751087259501219
-0.06623265519738197
-0.04660126753151417
-0.0449077058583498
-0.03907785005867481
-0.06983029376715422
-0.08832138031721115
-0.025842389557510614
0.024790269322693348
-0.02113506570458412
-0.05316358804702759
-0.055633620359003544
-0.000549417338334024
-0.008979149861261249
-0.028379319235682487
-0.0677491333335638
-0.08150435984134674
-0.07895070128142834
-0.06700295861810446
-0.026082784170284867
-0.008712621871381998
-0.03173564514145255
-0.02722214348614216
-0.061489829793572426
-0.07045687176287174
-0.06183261703699827
-0.04936530883423984
-0.009290470276027918
0.018409314565360546
0.009452766738831997
0.0023632876109331846
-0.022748728923033923
-0.06610865611582994
-0.0911055002361536
-0.052499824203550816
-0.08455055579543114
-0.021200086746830493
-0.007712089398410171
-0.032862058957107365
-0.028772348538041115
-0.06290009245276451
-0.06381510104984045
-0.0718338955193758
-0.07635010033845901
0.01767211128026247
0.02420089696533978
0.004442152217961848
0.008224178804084659
-0.061839520931243896
-0.044531780295073986
-0.06348256021738052
-0.04648606653790921
0.005459189531393349
0.016954557970166206
-0.016033378429710865
-0.0369436857290566
-0.05794535484164953
-0.05728262383490801
-0.053233517333865166
-0.08266730606555939
-0.0037281877594068646
0.007537976489402354
0.018480091937817633
-0.02249028068035841
-0.05525883659720421
-0.06963189039379358
-0.04519252246245742
-0.02178468299098313
-0.003451448166742921
-0.03614627756178379
-0.05844407621771097
-0.07651695609092712
-0.03470207052305341
-0.0640580472536385
-0.034793900558725
-0.05808702949434519
0.0013651371118612587
0.024517537327483296
-0.003963962895795703
-0.009263724787160754
-0.06564556248486042
-0.11921014077961445
-0.07644121441990137
-0.07392189092934132
-0.02765142172574997
-0.050823502242565155
-0.025236378656700253
0.0047879868652671576
-0.017544752219691873
-0.04168171714991331
-0.07284516608342528
-0.07588044926524162
-0.02755095949396491
-0.026992213912308216
-0.01861913548782468
-0.06911434698849916
-0.05760102439671755
-0.031437321566045284
-0.07764280959963799
-0.01548986742272973
-0.01869872841052711
-0.027367301052436233
-0.05453545041382313
-0.10777394101023674
-0.03505167691037059
-0.052862952928990126
-0.006132792681455612
-0.009861360769718885
-0.05065624136477709
-0.03589061554521322
-0.05394354369491339
-0.017444470431655645
-0.03981838654726744
-0.057955232448875904
-0.049992071464657784
-0.04167292919009924
-0.02798800158780068
-0.04220490762963891
-0.04237182310316712
0.008435796247795224
0.022448621224611998
-0.0013503353111445904
-0.050718880258500576
-0.05649743787944317
-0.06209929008036852
-0.00027418951503932476
-0.0011887719156220555
-0.015527031850069761
-0.04668014636263251
-0.0782769937068224
-0.06108807306736708
-0.055038176011294127
0.006989360088482499
0.01391016086563468
0.039741997607052326
-0.006903188186697662
-0.059837755747139454
-0.08932545408606529
-0.023635700345039368
-0.03843726683408022
-0.07174868881702423
-0.02548686438240111
-0.052110147662460804
0.0023929302114993334
0.010106588946655393
-0.017445028759539127
-0.041021489072591066
-0.08924393448978662
-0.12541797384619713
-0.07370149809867144
-0.06704447790980339
-0.03738694963976741
0.0060010128654539585
0.015597289428114891
0.011288613895885646
-0.01617000252008438
-0.052012994419783354
-0.0402567507699132
-0.05170941771939397
-0.03368113050237298
-0.01340025628451258
-0.023678486817516387
-0.03065547812730074
-0.06734307203441858
-0.054128510877490044
-0.046298565808683634
-0.0019058985635638237
-0.0045634182170033455
1.5920260921120644e-05
-0.03663019696250558
-0.07383173331618309
-0.06617405824363232
-0.0554154459387064
-0.05124051449820399
-0.0008285653311759233
0.03975026193074882
0.017099350807256997
0.0013954689493402839
-0.045580698642879725
-0.048954795114696026
-0.06229151785373688
-0.027635701932013035
-0.033627035561949015
-0.03726421436294913
-0.04565799329429865
-0.05011110380291939
-0.0335329994559288
-0.033607070334255695
-0.017021138221025467
-0.023866339004598558
-0.055390515364706516
-0.07233500853180885
-0.04918232746422291
-0.054111569188535213
0.013366720173507929
0.034293715842068195
0.04164912737905979
0.02460845443420112
-0.012058287335094064
-0.09124221932142973
-0.09256068989634514
-0.0804599430412054
-0.08270338363945484
-0.03658694098703563
-0.03374779038131237
0.004147070925682783
-0.029017987078987062
-0.05026807077229023
-0.015284217428416014
-0.02776416577398777
-0.08300000429153442
-0.06810127384960651
-0.04212158638983965
-0.017629511188715696
-0.0242904806509614
-0.034319015219807625
-0.05093062948435545
-0.04017855925485492
-0.05303873959928751
-0.04041966830845922
-0.007209978008177131
0.002304270165041089
-0.006082525011152029
-0.006813200889155269
-0.05764449993148446
-0.07454944681376219
-0.0639951229095459
-0.03700588457286358
-0.018675366882234812
-0.03159676119685173
-0.04172615287825465
-0.05028407368808985
-0.032539819716475904
-0.01328639721032232
-0.019576840568333864
-0.06258946098387241
-0.029519097879529
-0.05018948204815388
-0.057984950952231884
-0.037199560552835464
-0.019190973369404674
-0.008931381569709629
-0.034782369853928685
-0.05892673693597317
-0.062051367945969105
-0.045764283277094364
-0.016127440379932523
-0.037117465399205685
-0.029655927792191505
-0.04206710960716009
-0.05289795342832804
-0.040876891696825624
-0.03509104810655117
-0.01630508922971785
-0.0457090912386775
-0.04031890071928501
-0.031229416839778423
-0.07326508592814207
-0.046660276129841805
-0.009562315419316292
-0.015730385901406407
-0.03276890004053712
-0.05201609432697296
-0.03518075356259942
-0.041638695169240236
-0.02168922731652856
-0.07007181644439697
-0.06314669921994209
-0.04833818878978491
0.0051087557803839445
-0.0017776115564629436
0.01291366177611053
-0.013538330211304128
-0.05241041537374258
-0.10841960087418556
-0.06857642251998186
-0.03182400157675147
-0.004278776119463146
-0.024472983088344336
-0.03647823538631201
-0.03988001309335232
-0.0487809544429183
-0.0642080744728446
-0.05374505743384361
-0.02558884653262794
-0.005951244151219726
-0.015543356072157621
-0.041334516485221684
-0.026261528488248587
-0.062317270785570145
-0.05160687770694494
-0.05133436806499958
-0.011055110720917583
0.004140473087318242
-0.005210428033024073
-0.04651694092899561
-0.06765408720821142
-0.06162654887884855
-0.050450694747269154
-0.01244747918099165
0.024236735654994845
-0.006100459024310112
-0.0028555175522342324
-0.041487510316073895
-0.06903026159852743
-0.1100094448775053
-0.05263172555714846
-0.03993039485067129
0.01838772208429873
0.017848241608589888
0.05299872875912115
0.009624737489502877
-0.03435677755624056
-0.08665545284748077
-0.06542813219130039
-0.09234407171607018
-0.07404068857431412
-0.04368708934634924
-0.008490761450957507
0.014003316638991237
0.0033589788945391774
-0.002626266097649932
-0.07667790073901415
-0.07078796811401844
-0.06599599262699485
-0.036962221609428525
0.0037486772052943707
0.015566351969027892
0.0005515838274732232
-0.012523759622126818
-0.08492590766400099
-0.09049559943377972
-0.07266940549015999
-0.04184635076671839
0.0021049445495009422
0.007041709963232279
0.0072172756772488356
-0.02155510149896145
-0.06885534059256315
-0.07772692199796438
-0.07798715680837631
-0.04124987358227372
-0.019821510766632855
0.007997572887688875
-0.004848929354920983
-0.020804179832339287
-0.07142327167093754
-0.10959207639098167
-0.07552033849060535
-0.06561818905174732
-0.03219393687322736
-0.024300557794049382
0.005556679854635149
-0.013912331545725465
-0.07528800796717405
-0.05707036494277418
-0.06324745062738657
-0.048887713346630335
0.0042092157527804375
0.022746882401406765
0.010330314747989178
-0.024233502335846424
-0.06647782353684306
-0.0705198710784316
-0.056181017542257905
-0.033321723341941833
-0.04661739291623235
-0.01959577074740082
-0.036943120416253805
-0.027941356180235744
-0.08500885777175426
-0.039610438980162144
-0.072621607221663
-0.048713587457314134
0.004097487311810255
0.01304948702454567
0.020307810162194073
0.012291016755625606
-0.03243454184848815
-0.058633461594581604
-0.08767490461468697
-0.08641291782259941
-0.09110420197248459
-0.04415442980825901
-0.0004823205526918173
0.008058685925789177
0.016517631709575653
0.00944804330356419
-0.026736100669950247
-0.1099296398460865
-0.10043870285153389
-0.06862689182162285
-0.05145809054374695
-0.03444276098161936
-0.007651136955246329
-0.0038003730005584657
-0.041591344866901636
-0.04077571863308549
-0.06640188838355243
-0.042688516434282064
-0.07658934686332941
-0.002443852135911584
-0.010621686466038227
0.0018567099468782544
-0.04005810618400574
-0.06931513361632824
-0.09705578908324242
-0.07770717702805996
-0.04298100806772709
-0.03853100538253784
0.020320827374234796
0.011291472241282463
0.00820869579911232
-0.08005022071301937
-0.08254183456301689
-0.07483143033459783
-0.06612871121615171
-0.007688179146498442
-0.007686621509492397
0.0009264560649171472
-0.015862411353737116
-0.048225019592791796
-0.09549259208142757
-0.06609113793820143
-0.049014851450920105
-0.00815766688901931
-0.03638700756710023
-0.005096642882563174
-0.006958105077501386
-0.035810541827231646
-0.03741176147013903
-0.0840798057615757
-0.0896639097481966
-0.05368067044764757
-0.011342325946316123
-0.032922574784606695
-0.014491053530946374
-0.02145798847777769
-0.04244981857482344
-0.0689007444307208
-0.05041444208472967
-0.02801361633464694
-0.03206704696640372
-0.042161081451922655
-0.04240710800513625
-0.05848375800997019
-0.032918533543124795
-0.03320579091086984
-0.09584995172917843
-0.08155668072868139
-0.011564739746972919
-0.06077248975634575
-0.03639631415717304
0.016251045744866133
0.04089010879397392
0.02634228253737092
-0.019443094381131232
-0.04538246337324381
-0.055156535003334284
-0.0659688301384449
-0.04454390238970518
-0.039183031185530126
-0.031077739782631397
-0.04889289941638708
-0.014491336420178413
-0.049739520996809006
-0.062046321108937263
-0.05264967121183872
0.012346752744633704
-0.00878596305847168
-0.015607190725859255
-0.01092580845579505
-0.07068890240043402
-0.0932964188978076
-0.04634041851386428
-0.08700600638985634
-0.015655291615985334
-0.009173933358397335
-0.009826363762840629
-0.05136246886104345
-0.05066788848489523
-0.026755162980407476
-0.0332363941706717
-0.054527186788618565
-0.0004094091127626598
0.004483391996473074
-0.023381393402814865
-0.050207581371068954
-0.04776442889124155
-0.03652151394635439
-0.05485947756096721
-0.02273740089731291
0.011880343314260244
-0.01579636661335826
-0.025475972332060337
-0.06659817602485418
-0.04581053787842393
-0.062360834795981646
-0.0054950633784756064
0.011889704037457705
-0.007342608238104731
-0.023224078817293048
-0.048975929617881775
-0.07330675236880779
-0.06194489076733589
-0.031160047743469477
-0.03473762795329094
-0.046060542576014996
-0.007837831624783576
0.007373608881607652
0.003553085378371179
-0.03723152820020914
-0.0373002989217639
-0.040658388286828995
-0.018877418362535536
-0.03333895141258836
-0.02192310430109501
-0.02949985023587942
-0.08667312376201153
-0.04068348743021488
-0.035804552026093006
-0.0222284197807312
-0.02077177056344226
-0.028072312474250793
-0.05392929958179593
-0.0708385482430458
-0.04379843920469284
-0.036005029920488596
-0.021238042158074677
0.019164792262017727
-0.01072243507951498
-0.0239592568250373
-0.04821856855414808
-0.056469406466931105
-0.05597068974748254
-0.017560796812176704
-0.007034012116491795
-0.0499254260212183
-0.04984544403851032
-0.03687471244484186
0.002093542949296534
-0.02648736583068967
-0.012370506301522255
-0.03923305869102478
-0.04783825948834419
-0.05176227819174528
-0.018445481080561876
-0.01782412570901215
-0.03130954736843705
-0.046075571328401566
-0.014027931320015341
-0.041493467055261135
-0.030470767058432102
-0.008047622628509998
-0.03060653991997242
-0.03920087870210409
-0.044553693383932114
-0.06508372258394957
-0.015285855857655406
-0.0232932569924742
-0.030729610472917557
-0.022762547014281154
-0.046929871663451195
-0.025685907108709216
-0.03302490618079901
-0.015068779466673732
-0.027360536623746157
-0.038158646784722805
-0.039125582203269005
-0.031014152336865664
-0.027163907885551453
-0.029221026692539454
-0.06293903011828661
-0.029538453789427876
-0.04081168933771551
-0.020975530380383134
0.005037199123762548
-0.022611603955738246
-0.011800768319517374
-0.04018573276698589
-0.04074324667453766
-0.043692104518413544
-0.030815918929874897
-0.005817506229504943
0.009001710917800665
-0.03382095228880644
-0.0647142343223095
-0.06016863789409399
-0.08596986532211304
-0.08982819691300392
-0.010244775097817183
-0.007301210192963481
0.005928731523454189
0.018385440576821566
-0.019724451005458832
-0.016581539064645767
-0.05010106414556503
-0.07890248857438564
-0.06339390901848674
-0.06141897849738598
-0.030764589086174965
-0.005959224188700318
-0.030704922042787075
-0.020273419562727213
-0.04236428067088127
-0.03835330717265606
-0.06332520116120577
-0.015335589065216482
-0.044855427579022944
-0.02713089599274099
-0.013178278226405382
-0.004600509302690625
0.0035109283635392785
-0.03193153953179717
-0.03693008469417691
-0.06814899854362011
-0.03588889166712761
-0.055315165780484676
-0.040170273277908564
-0.008202242781408131
-0.007299402146600187
-0.015280749532394111
-0.016073382226750255
-0.0523340068757534
-0.04707340896129608
-0.04020440671592951
-0.03106270800344646
-0.0010424988577142358
-0.020005340920761228
-0.039797424571588635
-0.03917744057253003
-0.025941675528883934
-0.035444498993456364
-0.017388908891007304
-0.03785476787015796
-0.03408339945599437
-0.020595262991264462
-0.024385647382587194
-0.04718157649040222
-0.04351573344320059
-0.014677799656055868
-0.03066532453522086
-0.029005932563450187
-0.013797582825645804
-0.029623398324474692
-0.0442168265581131
-0.04002624889835715
-0.024071249645203352
-0.021926181158050895
-0.04923683777451515
-0.01937143481336534
-0.02469252748414874
-0.019485900411382318
-0.04483794700354338
-0.04342829203233123
-0.025434124749153852
-0.01768828579224646
-0.01472549862228334
-0.022351881605573
-0.06024612579494715
-0.03661562269553542
-0.03811109531670809
-0.023162960540503263
-0.04222722630947828
-0.01507989433594048
-0.03563069683150388
-0.03130512672942132
-0.00497834145789966
-0.01172488066367805
-0.008712338283658028
-0.04234976088628173
-0.036400008015334606
-0.04544082656502724
-0.028960714116692543
-0.02706614648923278
-0.07297589257359505
-0.04143277648836374
-0.027333649690262973
0.0019561747321859
0.019215440494008362
-0.00920211453922093
-0.03548142407089472
-0.027957892743870616
-0.05092179821804166
-0.020113926148042083
-0.028360802680253983
-0.023849885445088148
-0.03704631235450506
-0.05115296971052885
-0.03054899349808693
-0.01722143031656742
0.0016537633491680026
-0.033864974742755294
-0.03988674748688936
-0.015542325098067522
-0.03917082538828254
-0.03990951180458069
-0.016380750807002187
-0.010693302261643112
-0.031618305831216276
-0.015234389342367649
-0.04841485898941755
-0.044657283928245306
-0.016156834783032537
-0.026952469954267144
-0.02501134853810072
-0.026874543982557952
-0.019389580469578505
-0.04073803639039397
-0.04758264124393463
-0.035941882990300655
-0.019304961198940873
-0.015558268874883652
-0.013415907538728788
-0.04046580661088228
-0.029259083792567253
-0.025153309106826782
-0.017559928121045232
-0.024382462172070518
-0.02835573675110936
-0.02126046037301421
-0.025204914389178157
-0.025846164673566818
-0.028583426726981997
-0.05077857431024313
-0.04757785890251398
-0.025604340713471174
-0.04369064886122942
-0.022124982089735568
-0.009840421378612518
-0.03927571186795831
-0.00271591788623482
-0.019323773303767666
-0.03149188309907913
-0.03436157503165305
-0.03475853940472007
-0.02097234083339572
-0.023252654587849975
-0.021213646046817303
-0.03840445168316364
-0.039787291549146175
-0.04416663758456707
-0.061140330508351326
0.008435585536062717
-0.005501670122612268
0.01580329204443842
0.0072060159291140735
-0.03948114288505167
-0.0261646481230855
-0.036833408288657665
-0.04071249393746257
-0.031877122819423676
0.004404589883051813
0.005373843596316874
0.006530279177241027
-0.013902747305110097
-0.05024573765695095
-0.04819328896701336
-0.05229793582111597
-0.0331608634442091
-0.011722811963409185
-0.008191642817109823
-0.0034302762942388654
-0.02904591290280223
-0.042773503344506025
-0.03085019113495946
-0.009201888926327229
-0.008859468391165137
-0.023845206014811993
-0.02783412067219615
-0.05011995416134596
-0.01886675483547151
-0.01164042844902724
-0.02310008369386196
-0.016188109992071986
-0.04542251955717802
-0.03589051682502031
-0.025707673747092485
-0.005185041227377951
-0.0026672101666918024
-0.022579945740289986
-0.024684300180524588
-0.04327241983264685
-0.043586467392742634
-0.038424273021519184
0.0011817264021374285
0.009451544494368136
-0.002553636790253222
0.013343608123250306
0.0020073065534234047
-0.04493607301265001
-0.050057538552209735
-0.06308984570205212
-0.07182260602712631
-0.051999966613948345
-0.010987701592966914
0.0007540137739852071
0.002442162949591875
-0.007362606818787754
-0.024072342086583376
-0.037888207007199526
-0.03647279366850853
-0.02057856461033225
-0.01858152123168111
-0.02071305923163891
-0.024066262878477573
-0.0027104743639938533
-0.015949208987876773
-0.01910843886435032
-0.05389235820621252
