0.96309109626
0.96294153723
0.98556857257
1.0
1.0
1.0
1.0
1.0
1.0
1.0
1.0
1.0
1.0
1.0
1.0
1.0
1.0
1.0
1.0
1.0
0.9999940072200001
0.9999936
0.99999624075
1.0
1.0
1.0
1.0
1.0
0.99999992001
1.0
1.0
1.0
1.0
0.95337276034
0.022557059759999974
0.95828322522
1.0
1.0
1.0
1.0
1.0
0.99999888045
1.0
1.0
1.0
1.0
1.0
1.0
1.0
1.0
0.99997577459
1.0
1.0
1.0
0.99997598394
1.0
1.0
1.0
1.0
1.0
1.0
1.0
1.0
1.0
1.0
1.0
0.9999822807500001
1.0
1.0
0.9561089341200001
0.01275661030999996
0.95684925722
1.0
1.0
1.0
0.99998465098
1.0
1.0
1.0
1.0
0.9999983168000001
1.0
1.0
1.0
0.99999775978
1.0
1.0
1.0
1.0
1.0
0.99999832369
1.0
1.0
0.99999576085
1.0
1.0
1.0
1.0
1.0
1.0
1.0
1.0
1.0
1.0
1.0
0.96974691521
0.010864250900000042
0.90014381906
1.0
0.99999983965
1.0
0.99998760148
1.0
1.0
1.0
1.0
1.0
1.0
1.0
0.9999963141
1.0
1.0
0.99997700369
1.0
1.0
1.0
0.99999189731
1.0
0.99998831533
1.0
1.0
1.0
1.0
1.0
1.0
1.0
1.0
1.0
1.0
1.0
1.0
0.98141269231
0.0053287756100000114
0.93711494492
1.0
1.0
1.0
1.0
0.99994740956
1.0
1.0
1.0
1.0
1.0
1.0
1.0
1.0
1.0
1.0
1.0
1.0
1.0
1.0
0.9999493874300001
1.0
1.0
1.0
0.9999248467799999
1.0
0.9999850847499999
1.0
0.99993082164
0.99999511854
1.0
1.0
1.0
0.99997591036
0.98619994015
0.0035648198599999886
0.8618461021
1.0
0.99999553033
1.0
1.0
1.0
0.99629108414
1.0
0.9999904781000001
0.9999468047000001
0.99307052209
0.99987125425
0.9999641635800001
0.9960008775399999
0.9978363180600001
0.9999480903800001
1.0
1.0
0.99999037594
1.0
0.9980321728700001
1.0
0.99894674699
1.0
0.99998309578
1.0
0.99684740208
0.99997591036
0.99999099512
0.9999886001
1.0
1.0
1.0
0.99850173087
0.9956333266699999
0.0027616901399999914
0.84481948482
0.9999860445600001
1.0
1.0
1.0
0.99996247625
1.0
1.0
1.0
0.99992431138
0.99970197335
1.0
0.99991689873
1.0
0.98535379696
0.9969924182
0.99970963795
0.99599752223
1.0
0.9963925326899999
0.9956031268800001
0.99763966413
0.99616424212
0.9998635819699999
0.9999951898999999
0.9852655868800001
1.0
1.0
0.99965856698
1.0
0.99613786485
0.98593013466
0.9919049584299999
1.0
0.99528381867
0.0015563042600000335
0.86266715302
1.0
0.99822150215
0.98331400139
0.98965133045
0.99572671603
0.99754615078
0.9732441058500001
0.99926648
1.0
0.9920352331600001
0.99785890617
0.9875686031400001
0.99915289884
0.9970074044599999
0.99993940733
1.0
0.99690258052
0.98627646765
0.9967445188399999
0.9923835167
0.99998848115
1.0
0.99787647295
1.0
0.99788803837
0.9991517379099999
1.0
0.999960008
1.0
0.9954148362
0.98765078345
0.9983943971999999
0.9953919999999999
0.9828948038700001
0.00951591551000005
0.87562805642
0.9931356409
0.99532944361
0.9999588041199999
0.9921424087999999
1.0
0.97701710067
0.9757997195000001
0.9899829531800001
1.0
0.9807708046700001
0.9943028187399999
1.0
0.99753194722
0.98812860709
0.97975613472
0.99999392607
0.99099633744
0.99321141261
0.9747552259700001
1.0
0.9926582116399999
0.9999958503699999
0.9998425809
0.9866888866700001
0.9911837600000001
0.9991996808000001
0.99977479699
0.99436218647
0.9690726399999999
0.98091096286
0.99995851673
1.0
0.98418108378
1.0
0.022264959419999942
0.83126159632
0.99930910909
1.0
0.99799048402
0.99994013605
1.0
1.0
0.99999170158
1.0
0.99997192561
1.0
1.0
0.9981359566399999
0.9982806280600001
0.9991110400000001
0.9999388244699999
1.0
0.99936184
0.9999514037399999
1.0
0.99993565705
0.99412132853
1.0
1.0
0.9999816800000001
0.99998384323
0.99994592
1.0
1.0
0.9990547490499999
1.0
0.9975760200499999
0.99651342926
1.0
1.0
0.03072656105999995
0.80476854373
1.0
0.99996528332
0.99444139176
1.0
0.99999640252
0.99805612774
1.0
1.0
1.0
1.0
0.9996659164
0.99983473916
1.0
0.99997604551
0.99994257644
0.9906520252000001
0.9999823288399999
1.0
1.0
0.99998583858
1.0
1.0
1.0
1.0
0.9999937631199999
0.9999606492099999
1.0
1.0
1.0
0.9999699092100001
1.0
0.99674710942
0.99993617277
1.0
0.03549184204999998
0.8577022528699999
1.0
1.0
1.0
1.0
1.0
0.99999590608
1.0
1.0
1.0
1.0
1.0
1.0
1.0
1.0
1.0
1.0
1.0
0.99996398559
1.0
1.0
0.99998983288
1.0
1.0
1.0
1.0
1.0
1.0
1.0
1.0
1.0
1.0
1.0
1.0
1.0
0.051999647470000056
0.82423178461
1.0
1.0
1.0
1.0
1.0
1.0
1.0
1.0
1.0
1.0
1.0
1.0
1.0
1.0
1.0
0.9999921803299999
1.0
1.0
0.99817267106
1.0
1.0
1.0
1.0
0.9999950984300001
1.0
1.0
1.0
1.0
0.99999247624
0.9999646435399999
1.0
0.9969485909100001
1.0
1.0
0.06673275072000004
0.7852507483
1.0
0.99998648541
1.0
0.9999586926
1.0
1.0
1.0
1.0
0.99998583858
1.0
1.0
1.0
1.0
0.99954064
1.0
1.0
1.0
1.0
0.9999732959100001
1.0
0.99996181709
0.99998261736
1.0
0.99999247624
1.0
0.99999848409
0.99998059537
1.0
1.0
0.99997830292
0.9999732959100001
1.0
1.0
1.0
0.07001755195999998
0.7674846513500001
0.99997571742
1.0
1.0
0.9999646435399999
1.0
1.0
1.0
1.0
1.0
1.0
1.0
1.0
0.99999041534
1.0
1.0
0.99996862431
0.99999481452
1.0
0.9999919960000001
1.0
1.0
1.0
1.0
0.9999770423000001
1.0
1.0
0.99991233753
1.0
1.0
0.9999940645700001
0.99998848115
1.0
1.0
1.0
0.08711421426
0.6517153449299999
0.99876486621
0.98299915578
0.9985368389499999
0.97775281528
1.0
0.95651790192
0.94136475762
0.93883208
0.99773095858
0.9940211999999999
0.98785170966
0.9866308
0.9891936
0.97234631033
0.9834213892
0.9582740548099999
0.99466037585
0.99070553726
0.9981630164499999
0.9829093090700001
0.93044503099
0.9972941012600001
0.99712991762
0.9974527263599999
0.98585922592
0.9976290371
0.9782412439
0.97195041621
0.9687791937600001
0.9998936106399999
0.99992374888
0.9807446889800001
0.96162023393
0.88106778611
0.07487209107000002
0.7546978191600001
0.9999551910400001
0.97034138345
0.9999869088
0.89864348872
0.9968224
0.92802783165
0.99966905381
0.95267460665
0.9975030424699999
0.97409144
0.88735972819
0.98730087789
0.99936391339
0.99924114057
0.98115263316
0.9809731736499999
0.97993536488
0.97966170149
0.98032169651
0.96074533467
0.98625490942
0.99079116265
0.96096188668
0.9779676606
0.93524465265
0.9818642871500001
0.9294910073
0.8995725227500001
0.84002300726
0.98415445783
0.96166243122
0.98632136
0.96888679697
0.9710729496699999
0.08566085634000002
0.60980495352
0.99468057023
1.0
0.99824686126
0.99997391739
0.95909168665
0.9957564314899999
0.98833378121
0.99656875375
0.97990668666
0.96535208914
0.9722303530099999
0.9848064774099999
0.9978757875800001
0.95900785643
0.9782868719300001
0.9782005196899999
0.9566644
0.9842798439500001
0.97019524331
0.9562605025099999
0.97845368
0.97994429014
0.93100492866
0.9778994485100001
0.99998449086
0.9036783992
0.99057316052
0.98851499599
0.96581511058
0.99788940424
0.99997391739
0.96548838137
0.97854487115
0.9767376799999999
0.09973643200000006
0.74120595074
0.9965719522700001
0.9815358528299999
0.9980859200000001
0.99967149836
0.9771200321
0.9972647482
0.9999727836700001
0.9999837417799999
1.0
1.0
0.99998055028
0.99286656026
0.97838251804
1.0
0.99998848115
1.0
1.0
0.99593888722
1.0
1.0
1.0
0.9999586926
0.95315979217
0.9969485840100001
1.0
1.0
0.9951260873900001
0.9999725791899999
1.0
0.9854251028400001
0.9593930207000001
0.9982483351700001
0.9999632990899999
1.0
0.10888893335999994
0.63609235012
0.9059841149500001
0.97005380914
0.98735681727
0.9993035510699999
0.83495921013
0.97979985962
0.94951232877
0.99162147785
1.0
0.97797236567
0.98976179775
0.996409961
0.99995952809
1.0
0.94916844743
0.9916610400000001
0.97841792
0.96960478803
0.99619324446
0.97183625637
0.9916372
1.0
0.97673775817
0.9496199959999999
0.89373872
0.98995368505
0.93671192219
0.8963186881299999
0.98784321568
0.99549509049
0.9686877319000001
0.96252256513
0.9368172921000001
0.9675408175500001
0.11399341289999997
0.7798389929100001
0.92695337335
0.9768555356099999
0.9903963931499999
0.98825087526
0.97654373749
0.95693774623
0.96903251546
0.9732007218800001
0.9609074400000001
0.9934848
0.97980807658
0.9974697152
0.942352499
0.8833108578300001
0.92253688516
0.99250097282
0.9987374862499999
0.99994128587
1.0
0.99719137897
0.96473378094
0.9886541745799999
0.9858276565899999
0.9866754438500001
1.0
0.94824786479
0.91546888
0.9254974768099999
0.99895528374
0.8712690399999999
0.99877113155
0.98147588815
0.93499382853
0.97122968
0.12246759751999999
0.62437909688
0.87581083308
0.97314928
0.9890911417699999
0.97600631558
0.97918922156
0.88120857715
0.93476359272
0.9428492350800001
0.8688164644899999
0.99298014625
0.8685279695800001
0.9471053789199999
0.89714732018
0.99005827894
0.91875685294
0.89495994401
0.8349128861299999
0.95283988036
0.8753773497799999
0.94908370326
0.9259424572599999
0.9161141831199999
0.86205058116
0.9752938069
0.95052481248
0.93070068718
0.92674070059
0.9244113188699999
0.99763736374
0.82258222889
0.89620087789
0.89557157462
0.8611985993000001
0.84372731088
0.10579584141
0.58385686023
0.98110633873
0.9875639564
1.0
0.9739175762400001
0.9826055383400001
0.95943052611
0.9854001800500001
1.0
0.99998394541
0.98977406259
0.9362705329500001
0.98987150548
1.0
0.97891808
0.9434103789599999
0.9307203508099999
0.992181026
0.99903043391
0.9599424000000001
1.0
0.9979191874900001
0.9877059733000001
0.94475230092
0.9191720772099999
0.99737368421
0.8913223671
0.9866069599999999
0.99997192561
1.0
0.9999796427500001
0.9580936340899999
0.9925312
0.90765854829
0.9957877079399999
0.13368595864000002
0.62754736505
0.90703833617
0.99643351955
0.8728074608899999
0.9925985997200001
0.99997041479
0.94444405427
0.98752792143
0.99953928964
0.98554927493
0.94052278177
0.89232712067
0.90039159883
0.98681487702
0.95966776
0.99292126047
0.90986244489
0.99833179225
0.9568655803299999
1.0
0.9159527294500001
0.99603143686
0.94952384
0.91680711929
0.88267725142
0.98328996692
0.9994232669800001
0.8970633073400001
0.9834059445400001
0.9992416282300001
0.97217680928
0.99987588276
0.86165606879
0.96664328745
0.9996938558699999
0.11560993098000007
0.55136585132
0.86007414206
0.96760713856
0.9889004599100001
0.9679526399999999
0.99959477411
0.81366169274
0.91336258374
0.8205017600000001
0.8494524295099999
0.8414507081599999
0.9919839599000001
0.9580819836
0.8847675167500001
0.97926390108
0.88023884546
0.9643891589200001
1.0
0.88219962019
0.8323193294100001
0.99092440613
0.98836267627
0.87713753249
0.94044852354
0.88566197635
0.8626355106500001
0.9849744
0.98595902049
0.9802334298000001
0.99337361515
0.965597999
0.98649968
0.9824643063699999
0.77386270932
0.93447270546
0.13584171251000007
0.7405182847999999
0.9983094445599999
0.99877689848
1.0
1.0
1.0
0.99999927675
1.0
0.9999646435399999
1.0
0.99999726853
0.99996928
0.99948425055
0.99998244914
1.0
1.0
1.0
1.0
0.9893521509100001
0.9908382727199999
0.98683148945
0.9983198480200001
1.0
0.9974219013200001
0.99854630537
0.99991281744
0.9999936
1.0
1.0
0.9999386338599999
0.9954074785
0.99417034524
0.99326259649
1.0
1.0
0.15708579530999997
0.6778480697199999
0.99997872638
1.0
0.9999633130200001
0.99500341351
1.0
0.99999759856
0.99997656234
1.0
0.99990288925
0.9999619962
0.9999699350300001
0.99694917689
0.9990475732
1.0
1.0
0.99895897539
0.999995455
1.0
0.9999752223
1.0
1.0
1.0
1.0
1.0
1.0
0.9999732004
0.98048769925
0.9983769577
1.0
0.99994699035
0.99866642541
1.0
0.9989248524900001
1.0
0.16515167807000006
0.72569948042
1.0
1.0
1.0
1.0
0.99931057366
0.99998631863
1.0
0.9999591738499999
0.9996956
1.0
0.9999560343099999
1.0
0.9999467732299999
0.99999568862
0.99947695391
1.0
0.99641283872
0.99999176659
1.0
0.9999638372699999
1.0
1.0
0.99998304646
1.0
1.0
0.99997920624
0.9999921803299999
1.0
1.0
1.0
1.0
0.99998783513
0.99893224
0.9994040563500001
0.18331913122
0.61302343531
1.0
0.98136493649
1.0
0.99907271997
1.0
0.99997968609
1.0
0.97256847608
0.99685816
0.99913032697
0.99992473505
1.0
1.0
1.0
1.0
0.99993490227
0.99879490727
0.99995784
1.0
0.99999832369
0.95894261079
0.99840375962
1.0
1.0
0.99994722278
0.99606212894
0.9964938775500001
0.9945117389599999
0.99908123429
0.9999931200000001
1.0
0.9953538831100001
1.0
1.0
0.18239252127
0.65279184245
0.99936433985
1.0
1.0
1.0
0.99999680798
1.0
1.0
0.99993550065
0.99993617277
1.0
0.9987335337700001
0.99325082033
1.0
0.9999679234
1.0
1.0
0.99994525263
1.0
0.99998989474
0.99996928
0.99999775978
0.9999743298500001
0.99998707865
1.0
1.0
0.9999719256199999
0.99946858169
0.999983076
0.9956743525599999
0.99998848115
1.0
1.0
0.99997192561
0.9999937631199999
0.19288603216000003
0.47514065111000003
0.7984777599999999
0.77498559009
0.99154124475
1.0
1.0
0.98941649835
0.999683998
1.0
1.0
1.0
0.99991431143
0.9911499650900001
0.9999852445899999
0.9999816800000001
1.0
1.0
0.9999811539200001
0.9517965924999999
0.99917016
0.9999646435399999
1.0
0.81010882117
0.99624976
1.0
1.0
0.9172638005000001
0.9965124812
0.9999505550600001
0.99999840064
0.8633692185
0.9977774122399999
0.99998631863
0.9999619962
1.0
0.19826163507000005
0.54291872026
0.81930085983
0.8430884223199999
0.91135087264
0.8156058575699999
0.89107675092
0.7436114468699999
0.8463809732299999
0.90001784028
0.9153431726300001
0.88176582342
0.99972704377
0.9101852354300001
0.89095295769
0.83175551335
0.9942002199300001
0.93939924167
0.8603347904599999
0.80961927036
0.8880028011200001
0.9954354964500001
0.8723865948499999
0.91708898466
0.85772347704
0.8488431870400001
0.7882214442
0.80781093248
0.8903172
0.8811289786900001
0.93266686669
0.7968908836999999
0.7877928270899999
0.9088304152100001
0.81361871439
0.8784927096799999
0.14855790550999998
0.56256211958
0.85921991204
0.8750593222
0.9006174164599999
0.95288363235
0.9640838819399999
0.97586560064
0.9186234227
0.8901962264200001
0.97148692693
0.9363558397399999
0.8981189081100001
0.8225981453800001
0.84677682902
0.94956990796
0.9683530141
0.92154839482
0.80526110944
0.83494922508
0.90255222478
0.92193537293
0.8831369663
0.8977560312099999
0.9501578010999999
0.8797248524900001
0.8336160335
0.85632630313
0.9338888355299999
0.9232234165800001
0.87232504252
0.96923462996
0.8668807218
0.84437353059
0.9025948564
0.90156929825
0.18908692754999995
0.5271888513399999
0.9452808
0.91278181637
0.99128207803
0.9615026497400001
0.81305176
0.98439560088
0.96084952722
0.9419367490499999
0.9880678061
0.9149489144599999
0.92358660287
0.9857378535599999
0.99877853073
0.99994013605
1.0
0.95589509374
0.95809543677
0.88368761752
0.86366408
0.99718200858
0.9994149529
0.90872308154
0.99834368563
0.98670817836
0.96247189399
0.98748328817
0.9851532000000001
0.84641343731
0.8263745436400001
0.84131876504
0.9930720272
0.9136883823199999
0.97530510949
0.91052201496
0.17165302865999998
0.52767014203
0.8351513189399999
0.8319017767999999
0.99064961411
0.99276602378
0.83805176659
0.9758405265300001
0.9837321568199999
0.8674789600000001
0.97070177964
1.0
0.9829884993
0.8082313262699999
0.99031865627
0.99197055117
0.92857145137
0.99237782456
0.90778640544
0.9730935787199999
0.8972362691200001
0.84202928
0.9925827782800001
0.92320144014
0.97108362328
0.90992314445
0.9032129109899999
0.95704467107
0.86147459762
0.9792310431
0.96358978452
0.8912522854899999
0.9927736852600001
0.9500009999
0.96496758105
0.86935386466
0.18829339458999994
0.5566690028
0.9463374488899999
0.86333450973
0.9739697230300001
0.83260157953
0.80608246474
0.96703112972
0.84128360902
0.87074092591
0.92037553468
0.8466154460199999
0.8459344229400001
0.9837108800000001
0.95944128
0.84430350895
0.92414533121
0.89667698476
0.83449583042
0.93156260374
0.9388029913299999
0.8308387045
0.98852162432
0.84071856
0.8019336466399999
0.86702739152
0.80129069767
0.8399432056799999
0.89053806619
0.97683175743
0.9170541006599999
0.77369847015
0.80839364064
0.7535390338999999
0.94141416318
0.9159017937699999
0.18941372537000004
0.46297076215
0.85378028326
0.98053819932
0.89620571886
0.9134186400000001
0.8447780614299999
0.87661986967
0.9224830566100001
0.84854810519
0.94027133007
0.7975972857000001
0.8716808340000001
0.87266368
0.8979396460400001
0.8136188310400001
0.87357626541
0.9297747899200001
0.94302955409
0.82522164216
0.88184315212
0.92672790698
0.7607308069200001
0.82515056
0.85425327615
0.84583765791
0.8269154684500001
0.99732621476
0.9500125599999999
0.8870915403
0.9439249624199999
0.96274586376
0.85351633673
0.8446023341600001
0.87871674516
0.8048240024000001
0.19401805418999996
0.46372233745999997
0.91645504764
0.8631856
0.85097954205
0.9449235876400001
0.90442720926
0.83780517138
0.82985896
0.9305329733000001
0.9107906327899999
0.91839582665
0.83074177165
0.83837230615
0.87525406919
0.95243592862
0.9664863216999999
0.76939530047
0.85554444556
0.86385268828
0.83882197273
0.8856228754200001
0.84647712771
0.90347736
0.9000389309900001
0.97969228918
0.97355104979
0.74549525905
0.99263235587
0.99996134723
0.92687632
0.87030222844
0.8961597758700001
0.8787274214499999
0.8190240753699999
0.9306879487899999
0.18673380248000002
0.55492030327
0.8375917534
0.82933448939
0.8187378629200001
0.82261277872
0.75746002595
0.83492722708
0.8573688942200001
0.80084082041
0.8099211643900001
0.87917811623
0.7615315405399999
0.8726858626199999
0.8793079435
0.89928134105
0.89001759343
0.83810808
0.85885206628
0.88650586826
0.92984170759
0.98806253132
0.7795159134
0.91044679064
0.8827235164799999
0.83923291291
0.8847812818699999
0.8053648897800001
0.88540318345
0.93206927868
0.93452514725
0.99175021537
0.77436592341
0.80776917563
0.81256130911
0.75015102572
0.18460317536
0.46998038698999994
0.92496858145
0.89763631637
0.95530486951
0.83660039904
0.81918829073
0.79149277072
0.81434112589
0.7809935393499999
0.96380131658
0.76247665631
0.85959180246
0.9508225645099999
0.8245300608600001
0.7683433497
0.96375530447
0.9638044800000001
0.7628165983399999
0.77805294763
0.7965226175000001
0.90387269454
0.98941409295
0.8405132994100001
0.94234305194
0.91416912
0.8423980002
0.94958424315
0.8534073039300001
0.79902622984
0.8811430057999999
0.71065115907
0.84278897984
0.95869112782
0.8058339532100001
0.97605374925
0.21481633583000004
0.49830707926
0.97782491987
0.9950432016
1.0
1.0
1.0
0.99999576085
0.99995736
1.0
0.9999096799999999
0.9965878024399999
0.9989600879399999
0.9974853597500001
1.0
0.99998259475
1.0
0.9999439368199999
1.0
0.99998259475
1.0
0.99992092046
0.9895678464300001
0.9449333333300001
0.99823326316
0.9999760823899999
1.0
0.9999314331299999
0.99999855538
1.0
0.9937232
0.99198712258
1.0
0.99997064367
0.99400544109
0.9940135972799999
0.26187536219999996
0.54282484417
0.9943319792099999
0.9999505550600001
0.99992473505
1.0
1.0
0.99300011998
0.99797420258
1.0
1.0
1.0
1.0
0.99993028218
1.0
0.9883984398400001
0.99945946811
1.0
1.0
0.99994827621
1.0
0.9999823288399999
1.0
0.99996382232
1.0
1.0
0.9999989628
0.9999774636600001
1.0
0.99450630937
0.99942096
1.0
0.9999379310300001
0.9995713228700001
0.99999992001
0.26698855882999994
0.26698855882999994
0.48431018400000003
0.98972638736
1.0
0.9999923786599999
1.0
0.99733496
0.99998336333
1.0
1.0
1.0
0.99960755924
0.9453510969300001
0.99758532036
0.99988536
0.99281728
0.9999514037399999
0.99161696437
0.9993105495400001
0.9927973597399999
1.0
0.99634937668
0.9999586926
0.99999576085
1.0
0.9965234429700001
1.0
0.99695849208
0.9999527247300001
0.99971434857
0.99162987933
0.99525045117
0.9999527247300001
1.0
0.99996512349
0.26141415582
0.56280421179
0.56280421179
0.999985952
0.99997981249
1.0
0.9999485702900001
0.9858490505699999
1.0
1.0
1.0
1.0
0.99919215843
1.0
0.9999646435399999
1.0
1.0
0.99741962589
0.99536577444
0.99536577444
0.99998384323
0.99998384323
1.0
0.9999646435399999
1.0
1.0
1.0
1.0
0.9999889611
0.9893561912400001
0.9999869652100001
0.9978134078199999
0.98494186047
0.9925436
0.9999931200000001
0.9999756657
0.2730038813199999
0.363361472
0.78279768046
0.8083863172599999
0.6912182743099999
0.7248196471499999
0.81790368
0.88623537646
0.7701289988
0.75365959495
0.7524504799999999
0.76919920016
0.80743602633
0.85823569996
0.72146601379
0.7294973292
0.71368681736
0.76559146135
0.7876572574199999
0.7606276
0.81492952114
0.7524732495500001
0.81204050531
0.82810734927
0.83087334533
0.81891485149
0.78423853211
0.72372330525
0.8098337231400001
0.67791991996
0.63568662268
0.78398707876
0.80853993982
0.75960411794
0.77910494099
0.78289694794
0.21934429644000003
0.49821118336
0.85181412848
0.99979826017
0.88344717846
0.86260720233
0.9639796860900001
0.9969686862599999
0.9760388241200001
0.98374424717
0.9985046714
0.99780796495
0.83224561615
0.99183197367
0.99802261881
1.0
0.97879432114
0.9402012624
0.8810703090700001
0.993230689
0.93393444656
0.9943226786599999
1.0
0.8780218969299999
0.92236752974
0.99676094639
0.98591963141
0.9913138756000001
0.99998918702
0.99992733827
0.90613989596
0.84003855614
0.89046941951
0.86477378758
0.97839207683
0.97077548245
0.28666653367000006
0.43871402004000004
0.83866178471
0.8673321467899999
0.8507479752599999
0.84768607798
0.7995836350900001
0.82709352
0.96600843916
0.837776785
0.73097906137
0.71878636954
0.71905256628
0.88255704148
0.87705176611
0.87465605453
0.7182993700599999
0.78218418158
0.8258980846
0.75202678428
0.7624585541400001
0.84927664
0.74028957104
0.7588453221599999
0.78621858647
0.7303809676099999
0.75415480644
0.8211216
0.97576442893
0.8960853793000001
0.9165814763
0.85878636136
0.7263529223999999
0.8524536032900001
0.8084179582
0.8981550155
0.21782207144
0.58653929846
0.95237284272
0.8711736800000001
0.8405267473299999
0.8460517853599999
0.8087534790500001
0.99863313006
0.9284925722299999
0.9822170651200001
0.89315652174
0.8451688790899999
0.99544323135
0.9999303860800001
0.9898802512200001
0.8163489319
0.85720115988
0.7881890632799999
0.7926244448900001
0.8222010573599999
0.97128806898
0.99991764941
0.95468578858
0.7771253450700001
0.98444910741
0.88979418488
0.98568591141
0.9827239524
0.85504976563
0.88613196992
0.9911566443400001
0.8500410841099999
0.7991636109200001
0.95300602434
0.82468718051
0.9967475895200001
0.28517949066000003
0.43967138720000004
0.9959303999200001
0.98326687331
0.9615391999999999
0.92730233023
0.9062628503
0.96643464662
0.99625450545
0.9185388522300001
0.91519489277
0.9467297844599999
0.99901113889
0.8931304939
0.8596300739899999
0.8802704180400001
0.9158100200399999
0.96288987595
0.97688517445
0.89752248775
0.86379323691
0.9103104250199999
0.9512653404
0.9667190395199999
0.84133181728
0.95350537289
0.9112214357099999
0.9355911608799999
0.89680848254
0.83552971679
0.94207116368
0.88623226968
0.9041210399999999
0.9786567999999999
0.9999870749
0.90925005013
0.27331125849000004
0.34658490740000003
0.8182550967500001
0.89481363545
0.8132088391200001
0.9414647064699999
0.79405934813
0.87344082976
0.81610338881
0.8226985504300001
0.85739693969
0.84554055456
0.7970690726799999
0.77137450765
0.80176073607
0.8055750375
0.8405922233299999
0.9079969529899999
0.80076118447
0.8136601600000001
0.87006990602
0.96346940648
0.81222512523
0.84197175672
0.8131340007999999
0.7859260500799999
0.8031339280299999
0.8374171451399999
0.81123571856
0.8221910914899999
0.77150092768
0.76636471532
0.8218492
0.88997152
0.79190568
0.8366405756499999
0.24695895189999995
0.48719107111
0.8578590399999999
0.9788316409000001
0.96350939537
0.9740889111100001
0.83936863568
0.79413647247
0.81704626492
0.8084957295699999
0.8416471152899999
0.8760966400000001
0.87976471527
0.9792824130700001
0.99996398559
0.90436721311
0.89351815182
0.99840303242
0.97140757971
0.8859140486
0.79599856014
0.9962101106800001
0.83863291545
0.9686881823600001
0.90167696
0.9175424799999999
0.93383089658
0.82421816723
0.88700344
0.80013226709
0.91252785315
0.9899353855399999
0.87049063094
0.7866208220800001
0.87746313369
0.9762899591199999
0.2925429841800001
0.41190104884
0.8362596558600001
0.93932310761
0.8452748671699999
0.9434088800000001
0.841229957
0.95335023493
0.77068049875
0.85462169641
0.9064676566400001
0.8599727836700001
0.83082483752
0.84888316555
0.79301707293
0.87384020804
0.8050892
0.86490483694
0.8669198315600001
0.9984583883199999
0.78569853044
0.92783363009
0.88505304738
0.80074105854
0.96623062775
0.88291973197
0.8007469547
0.95075918204
0.81485684506
0.85372328
0.88282920584
0.99835838565
0.8447708609300001
0.82143152
0.8303484903
0.75847334533
0.30791401578000005
0.36055609209
0.75763191681
0.8104060000000001
0.71498647516
0.89148503258
0.82989517048
0.89642072
0.7872901419699999
0.89739515212
0.7949016908500001
0.9088009616299999
0.79124576458
0.8353059470299999
0.79225569974
0.7766579416799999
0.8179730773100001
0.80348
0.83004994017
0.88137326117
0.90949826913
0.77997424
0.83325627437
0.8082062044899999
0.8590122882600001
0.92851877188
0.93125271473
0.89066917308
0.79100041862
0.96236677034
0.9269381061899999
0.70453208
0.80483830806
0.73875132318
0.8016410441
0.77195208
0.23971760848000007
0.44686053472
0.7100272226100001
0.7698992415199999
0.92173407955
0.8169751824800001
0.75927671233
0.7698776263
0.6817529600000001
0.75512819489
0.80335434263
0.74749775461
0.78248406291
0.76475697721
0.6524309350399999
0.6672821989000001
0.64695386461
0.64927350376
0.79644560494
0.73847502002
0.72572444444
0.74117996795
0.76492179654
0.7706123363
0.6922046882799999
0.66043790653
0.77795366733
0.73655417166
0.7689823971199999
0.7660283804
0.6931790697700001
0.70907990827
0.72702848552
0.8339484682199999
0.6690712639099999
0.70491436552
0.24820377192
0.36402151939000005
0.72286135116
0.9345523809499999
0.70963432
0.87761048
0.88287934577
0.88749377444
0.8711819218100001
0.9535413541400001
0.73161267873
0.73159389648
0.75856271051
0.76633047305
0.8406810637900001
0.78490864
0.81061278548
0.87199855625
0.80173755873
0.71886076608
0.80775968884
0.7918867341799999
0.89627055883
0.80416596681
0.7912815281500001
0.9029122394
0.73934923817
0.95958073156
0.7290689875999999
0.8948652465199999
0.8791079039199999
0.8773502658200001
0.8388352
0.76872371052
0.8502134450400001
0.82496919374
0.27372648820999995
0.37699220821
0.943305555
0.9972577501500001
0.987509969
0.9330643735599999
0.8876245550899999
0.98625702603
0.94690788049
0.90483088309
0.9349356264400001
0.9104581658199999
0.99066326286
0.9048281532
0.8256163183699999
0.8892513148700001
0.8615420994899999
0.9906756268800001
0.84385257474
0.90653310669
0.8034592540700001
0.7950004187899999
0.78615192057
0.86102491502
0.78664418442
0.9003135091900001
0.90649197605
0.89680898336
0.9874890399999999
0.9641729427100001
0.8200902981400001
0.91393089341
0.89057313731
0.9862909818
0.83480628063
0.99675786954
0.30403792971999993
0.37010424508999995
0.99941730961
0.91786783754
0.9819523303600001
0.9018283084900001
0.97831761648
0.99566243376
0.98921615638
0.8662771884099999
0.84075129948
0.84832582517
0.9708725599999999
0.93684235716
0.99275677626
0.97085389617
0.87380405959
0.97405568
0.99158659485
0.91755541746
0.9781672363799999
0.8706351811099999
0.99894878341
0.8937733654200001
0.9801348799999999
0.99998384323
0.968490049
0.97681755261
0.94356206136
0.9518722527700001
0.87828992
0.94913092691
0.9919941745599999
0.9882038492399999
0.90386377362
0.99815250475
0.35738941235
0.44502277984
0.99998117553
0.99996711342
0.9999527247300001
0.99999775978
1.0
0.9999770423000001
0.95619878012
0.9729880008
0.9983891642399999
0.9902430400000001
1.0
0.9484862886300001
0.9995979658999999
1.0
1.0
0.99993332666
0.9999994415100001
1.0
1.0
0.99996928
1.0
0.9993259126299999
0.99998372582
1.0
0.92877360264
0.9993835477099999
0.99702632581
0.90488344
0.99930176
0.9999770423000001
1.0
0.99994674153
0.9574979302100001
0.9997552000000001
0.38786452705999996
0.39037061241000004
0.99999711827
0.99997769338
0.9999785557099999
0.99666505832
1.0
0.9997189599999999
0.9999242551499999
0.94296784
0.9920146020299999
0.94767334336
0.99729046191
1.0
0.9696094052
0.99939281269
1.0
0.9999585007499999
0.99272125638
0.98892075773
0.99994873132
1.0
0.99108936
0.9753531711200001
0.99781501754
0.99627069414
0.99638808477
1.0
1.0
0.99997016242
1.0
1.0
0.9999077936299999
0.99913406858
1.0
0.99107628288
0.39684915094999995
0.45032949193
0.9917741289399999
1.0
1.0
0.9999989628
1.0
0.99997656234
1.0
1.0
1.0
0.9999389551800001
1.0
0.9999811999999999
1.0
0.99767963111
1.0
1.0
1.0
0.9999467889900001
1.0
1.0
0.9993765247
1.0
0.99996998696
0.9999697599999999
1.0
0.98070927093
1.0
0.97034609446
0.9924402598700001
1.0
0.99996641739
0.99884846177
0.9766679868000001
0.9990173852199999
0.40467237068
0.36916474089
0.9910832848700001
0.99856769677
0.99999775978
0.99798168366
0.99916680961
0.9949350977400001
0.9833945211
0.9166728
0.98587661314
0.9854413316
0.99035619504
0.9984346608
0.99090261948
0.9796256931999999
0.9988546566400001
0.99994592
0.94032292771
0.99880851915
0.9999921803299999
0.99995404511
0.99936136
0.99995802099
1.0
0.99160056157
0.9381060294
0.9953592003999999
0.9994227868400001
0.96223195691
0.99819440489
0.98741075785
0.9976404759499999
0.99746484055
0.9685777423199999
0.96735940634
0.36281613103000004
0.31008322723000004
0.8169116297599999
0.76850274714
0.91072089582
0.81725952
0.73934605079
0.8385141033300001
0.80247916583
0.7723630836900001
0.79094612939
0.83902487284
0.8129287088999999
0.71380570057
0.9514555744400001
0.7674525347500001
0.79312933666
0.8459764281400001
0.8023301739700001
0.7951883942000001
0.8154953599999999
0.8063002792200001
0.77825434129
0.8588270027
0.85322216
0.7508920008
0.9735906174800001
0.76863249675
0.78423906484
0.8509977978
0.79058481795
0.85258454445
0.8750238400000001
0.7042096209600001
0.80833665267
0.77723822063
0.33107753679999996
0.30064574288999996
0.9529612
0.8710545382
0.89357024263
0.93365685157
0.96195807161
0.96354176
0.87603654498
0.85688044917
0.8659408000000001
0.8683537692500001
0.7562420905599999
0.9595509222099999
0.8683929207100001
0.91128496
0.84194707471
0.83267673282
0.8658406015000001
0.75141135546
0.8655945621800001
0.8667913957
0.86624311222
0.86198997594
0.83847671233
0.99559883988
0.9999994415100001
0.86453792965
0.79260121988
0.9696805599999999
0.8695018498200001
0.8645749850400001
0.86206529712
0.77881163884
0.9917516358199999
0.92985864481
0.33183441209
0.35386281259
0.9168319199999999
0.9514308230799999
0.98358767574
0.8578752231
0.9530998399999999
0.9827032993399999
0.94883390507
0.9281426250899999
0.9944421515699999
1.0
0.88798256349
0.85346249002
0.93669132438
0.88882457474
0.9557699660100001
0.9997403978799999
0.8733173466299999
0.97046561717
0.96030942717
0.99933474695
0.94000343005
0.9018117717799999
0.85547082583
0.8373330933099999
0.99287688
0.9358897487000001
0.9417450170399999
0.9072912799999999
0.99868369815
0.90514083408
0.9751499550999999
0.90428334837
0.9304069593000001
0.9233953618599999
0.38895797064
0.24500592948999997
0.90266918832
0.8814517096600001
0.9370879776000001
0.85290407023
0.93665434129
0.97854654535
0.87210136904
0.83255711863
0.84719879699
0.87417752
0.85814322568
0.92074615462
0.92123294775
0.9291107590500001
0.95313573928
0.81940362036
0.975426
0.99918860331
0.86331847095
0.9946134827
0.9855631421100001
0.97411529482
0.9552140378999999
0.99839136086
0.8583458454199999
0.8216924892499999
0.95035637524
0.9942303249100001
0.99218214179
0.888112
0.9449593440699999
0.9760185972300001
0.83480665464
0.86944878488
0.41165716572
0.31596530515000004
0.7784384760399999
0.80577722683
0.8265226277400001
0.8592725454900001
0.80520450963
0.7909148872199999
0.83702288
0.8576302369800001
0.78705616274
0.7806911788299999
0.81344931014
0.73931477739
0.76536096732
0.8419879876299999
0.92668868624
0.76258510809
0.84787843647
0.8188867657300001
0.8611443007499999
0.88038184726
0.81343673469
0.96505674567
0.81577075603
0.8403872494
0.84783952024
0.73642101471
0.82095134919
0.8228520454999999
0.86838592481
0.90222596183
0.86382492499
0.77823573993
0.78354866653
0.7530187637499999
0.35734205682
0.24608754205999997
0.89213797811
0.87245821671
0.73915255051
0.8380819190400001
0.72044565955
0.7423445703399999
0.9729865653700001
0.93370004998
0.80841093158
0.96655128411
0.87286247375
0.7932929228300001
0.8385967999999999
0.83975071656
0.84096480756
0.7894834633100001
0.83778474458
0.9441799119600001
0.7820435951
0.9026657028099999
0.78389544
0.7942261947599999
0.96059313647
0.8992121941399999
0.97486917233
0.7825754301700001
0.79058378486
0.79798683948
0.9345303929400001
0.92079055811
0.90692176
0.86664047073
0.96275408521
0.68800656394
0.41926316168
0.31511820126000006
0.8847976437799999
0.88850604202
0.87527007299
0.99114097181
0.83569699751
0.9785617482
0.9091625099899999
0.99428401041
0.85795016997
0.9881536159600001
0.9892100180300001
0.87714313157
0.94578017802
0.9544110400000001
0.935891036
0.9784751328100001
0.97364601841
0.9785107889200001
0.85493506131
0.86467862014
0.9973456763
0.84097216608
0.99367942412
0.89943270842
0.79685839767
0.92429486308
0.89395922777
0.8946381361899999
0.9087058917399999
0.87713503862
0.97568430314
0.98472876274
0.88934906188
0.9840398636500001
0.41271593519
0.28067072927000003
0.9827872883700001
0.93291346499
0.99432186905
0.9999843231400001
0.9274718399999999
0.97652309839
0.99997046845
0.9859752
0.99998384323
0.99998848115
1.0
0.99995138875
0.93753922431
0.98667317463
0.9999441452200001
1.0
0.9991002098899999
0.99954982997
1.0
0.9327243221699999
0.94848333835
0.85015859313
0.97334789916
0.98886336634
0.9113946937999999
0.9421155003
0.99136044769
0.9650374787399999
0.98643486586
1.0
0.9763420458000001
0.99543131374
0.9596319999999999
0.96169614042
0.43660363855
0.35893008793000003
0.99955858758
0.99998970984
0.99998941353
0.99162528
1.0
0.9999811999999999
1.0
0.9999611673900001
0.99998848115
1.0
0.9956317017199999
0.9998894393700001
0.99664591704
0.99997127138
1.0
0.99997782431
1.0
0.99993134627
0.9999931200000001
0.99999112266
1.0
0.9999877268599999
0.99999112266
1.0
0.9999223386199999
0.9993285485200001
1.0
0.9955934819600001
0.99999624075
0.9999494317
1.0
0.98948849115
0.9951971202900001
0.96110091597
0.48546635143
0.33242613925
0.9638757760000001
0.9403361727699999
0.99959477411
0.9399082664499999
0.9485479156300001
0.9490589599999999
0.9921254463800001
0.99931432007
0.98726438069
0.9998739200000001
1.0
0.93230839238
0.93495493833
0.9993843325299999
0.94958143072
0.9987172
0.9894199003
0.96587717609
0.9994759724000001
0.99966206759
0.9990671719199999
0.96930891586
0.97137142286
0.9500844315599999
0.9965596721000001
0.99937489782
0.99853201002
0.98844814407
0.9989083999999999
0.99566735121
0.99622141139
0.99511885566
0.9133785243
0.97339559824
0.49901342648999997
0.34077956561
0.9813984
1.0
0.9999452896
1.0
0.9935243804999999
0.99305221044
0.99886072
0.9970840302699999
0.9999753289800001
1.0
1.0
0.97316016349
0.99461322098
1.0
0.9885681959
0.96917524743
0.9993236233
1.0
0.99954289142
0.96781907335
0.99337005701
0.99111055256
0.9945008019199999
0.99993352
0.99179692062
0.98319545319
1.0
1.0
0.9999553733900001
0.99979316137
1.0
0.99994276553
0.99401352541
0.99747990005
0.49827195209999997
0.22221943681999998
0.796934832
0.94975032
0.9793264126400001
0.9571931960600001
0.87270498392
0.9634145658300001
0.99951446566
0.8935432731599999
0.8589629599899999
0.9755938030999999
0.82712709813
0.96839220078
0.82133045994
0.7573230707599999
0.95063317668
0.9921939224299999
0.96579951981
0.98546818636
0.9395010099000001
0.9869526399999999
0.8503581683700001
0.90770449875
0.90546868545
0.98103483303
0.97986165534
0.99661666168
0.88429120802
0.83802343531
0.89746358636
0.9434103789599999
0.9068728432000001
0.8732284280300001
0.92388737126
0.89137860428
0.50793555911
0.23111695726000006
0.8638742125300001
0.8912770323
0.9740552
0.94462396653
0.83170825136
0.8976693844899999
0.82609917951
0.84343438373
0.7930175691900001
0.90399639964
0.86782750275
0.88222587482
0.8442803111899999
0.8699238973500001
0.9219020302000001
0.92476888311
0.78731469591
0.9091769331099999
0.8783300730100001
0.82850350825
0.92699237924
0.8701961316000001
0.86131853933
0.82485542337
0.85090106021
0.8679080800000001
0.7925508876899999
0.87703724193
0.80731173765
0.79227146715
0.8281468182699999
0.89423350376
0.94280359928
0.7763209120900001
0.46133846554
0.20314648551000006
0.81271330798
0.7721615192400001
0.84092062794
0.7721538369400001
0.87785346296
0.8082003200000001
0.74082848
0.86141438144
0.84340659823
0.8694529777400001
0.72224449555
0.7505516648300001
0.7730578585
0.80904284712
0.84188549145
0.82710908546
0.7891175988
0.8018276254100001
0.9182257870499999
0.80758316168
0.79802690655
0.86060230115
0.7894568009599999
0.73851702426
0.87644583083
0.7214083166699999
0.8155856815199999
0.86284973927
0.78221668334
0.76079448
0.75701939612
0.83481651376
0.69885844859
0.8320870748300001
0.43878319032
0.26011187089
0.81236186233
0.81214727164
0.84961496449
0.8189075784800001
0.8365290502799999
0.7830483754500001
0.77424625537
0.87769007099
0.84690655231
0.81955576055
0.8316472352800001
0.8010001798699999
0.78971389695
0.80984252094
0.78880890047
0.7762724527499999
0.7868373312
0.7761486203799999
0.7777546549000001
0.77603457037
0.7912652930599999
0.7761418258200001
0.8092219008699999
0.77925644418
0.80412065207
0.7760880976200001
0.83586649335
0.8629856673
0.79693571429
0.77615827338
0.87995765883
0.8452487648799999
0.7868226941900001
0.8114254785999999
0.41769880376
0.27157323732000005
0.70156784361
0.7647192219
0.83544891554
0.7355400680099999
0.80405004497
0.69766546906
0.78948401964
0.92510028011
0.88966121224
0.9693472382899999
0.84044893702
0.75289528953
0.9426883070200001
0.87815563113
0.74407907441
0.7713051428600001
0.73507906419
0.95145402161
0.7223503349
0.7348152445699999
0.7528682995099999
0.70719424288
0.7268224799999999
0.81643606623
0.81675051629
0.79862379524
0.68770378962
0.6642936374500001
0.6981905729900001
0.8964456925100001
0.67017302921
0.72110088
0.70667770243
0.93083188609
0.38438083358
0.20731131653000004
0.84832304
0.88492131605
0.95820351018
0.84656714985
0.85350441912
0.8397257279599999
0.8288181325799999
0.8483574042600001
0.82444827517
0.77413344
0.74169465283
0.8287617520299999
0.84695224
0.86012594962
0.81596392721
0.82549288636
0.89174218124
0.8542954399999999
0.8244115200000001
0.85033738784
0.82545887073
0.8350438380799999
0.85198072193
0.75774805922
0.92205920606
0.7703013533799999
0.95318380162
0.82919296141
0.8771660732100001
0.85179768555
0.8573419406599999
0.8209803819600001
0.8280126374700001
0.9646907858
0.51718006218
0.22256547562000006
0.97554533813
0.85343348958
0.8920948581700001
0.96466224
0.8189729145799999
0.9683072985400001
0.97274425282
0.9114532731799999
0.97044210526
0.89811205759
0.993309978
0.9754115933399999
0.9775819567
0.9677543628199999
0.9109788221199999
0.89898646436
0.8319634395700001
0.86155152485
0.94879672
0.99604808
0.99527589027
0.89916230954
0.95848768
0.9720714185699999
0.92843736
0.95804035455
0.90480850978
0.98781606803
0.99997721367
0.8621880498800001
0.82804107913
0.82852392
0.9865116
0.97521087348
0.46280433835999996
0.16362447916999998
0.80391071107
0.7122681599999999
0.71503404807
0.6861144862199999
0.78747144
0.78373362664
0.83729675032
0.6891400758
0.68519791583
0.7728925170100001
0.7838372813600001
0.69939199681
0.67559506866
0.71530777078
0.8214439199999999
0.75046871313
0.7449707560300001
0.80365701684
0.8163398739900001
0.73349633037
0.80179714086
0.7303387869100001
0.6959234008399999
0.72277629659
0.7406356964299999
0.7997818181799999
0.74602355289
0.73347924679
0.81849013408
0.80780430043
0.7345302084399999
0.7288404008
0.85455785471
0.82784496
0.42825539320999995
0.16283787324000004
0.81232748299
0.8485852800000001
0.84226610678
0.87671220096
0.8433098715899999
0.8422565456500001
0.93600167933
0.82864187256
0.78212644801
0.82733717036
0.93878736253
0.8256525547400001
0.9281204386799999
0.8811833417
0.84283778866
0.8664231153799999
0.83051378276
0.83474515904
0.868355217
0.87027620859
0.8547598399999999
0.8356641007700001
0.82435419908
0.84171380451
0.8088444800000001
0.83885636618
0.90669861678
0.83252020496
0.8316948494799999
0.7719941617499999
0.8336252926500001
0.8416843949
0.8312872727299999
0.83617496253
0.48987078402
0.2662362321999999
0.71668267041
0.7189672
0.67076764324
0.7404582508700001
0.77997477549
0.73208744615
0.84820570057
0.7342204882
0.715250264
0.74877744121
0.7054764599600001
0.72334021196
0.7804011995200001
0.82247857998
0.7370101715299999
0.779209998
0.7161297751100001
0.80463327664
0.73614905246
0.73631167686
0.7554860513899999
0.74896308738
0.89798255651
0.7442225323999999
0.7222059171599999
0.8678103431
0.88548279033
0.77798532695
0.73349201124
0.73187322535
0.80475544
0.81130923631
0.81004740741
0.7240120667300001
0.43151556844
0.18222081984000005
0.72878088552
0.80963537551
0.82143459308
0.83772649265
0.74598904876
0.83191489871
0.78529118443
0.86621496
0.81502049795
0.7376187069100001
0.8696067783100001
0.75080614273
0.76425829417
0.8216699199999999
0.85832414756
0.76082286173
0.73759192242
0.77655307061
0.737622
0.8503437462600001
0.74529074687
0.78708329167
0.9230379048399999
0.7969202520299999
0.7200036700900001
0.8202996290700001
0.74294109411
0.78040175965
0.8698691670800001
0.8270049914800001
0.80278864
0.80190113977
0.7766308630900001
0.8376108528699999
0.46532595455000003
0.24949071177999999
0.8693667293499999
0.92414026805
0.94180675595
0.9527543863200001
0.90938304678
0.9080799680799999
0.9081209861699999
0.92606576
0.9341409577099999
0.9080927385500001
0.98489255935
0.87586287089
